<TICKER>,<PER>,<DATE>,<TIME>,<OPEN>,<HIGH>,<LOW>,<CLOSE>,<VOL>,<OPENINT>
BNPPSOLE0920.PL,D,20181221,000000,966,966,966,966,150,0
BNPPSOLE0920.PL,D,20190212,000000,959.1,959.1,959.1,959.1,50,0
BNPPSOLE0920.PL,D,20190305,000000,967,967,967,967,12,0
BNPPSOLE0920.PL,D,20190416,000000,978.5,978.5,978.5,978.5,20,0
BNPPSOLE0920.PL,D,20190424,000000,979.1,979.1,979.1,979.1,330,0
BNPPSOLE0920.PL,D,20190604,000000,978.1,978.1,978.1,978.1,40,0
BNPPSOLE0920.PL,D,20190730,000000,1004.8,1004.8,1004.8,1004.8,100,0
BNPPSOLE0920.PL,D,20190819,000000,1004.4,1004.4,1004.4,1004.4,50,0
BNPPSOLE0920.PL,D,20190906,000000,1013.6,1013.6,1013.6,1013.6,100,0
BNPPSOLE0920.PL,D,20190911,000000,1011.7,1011.7,1011.7,1011.7,100,0
BNPPSOLE0920.PL,D,20190912,000000,1013,1013,1013,1013,100,0
BNPPSOLE0920.PL,D,20190917,000000,1010.7,1010.7,1010.7,1010.7,164,0
BNPPSOLE0920.PL,D,20190923,000000,1015.9,1015.9,1015.9,1015.9,250,0
BNPPSOLE0920.PL,D,20191002,000000,1013.8,1013.8,1011.2,1011.2,248,0
BNPPSOLE0920.PL,D,20191004,000000,1012,1012,1012,1012,30,0
BNPPSOLE0920.PL,D,20191030,000000,1019.4,1019.4,1019.4,1019.4,50,0
BNPPSOLE0920.PL,D,20191107,000000,1020.2,1020.2,1020.2,1020.2,50,0
BNPPSOLE0920.PL,D,20191108,000000,1018.7,1018.7,1018.7,1018.7,30,0
BNPPSOLE0920.PL,D,20191114,000000,1020.6,1021,1020.1,1020.1,431,0
BNPPSOLE0920.PL,D,20191122,000000,1020.1,1020.1,1020.1,1020.1,150,0
BNPPSOLE0920.PL,D,20191204,000000,1018.3,1018.3,1018.3,1018.3,190,0
BNPPSOLE0920.PL,D,20191205,000000,1020.5,1020.5,1019.6,1019.6,130,0
BNPPSOLE0920.PL,D,20191206,000000,1021.6,1021.6,1021.6,1021.6,125,0
BNPPSOLE0920.PL,D,20191209,000000,1023,1023,1023,1023,100,0
BNPPSOLE0920.PL,D,20191211,000000,1022.5,1022.5,1022.4,1022.4,130,0
BNPPSOLE0920.PL,D,20191213,000000,1021.5,1021.5,1021.5,1021.5,29,0
BNPPSOLE0920.PL,D,20200110,000000,1036.1,1036.1,1036.1,1036.1,29,0
BNPPSOLE0920.PL,D,20200113,000000,1036.5,1036.5,1036.5,1036.5,150,0
BNPPSOLE0920.PL,D,20200114,000000,1040.1,1040.1,1040.1,1040.1,60,0
BNPPSOLE0920.PL,D,20200117,000000,1044.1,1044.1,1044.1,1044.1,200,0
BNPPSOLE0920.PL,D,20200120,000000,1044.8,1044.8,1044.8,1044.8,100,0
BNPPSOLE0920.PL,D,20200123,000000,1053.6,1053.6,1053.6,1053.6,150,0
BNPPSOLE0920.PL,D,20200127,000000,1050,1050,1050,1050,20,0
BNPPSOLE0920.PL,D,20200206,000000,1055.1,1055.1,1055.1,1055.1,50,0
BNPPSOLE0920.PL,D,20200207,000000,1056.2,1056.2,1056.2,1056.2,65,0
BNPPSOLE0920.PL,D,20200210,000000,1057.5,1058.2,1057.5,1058.2,60,0
BNPPSOLE0920.PL,D,20200211,000000,1057.4,1057.4,1057.4,1057.4,380,0
BNPPSOLE0920.PL,D,20200212,000000,1058.4,1058.5,1058.3,1058.4,365,0
BNPPSOLE0920.PL,D,20200213,000000,1058.4,1058.5,1058.4,1058.4,287,0
BNPPSOLE0920.PL,D,20200214,000000,1059.1,1059.1,1059.1,1059.1,160,0
BNPPSOLE0920.PL,D,20200217,000000,1059.4,1059.4,1059.4,1059.4,160,0
BNPPSOLE0920.PL,D,20200218,000000,1059.9,1060.3,1059.9,1060.3,460,0
BNPPSOLE0920.PL,D,20200219,000000,1060.7,1060.9,1060.7,1060.9,106,0
BNPPSOLE0920.PL,D,20200221,000000,1060.4,1060.4,1060.4,1060.4,60,0
BNPPSOLE0920.PL,D,20200224,000000,1060.4,1060.4,1060.4,1060.4,450,0
BNPPSOLE0920.PL,D,20200225,000000,1055.1,1055.1,1054.8,1054.8,66,0
BNPPSOLE0920.PL,D,20200226,000000,1048.7,1049.6,1048.7,1049.6,150,0
BNPPSOLE0920.PL,D,20200227,000000,1044.7,1044.7,1044.6,1044.6,60,0
BNPPSOLE0920.PL,D,20200228,000000,1034.4,1034.4,1034.4,1034.4,45,0
BNPPSOLE0920.PL,D,20200302,000000,1026.5,1026.5,1026.5,1026.5,25,0
BNPPSOLE0920.PL,D,20200306,000000,1035.8,1035.8,1035.8,1035.8,15,0
BNPPSOLE0920.PL,D,20200311,000000,1015.4,1015.5,1015.4,1015.5,50,0
BNPPSOLE0920.PL,D,20200313,000000,991,991,991,991,30,0
BNPPSOLE0920.PL,D,20200317,000000,986,990.1,986,990.1,232,0
BNPPSOLE0920.PL,D,20200429,000000,1002.9,1002.9,1002.9,1002.9,400,0
BNPPSOLE0920.PL,D,20200430,000000,1004.9,1004.9,1004.9,1004.9,12,0
BNPPSOLE0920.PL,D,20200504,000000,1013.6,1013.6,1013.6,1013.6,15,0
BNPPSOLE0920.PL,D,20200512,000000,1002.3,1002.3,1002.3,1002.3,20,0
BNPPSOLE0920.PL,D,20200519,000000,1001,1001.2,1001,1001.2,45,0
BNPPSOLE0920.PL,D,20200526,000000,1002.8,1002.8,1002.8,1002.8,20,0
BNPPSOLE0920.PL,D,20200603,000000,1009,1009.5,1009,1009.5,70,0
BNPPSOLE0920.PL,D,20200617,000000,1008.5,1008.5,1008.5,1008.5,29,0
BNPPSOLE0920.PL,D,20200717,000000,1005.5,1005.5,1005.5,1005.5,15,0
BNPPSOLE0920.PL,D,20200813,000000,1002.5,1002.5,1002.5,1002.5,149,0
BNPPSOLE0920.PL,D,20200814,000000,1001.5,1001.5,1001.5,1001.5,100,0
BNPPSOLE0920.PL,D,20200825,000000,1001,1001,1001,1001,20,0
BNPPSOLE0920.PL,D,20200831,000000,996.5,996.5,996.5,996.5,100,0
