<TICKER>,<PER>,<DATE>,<TIME>,<OPEN>,<HIGH>,<LOW>,<CLOSE>,<VOL>,<OPENINT>
INTSW2027391.PL,D,20200227,000000,2.52,3.32,2.51,3.15,11278,0
INTSW2027391.PL,D,20200228,000000,3.74,4.26,3.5,3.99,82728,0
INTSW2027391.PL,D,20200302,000000,3.38,3.96,3.26,3.51,106997,0
INTSW2027391.PL,D,20200303,000000,3.15,3.18,2.54,2.74,72814,0
INTSW2027391.PL,D,20200304,000000,3.06,3.06,2.73,3.03,77579,0
INTSW2027391.PL,D,20200305,000000,2.77,3.4,2.68,3.35,144551,0
INTSW2027391.PL,D,20200306,000000,3.64,4.09,3.64,3.85,62127,0
INTSW2027391.PL,D,20200309,000000,5.11,5.56,4.65,5.32,82668,0
INTSW2027391.PL,D,20200310,000000,5.22,5.73,5.08,5.5,51875,0
INTSW2027391.PL,D,20200311,000000,5.62,6.71,5.53,6.53,63806,0
INTSW2027391.PL,D,20200312,000000,7.63,8.31,7.58,8.31,68911,0
INTSW2027391.PL,D,20200313,000000,8,8.5,7.21,8.06,93748,0
INTSW2027391.PL,D,20200316,000000,8.63,9.14,8.07,8.21,141814,0
INTSW2027391.PL,D,20200317,000000,7.71,8.09,7.14,7.28,118633,0
INTSW2027391.PL,D,20200318,000000,7.68,7.84,6.74,7.54,70879,0
INTSW2027391.PL,D,20200319,000000,7.42,7.6,6.83,6.89,15262,0
INTSW2027391.PL,D,20200320,000000,6.37,6.88,6.15,6.7,75349,0
INTSW2027391.PL,D,20200323,000000,7.56,7.68,7.19,7.68,12569,0
INTSW2027391.PL,D,20200324,000000,6.93,7.37,6.93,7.01,37022,0
INTSW2027391.PL,D,20200325,000000,6.67,7.43,6.62,7.2,16945,0
INTSW2027391.PL,D,20200326,000000,7.44,7.44,6.69,6.69,6682,0
INTSW2027391.PL,D,20200327,000000,6.7,6.9,6.65,6.8,1266,0
INTSW2027391.PL,D,20200330,000000,6.8,7.08,6.8,6.9,3265,0
INTSW2027391.PL,D,20200331,000000,6.69,6.7,6.36,6.39,3411,0
INTSW2027391.PL,D,20200401,000000,6.73,6.85,6.71,6.77,2616,0
INTSW2027391.PL,D,20200402,000000,6.68,6.86,6.66,6.66,2150,0
INTSW2027391.PL,D,20200403,000000,6.72,6.82,6.63,6.63,2207,0
INTSW2027391.PL,D,20200406,000000,6.08,6.15,5.9,5.9,3307,0
INTSW2027391.PL,D,20200407,000000,5.28,5.44,5.07,5.41,8442,0
INTSW2027391.PL,D,20200408,000000,5.65,5.88,5.43,5.83,4641,0
INTSW2027391.PL,D,20200409,000000,5.5,5.77,5.42,5.48,2139,0
INTSW2027391.PL,D,20200414,000000,5.15,5.36,4.94,4.95,3280,0
INTSW2027391.PL,D,20200415,000000,5.08,5.6,5.08,5.55,2143,0
INTSW2027391.PL,D,20200416,000000,5.39,5.58,5.39,5.58,1743,0
INTSW2027391.PL,D,20200417,000000,5.23,5.42,5.23,5.42,930,0
INTSW2027391.PL,D,20200420,000000,5.34,5.45,5.33,5.45,592,0
INTSW2027391.PL,D,20200421,000000,5.41,5.86,5.41,5.8,1020,0
INTSW2027391.PL,D,20200422,000000,5.8,5.8,5.69,5.71,650,0
INTSW2027391.PL,D,20200423,000000,5.47,5.59,5.38,5.38,650,0
INTSW2027391.PL,D,20200424,000000,5.5,5.52,5.34,5.34,600,0
INTSW2027391.PL,D,20200427,000000,5.48,5.65,5.48,5.65,100,0
INTSW2027391.PL,D,20200428,000000,5.54,5.54,5.32,5.45,550,0
INTSW2027391.PL,D,20200429,000000,5.35,5.35,5.12,5.14,1100,0
INTSW2027391.PL,D,20200430,000000,4.8,5.12,4.8,5.12,471,0
INTSW2027391.PL,D,20200504,000000,5.42,5.54,5.42,5.45,1950,0
INTSW2027391.PL,D,20200505,000000,5.47,5.6,5.42,5.6,295,0
INTSW2027391.PL,D,20200506,000000,5.58,5.82,5.58,5.82,5600,0
INTSW2027391.PL,D,20200507,000000,5.77,5.77,5.57,5.57,7800,0
INTSW2027391.PL,D,20200508,000000,5.46,5.48,5.45,5.45,1085,0
INTSW2027391.PL,D,20200511,000000,5.33,5.64,5.33,5.64,3256,0
INTSW2027391.PL,D,20200512,000000,5.54,5.55,5.31,5.38,11150,0
INTSW2027391.PL,D,20200513,000000,5.17,5.23,5.17,5.23,241,0
INTSW2027391.PL,D,20200514,000000,5.53,5.81,5.51,5.81,1660,0
INTSW2027391.PL,D,20200518,000000,5.55,5.55,5.22,5.24,3793,0
INTSW2027391.PL,D,20200519,000000,5.02,5.14,5.02,5.14,200,0
INTSW2027391.PL,D,20200520,000000,5.01,5.03,4.94,5.03,850,0
INTSW2027391.PL,D,20200521,000000,5.1,5.1,5.1,5.1,500,0
INTSW2027391.PL,D,20200522,000000,5.28,5.28,5.23,5.26,750,0
INTSW2027391.PL,D,20200525,000000,5.12,5.12,5.12,5.12,250,0
INTSW2027391.PL,D,20200526,000000,4.89,4.89,4.43,4.43,440,0
INTSW2027391.PL,D,20200527,000000,4.2,4.36,3.85,4.33,2508,0
INTSW2027391.PL,D,20200528,000000,4.24,4.42,4.1,4.42,700,0
INTSW2027391.PL,D,20200602,000000,4.11,4.15,4.11,4.15,1060,0
INTSW2027391.PL,D,20200603,000000,3.75,3.77,3.69,3.69,700,0
INTSW2027391.PL,D,20200604,000000,3.86,3.86,3.71,3.71,830,0
INTSW2027391.PL,D,20200605,000000,3.47,3.47,3.08,3.08,3561,0
INTSW2027391.PL,D,20200608,000000,3.03,3.03,3.03,3.03,50,0
INTSW2027391.PL,D,20200609,000000,3.29,3.29,3.22,3.22,1100,0
INTSW2027391.PL,D,20200610,000000,3.03,3.26,3.01,3.11,2347,0
INTSW2027391.PL,D,20200612,000000,3.75,3.76,3.45,3.48,16247,0
INTSW2027391.PL,D,20200615,000000,3.92,4.11,3.92,4.04,25529,0
INTSW2027391.PL,D,20200616,000000,3.57,3.57,3.44,3.44,500,0
INTSW2027391.PL,D,20200617,000000,3.35,3.6,3.35,3.52,2650,0
INTSW2027391.PL,D,20200618,000000,3.59,3.6,3.59,3.6,950,0
INTSW2027391.PL,D,20200619,000000,3.45,3.45,3.43,3.43,3307,0
INTSW2027391.PL,D,20200622,000000,3.55,3.55,3.55,3.55,100,0
INTSW2027391.PL,D,20200623,000000,3.17,3.17,3.03,3.11,32569,0
INTSW2027391.PL,D,20200624,000000,3.4,3.58,3.4,3.58,2650,0
INTSW2027391.PL,D,20200625,000000,3.77,3.82,3.61,3.61,47984,0
INTSW2027391.PL,D,20200626,000000,3.5,3.5,3.5,3.5,2500,0
INTSW2027391.PL,D,20200629,000000,3.81,3.81,3.75,3.75,2150,0
INTSW2027391.PL,D,20200630,000000,3.78,3.78,3.78,3.78,2500,0
INTSW2027391.PL,D,20200702,000000,3.34,3.36,3.33,3.33,43967,0
INTSW2027391.PL,D,20200706,000000,3.17,3.21,3.17,3.21,10100,0
INTSW2027391.PL,D,20200707,000000,3.4,3.4,3.4,3.4,10000,0
INTSW2027391.PL,D,20200708,000000,3.55,3.6,3.44,3.6,45516,0
INTSW2027391.PL,D,20200709,000000,3.42,3.42,3.42,3.42,500,0
INTSW2027391.PL,D,20200713,000000,3.3,3.3,3.3,3.3,30,0
INTSW2027391.PL,D,20200720,000000,3.45,3.45,3.08,3.08,3217,0
INTSW2027391.PL,D,20200721,000000,2.77,2.78,2.76,2.76,5200,0
INTSW2027391.PL,D,20200723,000000,2.96,2.96,2.96,2.96,165,0
INTSW2027391.PL,D,20200724,000000,3.4,3.4,3.4,3.4,600,0
INTSW2027391.PL,D,20200730,000000,3.26,3.67,3.26,3.66,2100,0
INTSW2027391.PL,D,20200731,000000,3.55,3.55,3.55,3.55,400,0
INTSW2027391.PL,D,20200805,000000,3,3,3,3,400,0
INTSW2027391.PL,D,20200806,000000,3.16,3.16,3.16,3.16,460,0
INTSW2027391.PL,D,20200807,000000,3.22,3.22,3.22,3.22,440,0
INTSW2027391.PL,D,20200811,000000,2.94,2.94,2.94,2.94,840,0
INTSW2027391.PL,D,20200813,000000,2.6,2.63,2.6,2.63,500,0
INTSW2027391.PL,D,20200814,000000,2.82,2.82,2.82,2.82,100,0
INTSW2027391.PL,D,20200819,000000,2.89,2.89,2.89,2.89,340,0
INTSW2027391.PL,D,20200820,000000,3.1,3.1,3.1,3.1,500,0
INTSW2027391.PL,D,20200901,000000,3.43,3.5,3.43,3.5,4467,0
INTSW2027391.PL,D,20200902,000000,3.42,3.42,3.4,3.4,440,0
INTSW2027391.PL,D,20200903,000000,3.18,3.65,3.18,3.65,2000,0
INTSW2027391.PL,D,20200904,000000,3.81,3.81,3.54,3.54,5500,0
INTSW2027391.PL,D,20200909,000000,3.49,3.49,3.49,3.49,300,0
INTSW2027391.PL,D,20200910,000000,3.43,3.43,3.43,3.43,300,0
INTSW2027391.PL,D,20200915,000000,3.67,3.8,3.67,3.8,400,0
INTSW2027391.PL,D,20200921,000000,4.2,4.2,4.2,4.2,400,0
INTSW2027391.PL,D,20200922,000000,4.25,4.25,4.22,4.22,870,0
INTSW2027391.PL,D,20200923,000000,4.11,4.11,4.11,4.11,787,0
INTSW2027391.PL,D,20200924,000000,4.5,4.59,4.5,4.5,3100,0
INTSW2027391.PL,D,20200925,000000,4.61,4.61,4.51,4.51,800,0
INTSW2027391.PL,D,20200928,000000,4.2,4.2,3.9,3.9,600,0
INTSW2027391.PL,D,20200930,000000,4.09,4.09,4.09,4.09,242,0
INTSW2027391.PL,D,20201002,000000,4.32,4.4,4.32,4.4,1529,0
INTSW2027391.PL,D,20201005,000000,4,4,3.83,3.92,1840,0
INTSW2027391.PL,D,20201008,000000,3.99,3.99,3.99,3.99,920,0
INTSW2027391.PL,D,20201012,000000,4.3,4.3,4.3,4.3,300,0
INTSW2027391.PL,D,20201013,000000,4.53,4.53,4.53,4.53,1190,0
INTSW2027391.PL,D,20201015,000000,4.7,4.7,4.7,4.7,200,0
INTSW2027391.PL,D,20201016,000000,4.63,4.71,4.63,4.71,23716,0
