<TICKER>,<PER>,<DATE>,<TIME>,<OPEN>,<HIGH>,<LOW>,<CLOSE>,<VOL>,<OPENINT>
1653.N,D,20170707,000000,1000,1000,1000,1000,0,0
1653.N,D,20170710,000000,1000,1000,1000,1000,0,0
1653.N,D,20170711,000000,1000,1000,1000,1000,0,0
1653.N,D,20170712,000000,1000,1000,1000,1000,0,0
1653.N,D,20170713,000000,999.86,999.86,999.86,999.86,0,0
1653.N,D,20170714,000000,999.92,999.92,999.92,999.92,0,0
1653.N,D,20170717,000000,999.94,999.94,999.94,999.94,0,0
1653.N,D,20170718,000000,999.92,999.92,999.92,999.92,0,0
1653.N,D,20170719,000000,999.85,999.85,999.85,999.85,0,0
1653.N,D,20170720,000000,999.85,999.85,999.85,999.85,0,0
1653.N,D,20170721,000000,999.73,999.73,999.73,999.73,0,0
1653.N,D,20170724,000000,1000.03,1000.03,1000.03,1000.03,0,0
1653.N,D,20170725,000000,999.96,999.96,999.96,999.96,0,0
1653.N,D,20170726,000000,1000.07,1000.07,1000.07,1000.07,0,0
1653.N,D,20170727,000000,1000.25,1000.25,1000.25,1000.25,0,0
1653.N,D,20170728,000000,1000.26,1000.26,1000.26,1000.26,0,0
1653.N,D,20170731,000000,1000.32,1000.32,1000.32,1000.32,0,0
1653.N,D,20170801,000000,1000.4,1000.4,1000.4,1000.4,0,0
1653.N,D,20170802,000000,1000.53,1000.53,1000.53,1000.53,0,0
1653.N,D,20170803,000000,1000.61,1000.61,1000.61,1000.61,0,0
1653.N,D,20170804,000000,1000.56,1000.56,1000.56,1000.56,0,0
1653.N,D,20170807,000000,1000.69,1000.69,1000.69,1000.69,0,0
1653.N,D,20170808,000000,1000.76,1000.76,1000.76,1000.76,0,0
1653.N,D,20170809,000000,1000.8,1000.8,1000.8,1000.8,0,0
1653.N,D,20170810,000000,1000.71,1000.71,1000.71,1000.71,0,0
1653.N,D,20170811,000000,1000.56,1000.56,1000.56,1000.56,0,0
1653.N,D,20170814,000000,1000.75,1000.75,1000.75,1000.75,0,0
1653.N,D,20170816,000000,1000.88,1000.88,1000.88,1000.88,0,0
1653.N,D,20170817,000000,1001.06,1001.06,1001.06,1001.06,0,0
1653.N,D,20170818,000000,1001.51,1001.51,1001.51,1001.51,0,0
1653.N,D,20170821,000000,1001.75,1001.75,1001.75,1001.75,0,0
1653.N,D,20170822,000000,1001.76,1001.76,1001.76,1001.76,0,0
1653.N,D,20170823,000000,1001.9,1001.9,1001.9,1001.9,0,0
1653.N,D,20170824,000000,1002.2,1002.2,1002.2,1002.2,0,0
1653.N,D,20170825,000000,1002.27,1002.27,1002.27,1002.27,0,0
1653.N,D,20170828,000000,1002.39,1002.39,1002.39,1002.39,0,0
1653.N,D,20170829,000000,1002.73,1002.73,1002.73,1002.73,0,0
1653.N,D,20170830,000000,1002.67,1002.67,1002.67,1002.67,0,0
1653.N,D,20170831,000000,1002.68,1002.68,1002.68,1002.68,0,0
1653.N,D,20170901,000000,1002.83,1002.83,1002.83,1002.83,0,0
1653.N,D,20170904,000000,1003.04,1003.04,1003.04,1003.04,0,0
1653.N,D,20170905,000000,1003.22,1003.22,1003.22,1003.22,0,0
1653.N,D,20170906,000000,1003.43,1003.43,1003.43,1003.43,0,0
1653.N,D,20170907,000000,1003.54,1003.54,1003.54,1003.54,0,0
1653.N,D,20170908,000000,1003.57,1003.57,1003.57,1003.57,0,0
1653.N,D,20170911,000000,1003.72,1003.72,1003.72,1003.72,0,0
1653.N,D,20170912,000000,1003.69,1003.69,1003.69,1003.69,0,0
1653.N,D,20170913,000000,1003.68,1003.68,1003.68,1003.68,0,0
1653.N,D,20170914,000000,1003.71,1003.71,1003.71,1003.71,0,0
1653.N,D,20170915,000000,1003.75,1003.75,1003.75,1003.75,0,0
1653.N,D,20170918,000000,1003.93,1003.93,1003.93,1003.93,0,0
1653.N,D,20170919,000000,1003.8,1003.8,1003.8,1003.8,0,0
1653.N,D,20170920,000000,1003.81,1003.81,1003.81,1003.81,0,0
1653.N,D,20170921,000000,1003.89,1003.89,1003.89,1003.89,0,0
1653.N,D,20170922,000000,1004.11,1004.11,1004.11,1004.11,0,0
1653.N,D,20170925,000000,1004.34,1004.34,1004.34,1004.34,0,0
1653.N,D,20170926,000000,1004.43,1004.43,1004.43,1004.43,0,0
1653.N,D,20170927,000000,1004.44,1004.44,1004.44,1004.44,0,0
1653.N,D,20170928,000000,1004.27,1004.27,1004.27,1004.27,0,0
1653.N,D,20170929,000000,1004.01,1004.01,1004.01,1004.01,0,0
1653.N,D,20171002,000000,1004.43,1004.43,1004.43,1004.43,0,0
1653.N,D,20171003,000000,1004.57,1004.57,1004.57,1004.57,0,0
1653.N,D,20171004,000000,1004.84,1004.84,1004.84,1004.84,0,0
1653.N,D,20171005,000000,1004.9,1004.9,1004.9,1004.9,0,0
1653.N,D,20171006,000000,1004.44,1004.44,1004.44,1004.44,0,0
1653.N,D,20171009,000000,1004.65,1004.65,1004.65,1004.65,0,0
1653.N,D,20171010,000000,1004.81,1004.81,1004.81,1004.81,0,0
1653.N,D,20171011,000000,1005.09,1005.09,1005.09,1005.09,0,0
1653.N,D,20171012,000000,1005.28,1005.28,1005.28,1005.28,0,0
1653.N,D,20171013,000000,1005.71,1005.71,1005.71,1005.71,0,0
1653.N,D,20171016,000000,1005.99,1005.99,1005.99,1005.99,0,0
1653.N,D,20171017,000000,1005.9,1005.9,1005.9,1005.9,0,0
1653.N,D,20171018,000000,1005.81,1005.81,1005.81,1005.81,0,0
1653.N,D,20171019,000000,1006.01,1006.01,1006.01,1006.01,0,0
1653.N,D,20171020,000000,1005.69,1005.69,1005.69,1005.69,0,0
1653.N,D,20171023,000000,1006.01,1006.01,1006.01,1006.01,0,0
1653.N,D,20171024,000000,1006.19,1006.19,1006.19,1006.19,0,0
1653.N,D,20171025,000000,1006.48,1006.48,1006.48,1006.48,0,0
1653.N,D,20171026,000000,1007.02,1007.02,1007.02,1007.02,0,0
1653.N,D,20171027,000000,1007.51,1007.51,1007.51,1007.51,0,0
1653.N,D,20171030,000000,1007.85,1007.85,1007.85,1007.85,0,0
1653.N,D,20171031,000000,1007.85,1007.85,1007.85,1007.85,0,0
1653.N,D,20171102,000000,1007.65,1007.65,1007.65,1007.65,0,0
1653.N,D,20171103,000000,1007.47,1007.47,1007.47,1007.47,0,0
1653.N,D,20171106,000000,1007.8,1007.8,1007.8,1007.8,0,0
1653.N,D,20171107,000000,1008.09,1008.09,1008.09,1008.09,0,0
1653.N,D,20171108,000000,1008.28,1008.28,1008.28,1008.28,0,0
1653.N,D,20171109,000000,1008.56,1008.56,1008.56,1008.56,0,0
1653.N,D,20171110,000000,1009.11,1009.11,1009.11,1009.11,0,0
1653.N,D,20171113,000000,1008.99,1008.99,1008.99,1008.99,0,0
1653.N,D,20171114,000000,1008.97,1008.97,1008.97,1008.97,0,0
1653.N,D,20171115,000000,1009.1,1009.1,1009.1,1009.1,0,0
1653.N,D,20171116,000000,1009.14,1009.14,1009.14,1009.14,0,0
1653.N,D,20171117,000000,1008.98,1008.98,1008.98,1008.98,0,0
1653.N,D,20171120,000000,1008.89,1008.89,1008.89,1008.89,0,0
1653.N,D,20171121,000000,1009.19,1009.19,1009.19,1009.19,0,0
1653.N,D,20171122,000000,1009.42,1009.42,1009.42,1009.42,0,0
1653.N,D,20171123,000000,1010.03,1010.03,1010.03,1010.03,0,0
1653.N,D,20171124,000000,1010.16,1010.16,1010.16,1010.16,0,0
1653.N,D,20171127,000000,1010.1,1010.1,1010.1,1010.1,0,0
1653.N,D,20171128,000000,1010.31,1010.31,1010.31,1010.31,0,0
1653.N,D,20171129,000000,1010.17,1010.17,1010.17,1010.17,0,0
1653.N,D,20171130,000000,1009.69,1009.69,1009.69,1009.69,0,0
1653.N,D,20171201,000000,1009.42,1009.42,1009.42,1009.42,0,0
1653.N,D,20171204,000000,1009.46,1009.46,1009.46,1009.46,0,0
1653.N,D,20171205,000000,1009.8,1009.8,1009.8,1009.8,0,0
1653.N,D,20171206,000000,1010.19,1010.19,1010.19,1010.19,0,0
1653.N,D,20171207,000000,1010.26,1010.26,1010.26,1010.26,0,0
1653.N,D,20171208,000000,1010.27,1010.27,1010.27,1010.27,0,0
1653.N,D,20171211,000000,1010.69,1010.69,1010.69,1010.69,0,0
1653.N,D,20171212,000000,1010.44,1010.44,1010.44,1010.44,0,0
1653.N,D,20171213,000000,1010.61,1010.61,1010.61,1010.61,0,0
1653.N,D,20171214,000000,1010.61,1010.61,1010.61,1010.61,0,0
1653.N,D,20171215,000000,1010.64,1010.64,1010.64,1010.64,0,0
1653.N,D,20171218,000000,1010.9,1010.9,1010.9,1010.9,0,0
1653.N,D,20171219,000000,1010.1,1010.1,1010.1,1010.1,0,0
1653.N,D,20171220,000000,1010.04,1010.04,1010.04,1010.04,0,0
1653.N,D,20171221,000000,1010.29,1010.29,1010.29,1010.29,0,0
1653.N,D,20171222,000000,1010.88,1010.88,1010.88,1010.88,0,0
1653.N,D,20171227,000000,1011.34,1011.34,1011.34,1011.34,0,0
1653.N,D,20171228,000000,1011.16,1011.16,1011.16,1011.16,0,0
1653.N,D,20171229,000000,1011.32,1011.32,1011.32,1011.32,0,0
1653.N,D,20180103,000000,1012.13,1012.13,1012.13,1012.13,0,0
1653.N,D,20180104,000000,1012.65,1012.65,1012.65,1012.65,0,0
1653.N,D,20180105,000000,1013.3,1013.3,1013.3,1013.3,0,0
1653.N,D,20180108,000000,1013.3,1013.3,1013.3,1013.3,0,0
1653.N,D,20180109,000000,1012.83,1012.83,1012.83,1012.83,0,0
1653.N,D,20180110,000000,1012.7,1012.7,1012.7,1012.7,0,0
1653.N,D,20180111,000000,1012.48,1012.48,1012.48,1012.48,0,0
1653.N,D,20180112,000000,1012.66,1012.66,1012.66,1012.66,0,0
1653.N,D,20180115,000000,1012.87,1012.87,1012.87,1012.87,0,0
1653.N,D,20180116,000000,1013.18,1013.18,1013.18,1013.18,0,0
1653.N,D,20180117,000000,1013.09,1013.09,1013.09,1013.09,0,0
1653.N,D,20180118,000000,1013.11,1013.11,1013.11,1013.11,0,0
1653.N,D,20180119,000000,1013.26,1013.26,1013.26,1013.26,0,0
1653.N,D,20180122,000000,1013.48,1013.48,1013.48,1013.48,0,0
1653.N,D,20180123,000000,1013.85,1013.85,1013.85,1013.85,0,0
1653.N,D,20180124,000000,1013.64,1013.64,1013.64,1013.64,0,0
1653.N,D,20180125,000000,1013.54,1013.54,1013.54,1013.54,0,0
1653.N,D,20180126,000000,1013.57,1013.57,1013.57,1013.57,0,0
1653.N,D,20180129,000000,1013.58,1013.58,1013.58,1013.58,0,0
1653.N,D,20180130,000000,1013.82,1013.82,1013.82,1013.82,0,0
1653.N,D,20180131,000000,1013.94,1013.94,1013.94,1013.94,0,0
1653.N,D,20180201,000000,1014.13,1014.13,1014.13,1014.13,0,0
1653.N,D,20180202,000000,1014.08,1014.08,1014.08,1014.08,0,0
1653.N,D,20180205,000000,1014.4,1014.4,1014.4,1014.4,0,0
1653.N,D,20180206,000000,1014.48,1014.48,1014.48,1014.48,0,0
1653.N,D,20180207,000000,1014.14,1014.14,1014.14,1014.14,0,0
1653.N,D,20180208,000000,1014.03,1014.03,1014.03,1014.03,0,0
1653.N,D,20180209,000000,1014.19,1014.19,1014.19,1014.19,0,0
1653.N,D,20180212,000000,1014.7,1014.7,1014.7,1014.7,0,0
1653.N,D,20180213,000000,1014.95,1014.95,1014.95,1014.95,0,0
1653.N,D,20180214,000000,1015.14,1015.14,1015.14,1015.14,0,0
1653.N,D,20180215,000000,1015.27,1015.27,1015.27,1015.27,0,0
1653.N,D,20180216,000000,1015.64,1015.64,1015.64,1015.64,0,0
1653.N,D,20180219,000000,1015.37,1015.37,1015.37,1015.37,0,0
1653.N,D,20180220,000000,1015.55,1015.55,1015.55,1015.55,0,0
1653.N,D,20180221,000000,1015.7,1015.7,1015.7,1015.7,0,0
1653.N,D,20180222,000000,1015.96,1015.96,1015.96,1015.96,0,0
1653.N,D,20180223,000000,1016.24,1016.24,1016.24,1016.24,0,0
1653.N,D,20180226,000000,1016.37,1016.37,1016.37,1016.37,0,0
1653.N,D,20180227,000000,1016.49,1016.49,1016.49,1016.49,0,0
1653.N,D,20180228,000000,1016.82,1016.82,1016.82,1016.82,0,0
1653.N,D,20180301,000000,1017.25,1017.25,1017.25,1017.25,0,0
1653.N,D,20180321,000000,1018.7,1018.7,1018.7,1018.7,0,0
1653.N,D,20180322,000000,1019.35,1019.35,1019.35,1019.35,0,0
1653.N,D,20180323,000000,1019.67,1019.67,1019.67,1019.67,0,0
1653.N,D,20180326,000000,1019.96,1019.96,1019.96,1019.96,0,0
1653.N,D,20180327,000000,1020.08,1020.08,1020.08,1020.08,0,0
1653.N,D,20180328,000000,1020.11,1020.11,1020.11,1020.11,0,0
1653.N,D,20180329,000000,1020.49,1020.49,1020.49,1020.49,0,0
1653.N,D,20180403,000000,1020.82,1020.82,1020.82,1020.82,0,0
1653.N,D,20180404,000000,1021.33,1021.33,1021.33,1021.33,0,0
1653.N,D,20180405,000000,1021.15,1021.15,1021.15,1021.15,0,0
1653.N,D,20180406,000000,1021.32,1021.32,1021.32,1021.32,0,0
1653.N,D,20180409,000000,1021.66,1021.66,1021.66,1021.66,0,0
1653.N,D,20180410,000000,1021.6,1021.6,1021.6,1021.6,0,0
1653.N,D,20180411,000000,1021.55,1021.55,1021.55,1021.55,0,0
1653.N,D,20180412,000000,1021.71,1021.71,1021.71,1021.71,0,0
1653.N,D,20180413,000000,1021.22,1021.22,1021.22,1021.22,0,0
1653.N,D,20180416,000000,1021.07,1021.07,1021.07,1021.07,0,0
1653.N,D,20180417,000000,1021.18,1021.18,1021.18,1021.18,0,0
1653.N,D,20180418,000000,1021.46,1021.46,1021.46,1021.46,0,0
1653.N,D,20180419,000000,1021.36,1021.36,1021.36,1021.36,0,0
1653.N,D,20180420,000000,1021.24,1021.24,1021.24,1021.24,0,0
1653.N,D,20180423,000000,1021.12,1021.12,1021.12,1021.12,0,0
1653.N,D,20180424,000000,1021.3,1021.3,1021.3,1021.3,0,0
1653.N,D,20180425,000000,1021.21,1021.21,1021.21,1021.21,0,0
1653.N,D,20180426,000000,1021.62,1021.62,1021.62,1021.62,0,0
1653.N,D,20180427,000000,1021.72,1021.72,1021.72,1021.72,0,0
1653.N,D,20180430,000000,1021.7,1021.7,1021.7,1021.7,0,0
1653.N,D,20180502,000000,1021.23,1021.23,1021.23,1021.23,0,0
1653.N,D,20180504,000000,1021.33,1021.33,1021.33,1021.33,0,0
1653.N,D,20180507,000000,1021.44,1021.44,1021.44,1021.44,0,0
1653.N,D,20180508,000000,1020.75,1020.75,1020.75,1020.75,0,0
1653.N,D,20180509,000000,1020.33,1020.33,1020.33,1020.33,0,0
1653.N,D,20180510,000000,1020.68,1020.68,1020.68,1020.68,0,0
1653.N,D,20180511,000000,1020.59,1020.59,1020.59,1020.59,0,0
1653.N,D,20180514,000000,1020.55,1020.55,1020.55,1020.55,0,0
1653.N,D,20180515,000000,1019.82,1019.82,1019.82,1019.82,0,0
1653.N,D,20180516,000000,1020.49,1020.49,1020.49,1020.49,0,0
1653.N,D,20180517,000000,1020.1,1020.1,1020.1,1020.1,0,0
1653.N,D,20180518,000000,1019.9,1019.9,1019.9,1019.9,0,0
1653.N,D,20180521,000000,1020.05,1020.05,1020.05,1020.05,0,0
1653.N,D,20180522,000000,1020.64,1020.64,1020.64,1020.64,0,0
1653.N,D,20180523,000000,1020.66,1020.66,1020.66,1020.66,0,0
1653.N,D,20180524,000000,1020.83,1020.83,1020.83,1020.83,0,0
1653.N,D,20180525,000000,1020.92,1020.92,1020.92,1020.92,0,0
1653.N,D,20180528,000000,1021.15,1021.15,1021.15,1021.15,0,0
1653.N,D,20180529,000000,1020.74,1020.74,1020.74,1020.74,0,0
1653.N,D,20180530,000000,1021.15,1021.15,1021.15,1021.15,0,0
1653.N,D,20180601,000000,1021.26,1021.26,1021.26,1021.26,0,0
1653.N,D,20180604,000000,1021.46,1021.46,1021.46,1021.46,0,0
1653.N,D,20180605,000000,1021.46,1021.46,1021.46,1021.46,0,0
1653.N,D,20180606,000000,1021.38,1021.38,1021.38,1021.38,0,0
1653.N,D,20180607,000000,1021.21,1021.21,1021.21,1021.21,0,0
1653.N,D,20180608,000000,1021.06,1021.06,1021.06,1021.06,0,0
1653.N,D,20180611,000000,1021.14,1021.14,1021.14,1021.14,0,0
1653.N,D,20180612,000000,1021.52,1021.52,1021.52,1021.52,0,0
1653.N,D,20180613,000000,1021.37,1021.37,1021.37,1021.37,0,0
1653.N,D,20180614,000000,1021.5,1021.5,1021.5,1021.5,0,0
1653.N,D,20180615,000000,1021.53,1021.53,1021.53,1021.53,0,0
1653.N,D,20180618,000000,1021.8,1021.8,1021.8,1021.8,0,0
1653.N,D,20180619,000000,1021.51,1021.51,1021.51,1021.51,0,0
1653.N,D,20180620,000000,1021.79,1021.79,1021.79,1021.79,0,0
1653.N,D,20180621,000000,1022.21,1022.21,1022.21,1022.21,0,0
1653.N,D,20180622,000000,1022.16,1022.16,1022.16,1022.16,0,0
1653.N,D,20180625,000000,1022.31,1022.31,1022.31,1022.31,0,0
1653.N,D,20180626,000000,1021.95,1021.95,1021.95,1021.95,0,0
1653.N,D,20180627,000000,1022.09,1022.09,1022.09,1022.09,0,0
1653.N,D,20180628,000000,1022.21,1022.21,1022.21,1022.21,0,0
1653.N,D,20180629,000000,1022.38,1022.38,1022.38,1022.38,0,0
1653.N,D,20180702,000000,1022.26,1022.26,1022.26,1022.26,0,0
1653.N,D,20180703,000000,1021.72,1021.72,1021.72,1021.72,0,0
1653.N,D,20180704,000000,1022.03,1022.03,1022.03,1022.03,0,0
1653.N,D,20180705,000000,1022.64,1022.64,1022.64,1022.64,0,0
1653.N,D,20180706,000000,1022.97,1022.97,1022.97,1022.97,0,0
1653.N,D,20180709,000000,1022.95,1022.95,1022.95,1022.95,0,0
1653.N,D,20180710,000000,1022.84,1022.84,1022.84,1022.84,0,0
1653.N,D,20180711,000000,1022.97,1022.97,1022.97,1022.97,0,0
1653.N,D,20180712,000000,1022.9,1022.9,1022.9,1022.9,0,0
1653.N,D,20180713,000000,1022.99,1022.99,1022.99,1022.99,0,0
1653.N,D,20180716,000000,1023.32,1023.32,1023.32,1023.32,0,0
1653.N,D,20180717,000000,1023.76,1023.76,1023.76,1023.76,0,0
1653.N,D,20180718,000000,1023.7,1023.7,1023.7,1023.7,0,0
1653.N,D,20180719,000000,1023.84,1023.84,1023.84,1023.84,0,0
1653.N,D,20180720,000000,1023.59,1023.59,1023.59,1023.59,0,0
1653.N,D,20180723,000000,1023.6,1023.6,1023.6,1023.6,0,0
1653.N,D,20180724,000000,1023.74,1023.74,1023.74,1023.74,0,0
1653.N,D,20180725,000000,1024.02,1024.02,1024.02,1024.02,0,0
1653.N,D,20180726,000000,1024.41,1024.41,1024.41,1024.41,0,0
1653.N,D,20180727,000000,1024.38,1024.38,1024.38,1024.38,0,0
1653.N,D,20180730,000000,1024.12,1024.12,1024.12,1024.12,0,0
1653.N,D,20180731,000000,1024.67,1024.67,1024.67,1024.67,0,0
1653.N,D,20180801,000000,1024.48,1024.48,1024.48,1024.48,0,0
1653.N,D,20180802,000000,1025.02,1025.02,1025.02,1025.02,0,0
1653.N,D,20180803,000000,1025.07,1025.07,1025.07,1025.07,0,0
1653.N,D,20180806,000000,1025.34,1025.34,1025.34,1025.34,0,0
1653.N,D,20180807,000000,1025.08,1025.08,1025.08,1025.08,0,0
1653.N,D,20180808,000000,1025.12,1025.12,1025.12,1025.12,0,0
1653.N,D,20180809,000000,1025.26,1025.26,1025.26,1025.26,0,0
1653.N,D,20180810,000000,1025.04,1025.04,1025.04,1025.04,0,0
1653.N,D,20180813,000000,1025.11,1025.11,1025.11,1025.11,0,0
1653.N,D,20180814,000000,1025.34,1025.34,1025.34,1025.34,0,0
1653.N,D,20180816,000000,1025.25,1025.25,1025.25,1025.25,0,0
1653.N,D,20180817,000000,1025.41,1025.41,1025.41,1025.41,0,0
1653.N,D,20180820,000000,1025.71,1025.71,1025.71,1025.71,0,0
1653.N,D,20180821,000000,1025.6,1025.6,1025.6,1025.6,0,0
1653.N,D,20180822,000000,1025.38,1025.38,1025.38,1025.38,0,0
1653.N,D,20180823,000000,1025.2,1025.2,1025.2,1025.2,0,0
1653.N,D,20180824,000000,1025.29,1025.29,1025.29,1025.29,0,0
1653.N,D,20180827,000000,1025.56,1025.56,1025.56,1025.56,0,0
1653.N,D,20180828,000000,1025.88,1025.88,1025.88,1025.88,0,0
1653.N,D,20180829,000000,1025.73,1025.73,1025.73,1025.73,0,0
1653.N,D,20180830,000000,1025.9,1025.9,1025.9,1025.9,0,0
1653.N,D,20180831,000000,1025.54,1025.54,1025.54,1025.54,0,0
1653.N,D,20180903,000000,1025.18,1025.18,1025.18,1025.18,0,0
1653.N,D,20180904,000000,1025.14,1025.14,1025.14,1025.14,0,0
1653.N,D,20180905,000000,1025.01,1025.01,1025.01,1025.01,0,0
1653.N,D,20180906,000000,1024.48,1024.48,1024.48,1024.48,0,0
1653.N,D,20180907,000000,1024.65,1024.65,1024.65,1024.65,0,0
1653.N,D,20180910,000000,1024.82,1024.82,1024.82,1024.82,0,0
1653.N,D,20180911,000000,1024.82,1024.82,1024.82,1024.82,0,0
1653.N,D,20180912,000000,1025.15,1025.15,1025.15,1025.15,0,0
1653.N,D,20180913,000000,1025.25,1025.25,1025.25,1025.25,0,0
1653.N,D,20180914,000000,1025.18,1025.18,1025.18,1025.18,0,0
1653.N,D,20180917,000000,1025.26,1025.26,1025.26,1025.26,0,0
1653.N,D,20180918,000000,1025.58,1025.58,1025.58,1025.58,0,0
1653.N,D,20180919,000000,1026.02,1026.02,1026.02,1026.02,0,0
1653.N,D,20180920,000000,1026.1,1026.1,1026.1,1026.1,0,0
1653.N,D,20180924,000000,1026.16,1026.16,1026.16,1026.16,0,0
1653.N,D,20180925,000000,1026.06,1026.06,1026.06,1026.06,0,0
1653.N,D,20180926,000000,1026.5,1026.5,1026.5,1026.5,0,0
1653.N,D,20180927,000000,1026.22,1026.22,1026.22,1026.22,0,0
1653.N,D,20180928,000000,1026.34,1026.34,1026.34,1026.34,0,0
1653.N,D,20181001,000000,1026.33,1026.33,1026.33,1026.33,0,0
1653.N,D,20181002,000000,1026.44,1026.44,1026.44,1026.44,0,0
1653.N,D,20181003,000000,1026.28,1026.28,1026.28,1026.28,0,0
1653.N,D,20181004,000000,1025.87,1025.87,1025.87,1025.87,0,0
1653.N,D,20181005,000000,1025.85,1025.85,1025.85,1025.85,0,0
1653.N,D,20181008,000000,1025.68,1025.68,1025.68,1025.68,0,0
1653.N,D,20181009,000000,1025.64,1025.64,1025.64,1025.64,0,0
1653.N,D,20181010,000000,1025.86,1025.86,1025.86,1025.86,0,0
1653.N,D,20181011,000000,1026.18,1026.18,1026.18,1026.18,0,0
1653.N,D,20181012,000000,1026.35,1026.35,1026.35,1026.35,0,0
1653.N,D,20181015,000000,1026.88,1026.88,1026.88,1026.88,0,0
1653.N,D,20181016,000000,1026.74,1026.74,1026.74,1026.74,0,0
1653.N,D,20181017,000000,1027.04,1027.04,1027.04,1027.04,0,0
1653.N,D,20181018,000000,1027.26,1027.26,1027.26,1027.26,0,0
1653.N,D,20181019,000000,1027.07,1027.07,1027.07,1027.07,0,0
1653.N,D,20181022,000000,1027.46,1027.46,1027.46,1027.46,0,0
1653.N,D,20181023,000000,1027.96,1027.96,1027.96,1027.96,0,0
1653.N,D,20181024,000000,1028.49,1028.49,1028.49,1028.49,0,0
1653.N,D,20181025,000000,1027.97,1027.97,1027.97,1027.97,0,0
1653.N,D,20181026,000000,1028.51,1028.51,1028.51,1028.51,0,0
1653.N,D,20181029,000000,1028.58,1028.58,1028.58,1028.58,0,0
1653.N,D,20181030,000000,1028.31,1028.31,1028.31,1028.31,0,0
1653.N,D,20181031,000000,1028.15,1028.15,1028.15,1028.15,0,0
1653.N,D,20181102,000000,1028.18,1028.18,1028.18,1028.18,0,0
1653.N,D,20181105,000000,1028.61,1028.61,1028.61,1028.61,0,0
1653.N,D,20181106,000000,1028.82,1028.82,1028.82,1028.82,0,0
1653.N,D,20181107,000000,1028.53,1028.53,1028.53,1028.53,0,0
1653.N,D,20181108,000000,1027.98,1027.98,1027.98,1027.98,0,0
1653.N,D,20181109,000000,1028.17,1028.17,1028.17,1028.17,0,0
1653.N,D,20181113,000000,1028.23,1028.23,1028.23,1028.23,0,0
1653.N,D,20181114,000000,1027.61,1027.61,1027.61,1027.61,0,0
1653.N,D,20181115,000000,1027.49,1027.49,1027.49,1027.49,0,0
1653.N,D,20181116,000000,1026.94,1026.94,1026.94,1026.94,0,0
1653.N,D,20181119,000000,1027.59,1027.59,1027.59,1027.59,0,0
1653.N,D,20181120,000000,1028.03,1028.03,1028.03,1028.03,0,0
1653.N,D,20181121,000000,1027.84,1027.84,1027.84,1027.84,0,0
1653.N,D,20181122,000000,1027.49,1027.49,1027.49,1027.49,0,0
1653.N,D,20181123,000000,1028.25,1028.25,1028.25,1028.25,0,0
1653.N,D,20181126,000000,1028.23,1028.23,1028.23,1028.23,0,0
1653.N,D,20181127,000000,1028.35,1028.35,1028.35,1028.35,0,0
1653.N,D,20181128,000000,1028.73,1028.73,1028.73,1028.73,0,0
1653.N,D,20181129,000000,1029.37,1029.37,1029.37,1029.37,0,0
1653.N,D,20181130,000000,1029.98,1029.98,1029.98,1029.98,0,0
1653.N,D,20181203,000000,1030.06,1030.06,1030.06,1030.06,0,0
1653.N,D,20181204,000000,1029.97,1029.97,1029.97,1029.97,0,0
1653.N,D,20181205,000000,1029.89,1029.89,1029.89,1029.89,0,0
1653.N,D,20181206,000000,1030.37,1030.37,1030.37,1030.37,0,0
1653.N,D,20181207,000000,1030.01,1030.01,1030.01,1030.01,0,0
1653.N,D,20181210,000000,1030.24,1030.24,1030.24,1030.24,0,0
1653.N,D,20181211,000000,1030.73,1030.73,1030.73,1030.73,0,0
1653.N,D,20181212,000000,1031.23,1031.23,1031.23,1031.23,0,0
1653.N,D,20181213,000000,1031.8,1031.8,1031.8,1031.8,0,0
1653.N,D,20181214,000000,1032.19,1032.19,1032.19,1032.19,0,0
1653.N,D,20181217,000000,1032.35,1032.35,1032.35,1032.35,0,0
1653.N,D,20181218,000000,1032.65,1032.65,1032.65,1032.65,0,0
1653.N,D,20181219,000000,1032.42,1032.42,1032.42,1032.42,0,0
1653.N,D,20181220,000000,1033.26,1033.26,1033.26,1033.26,0,0
1653.N,D,20181221,000000,1033.93,1033.93,1033.93,1033.93,0,0
1653.N,D,20181227,000000,1033.73,1033.73,1033.73,1033.73,0,0
1653.N,D,20181228,000000,1034.11,1034.11,1034.11,1034.11,0,0
1653.N,D,20190102,000000,1035.03,1035.03,1035.03,1035.03,0,0
1653.N,D,20190103,000000,1034,1034,1034,1034,0,0
1653.N,D,20190104,000000,1033.23,1033.23,1033.23,1033.23,0,0
1653.N,D,20190107,000000,1033.39,1033.39,1033.39,1033.39,0,0
1653.N,D,20190108,000000,1033.35,1033.35,1033.35,1033.35,0,0
1653.N,D,20190109,000000,1033.51,1033.51,1033.51,1033.51,0,0
1653.N,D,20190110,000000,1034.21,1034.21,1034.21,1034.21,0,0
1653.N,D,20190111,000000,1035.42,1035.42,1035.42,1035.42,0,0
1653.N,D,20190114,000000,1035.94,1035.94,1035.94,1035.94,0,0
1653.N,D,20190115,000000,1036.13,1036.13,1036.13,1036.13,0,0
1653.N,D,20190116,000000,1035.45,1035.45,1035.45,1035.45,0,0
1653.N,D,20190117,000000,1035.48,1035.48,1035.48,1035.48,0,0
1653.N,D,20190118,000000,1035.56,1035.56,1035.56,1035.56,0,0
1653.N,D,20190121,000000,1035.63,1035.63,1035.63,1035.63,0,0
1653.N,D,20190122,000000,1035.71,1035.71,1035.71,1035.71,0,0
1653.N,D,20190123,000000,1036,1036,1036,1036,0,0
1653.N,D,20190124,000000,1036.14,1036.14,1036.14,1036.14,0,0
1653.N,D,20190125,000000,1036.12,1036.12,1036.12,1036.12,0,0
1653.N,D,20190128,000000,1036.43,1036.43,1036.43,1036.43,0,0
1653.N,D,20190129,000000,1036.59,1036.59,1036.59,1036.59,0,0
1653.N,D,20190130,000000,1036.55,1036.55,1036.55,1036.55,0,0
1653.N,D,20190131,000000,1036.99,1036.99,1036.99,1036.99,0,0
1653.N,D,20190201,000000,1036.6,1036.6,1036.6,1036.6,0,0
1653.N,D,20190204,000000,1036.18,1036.18,1036.18,1036.18,0,0
1653.N,D,20190205,000000,1036.46,1036.46,1036.46,1036.46,0,0
1653.N,D,20190206,000000,1036.33,1036.33,1036.33,1036.33,0,0
1653.N,D,20190207,000000,1036.18,1036.18,1036.18,1036.18,0,0
1653.N,D,20190208,000000,1036.29,1036.29,1036.29,1036.29,0,0
1653.N,D,20190211,000000,1036.3,1036.3,1036.3,1036.3,0,0
1653.N,D,20190212,000000,1036.3,1036.3,1036.3,1036.3,0,0
1653.N,D,20190213,000000,1036.43,1036.43,1036.43,1036.43,0,0
1653.N,D,20190214,000000,1036.54,1036.54,1036.54,1036.54,0,0
1653.N,D,20190215,000000,1036.55,1036.55,1036.55,1036.55,0,0
1653.N,D,20190218,000000,1036.63,1036.63,1036.63,1036.63,0,0
1653.N,D,20190219,000000,1036.67,1036.67,1036.67,1036.67,0,0
1653.N,D,20190220,000000,1037.07,1037.07,1037.07,1037.07,0,0
1653.N,D,20190221,000000,1036.8,1036.8,1036.8,1036.8,0,0
1653.N,D,20190222,000000,1036.81,1036.81,1036.81,1036.81,0,0
1653.N,D,20190225,000000,1035.28,1035.28,1035.28,1035.28,0,0
1653.N,D,20190226,000000,1035.66,1035.66,1035.66,1035.66,0,0
1653.N,D,20190227,000000,1035.14,1035.14,1035.14,1035.14,0,0
1653.N,D,20190228,000000,1034.62,1034.62,1034.62,1034.62,0,0
1653.N,D,20190301,000000,1034.74,1034.74,1034.74,1034.74,0,0
1653.N,D,20190304,000000,1035.19,1035.19,1035.19,1035.19,0,0
1653.N,D,20190305,000000,1035.48,1035.48,1035.48,1035.48,0,0
1653.N,D,20190306,000000,1035.82,1035.82,1035.82,1035.82,0,0
1653.N,D,20190307,000000,1036.22,1036.22,1036.22,1036.22,0,0
1653.N,D,20190308,000000,1036.32,1036.32,1036.32,1036.32,0,0
1653.N,D,20190311,000000,1036.24,1036.24,1036.24,1036.24,0,0
1653.N,D,20190312,000000,1036.12,1036.12,1036.12,1036.12,0,0
1653.N,D,20190313,000000,1036.3,1036.3,1036.3,1036.3,0,0
1653.N,D,20190314,000000,1036.07,1036.07,1036.07,1036.07,0,0
1653.N,D,20190315,000000,1036.06,1036.06,1036.06,1036.06,0,0
1653.N,D,20190318,000000,1036.37,1036.37,1036.37,1036.37,0,0
1653.N,D,20190319,000000,1036.29,1036.29,1036.29,1036.29,0,0
1653.N,D,20190320,000000,1036.26,1036.26,1036.26,1036.26,0,0
1653.N,D,20190321,000000,1036.29,1036.29,1036.29,1036.29,0,0
1653.N,D,20190322,000000,1036.66,1036.66,1036.66,1036.66,0,0
1653.N,D,20190325,000000,1036.54,1036.54,1036.54,1036.54,0,0
1653.N,D,20190326,000000,1036.12,1036.12,1036.12,1036.12,0,0
1653.N,D,20190327,000000,1036.24,1036.24,1036.24,1036.24,0,0
1653.N,D,20190328,000000,1036.34,1036.34,1036.34,1036.34,0,0
1653.N,D,20190329,000000,1036.28,1036.28,1036.28,1036.28,0,0
1653.N,D,20190401,000000,1036.79,1036.79,1036.79,1036.79,0,0
1653.N,D,20190402,000000,1036.5,1036.5,1036.5,1036.5,0,0
1653.N,D,20190403,000000,1036.55,1036.55,1036.55,1036.55,0,0
1653.N,D,20190404,000000,1036.53,1036.53,1036.53,1036.53,0,0
1653.N,D,20190405,000000,1036.83,1036.83,1036.83,1036.83,0,0
1653.N,D,20190408,000000,1037.02,1037.02,1037.02,1037.02,0,0
1653.N,D,20190409,000000,1037.25,1037.25,1037.25,1037.25,0,0
1653.N,D,20190410,000000,1037.44,1037.44,1037.44,1037.44,0,0
1653.N,D,20190411,000000,1037.71,1037.71,1037.71,1037.71,0,0
1653.N,D,20190412,000000,1037.81,1037.81,1037.81,1037.81,0,0
1653.N,D,20190415,000000,1038.45,1038.45,1038.45,1038.45,0,0
1653.N,D,20190416,000000,1038.75,1038.75,1038.75,1038.75,0,0
1653.N,D,20190417,000000,1039,1039,1039,1039,0,0
1653.N,D,20190418,000000,1038.99,1038.99,1038.99,1038.99,0,0
1653.N,D,20190423,000000,1038.66,1038.66,1038.66,1038.66,0,0
1653.N,D,20190424,000000,1038.77,1038.77,1038.77,1038.77,0,0
1653.N,D,20190425,000000,1038.45,1038.45,1038.45,1038.45,0,0
1653.N,D,20190426,000000,1038.42,1038.42,1038.42,1038.42,0,0
1653.N,D,20190429,000000,1038.12,1038.12,1038.12,1038.12,0,0
1653.N,D,20190430,000000,1037.52,1037.52,1037.52,1037.52,0,0
1653.N,D,20190502,000000,1036.93,1036.93,1036.93,1036.93,0,0
1653.N,D,20190506,000000,1037.32,1037.32,1037.32,1037.32,0,0
1653.N,D,20190507,000000,1037.65,1037.65,1037.65,1037.65,0,0
1653.N,D,20190508,000000,1037.94,1037.94,1037.94,1037.94,0,0
1653.N,D,20190509,000000,1038.08,1038.08,1038.08,1038.08,0,0
1653.N,D,20190510,000000,1038.21,1038.21,1038.21,1038.21,0,0
1653.N,D,20190513,000000,1038.91,1038.91,1038.91,1038.91,0,0
1653.N,D,20190514,000000,1038.74,1038.74,1038.74,1038.74,0,0
1653.N,D,20190515,000000,1038.92,1038.92,1038.92,1038.92,0,0
1653.N,D,20190516,000000,1038.47,1038.47,1038.47,1038.47,0,0
1653.N,D,20190517,000000,1038.64,1038.64,1038.64,1038.64,0,0
1653.N,D,20190520,000000,1037.29,1037.29,1037.29,1037.29,0,0
1653.N,D,20190521,000000,1037.32,1037.32,1037.32,1037.32,0,0
1653.N,D,20190522,000000,1037.46,1037.46,1037.46,1037.46,0,0
1653.N,D,20190523,000000,1038.12,1038.12,1038.12,1038.12,0,0
1653.N,D,20190524,000000,1038.05,1038.05,1038.05,1038.05,0,0
1653.N,D,20190527,000000,1038.62,1038.62,1038.62,1038.62,0,0
1653.N,D,20190528,000000,1038.93,1038.93,1038.93,1038.93,0,0
1653.N,D,20190529,000000,1039.42,1039.42,1039.42,1039.42,0,0
1653.N,D,20190530,000000,1039.46,1039.46,1039.46,1039.46,0,0
1653.N,D,20190531,000000,1040.1,1040.1,1040.1,1040.1,0,0
1653.N,D,20190603,000000,1043.63,1043.63,1043.63,1043.63,0,0
1653.N,D,20190604,000000,1043.66,1043.66,1043.66,1043.66,0,0
1653.N,D,20190605,000000,1044.44,1044.44,1044.44,1044.44,0,0
1653.N,D,20190606,000000,1045.16,1045.16,1045.16,1045.16,0,0
1653.N,D,20190607,000000,1045.37,1045.37,1045.37,1045.37,0,0
1653.N,D,20190610,000000,1045.1,1045.1,1045.1,1045.1,0,0
1653.N,D,20190611,000000,1044.91,1044.91,1044.91,1044.91,0,0
1653.N,D,20190612,000000,1045.84,1045.84,1045.84,1045.84,0,0
1653.N,D,20190613,000000,1046.2,1046.2,1046.2,1046.2,0,0
1653.N,D,20190614,000000,1043.23,1043.23,1043.23,1043.23,0,0
1653.N,D,20190617,000000,1043.23,1043.23,1043.23,1043.23,0,0
1653.N,D,20190618,000000,1043.68,1043.68,1043.68,1043.68,0,0
1653.N,D,20190619,000000,1043.96,1043.96,1043.96,1043.96,0,0
1653.N,D,20190621,000000,1043.97,1043.97,1043.97,1043.97,0,0
1653.N,D,20190624,000000,1044.77,1044.77,1044.77,1044.77,0,0
1653.N,D,20190625,000000,1045.02,1045.02,1045.02,1045.02,0,0
1653.N,D,20190626,000000,1045.13,1045.13,1045.13,1045.13,0,0
1653.N,D,20190627,000000,1044.75,1044.75,1044.75,1044.75,0,0
1653.N,D,20190628,000000,1044.61,1044.61,1044.61,1044.61,0,0
1653.N,D,20190701,000000,1044.67,1044.67,1044.67,1044.67,0,0
1653.N,D,20190702,000000,1044.61,1044.61,1044.61,1044.61,0,0
1653.N,D,20190703,000000,1044.98,1044.98,1044.98,1044.98,0,0
1653.N,D,20190704,000000,1045.07,1045.07,1045.07,1045.07,0,0
1653.N,D,20190705,000000,1045.21,1045.21,1045.21,1045.21,0,0
1653.N,D,20190708,000000,1045.63,1045.63,1045.63,1045.63,0,0
1653.N,D,20190709,000000,1045.84,1045.84,1045.84,1045.84,0,0
1653.N,D,20190710,000000,1045.57,1045.57,1045.57,1045.57,0,0
1653.N,D,20190711,000000,1045.51,1045.51,1045.51,1045.51,0,0
1653.N,D,20190712,000000,1045.29,1045.29,1045.29,1045.29,0,0
1653.N,D,20190715,000000,1045.62,1045.62,1045.62,1045.62,0,0
1653.N,D,20190716,000000,1045.56,1045.56,1045.56,1045.56,0,0
1653.N,D,20190717,000000,1045.72,1045.72,1045.72,1045.72,0,0
1653.N,D,20190718,000000,1045.79,1045.79,1045.79,1045.79,0,0
1653.N,D,20190719,000000,1046.24,1046.24,1046.24,1046.24,0,0
1653.N,D,20190722,000000,1046.56,1046.56,1046.56,1046.56,0,0
1653.N,D,20190723,000000,1047.22,1047.22,1047.22,1047.22,0,0
1653.N,D,20190724,000000,1048.12,1048.12,1048.12,1048.12,0,0
1653.N,D,20190725,000000,1047.98,1047.98,1047.98,1047.98,0,0
1653.N,D,20190726,000000,1048.17,1048.17,1048.17,1048.17,0,0
1653.N,D,20190729,000000,1048.53,1048.53,1048.53,1048.53,0,0
1653.N,D,20190730,000000,1048.23,1048.23,1048.23,1048.23,0,0
1653.N,D,20190731,000000,1048.14,1048.14,1048.14,1048.14,0,0
1653.N,D,20190801,000000,1049.42,1049.42,1049.42,1049.42,0,0
1653.N,D,20190802,000000,1049.63,1049.63,1049.63,1049.63,0,0
1653.N,D,20190805,000000,1049.54,1049.54,1049.54,1049.54,0,0
1653.N,D,20190806,000000,1048.52,1048.52,1048.52,1048.52,0,0
1653.N,D,20190807,000000,1048.86,1048.86,1048.86,1048.86,0,0
1653.N,D,20190808,000000,1049.05,1049.05,1049.05,1049.05,0,0
1653.N,D,20190809,000000,1049.3,1049.3,1049.3,1049.3,0,0
1653.N,D,20190812,000000,1049.42,1049.42,1049.42,1049.42,0,0
1653.N,D,20190813,000000,1049.99,1049.99,1049.99,1049.99,0,0
1653.N,D,20190814,000000,1050.05,1050.05,1050.05,1050.05,0,0
1653.N,D,20190816,000000,1050.69,1050.69,1050.69,1050.69,0,0
1653.N,D,20190819,000000,1049.75,1049.75,1049.75,1049.75,0,0
1653.N,D,20190820,000000,1050.29,1050.29,1050.29,1050.29,0,0
1653.N,D,20190821,000000,1049.94,1049.94,1049.94,1049.94,0,0
1653.N,D,20190822,000000,1049.63,1049.63,1049.63,1049.63,0,0
1653.N,D,20190823,000000,1049.68,1049.68,1049.68,1049.68,0,0
1653.N,D,20190826,000000,1050.26,1050.26,1050.26,1050.26,0,0
1653.N,D,20190827,000000,1051.13,1051.13,1051.13,1051.13,0,0
1653.N,D,20190828,000000,1051.37,1051.37,1051.37,1051.37,0,0
1653.N,D,20190829,000000,1050.21,1050.21,1050.21,1050.21,0,0
1653.N,D,20190909,000000,1049.53,1049.53,1049.53,1049.53,0,0
1653.N,D,20190910,000000,1049.34,1049.34,1049.34,1049.34,0,0
1653.N,D,20190911,000000,1049.62,1049.62,1049.62,1049.62,0,0
1653.N,D,20190912,000000,1050.04,1050.04,1050.04,1050.04,0,0
1653.N,D,20190913,000000,1050.02,1050.02,1050.02,1050.02,0,0
1653.N,D,20190916,000000,1050.23,1050.23,1050.23,1050.23,0,0
1653.N,D,20190917,000000,1050.53,1050.53,1050.53,1050.53,0,0
1653.N,D,20190918,000000,1050.69,1050.69,1050.69,1050.69,0,0
1653.N,D,20190919,000000,1050.93,1050.93,1050.93,1050.93,0,0
1653.N,D,20190920,000000,1050.9,1050.9,1050.9,1050.9,0,0
1653.N,D,20190923,000000,1050.99,1050.99,1050.99,1050.99,0,0
1653.N,D,20190924,000000,1051.04,1051.04,1051.04,1051.04,0,0
1653.N,D,20190925,000000,1050.92,1050.92,1050.92,1050.92,0,0
1653.N,D,20190926,000000,1051.02,1051.02,1051.02,1051.02,0,0
1653.N,D,20190927,000000,1051.1,1051.1,1051.1,1051.1,0,0
1653.N,D,20190930,000000,1051.37,1051.37,1051.37,1051.37,0,0
1653.N,D,20191001,000000,1051.56,1051.56,1051.56,1051.56,0,0
1653.N,D,20191002,000000,1051.65,1051.65,1051.65,1051.65,0,0
1653.N,D,20191003,000000,1052.08,1052.08,1052.08,1052.08,0,0
1653.N,D,20191004,000000,1053.37,1053.37,1053.37,1053.37,0,0
1653.N,D,20191007,000000,1053.72,1053.72,1053.72,1053.72,0,0
1653.N,D,20191008,000000,1053.38,1053.38,1053.38,1053.38,0,0
1653.N,D,20191009,000000,1053.37,1053.37,1053.37,1053.37,0,0
1653.N,D,20191010,000000,1053.15,1053.15,1053.15,1053.15,0,0
1653.N,D,20191011,000000,1053.33,1053.33,1053.33,1053.33,0,0
1653.N,D,20191014,000000,1053.54,1053.54,1053.54,1053.54,0,0
1653.N,D,20191015,000000,1053.09,1053.09,1053.09,1053.09,0,0
1653.N,D,20191016,000000,1053.11,1053.11,1053.11,1053.11,0,0
1653.N,D,20191017,000000,1053.72,1053.72,1053.72,1053.72,0,0
1653.N,D,20191018,000000,1053.38,1053.38,1053.38,1053.38,0,0
1653.N,D,20191021,000000,1053.74,1053.74,1053.74,1053.74,0,0
1653.N,D,20191022,000000,1054.64,1054.64,1054.64,1054.64,0,0
1653.N,D,20191023,000000,1054.22,1054.22,1054.22,1054.22,0,0
1653.N,D,20191024,000000,1053.88,1053.88,1053.88,1053.88,0,0
1653.N,D,20191025,000000,1054.89,1054.89,1054.89,1054.89,0,0
1653.N,D,20191028,000000,1055.09,1055.09,1055.09,1055.09,0,0
1653.N,D,20191029,000000,1055.22,1055.22,1055.22,1055.22,0,0
1653.N,D,20191030,000000,1055.17,1055.17,1055.17,1055.17,0,0
1653.N,D,20191031,000000,1055.36,1055.36,1055.36,1055.36,0,0
1653.N,D,20191104,000000,1055.4,1055.4,1055.4,1055.4,0,0
1653.N,D,20191105,000000,1055.3,1055.3,1055.3,1055.3,0,0
1653.N,D,20191106,000000,1055.33,1055.33,1055.33,1055.33,0,0
1653.N,D,20191107,000000,1055.17,1055.17,1055.17,1055.17,0,0
1653.N,D,20191108,000000,1054.34,1054.34,1054.34,1054.34,0,0
1653.N,D,20191112,000000,1054.85,1054.85,1054.85,1054.85,0,0
1653.N,D,20191113,000000,1055.23,1055.23,1055.23,1055.23,0,0
1653.N,D,20191114,000000,1055.19,1055.19,1055.19,1055.19,0,0
1653.N,D,20191115,000000,1054.84,1054.84,1054.84,1054.84,0,0
1653.N,D,20191118,000000,1055.09,1055.09,1055.09,1055.09,0,0
1653.N,D,20191119,000000,1054.88,1054.88,1054.88,1054.88,0,0
1653.N,D,20191120,000000,1055.05,1055.05,1055.05,1055.05,0,0
1653.N,D,20191121,000000,1055.06,1055.06,1055.06,1055.06,0,0
1653.N,D,20191122,000000,1055.17,1055.17,1055.17,1055.17,0,0
1653.N,D,20191125,000000,1055.14,1055.14,1055.14,1055.14,0,0
1653.N,D,20191126,000000,1055.59,1055.59,1055.59,1055.59,0,0
1653.N,D,20191127,000000,1055.56,1055.56,1055.56,1055.56,0,0
1653.N,D,20191128,000000,1055.33,1055.33,1055.33,1055.33,0,0
1653.N,D,20191129,000000,1055.5,1055.5,1055.5,1055.5,0,0
1653.N,D,20191202,000000,1055.82,1055.82,1055.82,1055.82,0,0
1653.N,D,20191203,000000,1056.29,1056.29,1056.29,1056.29,0,0
1653.N,D,20191204,000000,1056.16,1056.16,1056.16,1056.16,0,0
1653.N,D,20191205,000000,1056.23,1056.23,1056.23,1056.23,0,0
1653.N,D,20191206,000000,1056.39,1056.39,1056.39,1056.39,0,0
1653.N,D,20191209,000000,1056.57,1056.57,1056.57,1056.57,0,0
1653.N,D,20191210,000000,1056.24,1056.24,1056.24,1056.24,0,0
1653.N,D,20191211,000000,1056.51,1056.51,1056.51,1056.51,0,0
1653.N,D,20191212,000000,1056.5,1056.5,1056.5,1056.5,0,0
1653.N,D,20191213,000000,1056.39,1056.39,1056.39,1056.39,0,0
1653.N,D,20191216,000000,1056.33,1056.33,1056.33,1056.33,0,0
1653.N,D,20191217,000000,1056.33,1056.33,1056.33,1056.33,0,0
1653.N,D,20191218,000000,1056.14,1056.14,1056.14,1056.14,0,0
1653.N,D,20191219,000000,1056.16,1056.16,1056.16,1056.16,0,0
1653.N,D,20191220,000000,1056.33,1056.33,1056.33,1056.33,0,0
1653.N,D,20191223,000000,1056.71,1056.71,1056.71,1056.71,0,0
1653.N,D,20191227,000000,1057.09,1057.09,1057.09,1057.09,0,0
1653.N,D,20191230,000000,1057.23,1057.23,1057.23,1057.23,0,0
1653.N,D,20200102,000000,1057.6,1057.6,1057.6,1057.6,0,0
1653.N,D,20200103,000000,1057.96,1057.96,1057.96,1057.96,0,0
1653.N,D,20200107,000000,1058.24,1058.24,1058.24,1058.24,0,0
1653.N,D,20200108,000000,1057.92,1057.92,1057.92,1057.92,0,0
1653.N,D,20200109,000000,1057.77,1057.77,1057.77,1057.77,0,0
1653.N,D,20200110,000000,1057.71,1057.71,1057.71,1057.71,0,0
1653.N,D,20200113,000000,1057.31,1057.31,1057.31,1057.31,0,0
1653.N,D,20200114,000000,1057.85,1057.85,1057.85,1057.85,0,0
1653.N,D,20200115,000000,1058.17,1058.17,1058.17,1058.17,0,0
1653.N,D,20200116,000000,1057.66,1057.66,1057.66,1057.66,0,0
1653.N,D,20200117,000000,1057.42,1057.42,1057.42,1057.42,0,0
1653.N,D,20200120,000000,1057.65,1057.65,1057.65,1057.65,0,0
1653.N,D,20200121,000000,1058.18,1058.18,1058.18,1058.18,0,0
1653.N,D,20200122,000000,1058.64,1058.64,1058.64,1058.64,0,0
1653.N,D,20200123,000000,1058.63,1058.63,1058.63,1058.63,0,0
1653.N,D,20200124,000000,1058.69,1058.69,1058.69,1058.69,0,0
1653.N,D,20200127,000000,1059.04,1059.04,1059.04,1059.04,0,0
1653.N,D,20200128,000000,1058.93,1058.93,1058.93,1058.93,0,0
1653.N,D,20200129,000000,1059.11,1059.11,1059.11,1059.11,0,0
1653.N,D,20200130,000000,1059.25,1059.25,1059.25,1059.25,0,0
1653.N,D,20200131,000000,1059.78,1059.78,1059.78,1059.78,0,0
1653.N,D,20200203,000000,1059.86,1059.86,1059.86,1059.86,0,0
1653.N,D,20200204,000000,1059.91,1059.91,1059.91,1059.91,0,0
1653.N,D,20200205,000000,1059.97,1059.97,1059.97,1059.97,0,0
1653.N,D,20200206,000000,1060.44,1060.44,1060.44,1060.44,0,0
1653.N,D,20200207,000000,1061.06,1061.06,1061.06,1061.06,0,0
1653.N,D,20200210,000000,1061.23,1061.23,1061.23,1061.23,0,0
1653.N,D,20200211,000000,1061.11,1061.11,1061.11,1061.11,0,0
1653.N,D,20200212,000000,1060.88,1060.88,1060.88,1060.88,0,0
1653.N,D,20200213,000000,1060.39,1060.39,1060.39,1060.39,0,0
1653.N,D,20200214,000000,1061.01,1061.01,1061.01,1061.01,0,0
1653.N,D,20200217,000000,1061.24,1061.24,1061.24,1061.24,0,0
1653.N,D,20200218,000000,1061.8,1061.8,1061.8,1061.8,0,0
1653.N,D,20200219,000000,1062.03,1062.03,1062.03,1062.03,0,0
1653.N,D,20200220,000000,1062.23,1062.23,1062.23,1062.23,0,0
1653.N,D,20200221,000000,1062.7,1062.7,1062.7,1062.7,0,0
1653.N,D,20200224,000000,1063.75,1063.75,1063.75,1063.75,0,0
1653.N,D,20200225,000000,1064.25,1064.25,1064.25,1064.25,0,0
1653.N,D,20200226,000000,1064.31,1064.31,1064.31,1064.31,0,0
1653.N,D,20200227,000000,1064.96,1064.96,1064.96,1064.96,0,0
1653.N,D,20200228,000000,1064.24,1064.24,1064.24,1064.24,0,0
1653.N,D,20200302,000000,1065.18,1065.18,1065.18,1065.18,0,0
1653.N,D,20200303,000000,1065.79,1065.79,1065.79,1065.79,0,0
1653.N,D,20200304,000000,1066.2,1066.2,1066.2,1066.2,0,0
1653.N,D,20200305,000000,1065.86,1065.86,1065.86,1065.86,0,0
1653.N,D,20200306,000000,1065.95,1065.95,1065.95,1065.95,0,0
1653.N,D,20200309,000000,1064.59,1064.59,1064.59,1064.59,0,0
1653.N,D,20200310,000000,1064.72,1064.72,1064.72,1064.72,0,0
1653.N,D,20200311,000000,1063.51,1063.51,1063.51,1063.51,0,0
1653.N,D,20200312,000000,1060.32,1060.32,1060.32,1060.32,0,0
1653.N,D,20200313,000000,1056.74,1056.74,1056.74,1056.74,0,0
1653.N,D,20200316,000000,1057.53,1057.53,1057.53,1057.53,0,0
1653.N,D,20200317,000000,1063.07,1063.07,1063.07,1063.07,0,0
1653.N,D,20200318,000000,1062.07,1062.07,1062.07,1062.07,0,0
1653.N,D,20200319,000000,1059.91,1059.91,1059.91,1059.91,0,0
1653.N,D,20200320,000000,1059.45,1059.45,1059.45,1059.45,0,0
1653.N,D,20200323,000000,1057.02,1057.02,1057.02,1057.02,0,0
1653.N,D,20200324,000000,1059,1059,1059,1059,0,0
1653.N,D,20200325,000000,1058.38,1058.38,1058.38,1058.38,0,0
1653.N,D,20200326,000000,1062.28,1062.28,1062.28,1062.28,0,0
1653.N,D,20200327,000000,1059.11,1059.11,1059.11,1059.11,0,0
1653.N,D,20200330,000000,1057.46,1057.46,1057.46,1057.46,0,0
1653.N,D,20200331,000000,1056.32,1056.32,1056.32,1056.32,0,0
1653.N,D,20200401,000000,1055.05,1055.05,1055.05,1055.05,0,0
1653.N,D,20200402,000000,1056.27,1056.27,1056.27,1056.27,0,0
1653.N,D,20200403,000000,1054.26,1054.26,1054.26,1054.26,0,0
1653.N,D,20200406,000000,1055.24,1055.24,1055.24,1055.24,0,0
1653.N,D,20200407,000000,1055.73,1055.73,1055.73,1055.73,0,0
1653.N,D,20200408,000000,1056.35,1056.35,1056.35,1056.35,0,0
1653.N,D,20200409,000000,1058.11,1058.11,1058.11,1058.11,0,0
1653.N,D,20200414,000000,1059.77,1059.77,1059.77,1059.77,0,0
1653.N,D,20200415,000000,1059.26,1059.26,1059.26,1059.26,0,0
1653.N,D,20200416,000000,1059.3,1059.3,1059.3,1059.3,0,0
1653.N,D,20200417,000000,1059.66,1059.66,1059.66,1059.66,0,0
1653.N,D,20200420,000000,1060.27,1060.27,1060.27,1060.27,0,0
1653.N,D,20200421,000000,1061.02,1061.02,1061.02,1061.02,0,0
1653.N,D,20200422,000000,1062.3,1062.3,1062.3,1062.3,0,0
1653.N,D,20200423,000000,1062.06,1062.06,1062.06,1062.06,0,0
1653.N,D,20200424,000000,1060.99,1060.99,1060.99,1060.99,0,0
1653.N,D,20200427,000000,1061.29,1061.29,1061.29,1061.29,0,0
1653.N,D,20200428,000000,1061.72,1061.72,1061.72,1061.72,0,0
1653.N,D,20200429,000000,1061.4,1061.4,1061.4,1061.4,0,0
1653.N,D,20200430,000000,1060.99,1060.99,1060.99,1060.99,0,0
1653.N,D,20200504,000000,1061.69,1061.69,1061.69,1061.69,0,0
1653.N,D,20200505,000000,1061.55,1061.55,1061.55,1061.55,0,0
1653.N,D,20200506,000000,1061,1061,1061,1061,0,0
1653.N,D,20200507,000000,1060.72,1060.72,1060.72,1060.72,0,0
1653.N,D,20200508,000000,1060.61,1060.61,1060.61,1060.61,0,0
1653.N,D,20200511,000000,1060.69,1060.69,1060.69,1060.69,0,0
1653.N,D,20200512,000000,1061.15,1061.15,1061.15,1061.15,0,0
1653.N,D,20200513,000000,1062.07,1062.07,1062.07,1062.07,0,0
1653.N,D,20200514,000000,1063.07,1063.07,1063.07,1063.07,0,0
1653.N,D,20200515,000000,1063.06,1063.06,1063.06,1063.06,0,0
1653.N,D,20200518,000000,1063.22,1063.22,1063.22,1063.22,0,0
1653.N,D,20200519,000000,1063.07,1063.07,1063.07,1063.07,0,0
1653.N,D,20200520,000000,1062.84,1062.84,1062.84,1062.84,0,0
1653.N,D,20200521,000000,1062.67,1062.67,1062.67,1062.67,0,0
1653.N,D,20200522,000000,1062.53,1062.53,1062.53,1062.53,0,0
1653.N,D,20200525,000000,1062.97,1062.97,1062.97,1062.97,0,0
1653.N,D,20200526,000000,1063.32,1063.32,1063.32,1063.32,0,0
1653.N,D,20200527,000000,1064,1064,1064,1064,0,0
1653.N,D,20200528,000000,1066.38,1066.38,1066.38,1066.38,0,0
1653.N,D,20200529,000000,1068.16,1068.16,1068.16,1068.16,0,0
1653.N,D,20200601,000000,1068.07,1068.07,1068.07,1068.07,0,0
1653.N,D,20200602,000000,1067.85,1067.85,1067.85,1067.85,0,0
1653.N,D,20200603,000000,1067.61,1067.61,1067.61,1067.61,0,0
1653.N,D,20200604,000000,1067.3,1067.3,1067.3,1067.3,0,0
1653.N,D,20200605,000000,1066.84,1066.84,1066.84,1066.84,0,0
1653.N,D,20200608,000000,1066.87,1066.87,1066.87,1066.87,0,0
1653.N,D,20200609,000000,1066.7,1066.7,1066.7,1066.7,0,0
1653.N,D,20200610,000000,1067.1,1067.1,1067.1,1067.1,0,0
1653.N,D,20200612,000000,1067.29,1067.29,1067.29,1067.29,0,0
1653.N,D,20200615,000000,1066.81,1066.81,1066.81,1066.81,0,0
1653.N,D,20200616,000000,1067.45,1067.45,1067.45,1067.45,0,0
1653.N,D,20200617,000000,1067.45,1067.45,1067.45,1067.45,0,0
1653.N,D,20200618,000000,1067.64,1067.64,1067.64,1067.64,0,0
1653.N,D,20200619,000000,1068.03,1068.03,1068.03,1068.03,0,0
1653.N,D,20200622,000000,1068.6,1068.6,1068.6,1068.6,0,0
1653.N,D,20200623,000000,1068.59,1068.59,1068.59,1068.59,0,0
1653.N,D,20200624,000000,1068.53,1068.53,1068.53,1068.53,0,0
1653.N,D,20200625,000000,1069.11,1069.11,1069.11,1069.11,0,0
1653.N,D,20200626,000000,1070.01,1070.01,1070.01,1070.01,0,0
1653.N,D,20200629,000000,1070.66,1070.66,1070.66,1070.66,0,0
1653.N,D,20200630,000000,1071.6,1071.6,1071.6,1071.6,0,0
1653.N,D,20200701,000000,1070.99,1070.99,1070.99,1070.99,0,0
1653.N,D,20200702,000000,1071.47,1071.47,1071.47,1071.47,0,0
1653.N,D,20200703,000000,1072.37,1072.37,1072.37,1072.37,0,0
1653.N,D,20200706,000000,1072.3,1072.3,1072.3,1072.3,0,0
1653.N,D,20200707,000000,1072.39,1072.39,1072.39,1072.39,0,0
1653.N,D,20200708,000000,1073.05,1073.05,1073.05,1073.05,0,0
1653.N,D,20200709,000000,1072.12,1072.12,1072.12,1072.12,0,0
1653.N,D,20200710,000000,1073.16,1073.16,1073.16,1073.16,0,0
1653.N,D,20200713,000000,1072.63,1072.63,1072.63,1072.63,0,0
1653.N,D,20200714,000000,1072.79,1072.79,1072.79,1072.79,0,0
1653.N,D,20200715,000000,1072.6,1072.6,1072.6,1072.6,0,0
1653.N,D,20200716,000000,1073.1,1073.1,1073.1,1073.1,0,0
1653.N,D,20200717,000000,1072.85,1072.85,1072.85,1072.85,0,0
1653.N,D,20200720,000000,1073.27,1073.27,1073.27,1073.27,0,0
1653.N,D,20200721,000000,1073.26,1073.26,1073.26,1073.26,0,0
1653.N,D,20200722,000000,1073.39,1073.39,1073.39,1073.39,0,0
1653.N,D,20200723,000000,1073.51,1073.51,1073.51,1073.51,0,0
1653.N,D,20200724,000000,1073.39,1073.39,1073.39,1073.39,0,0
1653.N,D,20200727,000000,1073.5,1073.5,1073.5,1073.5,0,0
1653.N,D,20200728,000000,1073.89,1073.89,1073.89,1073.89,0,0
1653.N,D,20200729,000000,1074.17,1074.17,1074.17,1074.17,0,0
1653.N,D,20200730,000000,1074.22,1074.22,1074.22,1074.22,0,0
1653.N,D,20200731,000000,1074.18,1074.18,1074.18,1074.18,0,0
1653.N,D,20200803,000000,1074.56,1074.56,1074.56,1074.56,0,0
1653.N,D,20200804,000000,1074.7,1074.7,1074.7,1074.7,0,0
1653.N,D,20200805,000000,1074.49,1074.49,1074.49,1074.49,0,0
1653.N,D,20200806,000000,1074.76,1074.76,1074.76,1074.76,0,0
1653.N,D,20200807,000000,1074.53,1074.53,1074.53,1074.53,0,0
1653.N,D,20200810,000000,1074.53,1074.53,1074.53,1074.53,0,0
1653.N,D,20200811,000000,1074.29,1074.29,1074.29,1074.29,0,0
1653.N,D,20200812,000000,1074.52,1074.52,1074.52,1074.52,0,0
1653.N,D,20200813,000000,1074.39,1074.39,1074.39,1074.39,0,0
1653.N,D,20200814,000000,1074.41,1074.41,1074.41,1074.41,0,0
1653.N,D,20200817,000000,1074.24,1074.24,1074.24,1074.24,0,0
1653.N,D,20200818,000000,1073.98,1073.98,1073.98,1073.98,0,0
1653.N,D,20200819,000000,1074.05,1074.05,1074.05,1074.05,0,0
1653.N,D,20200820,000000,1074.27,1074.27,1074.27,1074.27,0,0
1653.N,D,20200821,000000,1074.53,1074.53,1074.53,1074.53,0,0
1653.N,D,20200824,000000,1074.45,1074.45,1074.45,1074.45,0,0
1653.N,D,20200825,000000,1074,1074,1074,1074,0,0
1653.N,D,20200826,000000,1074.28,1074.28,1074.28,1074.28,0,0
1653.N,D,20200827,000000,1074.35,1074.35,1074.35,1074.35,0,0
1653.N,D,20200828,000000,1073.79,1073.79,1073.79,1073.79,0,0
1653.N,D,20200831,000000,1074.14,1074.14,1074.14,1074.14,0,0
1653.N,D,20200901,000000,1074.48,1074.48,1074.48,1074.48,0,0
1653.N,D,20200902,000000,1074.65,1074.65,1074.65,1074.65,0,0
1653.N,D,20200903,000000,1074.75,1074.75,1074.75,1074.75,0,0
1653.N,D,20200904,000000,1074.72,1074.72,1074.72,1074.72,0,0
1653.N,D,20200907,000000,1074.83,1074.83,1074.83,1074.83,0,0
1653.N,D,20200908,000000,1074.86,1074.86,1074.86,1074.86,0,0
1653.N,D,20200909,000000,1074.98,1074.98,1074.98,1074.98,0,0
1653.N,D,20200910,000000,1075.22,1075.22,1075.22,1075.22,0,0
1653.N,D,20200911,000000,1075.4,1075.4,1075.4,1075.4,0,0
1653.N,D,20200914,000000,1075.56,1075.56,1075.56,1075.56,0,0
1653.N,D,20200915,000000,1075.48,1075.48,1075.48,1075.48,0,0
1653.N,D,20200916,000000,1075.63,1075.63,1075.63,1075.63,0,0
1653.N,D,20200917,000000,1075.57,1075.57,1075.57,1075.57,0,0
1653.N,D,20200918,000000,1075.75,1075.75,1075.75,1075.75,0,0
1653.N,D,20200921,000000,1075.85,1075.85,1075.85,1075.85,0,0
1653.N,D,20200922,000000,1075.79,1075.79,1075.79,1075.79,0,0
1653.N,D,20200923,000000,1075.3,1075.3,1075.3,1075.3,0,0
1653.N,D,20200924,000000,1075.6,1075.6,1075.6,1075.6,0,0
1653.N,D,20200925,000000,1075.63,1075.63,1075.63,1075.63,0,0
1653.N,D,20200928,000000,1075.62,1075.62,1075.62,1075.62,0,0
1653.N,D,20200929,000000,1075.81,1075.81,1075.81,1075.81,0,0
1653.N,D,20200930,000000,1076.25,1076.25,1076.25,1076.25,0,0
1653.N,D,20201001,000000,1076.48,1076.48,1076.48,1076.48,0,0
1653.N,D,20201002,000000,1076.25,1076.25,1076.25,1076.25,0,0
1653.N,D,20201005,000000,1076.47,1076.47,1076.47,1076.47,0,0
1653.N,D,20201006,000000,1076.7,1076.7,1076.7,1076.7,0,0
1653.N,D,20201007,000000,1076.68,1076.68,1076.68,1076.68,0,0
1653.N,D,20201008,000000,1076.71,1076.71,1076.71,1076.71,0,0
1653.N,D,20201009,000000,1076.95,1076.95,1076.95,1076.95,0,0
1653.N,D,20201012,000000,1077.04,1077.04,1077.04,1077.04,0,0
1653.N,D,20201013,000000,1077.15,1077.15,1077.15,1077.15,0,0
1653.N,D,20201014,000000,1077.17,1077.17,1077.17,1077.17,0,0
1653.N,D,20201015,000000,1077.25,1077.25,1077.25,1077.25,0,0
