<TICKER>,<PER>,<DATE>,<TIME>,<OPEN>,<HIGH>,<LOW>,<CLOSE>,<VOL>,<OPENINT>
1613.N,D,20160331,000000,100,100,100,100,0,0
1613.N,D,20160401,000000,99.99,99.99,99.99,99.99,0,0
1613.N,D,20160404,000000,99.96,99.96,99.96,99.96,0,0
1613.N,D,20160405,000000,99.95,99.95,99.95,99.95,0,0
1613.N,D,20160406,000000,99.95,99.95,99.95,99.95,0,0
1613.N,D,20160407,000000,99.94,99.94,99.94,99.94,0,0
1613.N,D,20160408,000000,99.94,99.94,99.94,99.94,0,0
1613.N,D,20160411,000000,99.94,99.94,99.94,99.94,0,0
1613.N,D,20160412,000000,99.94,99.94,99.94,99.94,0,0
1613.N,D,20160413,000000,99.94,99.94,99.94,99.94,0,0
1613.N,D,20160414,000000,99.94,99.94,99.94,99.94,0,0
1613.N,D,20160415,000000,99.95,99.95,99.95,99.95,0,0
1613.N,D,20160418,000000,99.96,99.96,99.96,99.96,0,0
1613.N,D,20160419,000000,99.96,99.96,99.96,99.96,0,0
1613.N,D,20160420,000000,100.02,100.02,100.02,100.02,0,0
1613.N,D,20160421,000000,100,100,100,100,0,0
1613.N,D,20160422,000000,99.98,99.98,99.98,99.98,0,0
1613.N,D,20160425,000000,99.96,99.96,99.96,99.96,0,0
1613.N,D,20160426,000000,99.82,99.82,99.82,99.82,0,0
1613.N,D,20160427,000000,99.85,99.85,99.85,99.85,0,0
1613.N,D,20160428,000000,99.83,99.83,99.83,99.83,0,0
1613.N,D,20160429,000000,99.55,99.55,99.55,99.55,0,0
1613.N,D,20160502,000000,99.23,99.23,99.23,99.23,0,0
1613.N,D,20160504,000000,98.93,98.93,98.93,98.93,0,0
1613.N,D,20160505,000000,99.03,99.03,99.03,99.03,0,0
1613.N,D,20160506,000000,99.05,99.05,99.05,99.05,0,0
1613.N,D,20160509,000000,99.37,99.37,99.37,99.37,0,0
1613.N,D,20160510,000000,99.86,99.86,99.86,99.86,0,0
1613.N,D,20160511,000000,99.79,99.79,99.79,99.79,0,0
1613.N,D,20160512,000000,99.27,99.27,99.27,99.27,0,0
1613.N,D,20160513,000000,99.64,99.64,99.64,99.64,0,0
1613.N,D,20160516,000000,99.56,99.56,99.56,99.56,0,0
1613.N,D,20160517,000000,99.49,99.49,99.49,99.49,0,0
1613.N,D,20160518,000000,99.64,99.64,99.64,99.64,0,0
1613.N,D,20160519,000000,98.76,98.76,98.76,98.76,0,0
1613.N,D,20160520,000000,99.88,99.88,99.88,99.88,0,0
1613.N,D,20160523,000000,99.66,99.66,99.66,99.66,0,0
1613.N,D,20160524,000000,100.81,100.81,100.81,100.81,0,0
1613.N,D,20160525,000000,101.8,101.8,101.8,101.8,0,0
1613.N,D,20160527,000000,102.15,102.15,102.15,102.15,0,0
1613.N,D,20160530,000000,102.28,102.28,102.28,102.28,0,0
1613.N,D,20160531,000000,102.09,102.09,102.09,102.09,0,0
1613.N,D,20160601,000000,101.65,101.65,101.65,101.65,0,0
1613.N,D,20160602,000000,101.61,101.61,101.61,101.61,0,0
1613.N,D,20160603,000000,101.3,101.3,101.3,101.3,0,0
1613.N,D,20160606,000000,101.43,101.43,101.43,101.43,0,0
1613.N,D,20160607,000000,102.1,102.1,102.1,102.1,0,0
1613.N,D,20160608,000000,101.94,101.94,101.94,101.94,0,0
1613.N,D,20160609,000000,101.35,101.35,101.35,101.35,0,0
1613.N,D,20160610,000000,100.32,100.32,100.32,100.32,0,0
1613.N,D,20160613,000000,99.35,99.35,99.35,99.35,0,0
1613.N,D,20160614,000000,98.52,98.52,98.52,98.52,0,0
1613.N,D,20160615,000000,99.05,99.05,99.05,99.05,0,0
1613.N,D,20160616,000000,98.44,98.44,98.44,98.44,0,0
1613.N,D,20160617,000000,98.65,98.65,98.65,98.65,0,0
1613.N,D,20160620,000000,100.45,100.45,100.45,100.45,0,0
1613.N,D,20160621,000000,100.58,100.58,100.58,100.58,0,0
1613.N,D,20160622,000000,101.03,101.03,101.03,101.03,0,0
1613.N,D,20160623,000000,101.58,101.58,101.58,101.58,0,0
1613.N,D,20160624,000000,98.56,98.56,98.56,98.56,0,0
1613.N,D,20160627,000000,96.59,96.59,96.59,96.59,0,0
1613.N,D,20160628,000000,97.97,97.97,97.97,97.97,0,0
1613.N,D,20160629,000000,99.89,99.89,99.89,99.89,0,0
1613.N,D,20160630,000000,100.5,100.5,100.5,100.5,0,0
1613.N,D,20160701,000000,101.16,101.16,101.16,101.16,0,0
1613.N,D,20160704,000000,101.08,101.08,101.08,101.08,0,0
1613.N,D,20160705,000000,100.14,100.14,100.14,100.14,0,0
1613.N,D,20160706,000000,99.66,99.66,99.66,99.66,0,0
1613.N,D,20160707,000000,100.26,100.26,100.26,100.26,0,0
1613.N,D,20160708,000000,101.53,101.53,101.53,101.53,0,0
1613.N,D,20160711,000000,102.79,102.79,102.79,102.79,0,0
1613.N,D,20160712,000000,103.41,103.41,103.41,103.41,0,0
1613.N,D,20160713,000000,103.1,103.1,103.1,103.1,0,0
1613.N,D,20160714,000000,104.02,104.02,104.02,104.02,0,0
1613.N,D,20160715,000000,103.89,103.89,103.89,103.89,0,0
1613.N,D,20160718,000000,104.12,104.12,104.12,104.12,0,0
1613.N,D,20160719,000000,103.94,103.94,103.94,103.94,0,0
1613.N,D,20160720,000000,104.71,104.71,104.71,104.71,0,0
1613.N,D,20160721,000000,104.61,104.61,104.61,104.61,0,0
1613.N,D,20160722,000000,104.54,104.54,104.54,104.54,0,0
1613.N,D,20160725,000000,104.49,104.49,104.49,104.49,0,0
1613.N,D,20160726,000000,104.56,104.56,104.56,104.56,0,0
1613.N,D,20160727,000000,104.9,104.9,104.9,104.9,0,0
1613.N,D,20160728,000000,104.09,104.09,104.09,104.09,0,0
1613.N,D,20160729,000000,104.63,104.63,104.63,104.63,0,0
1613.N,D,20160801,000000,104.6,104.6,104.6,104.6,0,0
1613.N,D,20160802,000000,103.24,103.24,103.24,103.24,0,0
1613.N,D,20160803,000000,103.35,103.35,103.35,103.35,0,0
1613.N,D,20160804,000000,104.09,104.09,104.09,104.09,0,0
1613.N,D,20160805,000000,105,105,105,105,0,0
1613.N,D,20160808,000000,105.43,105.43,105.43,105.43,0,0
1613.N,D,20160809,000000,106,106,106,106,0,0
1613.N,D,20160810,000000,105.47,105.47,105.47,105.47,0,0
1613.N,D,20160811,000000,106.14,106.14,106.14,106.14,0,0
1613.N,D,20160812,000000,106.11,106.11,106.11,106.11,0,0
1613.N,D,20160816,000000,105.51,105.51,105.51,105.51,0,0
1613.N,D,20160817,000000,104.81,104.81,104.81,104.81,0,0
1613.N,D,20160818,000000,105.26,105.26,105.26,105.26,0,0
1613.N,D,20160819,000000,104.93,104.93,104.93,104.93,0,0
1613.N,D,20160822,000000,104.64,104.64,104.64,104.64,0,0
1613.N,D,20160823,000000,105.1,105.1,105.1,105.1,0,0
1613.N,D,20160824,000000,104.97,104.97,104.97,104.97,0,0
1613.N,D,20160825,000000,104.72,104.72,104.72,104.72,0,0
1613.N,D,20160826,000000,105.21,105.21,105.21,105.21,0,0
1613.N,D,20160829,000000,105.08,105.08,105.08,105.08,0,0
1613.N,D,20160830,000000,105.28,105.28,105.28,105.28,0,0
1613.N,D,20160831,000000,104.94,104.94,104.94,104.94,0,0
1613.N,D,20160901,000000,104.75,104.75,104.75,104.75,0,0
1613.N,D,20160902,000000,105.91,105.91,105.91,105.91,0,0
1613.N,D,20160905,000000,105.97,105.97,105.97,105.97,0,0
1613.N,D,20160906,000000,106.08,106.08,106.08,106.08,0,0
1613.N,D,20160907,000000,106.22,106.22,106.22,106.22,0,0
1613.N,D,20160908,000000,106.01,106.01,106.01,106.01,0,0
1613.N,D,20160909,000000,104.93,104.93,104.93,104.93,0,0
1613.N,D,20160912,000000,104.04,104.04,104.04,104.04,0,0
1613.N,D,20160913,000000,103.31,103.31,103.31,103.31,0,0
1613.N,D,20160914,000000,103.39,103.39,103.39,103.39,0,0
1613.N,D,20160915,000000,103.93,103.93,103.93,103.93,0,0
1613.N,D,20160916,000000,103.4,103.4,103.4,103.4,0,0
1613.N,D,20160919,000000,104.25,104.25,104.25,104.25,0,0
1613.N,D,20160920,000000,104.07,104.07,104.07,104.07,0,0
1613.N,D,20160921,000000,104.55,104.55,104.55,104.55,0,0
1613.N,D,20160922,000000,105.92,105.92,105.92,105.92,0,0
1613.N,D,20160923,000000,105.62,105.62,105.62,105.62,0,0
1613.N,D,20160926,000000,104.27,104.27,104.27,104.27,0,0
1613.N,D,20160927,000000,104.47,104.47,104.47,104.47,0,0
1613.N,D,20160928,000000,104.68,104.68,104.68,104.68,0,0
1613.N,D,20160929,000000,105.08,105.08,105.08,105.08,0,0
1613.N,D,20160930,000000,105.23,105.23,105.23,105.23,0,0
1613.N,D,20161003,000000,105.05,105.05,105.05,105.05,0,0
1613.N,D,20161004,000000,105.39,105.39,105.39,105.39,0,0
1613.N,D,20161005,000000,105.27,105.27,105.27,105.27,0,0
1613.N,D,20161006,000000,105.13,105.13,105.13,105.13,0,0
1613.N,D,20161007,000000,105,105,105,105,0,0
1613.N,D,20161010,000000,105.78,105.78,105.78,105.78,0,0
1613.N,D,20161011,000000,104.85,104.85,104.85,104.85,0,0
1613.N,D,20161012,000000,104.84,104.84,104.84,104.84,0,0
1613.N,D,20161013,000000,104.15,104.15,104.15,104.15,0,0
1613.N,D,20161014,000000,104.9,104.9,104.9,104.9,0,0
1613.N,D,20161017,000000,104.61,104.61,104.61,104.61,0,0
1613.N,D,20161018,000000,105.4,105.4,105.4,105.4,0,0
1613.N,D,20161019,000000,105.75,105.75,105.75,105.75,0,0
1613.N,D,20161020,000000,105.8,105.8,105.8,105.8,0,0
1613.N,D,20161021,000000,105.94,105.94,105.94,105.94,0,0
1613.N,D,20161024,000000,106.43,106.43,106.43,106.43,0,0
1613.N,D,20161025,000000,106.29,106.29,106.29,106.29,0,0
1613.N,D,20161026,000000,106.02,106.02,106.02,106.02,0,0
1613.N,D,20161027,000000,105.79,105.79,105.79,105.79,0,0
1613.N,D,20161028,000000,105.72,105.72,105.72,105.72,0,0
1613.N,D,20161031,000000,105.35,105.35,105.35,105.35,0,0
1613.N,D,20161102,000000,103.05,103.05,103.05,103.05,0,0
1613.N,D,20161103,000000,102.77,102.77,102.77,102.77,0,0
1613.N,D,20161104,000000,102.54,102.54,102.54,102.54,0,0
1613.N,D,20161107,000000,104.02,104.02,104.02,104.02,0,0
1613.N,D,20161108,000000,105.01,105.01,105.01,105.01,0,0
1613.N,D,20161109,000000,105.31,105.31,105.31,105.31,0,0
1613.N,D,20161110,000000,105.23,105.23,105.23,105.23,0,0
1613.N,D,20161114,000000,105.12,105.12,105.12,105.12,0,0
1613.N,D,20161115,000000,105.67,105.67,105.67,105.67,0,0
1613.N,D,20161116,000000,105.74,105.74,105.74,105.74,0,0
1613.N,D,20161117,000000,106.19,106.19,106.19,106.19,0,0
1613.N,D,20161118,000000,105.97,105.97,105.97,105.97,0,0
1613.N,D,20161121,000000,106.43,106.43,106.43,106.43,0,0
1613.N,D,20161122,000000,106.69,106.69,106.69,106.69,0,0
1613.N,D,20161123,000000,106.62,106.62,106.62,106.62,0,0
1613.N,D,20161124,000000,107.01,107.01,107.01,107.01,0,0
1613.N,D,20161125,000000,107.06,107.06,107.06,107.06,0,0
1613.N,D,20161128,000000,106.83,106.83,106.83,106.83,0,0
1613.N,D,20161129,000000,106.98,106.98,106.98,106.98,0,0
1613.N,D,20161130,000000,107.07,107.07,107.07,107.07,0,0
1613.N,D,20161201,000000,106.61,106.61,106.61,106.61,0,0
1613.N,D,20161202,000000,106.4,106.4,106.4,106.4,0,0
1613.N,D,20161205,000000,107.08,107.08,107.08,107.08,0,0
1613.N,D,20161206,000000,107.22,107.22,107.22,107.22,0,0
1613.N,D,20161207,000000,107.8,107.8,107.8,107.8,0,0
1613.N,D,20161208,000000,108.82,108.82,108.82,108.82,0,0
1613.N,D,20161209,000000,109.18,109.18,109.18,109.18,0,0
1613.N,D,20161212,000000,109.22,109.22,109.22,109.22,0,0
1613.N,D,20161213,000000,109.8,109.8,109.8,109.8,0,0
1613.N,D,20161214,000000,109.37,109.37,109.37,109.37,0,0
1613.N,D,20161215,000000,109.35,109.35,109.35,109.35,0,0
1613.N,D,20161216,000000,109.11,109.11,109.11,109.11,0,0
1613.N,D,20161219,000000,109.1,109.1,109.1,109.1,0,0
1613.N,D,20161220,000000,109.37,109.37,109.37,109.37,0,0
1613.N,D,20161221,000000,109.23,109.23,109.23,109.23,0,0
1613.N,D,20161222,000000,108.78,108.78,108.78,108.78,0,0
1613.N,D,20161223,000000,108.91,108.91,108.91,108.91,0,0
1613.N,D,20161227,000000,109.23,109.23,109.23,109.23,0,0
1613.N,D,20161228,000000,109.14,109.14,109.14,109.14,0,0
1613.N,D,20161229,000000,108.95,108.95,108.95,108.95,0,0
1613.N,D,20161230,000000,108.89,108.89,108.89,108.89,0,0
1613.N,D,20170102,000000,109.15,109.15,109.15,109.15,0,0
1613.N,D,20170103,000000,109.13,109.13,109.13,109.13,0,0
1613.N,D,20170104,000000,109.71,109.71,109.71,109.71,0,0
1613.N,D,20170105,000000,109.92,109.92,109.92,109.92,0,0
1613.N,D,20170109,000000,110.04,110.04,110.04,110.04,0,0
1613.N,D,20170110,000000,110,110,110,110,0,0
1613.N,D,20170111,000000,109.89,109.89,109.89,109.89,0,0
1613.N,D,20170112,000000,109.72,109.72,109.72,109.72,0,0
1613.N,D,20170113,000000,110.41,110.41,110.41,110.41,0,0
1613.N,D,20170116,000000,110.09,110.09,110.09,110.09,0,0
1613.N,D,20170117,000000,109.94,109.94,109.94,109.94,0,0
1613.N,D,20170118,000000,110.06,110.06,110.06,110.06,0,0
1613.N,D,20170119,000000,109.86,109.86,109.86,109.86,0,0
1613.N,D,20170120,000000,110.06,110.06,110.06,110.06,0,0
1613.N,D,20170123,000000,109.68,109.68,109.68,109.68,0,0
1613.N,D,20170124,000000,110.1,110.1,110.1,110.1,0,0
1613.N,D,20170125,000000,111.04,111.04,111.04,111.04,0,0
1613.N,D,20170126,000000,111.21,111.21,111.21,111.21,0,0
1613.N,D,20170127,000000,110.96,110.96,110.96,110.96,0,0
1613.N,D,20170130,000000,110.03,110.03,110.03,110.03,0,0
1613.N,D,20170131,000000,109.68,109.68,109.68,109.68,0,0
1613.N,D,20170201,000000,110.1,110.1,110.1,110.1,0,0
1613.N,D,20170202,000000,110.12,110.12,110.12,110.12,0,0
1613.N,D,20170203,000000,110.71,110.71,110.71,110.71,0,0
1613.N,D,20170206,000000,110.33,110.33,110.33,110.33,0,0
1613.N,D,20170207,000000,110.27,110.27,110.27,110.27,0,0
1613.N,D,20170208,000000,110.4,110.4,110.4,110.4,0,0
1613.N,D,20170209,000000,111.08,111.08,111.08,111.08,0,0
1613.N,D,20170210,000000,111.26,111.26,111.26,111.26,0,0
1613.N,D,20170213,000000,111.89,111.89,111.89,111.89,0,0
1613.N,D,20170214,000000,111.84,111.84,111.84,111.84,0,0
1613.N,D,20170215,000000,112.42,112.42,112.42,112.42,0,0
1613.N,D,20170216,000000,112.25,112.25,112.25,112.25,0,0
1613.N,D,20170217,000000,112.08,112.08,112.08,112.08,0,0
1613.N,D,20170220,000000,112.47,112.47,112.47,112.47,0,0
1613.N,D,20170221,000000,112.92,112.92,112.92,112.92,0,0
1613.N,D,20170222,000000,113.03,113.03,113.03,113.03,0,0
1613.N,D,20170223,000000,112.98,112.98,112.98,112.98,0,0
1613.N,D,20170224,000000,112.37,112.37,112.37,112.37,0,0
1613.N,D,20170227,000000,112.43,112.43,112.43,112.43,0,0
1613.N,D,20170228,000000,112.37,112.37,112.37,112.37,0,0
1613.N,D,20170301,000000,113.46,113.46,113.46,113.46,0,0
1613.N,D,20170302,000000,113.27,113.27,113.27,113.27,0,0
1613.N,D,20170303,000000,113.28,113.28,113.28,113.28,0,0
1613.N,D,20170306,000000,113.01,113.01,113.01,113.01,0,0
1613.N,D,20170307,000000,112.97,112.97,112.97,112.97,0,0
1613.N,D,20170308,000000,112.9,112.9,112.9,112.9,0,0
1613.N,D,20170309,000000,112.87,112.87,112.87,112.87,0,0
1613.N,D,20170310,000000,113.05,113.05,113.05,113.05,0,0
1613.N,D,20170313,000000,113.36,113.36,113.36,113.36,0,0
1613.N,D,20170314,000000,113.06,113.06,113.06,113.06,0,0
1613.N,D,20170315,000000,113.34,113.34,113.34,113.34,0,0
1613.N,D,20170316,000000,114.25,114.25,114.25,114.25,0,0
1613.N,D,20170317,000000,114.26,114.26,114.26,114.26,0,0
1613.N,D,20170320,000000,114.34,114.34,114.34,114.34,0,0
1613.N,D,20170321,000000,113.72,113.72,113.72,113.72,0,0
1613.N,D,20170322,000000,113.34,113.34,113.34,113.34,0,0
1613.N,D,20170323,000000,113.85,113.85,113.85,113.85,0,0
1613.N,D,20170324,000000,113.84,113.84,113.84,113.84,0,0
1613.N,D,20170327,000000,113.41,113.41,113.41,113.41,0,0
1613.N,D,20170328,000000,113.92,113.92,113.92,113.92,0,0
1613.N,D,20170329,000000,114.23,114.23,114.23,114.23,0,0
1613.N,D,20170330,000000,114.46,114.46,114.46,114.46,0,0
1613.N,D,20170331,000000,114.46,114.46,114.46,114.46,0,0
1613.N,D,20170403,000000,114.12,114.12,114.12,114.12,0,0
1613.N,D,20170404,000000,114.36,114.36,114.36,114.36,0,0
1613.N,D,20170405,000000,114.4,114.4,114.4,114.4,0,0
1613.N,D,20170406,000000,114.24,114.24,114.24,114.24,0,0
1613.N,D,20170407,000000,114.29,114.29,114.29,114.29,0,0
1613.N,D,20170410,000000,114.04,114.04,114.04,114.04,0,0
1613.N,D,20170411,000000,113.65,113.65,113.65,113.65,0,0
1613.N,D,20170412,000000,113.76,113.76,113.76,113.76,0,0
1613.N,D,20170413,000000,113.71,113.71,113.71,113.71,0,0
1613.N,D,20170418,000000,113.05,113.05,113.05,113.05,0,0
1613.N,D,20170419,000000,113.19,113.19,113.19,113.19,0,0
1613.N,D,20170420,000000,113.48,113.48,113.48,113.48,0,0
1613.N,D,20170421,000000,113.64,113.64,113.64,113.64,0,0
1613.N,D,20170424,000000,115.18,115.18,115.18,115.18,0,0
1613.N,D,20170425,000000,115.81,115.81,115.81,115.81,0,0
1613.N,D,20170426,000000,115.93,115.93,115.93,115.93,0,0
1613.N,D,20170427,000000,115.57,115.57,115.57,115.57,0,0
1613.N,D,20170428,000000,115.54,115.54,115.54,115.54,0,0
1613.N,D,20170502,000000,115.95,115.95,115.95,115.95,0,0
1613.N,D,20170504,000000,116.19,116.19,116.19,116.19,0,0
1613.N,D,20170505,000000,116.53,116.53,116.53,116.53,0,0
1613.N,D,20170508,000000,116.67,116.67,116.67,116.67,0,0
1613.N,D,20170509,000000,117.04,117.04,117.04,117.04,0,0
1613.N,D,20170510,000000,117.03,117.03,117.03,117.03,0,0
1613.N,D,20170511,000000,116.76,116.76,116.76,116.76,0,0
1613.N,D,20170512,000000,116.99,116.99,116.99,116.99,0,0
1613.N,D,20170515,000000,117.32,117.32,117.32,117.32,0,0
1613.N,D,20170516,000000,117.34,117.34,117.34,117.34,0,0
1613.N,D,20170517,000000,116.25,116.25,116.25,116.25,0,0
1613.N,D,20170518,000000,115.38,115.38,115.38,115.38,0,0
1613.N,D,20170519,000000,116.2,116.2,116.2,116.2,0,0
1613.N,D,20170522,000000,116.33,116.33,116.33,116.33,0,0
1613.N,D,20170523,000000,116.7,116.7,116.7,116.7,0,0
1613.N,D,20170524,000000,116.65,116.65,116.65,116.65,0,0
1613.N,D,20170525,000000,116.94,116.94,116.94,116.94,0,0
1613.N,D,20170526,000000,116.95,116.95,116.95,116.95,0,0
1613.N,D,20170529,000000,116.98,116.98,116.98,116.98,0,0
1613.N,D,20170530,000000,116.7,116.7,116.7,116.7,0,0
1613.N,D,20170531,000000,116.48,116.48,116.48,116.48,0,0
1613.N,D,20170601,000000,116.83,116.83,116.83,116.83,0,0
1613.N,D,20170602,000000,117.57,117.57,117.57,117.57,0,0
1613.N,D,20170605,000000,117.48,117.48,117.48,117.48,0,0
1613.N,D,20170606,000000,117.19,117.19,117.19,117.19,0,0
1613.N,D,20170607,000000,116.91,116.91,116.91,116.91,0,0
1613.N,D,20170608,000000,117.3,117.3,117.3,117.3,0,0
1613.N,D,20170609,000000,117.73,117.73,117.73,117.73,0,0
1613.N,D,20170612,000000,116.83,116.83,116.83,116.83,0,0
1613.N,D,20170613,000000,117.15,117.15,117.15,117.15,0,0
1613.N,D,20170614,000000,117.39,117.39,117.39,117.39,0,0
1613.N,D,20170616,000000,116.78,116.78,116.78,116.78,0,0
1613.N,D,20170619,000000,117.66,117.66,117.66,117.66,0,0
1613.N,D,20170620,000000,117.36,117.36,117.36,117.36,0,0
1613.N,D,20170621,000000,117.12,117.12,117.12,117.12,0,0
1613.N,D,20170622,000000,117.35,117.35,117.35,117.35,0,0
1613.N,D,20170623,000000,117.24,117.24,117.24,117.24,0,0
1613.N,D,20170626,000000,117.49,117.49,117.49,117.49,0,0
1613.N,D,20170627,000000,117.24,117.24,117.24,117.24,0,0
1613.N,D,20170628,000000,117.07,117.07,117.07,117.07,0,0
1613.N,D,20170629,000000,116.16,116.16,116.16,116.16,0,0
1613.N,D,20170630,000000,115.82,115.82,115.82,115.82,0,0
1613.N,D,20170703,000000,116.57,116.57,116.57,116.57,0,0
1613.N,D,20170704,000000,116.39,116.39,116.39,116.39,0,0
1613.N,D,20170705,000000,116.33,116.33,116.33,116.33,0,0
1613.N,D,20170706,000000,115.9,115.9,115.9,115.9,0,0
1613.N,D,20170707,000000,115.75,115.75,115.75,115.75,0,0
1613.N,D,20170710,000000,116.34,116.34,116.34,116.34,0,0
1613.N,D,20170711,000000,116.26,116.26,116.26,116.26,0,0
1613.N,D,20170712,000000,117.4,117.4,117.4,117.4,0,0
1613.N,D,20170713,000000,117.78,117.78,117.78,117.78,0,0
1613.N,D,20170714,000000,118.07,118.07,118.07,118.07,0,0
1613.N,D,20170717,000000,118,118,118,118,0,0
1613.N,D,20170718,000000,117.61,117.61,117.61,117.61,0,0
1613.N,D,20170719,000000,118.1,118.1,118.1,118.1,0,0
1613.N,D,20170720,000000,118.22,118.22,118.22,118.22,0,0
1613.N,D,20170721,000000,117.55,117.55,117.55,117.55,0,0
1613.N,D,20170724,000000,117.6,117.6,117.6,117.6,0,0
1613.N,D,20170725,000000,118,118,118,118,0,0
1613.N,D,20170726,000000,118.2,118.2,118.2,118.2,0,0
1613.N,D,20170727,000000,118.41,118.41,118.41,118.41,0,0
1613.N,D,20170728,000000,117.64,117.64,117.64,117.64,0,0
1613.N,D,20170731,000000,117.48,117.48,117.48,117.48,0,0
1613.N,D,20170801,000000,117.71,117.71,117.71,117.71,0,0
1613.N,D,20170802,000000,117.61,117.61,117.61,117.61,0,0
1613.N,D,20170803,000000,117.61,117.61,117.61,117.61,0,0
1613.N,D,20170804,000000,118.18,118.18,118.18,118.18,0,0
1613.N,D,20170807,000000,118.34,118.34,118.34,118.34,0,0
1613.N,D,20170808,000000,118.76,118.76,118.76,118.76,0,0
1613.N,D,20170809,000000,117.63,117.63,117.63,117.63,0,0
1613.N,D,20170810,000000,116.71,116.71,116.71,116.71,0,0
1613.N,D,20170811,000000,115.96,115.96,115.96,115.96,0,0
1613.N,D,20170814,000000,117.11,117.11,117.11,117.11,0,0
1613.N,D,20170816,000000,117.83,117.83,117.83,117.83,0,0
1613.N,D,20170817,000000,117.36,117.36,117.36,117.36,0,0
1613.N,D,20170818,000000,116.72,116.72,116.72,116.72,0,0
1613.N,D,20170821,000000,116.46,116.46,116.46,116.46,0,0
1613.N,D,20170822,000000,117.33,117.33,117.33,117.33,0,0
1613.N,D,20170823,000000,117.31,117.31,117.31,117.31,0,0
1613.N,D,20170824,000000,117.29,117.29,117.29,117.29,0,0
1613.N,D,20170825,000000,117.42,117.42,117.42,117.42,0,0
1613.N,D,20170828,000000,117.16,117.16,117.16,117.16,0,0
1613.N,D,20170829,000000,116.53,116.53,116.53,116.53,0,0
1613.N,D,20170830,000000,116.85,116.85,116.85,116.85,0,0
1613.N,D,20170831,000000,117.4,117.4,117.4,117.4,0,0
1613.N,D,20170901,000000,118,118,118,118,0,0
1613.N,D,20170904,000000,117.52,117.52,117.52,117.52,0,0
1613.N,D,20170905,000000,117.34,117.34,117.34,117.34,0,0
1613.N,D,20170906,000000,117.47,117.47,117.47,117.47,0,0
1613.N,D,20170907,000000,117.84,117.84,117.84,117.84,0,0
1613.N,D,20170908,000000,117.7,117.7,117.7,117.7,0,0
1613.N,D,20170911,000000,118.76,118.76,118.76,118.76,0,0
1613.N,D,20170912,000000,119.29,119.29,119.29,119.29,0,0
1613.N,D,20170913,000000,119.35,119.35,119.35,119.35,0,0
1613.N,D,20170914,000000,119.54,119.54,119.54,119.54,0,0
1613.N,D,20170915,000000,119.47,119.47,119.47,119.47,0,0
1613.N,D,20170918,000000,119.96,119.96,119.96,119.96,0,0
1613.N,D,20170919,000000,119.92,119.92,119.92,119.92,0,0
1613.N,D,20170920,000000,119.94,119.94,119.94,119.94,0,0
1613.N,D,20170921,000000,120.08,120.08,120.08,120.08,0,0
1613.N,D,20170922,000000,119.79,119.79,119.79,119.79,0,0
1613.N,D,20170925,000000,119.37,119.37,119.37,119.37,0,0
1613.N,D,20170926,000000,119.26,119.26,119.26,119.26,0,0
1613.N,D,20170927,000000,119.41,119.41,119.41,119.41,0,0
1613.N,D,20170928,000000,119.7,119.7,119.7,119.7,0,0
1613.N,D,20170929,000000,120.4,120.4,120.4,120.4,0,0
1613.N,D,20171002,000000,120.72,120.72,120.72,120.72,0,0
1613.N,D,20171003,000000,121.3,121.3,121.3,121.3,0,0
1613.N,D,20171004,000000,121.35,121.35,121.35,121.35,0,0
1613.N,D,20171005,000000,121.82,121.82,121.82,121.82,0,0
1613.N,D,20171006,000000,121.61,121.61,121.61,121.61,0,0
1613.N,D,20171009,000000,121.61,121.61,121.61,121.61,0,0
1613.N,D,20171010,000000,121.71,121.71,121.71,121.71,0,0
1613.N,D,20171011,000000,121.87,121.87,121.87,121.87,0,0
1613.N,D,20171012,000000,121.96,121.96,121.96,121.96,0,0
1613.N,D,20171013,000000,122.18,122.18,122.18,122.18,0,0
1613.N,D,20171016,000000,122.2,122.2,122.2,122.2,0,0
1613.N,D,20171017,000000,121.96,121.96,121.96,121.96,0,0
1613.N,D,20171018,000000,122.17,122.17,122.17,122.17,0,0
1613.N,D,20171019,000000,121.72,121.72,121.72,121.72,0,0
1613.N,D,20171020,000000,122.04,122.04,122.04,122.04,0,0
1613.N,D,20171023,000000,121.98,121.98,121.98,121.98,0,0
1613.N,D,20171024,000000,122.02,122.02,122.02,122.02,0,0
1613.N,D,20171025,000000,121.37,121.37,121.37,121.37,0,0
1613.N,D,20171026,000000,122.1,122.1,122.1,122.1,0,0
1613.N,D,20171027,000000,122.67,122.67,122.67,122.67,0,0
1613.N,D,20171030,000000,122.57,122.57,122.57,122.57,0,0
1613.N,D,20171031,000000,122.95,122.95,122.95,122.95,0,0
1613.N,D,20171102,000000,123.33,123.33,123.33,123.33,0,0
1613.N,D,20171103,000000,123.36,123.36,123.36,123.36,0,0
1613.N,D,20171106,000000,123.56,123.56,123.56,123.56,0,0
1613.N,D,20171107,000000,123.27,123.27,123.27,123.27,0,0
1613.N,D,20171108,000000,123.2,123.2,123.2,123.2,0,0
1613.N,D,20171109,000000,122.47,122.47,122.47,122.47,0,0
1613.N,D,20171110,000000,121.93,121.93,121.93,121.93,0,0
1613.N,D,20171113,000000,121.78,121.78,121.78,121.78,0,0
1613.N,D,20171114,000000,121.28,121.28,121.28,121.28,0,0
1613.N,D,20171115,000000,120.97,120.97,120.97,120.97,0,0
1613.N,D,20171116,000000,121.69,121.69,121.69,121.69,0,0
1613.N,D,20171117,000000,121.84,121.84,121.84,121.84,0,0
1613.N,D,20171120,000000,122.05,122.05,122.05,122.05,0,0
1613.N,D,20171121,000000,123.02,123.02,123.02,123.02,0,0
1613.N,D,20171122,000000,122.74,122.74,122.74,122.74,0,0
1613.N,D,20171123,000000,122.66,122.66,122.66,122.66,0,0
1613.N,D,20171124,000000,122.89,122.89,122.89,122.89,0,0
1613.N,D,20171127,000000,122.26,122.26,122.26,122.26,0,0
1613.N,D,20171129,000000,122.7,122.7,122.7,122.7,0,0
1613.N,D,20171130,000000,122.54,122.54,122.54,122.54,0,0
1613.N,D,20171201,000000,121.64,121.64,121.64,121.64,0,0
1613.N,D,20171204,000000,122.51,122.51,122.51,122.51,0,0
1613.N,D,20171205,000000,122.53,122.53,122.53,122.53,0,0
1613.N,D,20171206,000000,121.57,121.57,121.57,121.57,0,0
1613.N,D,20171207,000000,121.9,121.9,121.9,121.9,0,0
1613.N,D,20171208,000000,122.51,122.51,122.51,122.51,0,0
1613.N,D,20171211,000000,122.79,122.79,122.79,122.79,0,0
1613.N,D,20171212,000000,122.8,122.8,122.8,122.8,0,0
1613.N,D,20171213,000000,123.09,123.09,123.09,123.09,0,0
1613.N,D,20171214,000000,122.76,122.76,122.76,122.76,0,0
1613.N,D,20171215,000000,122.65,122.65,122.65,122.65,0,0
1613.N,D,20171218,000000,123.76,123.76,123.76,123.76,0,0
1613.N,D,20171219,000000,123.37,123.37,123.37,123.37,0,0
1613.N,D,20171220,000000,123.02,123.02,123.02,123.02,0,0
1613.N,D,20171221,000000,123.49,123.49,123.49,123.49,0,0
1613.N,D,20171222,000000,123.35,123.35,123.35,123.35,0,0
1613.N,D,20171227,000000,123.4,123.4,123.4,123.4,0,0
1613.N,D,20171228,000000,123.23,123.23,123.23,123.23,0,0
1613.N,D,20171229,000000,123.3,123.3,123.3,123.3,0,0
1613.N,D,20180103,000000,124.15,124.15,124.15,124.15,0,0
1613.N,D,20180104,000000,125.21,125.21,125.21,125.21,0,0
1613.N,D,20180105,000000,126.03,126.03,126.03,126.03,0,0
1613.N,D,20180108,000000,126.46,126.46,126.46,126.46,0,0
1613.N,D,20180109,000000,126.73,126.73,126.73,126.73,0,0
1613.N,D,20180110,000000,126.26,126.26,126.26,126.26,0,0
1613.N,D,20180111,000000,126.25,126.25,126.25,126.25,0,0
1613.N,D,20180112,000000,126.94,126.94,126.94,126.94,0,0
1613.N,D,20180115,000000,126.97,126.97,126.97,126.97,0,0
1613.N,D,20180116,000000,127.33,127.33,127.33,127.33,0,0
1613.N,D,20180117,000000,127.14,127.14,127.14,127.14,0,0
1613.N,D,20180118,000000,127.52,127.52,127.52,127.52,0,0
1613.N,D,20180119,000000,128.01,128.01,128.01,128.01,0,0
1613.N,D,20180122,000000,128.62,128.62,128.62,128.62,0,0
1613.N,D,20180123,000000,129.2,129.2,129.2,129.2,0,0
1613.N,D,20180124,000000,128.88,128.88,128.88,128.88,0,0
1613.N,D,20180125,000000,128.85,128.85,128.85,128.85,0,0
1613.N,D,20180126,000000,129.23,129.23,129.23,129.23,0,0
1613.N,D,20180129,000000,129.09,129.09,129.09,129.09,0,0
1613.N,D,20180130,000000,127.79,127.79,127.79,127.79,0,0
1613.N,D,20180131,000000,127.88,127.88,127.88,127.88,0,0
1613.N,D,20180201,000000,127.21,127.21,127.21,127.21,0,0
1613.N,D,20180202,000000,125.64,125.64,125.64,125.64,0,0
1613.N,D,20180205,000000,124.1,124.1,124.1,124.1,0,0
1613.N,D,20180206,000000,121.19,121.19,121.19,121.19,0,0
1613.N,D,20180207,000000,122.87,122.87,122.87,122.87,0,0
1613.N,D,20180208,000000,120.22,120.22,120.22,120.22,0,0
1613.N,D,20180209,000000,118.32,118.32,118.32,118.32,0,0
1613.N,D,20180212,000000,120.06,120.06,120.06,120.06,0,0
1613.N,D,20180213,000000,120.2,120.2,120.2,120.2,0,0
1613.N,D,20180214,000000,121.39,121.39,121.39,121.39,0,0
1613.N,D,20180215,000000,122.88,122.88,122.88,122.88,0,0
1613.N,D,20180216,000000,124.02,124.02,124.02,124.02,0,0
1613.N,D,20180219,000000,123.34,123.34,123.34,123.34,0,0
1613.N,D,20180220,000000,123.5,123.5,123.5,123.5,0,0
1613.N,D,20180221,000000,123.8,123.8,123.8,123.8,0,0
1613.N,D,20180222,000000,123.64,123.64,123.64,123.64,0,0
1613.N,D,20180223,000000,123.85,123.85,123.85,123.85,0,0
1613.N,D,20180226,000000,124.84,124.84,124.84,124.84,0,0
1613.N,D,20180227,000000,124.49,124.49,124.49,124.49,0,0
1613.N,D,20180228,000000,123.58,123.58,123.58,123.58,0,0
1613.N,D,20180301,000000,122.62,122.62,122.62,122.62,0,0
1613.N,D,20180302,000000,120.54,120.54,120.54,120.54,0,0
1613.N,D,20180305,000000,121.64,121.64,121.64,121.64,0,0
1613.N,D,20180306,000000,122.11,122.11,122.11,122.11,0,0
1613.N,D,20180307,000000,122.37,122.37,122.37,122.37,0,0
1613.N,D,20180308,000000,123.14,123.14,123.14,123.14,0,0
1613.N,D,20180309,000000,124.24,124.24,124.24,124.24,0,0
1613.N,D,20180312,000000,124.89,124.89,124.89,124.89,0,0
1613.N,D,20180313,000000,124.26,124.26,124.26,124.26,0,0
1613.N,D,20180314,000000,123.8,123.8,123.8,123.8,0,0
1613.N,D,20180315,000000,124.03,124.03,124.03,124.03,0,0
1613.N,D,20180316,000000,124.21,124.21,124.21,124.21,0,0
1613.N,D,20180319,000000,122.69,122.69,122.69,122.69,0,0
1613.N,D,20180320,000000,123.27,123.27,123.27,123.27,0,0
1613.N,D,20180321,000000,123.4,123.4,123.4,123.4,0,0
1613.N,D,20180322,000000,121.51,121.51,121.51,121.51,0,0
1613.N,D,20180323,000000,119.48,119.48,119.48,119.48,0,0
1613.N,D,20180326,000000,119.04,119.04,119.04,119.04,0,0
1613.N,D,20180327,000000,120.49,120.49,120.49,120.49,0,0
1613.N,D,20180328,000000,119.11,119.11,119.11,119.11,0,0
1613.N,D,20180329,000000,120.22,120.22,120.22,120.22,0,0
1613.N,D,20180403,000000,119.58,119.58,119.58,119.58,0,0
1613.N,D,20180404,000000,119.16,119.16,119.16,119.16,0,0
1613.N,D,20180405,000000,121.56,121.56,121.56,121.56,0,0
1613.N,D,20180406,000000,120.3,120.3,120.3,120.3,0,0
1613.N,D,20180409,000000,120.37,120.37,120.37,120.37,0,0
1613.N,D,20180410,000000,121.1,121.1,121.1,121.1,0,0
1613.N,D,20180411,000000,121.1,121.1,121.1,121.1,0,0
1613.N,D,20180412,000000,121.59,121.59,121.59,121.59,0,0
1613.N,D,20180413,000000,121.43,121.43,121.43,121.43,0,0
1613.N,D,20180416,000000,121.31,121.31,121.31,121.31,0,0
1613.N,D,20180417,000000,122.45,122.45,122.45,122.45,0,0
1613.N,D,20180418,000000,122.97,122.97,122.97,122.97,0,0
1613.N,D,20180419,000000,122.71,122.71,122.71,122.71,0,0
1613.N,D,20180420,000000,122.12,122.12,122.12,122.12,0,0
1613.N,D,20180423,000000,122.2,122.2,122.2,122.2,0,0
1613.N,D,20180424,000000,121.9,121.9,121.9,121.9,0,0
1613.N,D,20180425,000000,120.69,120.69,120.69,120.69,0,0
1613.N,D,20180426,000000,121.55,121.55,121.55,121.55,0,0
1613.N,D,20180427,000000,121.94,121.94,121.94,121.94,0,0
1613.N,D,20180430,000000,122.27,122.27,122.27,122.27,0,0
1613.N,D,20180502,000000,121.79,121.79,121.79,121.79,0,0
1613.N,D,20180504,000000,121.7,121.7,121.7,121.7,0,0
1613.N,D,20180507,000000,122.16,122.16,122.16,122.16,0,0
1613.N,D,20180508,000000,122.26,122.26,122.26,122.26,0,0
1613.N,D,20180509,000000,122.64,122.64,122.64,122.64,0,0
1613.N,D,20180510,000000,123.72,123.72,123.72,123.72,0,0
1613.N,D,20180511,000000,124.01,124.01,124.01,124.01,0,0
1613.N,D,20180514,000000,124.4,124.4,124.4,124.4,0,0
1613.N,D,20180515,000000,123.45,123.45,123.45,123.45,0,0
1613.N,D,20180516,000000,123.81,123.81,123.81,123.81,0,0
1613.N,D,20180517,000000,124.12,124.12,124.12,124.12,0,0
1613.N,D,20180518,000000,123.68,123.68,123.68,123.68,0,0
1613.N,D,20180521,000000,123.96,123.96,123.96,123.96,0,0
1613.N,D,20180522,000000,124.48,124.48,124.48,124.48,0,0
1613.N,D,20180523,000000,123.59,123.59,123.59,123.59,0,0
1613.N,D,20180524,000000,123.18,123.18,123.18,123.18,0,0
1613.N,D,20180525,000000,123.36,123.36,123.36,123.36,0,0
1613.N,D,20180528,000000,123.17,123.17,123.17,123.17,0,0
1613.N,D,20180529,000000,121.87,121.87,121.87,121.87,0,0
1613.N,D,20180530,000000,122.1,122.1,122.1,122.1,0,0
1613.N,D,20180601,000000,122.75,122.75,122.75,122.75,0,0
1613.N,D,20180604,000000,123.47,123.47,123.47,123.47,0,0
1613.N,D,20180605,000000,123.4,123.4,123.4,123.4,0,0
1613.N,D,20180606,000000,123.91,123.91,123.91,123.91,0,0
1613.N,D,20180607,000000,124.06,124.06,124.06,124.06,0,0
1613.N,D,20180608,000000,123.62,123.62,123.62,123.62,0,0
1613.N,D,20180611,000000,124.24,124.24,124.24,124.24,0,0
1613.N,D,20180612,000000,124.25,124.25,124.25,124.25,0,0
1613.N,D,20180613,000000,124.3,124.3,124.3,124.3,0,0
1613.N,D,20180614,000000,124.49,124.49,124.49,124.49,0,0
1613.N,D,20180615,000000,123.51,123.51,123.51,123.51,0,0
1613.N,D,20180618,000000,122.92,122.92,122.92,122.92,0,0
1613.N,D,20180619,000000,122.02,122.02,122.02,122.02,0,0
1613.N,D,20180620,000000,122.26,122.26,122.26,122.26,0,0
1613.N,D,20180621,000000,121.43,121.43,121.43,121.43,0,0
1613.N,D,20180622,000000,121.85,121.85,121.85,121.85,0,0
1613.N,D,20180625,000000,120,120,120,120,0,0
1613.N,D,20180626,000000,119.9,119.9,119.9,119.9,0,0
1613.N,D,20180627,000000,119.99,119.99,119.99,119.99,0,0
1613.N,D,20180628,000000,119.13,119.13,119.13,119.13,0,0
1613.N,D,20180629,000000,120.28,120.28,120.28,120.28,0,0
1613.N,D,20180702,000000,119.4,119.4,119.4,119.4,0,0
1613.N,D,20180703,000000,120.03,120.03,120.03,120.03,0,0
1613.N,D,20180704,000000,119.68,119.68,119.68,119.68,0,0
1613.N,D,20180705,000000,120.02,120.02,120.02,120.02,0,0
1613.N,D,20180706,000000,120.92,120.92,120.92,120.92,0,0
1613.N,D,20180709,000000,121.79,121.79,121.79,121.79,0,0
1613.N,D,20180710,000000,122.3,122.3,122.3,122.3,0,0
1613.N,D,20180711,000000,121.35,121.35,121.35,121.35,0,0
1613.N,D,20180712,000000,121.72,121.72,121.72,121.72,0,0
1613.N,D,20180713,000000,122.16,122.16,122.16,122.16,0,0
1613.N,D,20180716,000000,121.91,121.91,121.91,121.91,0,0
1613.N,D,20180717,000000,122.08,122.08,122.08,122.08,0,0
1613.N,D,20180718,000000,122.5,122.5,122.5,122.5,0,0
1613.N,D,20180719,000000,122.21,122.21,122.21,122.21,0,0
1613.N,D,20180720,000000,122.38,122.38,122.38,122.38,0,0
1613.N,D,20180723,000000,122.03,122.03,122.03,122.03,0,0
1613.N,D,20180724,000000,122.87,122.87,122.87,122.87,0,0
1613.N,D,20180725,000000,122.94,122.94,122.94,122.94,0,0
1613.N,D,20180726,000000,123.61,123.61,123.61,123.61,0,0
1613.N,D,20180727,000000,123.77,123.77,123.77,123.77,0,0
1613.N,D,20180730,000000,123.11,123.11,123.11,123.11,0,0
1613.N,D,20180731,000000,123.25,123.25,123.25,123.25,0,0
1613.N,D,20180801,000000,123.12,123.12,123.12,123.12,0,0
1613.N,D,20180802,000000,122.24,122.24,122.24,122.24,0,0
1613.N,D,20180803,000000,122.86,122.86,122.86,122.86,0,0
1613.N,D,20180806,000000,122.89,122.89,122.89,122.89,0,0
1613.N,D,20180807,000000,123.6,123.6,123.6,123.6,0,0
1613.N,D,20180808,000000,123.56,123.56,123.56,123.56,0,0
1613.N,D,20180809,000000,123.57,123.57,123.57,123.57,0,0
1613.N,D,20180810,000000,122.25,122.25,122.25,122.25,0,0
1613.N,D,20180813,000000,121.4,121.4,121.4,121.4,0,0
1613.N,D,20180814,000000,121.4,121.4,121.4,121.4,0,0
1613.N,D,20180816,000000,120.93,120.93,120.93,120.93,0,0
1613.N,D,20180817,000000,120.71,120.71,120.71,120.71,0,0
1613.N,D,20180820,000000,121.39,121.39,121.39,121.39,0,0
1613.N,D,20180821,000000,122.19,122.19,122.19,122.19,0,0
1613.N,D,20180822,000000,122.5,122.5,122.5,122.5,0,0
1613.N,D,20180823,000000,122.09,122.09,122.09,122.09,0,0
1613.N,D,20180824,000000,122.66,122.66,122.66,122.66,0,0
1613.N,D,20180827,000000,123.21,123.21,123.21,123.21,0,0
1613.N,D,20180828,000000,123.72,123.72,123.72,123.72,0,0
1613.N,D,20180829,000000,124.11,124.11,124.11,124.11,0,0
1613.N,D,20180830,000000,123.3,123.3,123.3,123.3,0,0
1613.N,D,20180831,000000,122.81,122.81,122.81,122.81,0,0
1613.N,D,20180903,000000,122.88,122.88,122.88,122.88,0,0
1613.N,D,20180904,000000,121.98,121.98,121.98,121.98,0,0
1613.N,D,20180905,000000,120.88,120.88,120.88,120.88,0,0
1613.N,D,20180906,000000,120.65,120.65,120.65,120.65,0,0
1613.N,D,20180907,000000,120.73,120.73,120.73,120.73,0,0
1613.N,D,20180910,000000,120.4,120.4,120.4,120.4,0,0
1613.N,D,20180911,000000,120.44,120.44,120.44,120.44,0,0
1613.N,D,20180912,000000,120.84,120.84,120.84,120.84,0,0
1613.N,D,20180913,000000,121.27,121.27,121.27,121.27,0,0
1613.N,D,20180914,000000,121.89,121.89,121.89,121.89,0,0
1613.N,D,20180917,000000,121.41,121.41,121.41,121.41,0,0
1613.N,D,20180918,000000,121.82,121.82,121.82,121.82,0,0
1613.N,D,20180919,000000,122.4,122.4,122.4,122.4,0,0
1613.N,D,20180920,000000,123.02,123.02,123.02,123.02,0,0
1613.N,D,20180921,000000,123.83,123.83,123.83,123.83,0,0
1613.N,D,20180924,000000,123,123,123,123,0,0
1613.N,D,20180925,000000,123.12,123.12,123.12,123.12,0,0
1613.N,D,20180926,000000,123.37,123.37,123.37,123.37,0,0
1613.N,D,20180927,000000,123.56,123.56,123.56,123.56,0,0
1613.N,D,20180928,000000,122.94,122.94,122.94,122.94,0,0
1613.N,D,20181001,000000,123.18,123.18,123.18,123.18,0,0
1613.N,D,20181002,000000,122.49,122.49,122.49,122.49,0,0
1613.N,D,20181003,000000,122.44,122.44,122.44,122.44,0,0
1613.N,D,20181004,000000,121.13,121.13,121.13,121.13,0,0
1613.N,D,20181005,000000,120.19,120.19,120.19,120.19,0,0
1613.N,D,20181008,000000,119.39,119.39,119.39,119.39,0,0
1613.N,D,20181009,000000,119.55,119.55,119.55,119.55,0,0
1613.N,D,20181010,000000,117.56,117.56,117.56,117.56,0,0
1613.N,D,20181011,000000,115.14,115.14,115.14,115.14,0,0
1613.N,D,20181012,000000,115.54,115.54,115.54,115.54,0,0
1613.N,D,20181015,000000,115.68,115.68,115.68,115.68,0,0
1613.N,D,20181016,000000,116.9,116.9,116.9,116.9,0,0
1613.N,D,20181017,000000,116.97,116.97,116.97,116.97,0,0
1613.N,D,20181018,000000,115.75,115.75,115.75,115.75,0,0
1613.N,D,20181019,000000,115.72,115.72,115.72,115.72,0,0
1613.N,D,20181022,000000,115.34,115.34,115.34,115.34,0,0
1613.N,D,20181023,000000,113.79,113.79,113.79,113.79,0,0
1613.N,D,20181024,000000,112.91,112.91,112.91,112.91,0,0
1613.N,D,20181025,000000,113.21,113.21,113.21,113.21,0,0
1613.N,D,20181026,000000,112.18,112.18,112.18,112.18,0,0
1613.N,D,20181029,000000,112.01,112.01,112.01,112.01,0,0
1613.N,D,20181030,000000,112.18,112.18,112.18,112.18,0,0
1613.N,D,20181031,000000,114.08,114.08,114.08,114.08,0,0
1613.N,D,20181102,000000,115.53,115.53,115.53,115.53,0,0
1613.N,D,20181105,000000,115.84,115.84,115.84,115.84,0,0
1613.N,D,20181106,000000,115.97,115.97,115.97,115.97,0,0
1613.N,D,20181107,000000,117.35,117.35,117.35,117.35,0,0
1613.N,D,20181108,000000,117.28,117.28,117.28,117.28,0,0
1613.N,D,20181109,000000,116.14,116.14,116.14,116.14,0,0
1613.N,D,20181113,000000,115.41,115.41,115.41,115.41,0,0
1613.N,D,20181114,000000,114.74,114.74,114.74,114.74,0,0
1613.N,D,20181115,000000,114.82,114.82,114.82,114.82,0,0
1613.N,D,20181116,000000,115.19,115.19,115.19,115.19,0,0
1613.N,D,20181119,000000,114.4,114.4,114.4,114.4,0,0
1613.N,D,20181120,000000,112.47,112.47,112.47,112.47,0,0
1613.N,D,20181121,000000,113.28,113.28,113.28,113.28,0,0
1613.N,D,20181122,000000,112.59,112.59,112.59,112.59,0,0
1613.N,D,20181123,000000,112.5,112.5,112.5,112.5,0,0
1613.N,D,20181126,000000,113.5,113.5,113.5,113.5,0,0
1613.N,D,20181127,000000,113.81,113.81,113.81,113.81,0,0
1613.N,D,20181128,000000,114.65,114.65,114.65,114.65,0,0
1613.N,D,20181129,000000,115.32,115.32,115.32,115.32,0,0
1613.N,D,20181130,000000,115.27,115.27,115.27,115.27,0,0
1613.N,D,20181203,000000,116.88,116.88,116.88,116.88,0,0
1613.N,D,20181204,000000,115.81,115.81,115.81,115.81,0,0
1613.N,D,20181205,000000,114.47,114.47,114.47,114.47,0,0
1613.N,D,20181206,000000,112,112,112,112,0,0
1613.N,D,20181207,000000,111.86,111.86,111.86,111.86,0,0
1613.N,D,20181210,000000,110.15,110.15,110.15,110.15,0,0
1613.N,D,20181211,000000,111.4,111.4,111.4,111.4,0,0
1613.N,D,20181212,000000,112.65,112.65,112.65,112.65,0,0
1613.N,D,20181213,000000,112.5,112.5,112.5,112.5,0,0
1613.N,D,20181214,000000,111.32,111.32,111.32,111.32,0,0
1613.N,D,20181217,000000,110.15,110.15,110.15,110.15,0,0
1613.N,D,20181218,000000,109.48,109.48,109.48,109.48,0,0
1613.N,D,20181219,000000,109.2,109.2,109.2,109.2,0,0
1613.N,D,20181220,000000,107.69,107.69,107.69,107.69,0,0
1613.N,D,20181221,000000,106.94,106.94,106.94,106.94,0,0
1613.N,D,20181227,000000,106.33,106.33,106.33,106.33,0,0
1613.N,D,20181228,000000,107.76,107.76,107.76,107.76,0,0
1613.N,D,20190102,000000,108.04,108.04,108.04,108.04,0,0
1613.N,D,20190103,000000,106.51,106.51,106.51,106.51,0,0
1613.N,D,20190104,000000,108.81,108.81,108.81,108.81,0,0
1613.N,D,20190107,000000,109.41,109.41,109.41,109.41,0,0
1613.N,D,20190108,000000,109.95,109.95,109.95,109.95,0,0
1613.N,D,20190109,000000,111,111,111,111,0,0
1613.N,D,20190110,000000,111.34,111.34,111.34,111.34,0,0
1613.N,D,20190111,000000,111.23,111.23,111.23,111.23,0,0
1613.N,D,20190114,000000,110.69,110.69,110.69,110.69,0,0
1613.N,D,20190115,000000,111.34,111.34,111.34,111.34,0,0
1613.N,D,20190116,000000,111.98,111.98,111.98,111.98,0,0
1613.N,D,20190117,000000,112.07,112.07,112.07,112.07,0,0
1613.N,D,20190118,000000,113.66,113.66,113.66,113.66,0,0
1613.N,D,20190121,000000,113.49,113.49,113.49,113.49,0,0
1613.N,D,20190122,000000,112.67,112.67,112.67,112.67,0,0
1613.N,D,20190123,000000,112.63,112.63,112.63,112.63,0,0
1613.N,D,20190124,000000,113.13,113.13,113.13,113.13,0,0
1613.N,D,20190125,000000,114.16,114.16,114.16,114.16,0,0
1613.N,D,20190128,000000,113.28,113.28,113.28,113.28,0,0
1613.N,D,20190129,000000,113.48,113.48,113.48,113.48,0,0
1613.N,D,20190130,000000,114.35,114.35,114.35,114.35,0,0
1613.N,D,20190131,000000,115.23,115.23,115.23,115.23,0,0
1613.N,D,20190201,000000,115.37,115.37,115.37,115.37,0,0
1613.N,D,20190204,000000,115.43,115.43,115.43,115.43,0,0
1613.N,D,20190205,000000,116.56,116.56,116.56,116.56,0,0
1613.N,D,20190206,000000,116.31,116.31,116.31,116.31,0,0
1613.N,D,20190207,000000,114.87,114.87,114.87,114.87,0,0
1613.N,D,20190208,000000,114.38,114.38,114.38,114.38,0,0
1613.N,D,20190211,000000,114.94,114.94,114.94,114.94,0,0
1613.N,D,20190212,000000,115.92,115.92,115.92,115.92,0,0
1613.N,D,20190213,000000,116.01,116.01,116.01,116.01,0,0
1613.N,D,20190214,000000,115.74,115.74,115.74,115.74,0,0
1613.N,D,20190215,000000,116.74,116.74,116.74,116.74,0,0
1613.N,D,20190218,000000,116.97,116.97,116.97,116.97,0,0
1613.N,D,20190219,000000,117.03,117.03,117.03,117.03,0,0
1613.N,D,20190220,000000,117.55,117.55,117.55,117.55,0,0
1613.N,D,20190221,000000,117.32,117.32,117.32,117.32,0,0
1613.N,D,20190222,000000,117.99,117.99,117.99,117.99,0,0
1613.N,D,20190225,000000,118.63,118.63,118.63,118.63,0,0
1613.N,D,20190226,000000,118.44,118.44,118.44,118.44,0,0
1613.N,D,20190227,000000,117.94,117.94,117.94,117.94,0,0
1613.N,D,20190228,000000,117.74,117.74,117.74,117.74,0,0
1613.N,D,20190301,000000,117.96,117.96,117.96,117.96,0,0
1613.N,D,20190304,000000,117.95,117.95,117.95,117.95,0,0
1613.N,D,20190305,000000,118.31,118.31,118.31,118.31,0,0
1613.N,D,20190306,000000,117.95,117.95,117.95,117.95,0,0
1613.N,D,20190307,000000,116.92,116.92,116.92,116.92,0,0
1613.N,D,20190308,000000,116.21,116.21,116.21,116.21,0,0
1613.N,D,20190311,000000,117.36,117.36,117.36,117.36,0,0
1613.N,D,20190312,000000,117.83,117.83,117.83,117.83,0,0
1613.N,D,20190313,000000,118.28,118.28,118.28,118.28,0,0
1613.N,D,20190314,000000,118.38,118.38,118.38,118.38,0,0
1613.N,D,20190315,000000,119.39,119.39,119.39,119.39,0,0
1613.N,D,20190318,000000,119.69,119.69,119.69,119.69,0,0
1613.N,D,20190319,000000,120.21,120.21,120.21,120.21,0,0
1613.N,D,20190320,000000,119.36,119.36,119.36,119.36,0,0
1613.N,D,20190321,000000,119.68,119.68,119.68,119.68,0,0
1613.N,D,20190322,000000,118.05,118.05,118.05,118.05,0,0
1613.N,D,20190325,000000,117.69,117.69,117.69,117.69,0,0
1613.N,D,20190326,000000,118.15,118.15,118.15,118.15,0,0
1613.N,D,20190327,000000,117.86,117.86,117.86,117.86,0,0
1613.N,D,20190328,000000,117.97,117.97,117.97,117.97,0,0
1613.N,D,20190329,000000,118.94,118.94,118.94,118.94,0,0
1613.N,D,20190401,000000,120.18,120.18,120.18,120.18,0,0
1613.N,D,20190402,000000,120.37,120.37,120.37,120.37,0,0
1613.N,D,20190403,000000,121.24,121.24,121.24,121.24,0,0
1613.N,D,20190404,000000,121.36,121.36,121.36,121.36,0,0
1613.N,D,20190405,000000,121.79,121.79,121.79,121.79,0,0
1613.N,D,20190408,000000,121.66,121.66,121.66,121.66,0,0
1613.N,D,20190409,000000,121.3,121.3,121.3,121.3,0,0
1613.N,D,20190410,000000,121.51,121.51,121.51,121.51,0,0
1613.N,D,20190411,000000,121.44,121.44,121.44,121.44,0,0
1613.N,D,20190412,000000,121.99,121.99,121.99,121.99,0,0
1613.N,D,20190415,000000,121.87,121.87,121.87,121.87,0,0
1613.N,D,20190416,000000,122.3,122.3,122.3,122.3,0,0
1613.N,D,20190417,000000,122.25,122.25,122.25,122.25,0,0
1613.N,D,20190418,000000,122.47,122.47,122.47,122.47,0,0
1613.N,D,20190423,000000,122.83,122.83,122.83,122.83,0,0
1613.N,D,20190424,000000,122.56,122.56,122.56,122.56,0,0
1613.N,D,20190425,000000,122.3,122.3,122.3,122.3,0,0
1613.N,D,20190426,000000,122.58,122.58,122.58,122.58,0,0
1613.N,D,20190429,000000,122.85,122.85,122.85,122.85,0,0
1613.N,D,20190430,000000,122.74,122.74,122.74,122.74,0,0
1613.N,D,20190502,000000,122.13,122.13,122.13,122.13,0,0
1613.N,D,20190506,000000,122.08,122.08,122.08,122.08,0,0
1613.N,D,20190507,000000,120.27,120.27,120.27,120.27,0,0
1613.N,D,20190508,000000,120.19,120.19,120.19,120.19,0,0
1613.N,D,20190509,000000,118.51,118.51,118.51,118.51,0,0
1613.N,D,20190510,000000,118.72,118.72,118.72,118.72,0,0
1613.N,D,20190513,000000,117.08,117.08,117.08,117.08,0,0
1613.N,D,20190514,000000,118.15,118.15,118.15,118.15,0,0
1613.N,D,20190515,000000,118.59,118.59,118.59,118.59,0,0
1613.N,D,20190516,000000,119.57,119.57,119.57,119.57,0,0
1613.N,D,20190517,000000,118.86,118.86,118.86,118.86,0,0
1613.N,D,20190520,000000,117.73,117.73,117.73,117.73,0,0
1613.N,D,20190521,000000,118.35,118.35,118.35,118.35,0,0
1613.N,D,20190522,000000,118.23,118.23,118.23,118.23,0,0
1613.N,D,20190523,000000,116.79,116.79,116.79,116.79,0,0
1613.N,D,20190524,000000,117.02,117.02,117.02,117.02,0,0
1613.N,D,20190527,000000,117.15,117.15,117.15,117.15,0,0
1613.N,D,20190528,000000,116.89,116.89,116.89,116.89,0,0
1613.N,D,20190529,000000,115.87,115.87,115.87,115.87,0,0
1613.N,D,20190530,000000,116.43,116.43,116.43,116.43,0,0
1613.N,D,20190531,000000,115.67,115.67,115.67,115.67,0,0
1613.N,D,20190603,000000,115.79,115.79,115.79,115.79,0,0
1613.N,D,20190604,000000,116.8,116.8,116.8,116.8,0,0
1613.N,D,20190605,000000,117.22,117.22,117.22,117.22,0,0
1613.N,D,20190606,000000,117.5,117.5,117.5,117.5,0,0
1613.N,D,20190607,000000,118.62,118.62,118.62,118.62,0,0
1613.N,D,20190610,000000,119.27,119.27,119.27,119.27,0,0
1613.N,D,20190611,000000,119.67,119.67,119.67,119.67,0,0
1613.N,D,20190612,000000,119.15,119.15,119.15,119.15,0,0
1613.N,D,20190613,000000,119.26,119.26,119.26,119.26,0,0
1613.N,D,20190614,000000,118.89,118.89,118.89,118.89,0,0
1613.N,D,20190617,000000,119.02,119.02,119.02,119.02,0,0
1613.N,D,20190618,000000,120.67,120.67,120.67,120.67,0,0
1613.N,D,20190619,000000,120.95,120.95,120.95,120.95,0,0
1613.N,D,20190621,000000,121.81,121.81,121.81,121.81,0,0
1613.N,D,20190624,000000,121.48,121.48,121.48,121.48,0,0
1613.N,D,20190625,000000,120.81,120.81,120.81,120.81,0,0
1613.N,D,20190626,000000,120.85,120.85,120.85,120.85,0,0
1613.N,D,20190627,000000,121.01,121.01,121.01,121.01,0,0
1613.N,D,20190628,000000,121.47,121.47,121.47,121.47,0,0
1613.N,D,20190701,000000,122.45,122.45,122.45,122.45,0,0
1613.N,D,20190702,000000,122.61,122.61,122.61,122.61,0,0
1613.N,D,20190703,000000,123.23,123.23,123.23,123.23,0,0
1613.N,D,20190704,000000,123.6,123.6,123.6,123.6,0,0
1613.N,D,20190705,000000,123.04,123.04,123.04,123.04,0,0
1613.N,D,20190708,000000,122.62,122.62,122.62,122.62,0,0
1613.N,D,20190709,000000,122.39,122.39,122.39,122.39,0,0
1613.N,D,20190710,000000,122.69,122.69,122.69,122.69,0,0
1613.N,D,20190711,000000,122.76,122.76,122.76,122.76,0,0
1613.N,D,20190712,000000,122.89,122.89,122.89,122.89,0,0
1613.N,D,20190715,000000,123.14,123.14,123.14,123.14,0,0
1613.N,D,20190716,000000,123.27,123.27,123.27,123.27,0,0
1613.N,D,20190717,000000,122.64,122.64,122.64,122.64,0,0
1613.N,D,20190718,000000,122.39,122.39,122.39,122.39,0,0
1613.N,D,20190719,000000,122.38,122.38,122.38,122.38,0,0
1613.N,D,20190722,000000,122.25,122.25,122.25,122.25,0,0
1613.N,D,20190723,000000,122.86,122.86,122.86,122.86,0,0
1613.N,D,20190724,000000,123.18,123.18,123.18,123.18,0,0
1613.N,D,20190725,000000,122.77,122.77,122.77,122.77,0,0
1613.N,D,20190726,000000,123.03,123.03,123.03,123.03,0,0
1613.N,D,20190729,000000,122.89,122.89,122.89,122.89,0,0
1613.N,D,20190730,000000,122.01,122.01,122.01,122.01,0,0
1613.N,D,20190731,000000,121.59,121.59,121.59,121.59,0,0
1613.N,D,20190801,000000,121.22,121.22,121.22,121.22,0,0
1613.N,D,20190802,000000,118.68,118.68,118.68,118.68,0,0
1613.N,D,20190805,000000,116.04,116.04,116.04,116.04,0,0
1613.N,D,20190806,000000,115.91,115.91,115.91,115.91,0,0
1613.N,D,20190807,000000,116.2,116.2,116.2,116.2,0,0
1613.N,D,20190808,000000,118.04,118.04,118.04,118.04,0,0
1613.N,D,20190809,000000,117.31,117.31,117.31,117.31,0,0
1613.N,D,20190812,000000,116.43,116.43,116.43,116.43,0,0
1613.N,D,20190813,000000,117.45,117.45,117.45,117.45,0,0
1613.N,D,20190814,000000,115.24,115.24,115.24,115.24,0,0
1613.N,D,20190816,000000,116.43,116.43,116.43,116.43,0,0
1613.N,D,20190819,000000,117.54,117.54,117.54,117.54,0,0
1613.N,D,20190820,000000,117.28,117.28,117.28,117.28,0,0
1613.N,D,20190821,000000,117.99,117.99,117.99,117.99,0,0
1613.N,D,20190822,000000,117.6,117.6,117.6,117.6,0,0
1613.N,D,20190823,000000,116.12,116.12,116.12,116.12,0,0
1613.N,D,20190826,000000,116.29,116.29,116.29,116.29,0,0
1613.N,D,20190827,000000,116.47,116.47,116.47,116.47,0,0
1613.N,D,20190828,000000,116.64,116.64,116.64,116.64,0,0
1613.N,D,20190829,000000,117.91,117.91,117.91,117.91,0,0
1613.N,D,20190830,000000,118.38,118.38,118.38,118.38,0,0
1613.N,D,20190902,000000,118.31,118.31,118.31,118.31,0,0
1613.N,D,20190903,000000,117.89,117.89,117.89,117.89,0,0
1613.N,D,20190904,000000,118.86,118.86,118.86,118.86,0,0
1613.N,D,20190905,000000,120.26,120.26,120.26,120.26,0,0
1613.N,D,20190906,000000,120.66,120.66,120.66,120.66,0,0
1613.N,D,20190909,000000,120.88,120.88,120.88,120.88,0,0
1613.N,D,20190910,000000,120.75,120.75,120.75,120.75,0,0
1613.N,D,20190911,000000,121.56,121.56,121.56,121.56,0,0
1613.N,D,20190912,000000,122.24,122.24,122.24,122.24,0,0
1613.N,D,20190913,000000,122.56,122.56,122.56,122.56,0,0
1613.N,D,20190916,000000,121.95,121.95,121.95,121.95,0,0
1613.N,D,20190917,000000,121.76,121.76,121.76,121.76,0,0
1613.N,D,20190918,000000,121.73,121.73,121.73,121.73,0,0
1613.N,D,20190919,000000,122.15,122.15,122.15,122.15,0,0
1613.N,D,20190920,000000,122.1,122.1,122.1,122.1,0,0
1613.N,D,20190923,000000,121.73,121.73,121.73,121.73,0,0
1613.N,D,20190924,000000,121.19,121.19,121.19,121.19,0,0
1613.N,D,20190925,000000,120.85,120.85,120.85,120.85,0,0
1613.N,D,20190926,000000,120.98,120.98,120.98,120.98,0,0
1613.N,D,20190927,000000,121.06,121.06,121.06,121.06,0,0
1613.N,D,20190930,000000,121.21,121.21,121.21,121.21,0,0
1613.N,D,20191001,000000,120.25,120.25,120.25,120.25,0,0
1613.N,D,20191002,000000,117.89,117.89,117.89,117.89,0,0
1613.N,D,20191003,000000,118.06,118.06,118.06,118.06,0,0
1613.N,D,20191004,000000,119,119,119,119,0,0
1613.N,D,20191007,000000,119.28,119.28,119.28,119.28,0,0
1613.N,D,20191008,000000,117.91,117.91,117.91,117.91,0,0
1613.N,D,20191009,000000,118.45,118.45,118.45,118.45,0,0
1613.N,D,20191010,000000,119.55,119.55,119.55,119.55,0,0
1613.N,D,20191011,000000,121.46,121.46,121.46,121.46,0,0
1613.N,D,20191014,000000,121.11,121.11,121.11,121.11,0,0
1613.N,D,20191015,000000,122.08,122.08,122.08,122.08,0,0
1613.N,D,20191016,000000,122.23,122.23,122.23,122.23,0,0
1613.N,D,20191017,000000,122.28,122.28,122.28,122.28,0,0
1613.N,D,20191018,000000,122,122,122,122,0,0
1613.N,D,20191021,000000,122.56,122.56,122.56,122.56,0,0
1613.N,D,20191022,000000,122.7,122.7,122.7,122.7,0,0
1613.N,D,20191023,000000,122.6,122.6,122.6,122.6,0,0
1613.N,D,20191024,000000,122.88,122.88,122.88,122.88,0,0
1613.N,D,20191025,000000,123.25,123.25,123.25,123.25,0,0
1613.N,D,20191028,000000,123.62,123.62,123.62,123.62,0,0
1613.N,D,20191029,000000,123.55,123.55,123.55,123.55,0,0
1613.N,D,20191030,000000,123.47,123.47,123.47,123.47,0,0
1613.N,D,20191031,000000,123.01,123.01,123.01,123.01,0,0
1613.N,D,20191104,000000,124.74,124.74,124.74,124.74,0,0
1613.N,D,20191105,000000,125.12,125.12,125.12,125.12,0,0
1613.N,D,20191106,000000,125.27,125.27,125.27,125.27,0,0
1613.N,D,20191107,000000,125.87,125.87,125.87,125.87,0,0
1613.N,D,20191108,000000,125.52,125.52,125.52,125.52,0,0
1613.N,D,20191112,000000,125.5,125.5,125.5,125.5,0,0
1613.N,D,20191113,000000,125.01,125.01,125.01,125.01,0,0
1613.N,D,20191114,000000,124.92,124.92,124.92,124.92,0,0
1613.N,D,20191115,000000,125.62,125.62,125.62,125.62,0,0
1613.N,D,20191118,000000,125.67,125.67,125.67,125.67,0,0
1613.N,D,20191119,000000,125.65,125.65,125.65,125.65,0,0
1613.N,D,20191120,000000,125.32,125.32,125.32,125.32,0,0
1613.N,D,20191121,000000,124.96,124.96,124.96,124.96,0,0
1613.N,D,20191122,000000,125.16,125.16,125.16,125.16,0,0
1613.N,D,20191125,000000,125.95,125.95,125.95,125.95,0,0
1613.N,D,20191126,000000,126.05,126.05,126.05,126.05,0,0
1613.N,D,20191127,000000,126.31,126.31,126.31,126.31,0,0
1613.N,D,20191128,000000,126.37,126.37,126.37,126.37,0,0
1613.N,D,20191129,000000,125.83,125.83,125.83,125.83,0,0
1613.N,D,20191202,000000,124.6,124.6,124.6,124.6,0,0
1613.N,D,20191203,000000,123.68,123.68,123.68,123.68,0,0
1613.N,D,20191204,000000,124.69,124.69,124.69,124.69,0,0
1613.N,D,20191205,000000,124.73,124.73,124.73,124.73,0,0
1613.N,D,20191206,000000,125.75,125.75,125.75,125.75,0,0
1613.N,D,20191209,000000,125.53,125.53,125.53,125.53,0,0
1613.N,D,20191210,000000,125.49,125.49,125.49,125.49,0,0
1613.N,D,20191211,000000,125.91,125.91,125.91,125.91,0,0
1613.N,D,20191212,000000,127.01,127.01,127.01,127.01,0,0
1613.N,D,20191213,000000,127.43,127.43,127.43,127.43,0,0
1613.N,D,20191216,000000,128.52,128.52,128.52,128.52,0,0
1613.N,D,20191217,000000,128.52,128.52,128.52,128.52,0,0
1613.N,D,20191218,000000,128.68,128.68,128.68,128.68,0,0
1613.N,D,20191219,000000,128.81,128.81,128.81,128.81,0,0
1613.N,D,20191220,000000,129.4,129.4,129.4,129.4,0,0
1613.N,D,20191223,000000,129.43,129.43,129.43,129.43,0,0
1613.N,D,20191227,000000,129.9,129.9,129.9,129.9,0,0
1613.N,D,20191230,000000,129.37,129.37,129.37,129.37,0,0
1613.N,D,20200102,000000,130.21,130.21,130.21,130.21,0,0
1613.N,D,20200103,000000,129.67,129.67,129.67,129.67,0,0
1613.N,D,20200107,000000,129.32,129.32,129.32,129.32,0,0
1613.N,D,20200108,000000,129.81,129.81,129.81,129.81,0,0
1613.N,D,20200109,000000,130.59,130.59,130.59,130.59,0,0
1613.N,D,20200110,000000,130.74,130.74,130.74,130.74,0,0
1613.N,D,20200113,000000,130.86,130.86,130.86,130.86,0,0
1613.N,D,20200114,000000,130.75,130.75,130.75,130.75,0,0
1613.N,D,20200115,000000,130.58,130.58,130.58,130.58,0,0
1613.N,D,20200116,000000,131.07,131.07,131.07,131.07,0,0
1613.N,D,20200117,000000,131.71,131.71,131.71,131.71,0,0
1613.N,D,20200120,000000,131.71,131.71,131.71,131.71,0,0
1613.N,D,20200121,000000,130.95,130.95,130.95,130.95,0,0
1613.N,D,20200122,000000,130.95,130.95,130.95,130.95,0,0
1613.N,D,20200123,000000,130.22,130.22,130.22,130.22,0,0
1613.N,D,20200124,000000,130.26,130.26,130.26,130.26,0,0
1613.N,D,20200127,000000,127.67,127.67,127.67,127.67,0,0
1613.N,D,20200128,000000,128.5,128.5,128.5,128.5,0,0
1613.N,D,20200129,000000,128.86,128.86,128.86,128.86,0,0
1613.N,D,20200130,000000,128.03,128.03,128.03,128.03,0,0
1613.N,D,20200131,000000,126.54,126.54,126.54,126.54,0,0
1613.N,D,20200203,000000,127.07,127.07,127.07,127.07,0,0
1613.N,D,20200204,000000,129.03,129.03,129.03,129.03,0,0
1613.N,D,20200205,000000,130.13,130.13,130.13,130.13,0,0
1613.N,D,20200206,000000,130.93,130.93,130.93,130.93,0,0
1613.N,D,20200207,000000,130.45,130.45,130.45,130.45,0,0
1613.N,D,20200210,000000,130.58,130.58,130.58,130.58,0,0
1613.N,D,20200211,000000,131.45,131.45,131.45,131.45,0,0
1613.N,D,20200212,000000,132.37,132.37,132.37,132.37,0,0
1613.N,D,20200213,000000,132.15,132.15,132.15,132.15,0,0
1613.N,D,20200214,000000,132.05,132.05,132.05,132.05,0,0
1613.N,D,20200217,000000,132.29,132.29,132.29,132.29,0,0
1613.N,D,20200218,000000,131.5,131.5,131.5,131.5,0,0
1613.N,D,20200219,000000,132.2,132.2,132.2,132.2,0,0
1613.N,D,20200220,000000,131.16,131.16,131.16,131.16,0,0
1613.N,D,20200221,000000,130.61,130.61,130.61,130.61,0,0
1613.N,D,20200224,000000,126.82,126.82,126.82,126.82,0,0
1613.N,D,20200225,000000,124.48,124.48,124.48,124.48,0,0
1613.N,D,20200226,000000,124.17,124.17,124.17,124.17,0,0
1613.N,D,20200227,000000,120.29,120.29,120.29,120.29,0,0
1613.N,D,20200228,000000,117.31,117.31,117.31,117.31,0,0
1613.N,D,20200302,000000,119.05,119.05,119.05,119.05,0,0
1613.N,D,20200303,000000,119.25,119.25,119.25,119.25,0,0
1613.N,D,20200304,000000,120.91,120.91,120.91,120.91,0,0
1613.N,D,20200305,000000,119.52,119.52,119.52,119.52,0,0
1613.N,D,20200306,000000,116.19,116.19,116.19,116.19,0,0
1613.N,D,20200309,000000,109.1,109.1,109.1,109.1,0,0
1613.N,D,20200310,000000,110.24,110.24,110.24,110.24,0,0
1613.N,D,20200311,000000,107.99,107.99,107.99,107.99,0,0
1613.N,D,20200312,000000,97.57,97.57,97.57,97.57,0,0
1613.N,D,20200313,000000,100.5,100.5,100.5,100.5,0,0
1613.N,D,20200317,000000,95.08,95.08,95.08,95.08,0,0
1613.N,D,20200318,000000,90.48,90.48,90.48,90.48,0,0
1613.N,D,20200319,000000,89.44,89.44,89.44,89.44,0,0
1613.N,D,20200320,000000,89.72,89.72,89.72,89.72,0,0
1613.N,D,20200323,000000,87.05,87.05,87.05,87.05,0,0
1613.N,D,20200324,000000,93.37,93.37,93.37,93.37,0,0
1613.N,D,20200325,000000,96.34,96.34,96.34,96.34,0,0
1613.N,D,20200326,000000,99.43,99.43,99.43,99.43,0,0
1613.N,D,20200327,000000,96.94,96.94,96.94,96.94,0,0
1613.N,D,20200330,000000,97.75,97.75,97.75,97.75,0,0
1613.N,D,20200331,000000,97.91,97.91,97.91,97.91,0,0
1613.N,D,20200401,000000,94.42,94.42,94.42,94.42,0,0
1613.N,D,20200402,000000,95.06,95.06,95.06,95.06,0,0
1613.N,D,20200403,000000,94.09,94.09,94.09,94.09,0,0
1613.N,D,20200406,000000,98.19,98.19,98.19,98.19,0,0
1613.N,D,20200407,000000,100.09,100.09,100.09,100.09,0,0
1613.N,D,20200408,000000,101.2,101.2,101.2,101.2,0,0
1613.N,D,20200409,000000,102.6,102.6,102.6,102.6,0,0
1613.N,D,20200414,000000,103.95,103.95,103.95,103.95,0,0
1613.N,D,20200415,000000,101.56,101.56,101.56,101.56,0,0
1613.N,D,20200416,000000,101.47,101.47,101.47,101.47,0,0
1613.N,D,20200417,000000,103.4,103.4,103.4,103.4,0,0
1613.N,D,20200420,000000,103.31,103.31,103.31,103.31,0,0
1613.N,D,20200421,000000,100.26,100.26,100.26,100.26,0,0
1613.N,D,20200422,000000,101.52,101.52,101.52,101.52,0,0
1613.N,D,20200423,000000,102.17,102.17,102.17,102.17,0,0
1613.N,D,20200424,000000,101.91,101.91,101.91,101.91,0,0
1613.N,D,20200427,000000,103.63,103.63,103.63,103.63,0,0
1613.N,D,20200428,000000,104.5,104.5,104.5,104.5,0,0
1613.N,D,20200429,000000,106.73,106.73,106.73,106.73,0,0
1613.N,D,20200430,000000,105.65,105.65,105.65,105.65,0,0
1613.N,D,20200504,000000,102.5,102.5,102.5,102.5,0,0
1613.N,D,20200505,000000,103.46,103.46,103.46,103.46,0,0
1613.N,D,20200506,000000,102.96,102.96,102.96,102.96,0,0
1613.N,D,20200507,000000,103.91,103.91,103.91,103.91,0,0
1613.N,D,20200508,000000,105.07,105.07,105.07,105.07,0,0
1613.N,D,20200511,000000,104.83,104.83,104.83,104.83,0,0
1613.N,D,20200512,000000,104.47,104.47,104.47,104.47,0,0
1613.N,D,20200513,000000,102.82,102.82,102.82,102.82,0,0
1613.N,D,20200514,000000,102.3,102.3,102.3,102.3,0,0
1613.N,D,20200515,000000,102.22,102.22,102.22,102.22,0,0
1613.N,D,20200518,000000,105.52,105.52,105.52,105.52,0,0
1613.N,D,20200519,000000,105.42,105.42,105.42,105.42,0,0
1613.N,D,20200520,000000,106.37,106.37,106.37,106.37,0,0
1613.N,D,20200521,000000,105.3,105.3,105.3,105.3,0,0
1613.N,D,20200522,000000,105.05,105.05,105.05,105.05,0,0
1613.N,D,20200525,000000,105.67,105.67,105.67,105.67,0,0
1613.N,D,20200526,000000,107.02,107.02,107.02,107.02,0,0
1613.N,D,20200527,000000,107.87,107.87,107.87,107.87,0,0
1613.N,D,20200528,000000,108.45,108.45,108.45,108.45,0,0
1613.N,D,20200529,000000,107.98,107.98,107.98,107.98,0,0
1613.N,D,20200601,000000,109.06,109.06,109.06,109.06,0,0
1613.N,D,20200602,000000,110.4,110.4,110.4,110.4,0,0
1613.N,D,20200603,000000,112.7,112.7,112.7,112.7,0,0
1613.N,D,20200604,000000,112.58,112.58,112.58,112.58,0,0
1613.N,D,20200605,000000,115.49,115.49,115.49,115.49,0,0
1613.N,D,20200608,000000,116.03,116.03,116.03,116.03,0,0
1613.N,D,20200609,000000,115.28,115.28,115.28,115.28,0,0
1613.N,D,20200610,000000,114.73,114.73,114.73,114.73,0,0
1613.N,D,20200612,000000,110.35,110.35,110.35,110.35,0,0
1613.N,D,20200615,000000,109.96,109.96,109.96,109.96,0,0
1613.N,D,20200616,000000,112.5,112.5,112.5,112.5,0,0
1613.N,D,20200617,000000,112.84,112.84,112.84,112.84,0,0
1613.N,D,20200618,000000,112.55,112.55,112.55,112.55,0,0
1613.N,D,20200619,000000,112.64,112.64,112.64,112.64,0,0
1613.N,D,20200622,000000,112.64,112.64,112.64,112.64,0,0
1613.N,D,20200623,000000,113.94,113.94,113.94,113.94,0,0
1613.N,D,20200624,000000,111.25,111.25,111.25,111.25,0,0
1613.N,D,20200625,000000,111.59,111.59,111.59,111.59,0,0
1613.N,D,20200626,000000,110.58,110.58,110.58,110.58,0,0
1613.N,D,20200629,000000,111.4,111.4,111.4,111.4,0,0
1613.N,D,20200630,000000,111.7,111.7,111.7,111.7,0,0
1613.N,D,20200701,000000,112.15,112.15,112.15,112.15,0,0
1613.N,D,20200702,000000,114.25,114.25,114.25,114.25,0,0
1613.N,D,20200703,000000,113.88,113.88,113.88,113.88,0,0
1613.N,D,20200706,000000,116.36,116.36,116.36,116.36,0,0
1613.N,D,20200707,000000,115.39,115.39,115.39,115.39,0,0
1613.N,D,20200708,000000,115.29,115.29,115.29,115.29,0,0
1613.N,D,20200709,000000,114.72,114.72,114.72,114.72,0,0
1613.N,D,20200710,000000,115.51,115.51,115.51,115.51,0,0
1613.N,D,20200713,000000,116.71,116.71,116.71,116.71,0,0
1613.N,D,20200714,000000,115.82,115.82,115.82,115.82,0,0
1613.N,D,20200715,000000,117.1,117.1,117.1,117.1,0,0
1613.N,D,20200716,000000,116.36,116.36,116.36,116.36,0,0
1613.N,D,20200717,000000,116.71,116.71,116.71,116.71,0,0
1613.N,D,20200720,000000,117.31,117.31,117.31,117.31,0,0
1613.N,D,20200721,000000,118.25,118.25,118.25,118.25,0,0
1613.N,D,20200722,000000,117.65,117.65,117.65,117.65,0,0
1613.N,D,20200723,000000,117.35,117.35,117.35,117.35,0,0
1613.N,D,20200724,000000,115.94,115.94,115.94,115.94,0,0
1613.N,D,20200727,000000,116.28,116.28,116.28,116.28,0,0
1613.N,D,20200728,000000,116.15,116.15,116.15,116.15,0,0
1613.N,D,20200729,000000,116.68,116.68,116.68,116.68,0,0
1613.N,D,20200730,000000,115.09,115.09,115.09,115.09,0,0
1613.N,D,20200731,000000,114.86,114.86,114.86,114.86,0,0
1613.N,D,20200803,000000,116.29,116.29,116.29,116.29,0,0
1613.N,D,20200804,000000,116.75,116.75,116.75,116.75,0,0
1613.N,D,20200805,000000,117.59,117.59,117.59,117.59,0,0
1613.N,D,20200806,000000,117.31,117.31,117.31,117.31,0,0
1613.N,D,20200807,000000,117.27,117.27,117.27,117.27,0,0
1613.N,D,20200810,000000,117.47,117.47,117.47,117.47,0,0
1613.N,D,20200811,000000,118.51,118.51,118.51,118.51,0,0
1613.N,D,20200812,000000,119.35,119.35,119.35,119.35,0,0
1613.N,D,20200813,000000,118.87,118.87,118.87,118.87,0,0
1613.N,D,20200814,000000,118.44,118.44,118.44,118.44,0,0
1613.N,D,20200817,000000,118.67,118.67,118.67,118.67,0,0
1613.N,D,20200818,000000,118.49,118.49,118.49,118.49,0,0
1613.N,D,20200819,000000,118.65,118.65,118.65,118.65,0,0
1613.N,D,20200820,000000,117.73,117.73,117.73,117.73,0,0
1613.N,D,20200821,000000,117.9,117.9,117.9,117.9,0,0
1613.N,D,20200824,000000,119.42,119.42,119.42,119.42,0,0
1613.N,D,20200825,000000,119.78,119.78,119.78,119.78,0,0
1613.N,D,20200826,000000,120.57,120.57,120.57,120.57,0,0
1613.N,D,20200827,000000,120.45,120.45,120.45,120.45,0,0
1613.N,D,20200828,000000,120.8,120.8,120.8,120.8,0,0
1613.N,D,20200831,000000,119.72,119.72,119.72,119.72,0,0
1613.N,D,20200901,000000,120.19,120.19,120.19,120.19,0,0
1613.N,D,20200902,000000,121.29,121.29,121.29,121.29,0,0
1613.N,D,20200903,000000,119.24,119.24,119.24,119.24,0,0
1613.N,D,20200904,000000,117.9,117.9,117.9,117.9,0,0
1613.N,D,20200907,000000,118.97,118.97,118.97,118.97,0,0
1613.N,D,20200908,000000,117.01,117.01,117.01,117.01,0,0
1613.N,D,20200909,000000,118.57,118.57,118.57,118.57,0,0
1613.N,D,20200910,000000,118.13,118.13,118.13,118.13,0,0
1613.N,D,20200911,000000,117.46,117.46,117.46,117.46,0,0
1613.N,D,20200914,000000,118.51,118.51,118.51,118.51,0,0
1613.N,D,20200915,000000,119.1,119.1,119.1,119.1,0,0
1613.N,D,20200916,000000,118.99,118.99,118.99,118.99,0,0
1613.N,D,20200917,000000,118.08,118.08,118.08,118.08,0,0
1613.N,D,20200918,000000,117.12,117.12,117.12,117.12,0,0
1613.N,D,20200921,000000,113.96,113.96,113.96,113.96,0,0
1613.N,D,20200922,000000,114.58,114.58,114.58,114.58,0,0
1613.N,D,20200923,000000,113.91,113.91,113.91,113.91,0,0
1613.N,D,20200924,000000,113.17,113.17,113.17,113.17,0,0
1613.N,D,20200925,000000,113.25,113.25,113.25,113.25,0,0
1613.N,D,20200928,000000,115.85,115.85,115.85,115.85,0,0
1613.N,D,20200929,000000,115.5,115.5,115.5,115.5,0,0
1613.N,D,20200930,000000,116.07,116.07,116.07,116.07,0,0
1613.N,D,20201001,000000,116.35,116.35,116.35,116.35,0,0
1613.N,D,20201002,000000,115.79,115.79,115.79,115.79,0,0
1613.N,D,20201005,000000,117.06,117.06,117.06,117.06,0,0
1613.N,D,20201006,000000,117.39,117.39,117.39,117.39,0,0
1613.N,D,20201007,000000,117.82,117.82,117.82,117.82,0,0
1613.N,D,20201008,000000,118.68,118.68,118.68,118.68,0,0
1613.N,D,20201009,000000,119.44,119.44,119.44,119.44,0,0
1613.N,D,20201012,000000,120.65,120.65,120.65,120.65,0,0
1613.N,D,20201013,000000,120.06,120.06,120.06,120.06,0,0
1613.N,D,20201014,000000,119.6,119.6,119.6,119.6,0,0
1613.N,D,20201015,000000,118.2,118.2,118.2,118.2,0,0
