<TICKER>,<PER>,<DATE>,<TIME>,<OPEN>,<HIGH>,<LOW>,<CLOSE>,<VOL>,<OPENINT>
1046.N,D,20160901,000000,100,100,100,100,0,0
1046.N,D,20160902,000000,99.54,99.54,99.54,99.54,0,0
1046.N,D,20160905,000000,100.61,100.61,100.61,100.61,0,0
1046.N,D,20160906,000000,100.71,100.71,100.71,100.71,0,0
1046.N,D,20160907,000000,100.46,100.46,100.46,100.46,0,0
1046.N,D,20160908,000000,100.44,100.44,100.44,100.44,0,0
1046.N,D,20160909,000000,99.94,99.94,99.94,99.94,0,0
1046.N,D,20160912,000000,97.3,97.3,97.3,97.3,0,0
1046.N,D,20160913,000000,98.3,98.3,98.3,98.3,0,0
1046.N,D,20160914,000000,97.59,97.59,97.59,97.59,0,0
1046.N,D,20160915,000000,97.34,97.34,97.34,97.34,0,0
1046.N,D,20160916,000000,98.07,98.07,98.07,98.07,0,0
1046.N,D,20160919,000000,98.92,98.92,98.92,98.92,0,0
1046.N,D,20160920,000000,98.65,98.65,98.65,98.65,0,0
1046.N,D,20160921,000000,99.62,99.62,99.62,99.62,0,0
1046.N,D,20160922,000000,99.9,99.9,99.9,99.9,0,0
1046.N,D,20160923,000000,100.51,100.51,100.51,100.51,0,0
1046.N,D,20160926,000000,99.18,99.18,99.18,99.18,0,0
1046.N,D,20160927,000000,98.89,98.89,98.89,98.89,0,0
1046.N,D,20160928,000000,99.49,99.49,99.49,99.49,0,0
1046.N,D,20160929,000000,99.99,99.99,99.99,99.99,0,0
1046.N,D,20160930,000000,99,99,99,99,0,0
1046.N,D,20161004,000000,99.75,99.75,99.75,99.75,0,0
1046.N,D,20161005,000000,98.74,98.74,98.74,98.74,0,0
1046.N,D,20161006,000000,99.36,99.36,99.36,99.36,0,0
1046.N,D,20161007,000000,99.51,99.51,99.51,99.51,0,0
1046.N,D,20161010,000000,98.99,98.99,98.99,98.99,0,0
1046.N,D,20161011,000000,99.59,99.59,99.59,99.59,0,0
1046.N,D,20161012,000000,99.64,99.64,99.64,99.64,0,0
1046.N,D,20161013,000000,99.25,99.25,99.25,99.25,0,0
1046.N,D,20161014,000000,99.53,99.53,99.53,99.53,0,0
1046.N,D,20161017,000000,99.42,99.42,99.42,99.42,0,0
1046.N,D,20161018,000000,99.95,99.95,99.95,99.95,0,0
1046.N,D,20161019,000000,100.39,100.39,100.39,100.39,0,0
1046.N,D,20161020,000000,100.75,100.75,100.75,100.75,0,0
1046.N,D,20161021,000000,101.09,101.09,101.09,101.09,0,0
1046.N,D,20161024,000000,101.6,101.6,101.6,101.6,0,0
1046.N,D,20161025,000000,101.89,101.89,101.89,101.89,0,0
1046.N,D,20161026,000000,100.99,100.99,100.99,100.99,0,0
1046.N,D,20161027,000000,101.12,101.12,101.12,101.12,0,0
1046.N,D,20161028,000000,100.82,100.82,100.82,100.82,0,0
1046.N,D,20161031,000000,100.33,100.33,100.33,100.33,0,0
1046.N,D,20161102,000000,98.81,98.81,98.81,98.81,0,0
1046.N,D,20161103,000000,98.41,98.41,98.41,98.41,0,0
1046.N,D,20161104,000000,97.59,97.59,97.59,97.59,0,0
1046.N,D,20161107,000000,98.81,98.81,98.81,98.81,0,0
1046.N,D,20161108,000000,99.38,99.38,99.38,99.38,0,0
1046.N,D,20161109,000000,98.36,98.36,98.36,98.36,0,0
1046.N,D,20161110,000000,102.04,102.04,102.04,102.04,0,0
1046.N,D,20161111,000000,101.57,101.57,101.57,101.57,0,0
1046.N,D,20161114,000000,102.71,102.71,102.71,102.71,0,0
1046.N,D,20161115,000000,102.33,102.33,102.33,102.33,0,0
1046.N,D,20161116,000000,103.68,103.68,103.68,103.68,0,0
1046.N,D,20161117,000000,103.59,103.59,103.59,103.59,0,0
1046.N,D,20161118,000000,104.7,104.7,104.7,104.7,0,0
1046.N,D,20161121,000000,104.49,104.49,104.49,104.49,0,0
1046.N,D,20161122,000000,105.4,105.4,105.4,105.4,0,0
1046.N,D,20161123,000000,105.7,105.7,105.7,105.7,0,0
1046.N,D,20161124,000000,105.98,105.98,105.98,105.98,0,0
1046.N,D,20161125,000000,105.69,105.69,105.69,105.69,0,0
1046.N,D,20161128,000000,105.54,105.54,105.54,105.54,0,0
1046.N,D,20161129,000000,105.84,105.84,105.84,105.84,0,0
1046.N,D,20161130,000000,105.75,105.75,105.75,105.75,0,0
1046.N,D,20161201,000000,105.24,105.24,105.24,105.24,0,0
1046.N,D,20161202,000000,104.77,104.77,104.77,104.77,0,0
1046.N,D,20161205,000000,105.67,105.67,105.67,105.67,0,0
1046.N,D,20161206,000000,104.76,104.76,104.76,104.76,0,0
1046.N,D,20161207,000000,105.88,105.88,105.88,105.88,0,0
1046.N,D,20161208,000000,106.54,106.54,106.54,106.54,0,0
1046.N,D,20161209,000000,108.44,108.44,108.44,108.44,0,0
1046.N,D,20161212,000000,109,109,109,109,0,0
1046.N,D,20161213,000000,109.08,109.08,109.08,109.08,0,0
1046.N,D,20161214,000000,109.26,109.26,109.26,109.26,0,0
1046.N,D,20161215,000000,109.35,109.35,109.35,109.35,0,0
1046.N,D,20161216,000000,110.12,110.12,110.12,110.12,0,0
1046.N,D,20161219,000000,110.02,110.02,110.02,110.02,0,0
1046.N,D,20161220,000000,111.08,111.08,111.08,111.08,0,0
1046.N,D,20161221,000000,111.3,111.3,111.3,111.3,0,0
1046.N,D,20161222,000000,110.68,110.68,110.68,110.68,0,0
1046.N,D,20161223,000000,110.32,110.32,110.32,110.32,0,0
1046.N,D,20161227,000000,110.48,110.48,110.48,110.48,0,0
1046.N,D,20161228,000000,110.65,110.65,110.65,110.65,0,0
1046.N,D,20161229,000000,109.84,109.84,109.84,109.84,0,0
1046.N,D,20161230,000000,108.85,108.85,108.85,108.85,0,0
1046.N,D,20170102,000000,109.13,109.13,109.13,109.13,0,0
1046.N,D,20170103,000000,110.96,110.96,110.96,110.96,0,0
1046.N,D,20170104,000000,110.86,110.86,110.86,110.86,0,0
1046.N,D,20170105,000000,111.05,111.05,111.05,111.05,0,0
1046.N,D,20170106,000000,110.19,110.19,110.19,110.19,0,0
1046.N,D,20170109,000000,110.59,110.59,110.59,110.59,0,0
1046.N,D,20170110,000000,109.81,109.81,109.81,109.81,0,0
1046.N,D,20170111,000000,110.76,110.76,110.76,110.76,0,0
1046.N,D,20170112,000000,110.1,110.1,110.1,110.1,0,0
1046.N,D,20170113,000000,110.07,110.07,110.07,110.07,0,0
1046.N,D,20170116,000000,110.58,110.58,110.58,110.58,0,0
1046.N,D,20170117,000000,109.71,109.71,109.71,109.71,0,0
1046.N,D,20170118,000000,109.46,109.46,109.46,109.46,0,0
1046.N,D,20170119,000000,109.68,109.68,109.68,109.68,0,0
1046.N,D,20170120,000000,109.68,109.68,109.68,109.68,0,0
1046.N,D,20170123,000000,109.01,109.01,109.01,109.01,0,0
1046.N,D,20170124,000000,108.67,108.67,108.67,108.67,0,0
1046.N,D,20170125,000000,110.11,110.11,110.11,110.11,0,0
1046.N,D,20170126,000000,110.47,110.47,110.47,110.47,0,0
1046.N,D,20170127,000000,110.24,110.24,110.24,110.24,0,0
1046.N,D,20170130,000000,109.94,109.94,109.94,109.94,0,0
1046.N,D,20170131,000000,109.35,109.35,109.35,109.35,0,0
1046.N,D,20170201,000000,109.21,109.21,109.21,109.21,0,0
1046.N,D,20170202,000000,108.65,108.65,108.65,108.65,0,0
1046.N,D,20170203,000000,109.37,109.37,109.37,109.37,0,0
1046.N,D,20170206,000000,109.97,109.97,109.97,109.97,0,0
1046.N,D,20170207,000000,110.32,110.32,110.32,110.32,0,0
1046.N,D,20170208,000000,110.64,110.64,110.64,110.64,0,0
1046.N,D,20170209,000000,110.15,110.15,110.15,110.15,0,0
1046.N,D,20170210,000000,111.37,111.37,111.37,111.37,0,0
1046.N,D,20170213,000000,111.86,111.86,111.86,111.86,0,0
1046.N,D,20170214,000000,112.41,112.41,112.41,112.41,0,0
1046.N,D,20170215,000000,113.26,113.26,113.26,113.26,0,0
1046.N,D,20170216,000000,112.96,112.96,112.96,112.96,0,0
1046.N,D,20170217,000000,112.76,112.76,112.76,112.76,0,0
1046.N,D,20170220,000000,113.22,113.22,113.22,113.22,0,0
1046.N,D,20170221,000000,114.25,114.25,114.25,114.25,0,0
1046.N,D,20170222,000000,114.93,114.93,114.93,114.93,0,0
1046.N,D,20170223,000000,114.52,114.52,114.52,114.52,0,0
1046.N,D,20170224,000000,114.06,114.06,114.06,114.06,0,0
1046.N,D,20170227,000000,114.24,114.24,114.24,114.24,0,0
1046.N,D,20170228,000000,113.86,113.86,113.86,113.86,0,0
1046.N,D,20170301,000000,114.31,114.31,114.31,114.31,0,0
1046.N,D,20170302,000000,115.22,115.22,115.22,115.22,0,0
1046.N,D,20170303,000000,114.51,114.51,114.51,114.51,0,0
1046.N,D,20170306,000000,113.86,113.86,113.86,113.86,0,0
1046.N,D,20170307,000000,114.09,114.09,114.09,114.09,0,0
1046.N,D,20170308,000000,113.86,113.86,113.86,113.86,0,0
1046.N,D,20170309,000000,113.52,113.52,113.52,113.52,0,0
1046.N,D,20170310,000000,113.61,113.61,113.61,113.61,0,0
1046.N,D,20170313,000000,113.2,113.2,113.2,113.2,0,0
1046.N,D,20170314,000000,113.34,113.34,113.34,113.34,0,0
1046.N,D,20170315,000000,113.41,113.41,113.41,113.41,0,0
1046.N,D,20170316,000000,113.61,113.61,113.61,113.61,0,0
1046.N,D,20170317,000000,112.93,112.93,112.93,112.93,0,0
1046.N,D,20170320,000000,112.82,112.82,112.82,112.82,0,0
1046.N,D,20170321,000000,112.55,112.55,112.55,112.55,0,0
1046.N,D,20170322,000000,110.89,110.89,110.89,110.89,0,0
1046.N,D,20170323,000000,111.54,111.54,111.54,111.54,0,0
1046.N,D,20170324,000000,111.42,111.42,111.42,111.42,0,0
1046.N,D,20170327,000000,110.19,110.19,110.19,110.19,0,0
1046.N,D,20170328,000000,110.98,110.98,110.98,110.98,0,0
1046.N,D,20170329,000000,112.21,112.21,112.21,112.21,0,0
1046.N,D,20170330,000000,112.82,112.82,112.82,112.82,0,0
1046.N,D,20170331,000000,112.97,112.97,112.97,112.97,0,0
1046.N,D,20170403,000000,113.46,113.46,113.46,113.46,0,0
1046.N,D,20170404,000000,112.87,112.87,112.87,112.87,0,0
1046.N,D,20170405,000000,113.04,113.04,113.04,113.04,0,0
1046.N,D,20170406,000000,112.63,112.63,112.63,112.63,0,0
1046.N,D,20170407,000000,113.25,113.25,113.25,113.25,0,0
1046.N,D,20170410,000000,113.7,113.7,113.7,113.7,0,0
1046.N,D,20170411,000000,113.65,113.65,113.65,113.65,0,0
1046.N,D,20170412,000000,113.77,113.77,113.77,113.77,0,0
1046.N,D,20170413,000000,112.86,112.86,112.86,112.86,0,0
1046.N,D,20170418,000000,112.74,112.74,112.74,112.74,0,0
1046.N,D,20170419,000000,111.95,111.95,111.95,111.95,0,0
1046.N,D,20170420,000000,111.81,111.81,111.81,111.81,0,0
1046.N,D,20170421,000000,112.7,112.7,112.7,112.7,0,0
1046.N,D,20170424,000000,112.8,112.8,112.8,112.8,0,0
1046.N,D,20170425,000000,112.52,112.52,112.52,112.52,0,0
1046.N,D,20170426,000000,112.89,112.89,112.89,112.89,0,0
1046.N,D,20170427,000000,112.81,112.81,112.81,112.81,0,0
1046.N,D,20170428,000000,112.83,112.83,112.83,112.83,0,0
1046.N,D,20170502,000000,112.88,112.88,112.88,112.88,0,0
1046.N,D,20170503,000000,112.94,112.94,112.94,112.94,0,0
1046.N,D,20170504,000000,112.73,112.73,112.73,112.73,0,0
1046.N,D,20170505,000000,112.39,112.39,112.39,112.39,0,0
1046.N,D,20170508,000000,113.25,113.25,113.25,113.25,0,0
1046.N,D,20170509,000000,113.58,113.58,113.58,113.58,0,0
1046.N,D,20170510,000000,113.77,113.77,113.77,113.77,0,0
1046.N,D,20170511,000000,113.92,113.92,113.92,113.92,0,0
1046.N,D,20170512,000000,113.64,113.64,113.64,113.64,0,0
1046.N,D,20170515,000000,113.1,113.1,113.1,113.1,0,0
1046.N,D,20170516,000000,112.69,112.69,112.69,112.69,0,0
1046.N,D,20170517,000000,111.93,111.93,111.93,111.93,0,0
1046.N,D,20170518,000000,110.24,110.24,110.24,110.24,0,0
1046.N,D,20170519,000000,110.21,110.21,110.21,110.21,0,0
1046.N,D,20170522,000000,110.95,110.95,110.95,110.95,0,0
1046.N,D,20170523,000000,110.74,110.74,110.74,110.74,0,0
1046.N,D,20170524,000000,111.35,111.35,111.35,111.35,0,0
1046.N,D,20170526,000000,111.43,111.43,111.43,111.43,0,0
1046.N,D,20170530,000000,112.15,112.15,112.15,112.15,0,0
1046.N,D,20170531,000000,111.69,111.69,111.69,111.69,0,0
1046.N,D,20170601,000000,111.59,111.59,111.59,111.59,0,0
1046.N,D,20170602,000000,112.78,112.78,112.78,112.78,0,0
1046.N,D,20170606,000000,112.3,112.3,112.3,112.3,0,0
1046.N,D,20170607,000000,112.06,112.06,112.06,112.06,0,0
1046.N,D,20170608,000000,112.36,112.36,112.36,112.36,0,0
1046.N,D,20170609,000000,112.81,112.81,112.81,112.81,0,0
1046.N,D,20170612,000000,112.24,112.24,112.24,112.24,0,0
1046.N,D,20170613,000000,112.66,112.66,112.66,112.66,0,0
1046.N,D,20170614,000000,112.9,112.9,112.9,112.9,0,0
1046.N,D,20170616,000000,112.59,112.59,112.59,112.59,0,0
1046.N,D,20170619,000000,112.59,112.59,112.59,112.59,0,0
1046.N,D,20170620,000000,113.3,113.3,113.3,113.3,0,0
1046.N,D,20170621,000000,112.38,112.38,112.38,112.38,0,0
1046.N,D,20170622,000000,112.11,112.11,112.11,112.11,0,0
1046.N,D,20170626,000000,112.51,112.51,112.51,112.51,0,0
1046.N,D,20170627,000000,111.67,111.67,111.67,111.67,0,0
1046.N,D,20170628,000000,110.05,110.05,110.05,110.05,0,0
1046.N,D,20170629,000000,110.43,110.43,110.43,110.43,0,0
1046.N,D,20170630,000000,109.75,109.75,109.75,109.75,0,0
1046.N,D,20170703,000000,109.95,109.95,109.95,109.95,0,0
1046.N,D,20170704,000000,110.27,110.27,110.27,110.27,0,0
1046.N,D,20170705,000000,110.6,110.6,110.6,110.6,0,0
1046.N,D,20170706,000000,110.56,110.56,110.56,110.56,0,0
1046.N,D,20170707,000000,109.01,109.01,109.01,109.01,0,0
1046.N,D,20170710,000000,109.89,109.89,109.89,109.89,0,0
1046.N,D,20170711,000000,109.94,109.94,109.94,109.94,0,0
1046.N,D,20170712,000000,109.61,109.61,109.61,109.61,0,0
1046.N,D,20170713,000000,111.05,111.05,111.05,111.05,0,0
1046.N,D,20170714,000000,111.2,111.2,111.2,111.2,0,0
1046.N,D,20170717,000000,111.33,111.33,111.33,111.33,0,0
1046.N,D,20170718,000000,110.8,110.8,110.8,110.8,0,0
1046.N,D,20170719,000000,110.65,110.65,110.65,110.65,0,0
1046.N,D,20170720,000000,111.5,111.5,111.5,111.5,0,0
1046.N,D,20170721,000000,110.42,110.42,110.42,110.42,0,0
1046.N,D,20170724,000000,109.83,109.83,109.83,109.83,0,0
1046.N,D,20170725,000000,109.95,109.95,109.95,109.95,0,0
1046.N,D,20170726,000000,110.5,110.5,110.5,110.5,0,0
1046.N,D,20170727,000000,109.91,109.91,109.91,109.91,0,0
1046.N,D,20170728,000000,109.47,109.47,109.47,109.47,0,0
1046.N,D,20170731,000000,109.2,109.2,109.2,109.2,0,0
1046.N,D,20170801,000000,108.81,108.81,108.81,108.81,0,0
1046.N,D,20170802,000000,108.72,108.72,108.72,108.72,0,0
1046.N,D,20170803,000000,108.63,108.63,108.63,108.63,0,0
1046.N,D,20170804,000000,108.16,108.16,108.16,108.16,0,0
1046.N,D,20170807,000000,109.17,109.17,109.17,109.17,0,0
1046.N,D,20170808,000000,109.3,109.3,109.3,109.3,0,0
1046.N,D,20170809,000000,109.42,109.42,109.42,109.42,0,0
1046.N,D,20170810,000000,109.44,109.44,109.44,109.44,0,0
1046.N,D,20170811,000000,107.72,107.72,107.72,107.72,0,0
1046.N,D,20170814,000000,108.13,108.13,108.13,108.13,0,0
1046.N,D,20170816,000000,109.22,109.22,109.22,109.22,0,0
1046.N,D,20170817,000000,109.48,109.48,109.48,109.48,0,0
1046.N,D,20170818,000000,107.89,107.89,107.89,107.89,0,0
1046.N,D,20170821,000000,107.66,107.66,107.66,107.66,0,0
1046.N,D,20170822,000000,107.83,107.83,107.83,107.83,0,0
1046.N,D,20170823,000000,108.42,108.42,108.42,108.42,0,0
1046.N,D,20170824,000000,108.3,108.3,108.3,108.3,0,0
1046.N,D,20170825,000000,108.1,108.1,108.1,108.1,0,0
1046.N,D,20170828,000000,107.19,107.19,107.19,107.19,0,0
1046.N,D,20170829,000000,105.54,105.54,105.54,105.54,0,0
1046.N,D,20170830,000000,106.86,106.86,106.86,106.86,0,0
1046.N,D,20170831,000000,107.75,107.75,107.75,107.75,0,0
1046.N,D,20170901,000000,108.47,108.47,108.47,108.47,0,0
1046.N,D,20170904,000000,108.05,108.05,108.05,108.05,0,0
1046.N,D,20170905,000000,108.58,108.58,108.58,108.58,0,0
1046.N,D,20170906,000000,107.28,107.28,107.28,107.28,0,0
1046.N,D,20170907,000000,107.54,107.54,107.54,107.54,0,0
1046.N,D,20170908,000000,106.75,106.75,106.75,106.75,0,0
1046.N,D,20170911,000000,107.64,107.64,107.64,107.64,0,0
1046.N,D,20170912,000000,108.71,108.71,108.71,108.71,0,0
1046.N,D,20170913,000000,108.76,108.76,108.76,108.76,0,0
1046.N,D,20170914,000000,109.22,109.22,109.22,109.22,0,0
1046.N,D,20170915,000000,109.05,109.05,109.05,109.05,0,0
1046.N,D,20170918,000000,109.2,109.2,109.2,109.2,0,0
1046.N,D,20170919,000000,109.01,109.01,109.01,109.01,0,0
1046.N,D,20170920,000000,109.01,109.01,109.01,109.01,0,0
1046.N,D,20170921,000000,109.49,109.49,109.49,109.49,0,0
1046.N,D,20170922,000000,108.83,108.83,108.83,108.83,0,0
1046.N,D,20170925,000000,109.68,109.68,109.68,109.68,0,0
1046.N,D,20170926,000000,110.09,110.09,110.09,110.09,0,0
1046.N,D,20170927,000000,110.63,110.63,110.63,110.63,0,0
1046.N,D,20170928,000000,110.95,110.95,110.95,110.95,0,0
1046.N,D,20170929,000000,110.95,110.95,110.95,110.95,0,0
1046.N,D,20171002,000000,111.76,111.76,111.76,111.76,0,0
1046.N,D,20171004,000000,112.4,112.4,112.4,112.4,0,0
1046.N,D,20171005,000000,112.3,112.3,112.3,112.3,0,0
1046.N,D,20171006,000000,113.13,113.13,113.13,113.13,0,0
1046.N,D,20171009,000000,112.78,112.78,112.78,112.78,0,0
1046.N,D,20171010,000000,112.36,112.36,112.36,112.36,0,0
1046.N,D,20171011,000000,112.2,112.2,112.2,112.2,0,0
1046.N,D,20171012,000000,112.13,112.13,112.13,112.13,0,0
1046.N,D,20171013,000000,112.37,112.37,112.37,112.37,0,0
1046.N,D,20171016,000000,112.88,112.88,112.88,112.88,0,0
1046.N,D,20171017,000000,113.11,113.11,113.11,113.11,0,0
1046.N,D,20171018,000000,113.44,113.44,113.44,113.44,0,0
1046.N,D,20171019,000000,112.83,112.83,112.83,112.83,0,0
1046.N,D,20171020,000000,113.13,113.13,113.13,113.13,0,0
1046.N,D,20171023,000000,114.07,114.07,114.07,114.07,0,0
1046.N,D,20171024,000000,113.78,113.78,113.78,113.78,0,0
1046.N,D,20171025,000000,113.79,113.79,113.79,113.79,0,0
1046.N,D,20171026,000000,113.06,113.06,113.06,113.06,0,0
1046.N,D,20171027,000000,114.99,114.99,114.99,114.99,0,0
1046.N,D,20171030,000000,115.5,115.5,115.5,115.5,0,0
1046.N,D,20171102,000000,115.95,115.95,115.95,115.95,0,0
1046.N,D,20171103,000000,115.89,115.89,115.89,115.89,0,0
1046.N,D,20171106,000000,116.49,116.49,116.49,116.49,0,0
1046.N,D,20171107,000000,116.94,116.94,116.94,116.94,0,0
1046.N,D,20171108,000000,116.59,116.59,116.59,116.59,0,0
1046.N,D,20171109,000000,116.86,116.86,116.86,116.86,0,0
1046.N,D,20171110,000000,115.71,115.71,115.71,115.71,0,0
1046.N,D,20171113,000000,115.47,115.47,115.47,115.47,0,0
1046.N,D,20171114,000000,114.79,114.79,114.79,114.79,0,0
1046.N,D,20171115,000000,113.24,113.24,113.24,113.24,0,0
1046.N,D,20171116,000000,113.82,113.82,113.82,113.82,0,0
1046.N,D,20171117,000000,114.38,114.38,114.38,114.38,0,0
1046.N,D,20171120,000000,114.11,114.11,114.11,114.11,0,0
1046.N,D,20171121,000000,115.01,115.01,115.01,115.01,0,0
1046.N,D,20171122,000000,115.49,115.49,115.49,115.49,0,0
1046.N,D,20171123,000000,114.71,114.71,114.71,114.71,0,0
1046.N,D,20171124,000000,114.54,114.54,114.54,114.54,0,0
1046.N,D,20171127,000000,114.22,114.22,114.22,114.22,0,0
1046.N,D,20171128,000000,114.31,114.31,114.31,114.31,0,0
1046.N,D,20171129,000000,115.65,115.65,115.65,115.65,0,0
1046.N,D,20171130,000000,115.75,115.75,115.75,115.75,0,0
1046.N,D,20171201,000000,115.29,115.29,115.29,115.29,0,0
1046.N,D,20171204,000000,115.51,115.51,115.51,115.51,0,0
1046.N,D,20171205,000000,115.53,115.53,115.53,115.53,0,0
1046.N,D,20171206,000000,115.03,115.03,115.03,115.03,0,0
1046.N,D,20171207,000000,115.5,115.5,115.5,115.5,0,0
1046.N,D,20171208,000000,116.39,116.39,116.39,116.39,0,0
1046.N,D,20171211,000000,116.3,116.3,116.3,116.3,0,0
1046.N,D,20171212,000000,116.8,116.8,116.8,116.8,0,0
1046.N,D,20171213,000000,117.19,117.19,117.19,117.19,0,0
1046.N,D,20171214,000000,116.67,116.67,116.67,116.67,0,0
1046.N,D,20171215,000000,116.23,116.23,116.23,116.23,0,0
1046.N,D,20171218,000000,117.44,117.44,117.44,117.44,0,0
1046.N,D,20171219,000000,118,118,118,118,0,0
1046.N,D,20171220,000000,117.31,117.31,117.31,117.31,0,0
1046.N,D,20171221,000000,116.89,116.89,116.89,116.89,0,0
1046.N,D,20171222,000000,117.39,117.39,117.39,117.39,0,0
1046.N,D,20171227,000000,116.89,116.89,116.89,116.89,0,0
1046.N,D,20171228,000000,116.69,116.69,116.69,116.69,0,0
1046.N,D,20171229,000000,116.44,116.44,116.44,116.44,0,0
1046.N,D,20180102,000000,115.22,115.22,115.22,115.22,0,0
1046.N,D,20180103,000000,116.29,116.29,116.29,116.29,0,0
1046.N,D,20180104,000000,117.01,117.01,117.01,117.01,0,0
1046.N,D,20180105,000000,117.63,117.63,117.63,117.63,0,0
1046.N,D,20180108,000000,118.83,118.83,118.83,118.83,0,0
1046.N,D,20180109,000000,119.46,119.46,119.46,119.46,0,0
1046.N,D,20180110,000000,119.62,119.62,119.62,119.62,0,0
1046.N,D,20180111,000000,119.22,119.22,119.22,119.22,0,0
1046.N,D,20180112,000000,118.52,118.52,118.52,118.52,0,0
1046.N,D,20180115,000000,117.94,117.94,117.94,117.94,0,0
1046.N,D,20180116,000000,118.82,118.82,118.82,118.82,0,0
1046.N,D,20180117,000000,117.87,117.87,117.87,117.87,0,0
1046.N,D,20180118,000000,118.83,118.83,118.83,118.83,0,0
1046.N,D,20180119,000000,118.5,118.5,118.5,118.5,0,0
1046.N,D,20180122,000000,119.11,119.11,119.11,119.11,0,0
1046.N,D,20180123,000000,119.84,119.84,119.84,119.84,0,0
1046.N,D,20180124,000000,119.27,119.27,119.27,119.27,0,0
1046.N,D,20180125,000000,118.53,118.53,118.53,118.53,0,0
1046.N,D,20180126,000000,118.28,118.28,118.28,118.28,0,0
1046.N,D,20180129,000000,119.47,119.47,119.47,119.47,0,0
1046.N,D,20180130,000000,118.7,118.7,118.7,118.7,0,0
1046.N,D,20180131,000000,117.2,117.2,117.2,117.2,0,0
1046.N,D,20180201,000000,117.38,117.38,117.38,117.38,0,0
1046.N,D,20180202,000000,116.5,116.5,116.5,116.5,0,0
1046.N,D,20180205,000000,114.26,114.26,114.26,114.26,0,0
1046.N,D,20180206,000000,110.3,110.3,110.3,110.3,0,0
1046.N,D,20180207,000000,112.23,112.23,112.23,112.23,0,0
1046.N,D,20180208,000000,112.94,112.94,112.94,112.94,0,0
1046.N,D,20180209,000000,109.38,109.38,109.38,109.38,0,0
1046.N,D,20180212,000000,110.99,110.99,110.99,110.99,0,0
1046.N,D,20180213,000000,111.11,111.11,111.11,111.11,0,0
1046.N,D,20180214,000000,111.08,111.08,111.08,111.08,0,0
1046.N,D,20180215,000000,112.18,112.18,112.18,112.18,0,0
1046.N,D,20180216,000000,112.99,112.99,112.99,112.99,0,0
1046.N,D,20180219,000000,113.66,113.66,113.66,113.66,0,0
1046.N,D,20180220,000000,113.95,113.95,113.95,113.95,0,0
1046.N,D,20180221,000000,113.62,113.62,113.62,113.62,0,0
1046.N,D,20180222,000000,113.43,113.43,113.43,113.43,0,0
1046.N,D,20180223,000000,113.67,113.67,113.67,113.67,0,0
1046.N,D,20180226,000000,114.81,114.81,114.81,114.81,0,0
1046.N,D,20180227,000000,115.81,115.81,115.81,115.81,0,0
1046.N,D,20180228,000000,115.48,115.48,115.48,115.48,0,0
1046.N,D,20180301,000000,114.47,114.47,114.47,114.47,0,0
1046.N,D,20180302,000000,112.31,112.31,112.31,112.31,0,0
1046.N,D,20180305,000000,112.15,112.15,112.15,112.15,0,0
1046.N,D,20180306,000000,113.1,113.1,113.1,113.1,0,0
1046.N,D,20180307,000000,112.04,112.04,112.04,112.04,0,0
1046.N,D,20180309,000000,114.24,114.24,114.24,114.24,0,0
1046.N,D,20180312,000000,115.71,115.71,115.71,115.71,0,0
1046.N,D,20180313,000000,115.53,115.53,115.53,115.53,0,0
1046.N,D,20180314,000000,114.74,114.74,114.74,114.74,0,0
1046.N,D,20180315,000000,114.33,114.33,114.33,114.33,0,0
1046.N,D,20180316,000000,114.52,114.52,114.52,114.52,0,0
1046.N,D,20180319,000000,114.68,114.68,114.68,114.68,0,0
1046.N,D,20180320,000000,113.53,113.53,113.53,113.53,0,0
1046.N,D,20180321,000000,114.04,114.04,114.04,114.04,0,0
1046.N,D,20180322,000000,113.14,113.14,113.14,113.14,0,0
1046.N,D,20180323,000000,110.35,110.35,110.35,110.35,0,0
1046.N,D,20180326,000000,109.62,109.62,109.62,109.62,0,0
1046.N,D,20180327,000000,110.89,110.89,110.89,110.89,0,0
1046.N,D,20180328,000000,109.51,109.51,109.51,109.51,0,0
1046.N,D,20180329,000000,110.38,110.38,110.38,110.38,0,0
1046.N,D,20180403,000000,109.55,109.55,109.55,109.55,0,0
1046.N,D,20180404,000000,109.92,109.92,109.92,109.92,0,0
1046.N,D,20180405,000000,111.84,111.84,111.84,111.84,0,0
1046.N,D,20180406,000000,112.19,112.19,112.19,112.19,0,0
1046.N,D,20180409,000000,111.4,111.4,111.4,111.4,0,0
1046.N,D,20180410,000000,111.66,111.66,111.66,111.66,0,0
1046.N,D,20180411,000000,112.05,112.05,112.05,112.05,0,0
1046.N,D,20180412,000000,111.71,111.71,111.71,111.71,0,0
1046.N,D,20180413,000000,112.6,112.6,112.6,112.6,0,0
1046.N,D,20180416,000000,112.11,112.11,112.11,112.11,0,0
1046.N,D,20180417,000000,112.69,112.69,112.69,112.69,0,0
1046.N,D,20180418,000000,113.74,113.74,113.74,113.74,0,0
1046.N,D,20180419,000000,113.87,113.87,113.87,113.87,0,0
1046.N,D,20180420,000000,113.64,113.64,113.64,113.64,0,0
1046.N,D,20180423,000000,113.65,113.65,113.65,113.65,0,0
1046.N,D,20180424,000000,114.24,114.24,114.24,114.24,0,0
1046.N,D,20180425,000000,113.11,113.11,113.11,113.11,0,0
1046.N,D,20180426,000000,113.39,113.39,113.39,113.39,0,0
1046.N,D,20180427,000000,114.93,114.93,114.93,114.93,0,0
1046.N,D,20180430,000000,114.86,114.86,114.86,114.86,0,0
1046.N,D,20180502,000000,115.36,115.36,115.36,115.36,0,0
1046.N,D,20180503,000000,115.04,115.04,115.04,115.04,0,0
1046.N,D,20180504,000000,114.87,114.87,114.87,114.87,0,0
1046.N,D,20180507,000000,116.08,116.08,116.08,116.08,0,0
1046.N,D,20180508,000000,116.67,116.67,116.67,116.67,0,0
1046.N,D,20180509,000000,116.78,116.78,116.78,116.78,0,0
1046.N,D,20180511,000000,118.01,118.01,118.01,118.01,0,0
1046.N,D,20180514,000000,117.76,117.76,117.76,117.76,0,0
1046.N,D,20180515,000000,118.37,118.37,118.37,118.37,0,0
1046.N,D,20180516,000000,118.39,118.39,118.39,118.39,0,0
1046.N,D,20180517,000000,119.01,119.01,119.01,119.01,0,0
1046.N,D,20180518,000000,119.11,119.11,119.11,119.11,0,0
1046.N,D,20180522,000000,119.56,119.56,119.56,119.56,0,0
1046.N,D,20180523,000000,119.55,119.55,119.55,119.55,0,0
1046.N,D,20180524,000000,119.52,119.52,119.52,119.52,0,0
1046.N,D,20180525,000000,119.38,119.38,119.38,119.38,0,0
1046.N,D,20180528,000000,119.47,119.47,119.47,119.47,0,0
1046.N,D,20180529,000000,119.12,119.12,119.12,119.12,0,0
1046.N,D,20180530,000000,118.44,118.44,118.44,118.44,0,0
1046.N,D,20180601,000000,118.42,118.42,118.42,118.42,0,0
1046.N,D,20180604,000000,119.3,119.3,119.3,119.3,0,0
1046.N,D,20180605,000000,119.64,119.64,119.64,119.64,0,0
1046.N,D,20180606,000000,119.43,119.43,119.43,119.43,0,0
1046.N,D,20180607,000000,119.62,119.62,119.62,119.62,0,0
1046.N,D,20180608,000000,119.55,119.55,119.55,119.55,0,0
1046.N,D,20180611,000000,119.7,119.7,119.7,119.7,0,0
1046.N,D,20180612,000000,119.74,119.74,119.74,119.74,0,0
1046.N,D,20180613,000000,120.14,120.14,120.14,120.14,0,0
1046.N,D,20180614,000000,118.93,118.93,118.93,118.93,0,0
1046.N,D,20180615,000000,121.26,121.26,121.26,121.26,0,0
1046.N,D,20180618,000000,120.74,120.74,120.74,120.74,0,0
1046.N,D,20180619,000000,119.58,119.58,119.58,119.58,0,0
1046.N,D,20180620,000000,120.13,120.13,120.13,120.13,0,0
1046.N,D,20180621,000000,120.2,120.2,120.2,120.2,0,0
1046.N,D,20180622,000000,118.49,118.49,118.49,118.49,0,0
1046.N,D,20180625,000000,118.5,118.5,118.5,118.5,0,0
1046.N,D,20180626,000000,117.32,117.32,117.32,117.32,0,0
1046.N,D,20180627,000000,117.45,117.45,117.45,117.45,0,0
1046.N,D,20180628,000000,117.47,117.47,117.47,117.47,0,0
1046.N,D,20180629,000000,117.18,117.18,117.18,117.18,0,0
1046.N,D,20180702,000000,116.68,116.68,116.68,116.68,0,0
1046.N,D,20180703,000000,116.89,116.89,116.89,116.89,0,0
1046.N,D,20180704,000000,116.69,116.69,116.69,116.69,0,0
1046.N,D,20180705,000000,116.43,116.43,116.43,116.43,0,0
1046.N,D,20180706,000000,117.04,117.04,117.04,117.04,0,0
1046.N,D,20180709,000000,117.38,117.38,117.38,117.38,0,0
1046.N,D,20180710,000000,118.43,118.43,118.43,118.43,0,0
1046.N,D,20180711,000000,118.1,118.1,118.1,118.1,0,0
1046.N,D,20180712,000000,117.9,117.9,117.9,117.9,0,0
1046.N,D,20180713,000000,119.26,119.26,119.26,119.26,0,0
1046.N,D,20180716,000000,118.76,118.76,118.76,118.76,0,0
1046.N,D,20180717,000000,118.37,118.37,118.37,118.37,0,0
1046.N,D,20180718,000000,119.71,119.71,119.71,119.71,0,0
1046.N,D,20180719,000000,119.87,119.87,119.87,119.87,0,0
1046.N,D,20180720,000000,119.26,119.26,119.26,119.26,0,0
1046.N,D,20180723,000000,118.63,118.63,118.63,118.63,0,0
1046.N,D,20180724,000000,119.14,119.14,119.14,119.14,0,0
1046.N,D,20180725,000000,119.47,119.47,119.47,119.47,0,0
1046.N,D,20180726,000000,119.96,119.96,119.96,119.96,0,0
1046.N,D,20180727,000000,120.79,120.79,120.79,120.79,0,0
1046.N,D,20180730,000000,120.04,120.04,120.04,120.04,0,0
1046.N,D,20180731,000000,119.18,119.18,119.18,119.18,0,0
1046.N,D,20180801,000000,119.96,119.96,119.96,119.96,0,0
1046.N,D,20180802,000000,120.07,120.07,120.07,120.07,0,0
1046.N,D,20180803,000000,120.69,120.69,120.69,120.69,0,0
1046.N,D,20180806,000000,121.33,121.33,121.33,121.33,0,0
1046.N,D,20180807,000000,121.73,121.73,121.73,121.73,0,0
1046.N,D,20180808,000000,121.81,121.81,121.81,121.81,0,0
1046.N,D,20180809,000000,121.73,121.73,121.73,121.73,0,0
1046.N,D,20180810,000000,122.46,122.46,122.46,122.46,0,0
1046.N,D,20180813,000000,122.12,122.12,122.12,122.12,0,0
1046.N,D,20180814,000000,122.01,122.01,122.01,122.01,0,0
1046.N,D,20180816,000000,121.53,121.53,121.53,121.53,0,0
1046.N,D,20180817,000000,122.17,122.17,122.17,122.17,0,0
1046.N,D,20180820,000000,122.52,122.52,122.52,122.52,0,0
1046.N,D,20180821,000000,121.73,121.73,121.73,121.73,0,0
1046.N,D,20180822,000000,121.67,121.67,121.67,121.67,0,0
1046.N,D,20180823,000000,121.6,121.6,121.6,121.6,0,0
1046.N,D,20180824,000000,121.35,121.35,121.35,121.35,0,0
1046.N,D,20180827,000000,121.61,121.61,121.61,121.61,0,0
1046.N,D,20180828,000000,121.74,121.74,121.74,121.74,0,0
1046.N,D,20180829,000000,121.89,121.89,121.89,121.89,0,0
1046.N,D,20180830,000000,121.89,121.89,121.89,121.89,0,0
1046.N,D,20180831,000000,121.67,121.67,121.67,121.67,0,0
1046.N,D,20180903,000000,121.9,121.9,121.9,121.9,0,0
1046.N,D,20180904,000000,122.1,122.1,122.1,122.1,0,0
1046.N,D,20180905,000000,121.49,121.49,121.49,121.49,0,0
1046.N,D,20180906,000000,120.8,120.8,120.8,120.8,0,0
1046.N,D,20180907,000000,120.11,120.11,120.11,120.11,0,0
1046.N,D,20180910,000000,120.54,120.54,120.54,120.54,0,0
1046.N,D,20180911,000000,120.19,120.19,120.19,120.19,0,0
1046.N,D,20180912,000000,120.83,120.83,120.83,120.83,0,0
1046.N,D,20180913,000000,120.8,120.8,120.8,120.8,0,0
1046.N,D,20180914,000000,120.62,120.62,120.62,120.62,0,0
1046.N,D,20180917,000000,121.24,121.24,121.24,121.24,0,0
1046.N,D,20180918,000000,120.78,120.78,120.78,120.78,0,0
1046.N,D,20180919,000000,121.28,121.28,121.28,121.28,0,0
1046.N,D,20180920,000000,121.45,121.45,121.45,121.45,0,0
1046.N,D,20180921,000000,121.7,121.7,121.7,121.7,0,0
1046.N,D,20180924,000000,121.6,121.6,121.6,121.6,0,0
1046.N,D,20180925,000000,121.38,121.38,121.38,121.38,0,0
1046.N,D,20180926,000000,121.02,121.02,121.02,121.02,0,0
1046.N,D,20180927,000000,121.04,121.04,121.04,121.04,0,0
1046.N,D,20180928,000000,121.99,121.99,121.99,121.99,0,0
1046.N,D,20181001,000000,122.19,122.19,122.19,122.19,0,0
1046.N,D,20181002,000000,122.87,122.87,122.87,122.87,0,0
1046.N,D,20181004,000000,123.02,123.02,123.02,123.02,0,0
1046.N,D,20181005,000000,122,122,122,122,0,0
1046.N,D,20181008,000000,121.44,121.44,121.44,121.44,0,0
1046.N,D,20181009,000000,121.27,121.27,121.27,121.27,0,0
1046.N,D,20181010,000000,120.92,120.92,120.92,120.92,0,0
1046.N,D,20181011,000000,116.08,116.08,116.08,116.08,0,0
1046.N,D,20181012,000000,115.64,115.64,115.64,115.64,0,0
1046.N,D,20181015,000000,115.36,115.36,115.36,115.36,0,0
1046.N,D,20181016,000000,115.76,115.76,115.76,115.76,0,0
1046.N,D,20181017,000000,117.79,117.79,117.79,117.79,0,0
1046.N,D,20181018,000000,118.02,118.02,118.02,118.02,0,0
1046.N,D,20181019,000000,116.99,116.99,116.99,116.99,0,0
1046.N,D,20181022,000000,116.44,116.44,116.44,116.44,0,0
1046.N,D,20181023,000000,114.81,114.81,114.81,114.81,0,0
1046.N,D,20181024,000000,115.38,115.38,115.38,115.38,0,0
1046.N,D,20181025,000000,112.84,112.84,112.84,112.84,0,0
1046.N,D,20181026,000000,113.25,113.25,113.25,113.25,0,0
1046.N,D,20181029,000000,113.47,113.47,113.47,113.47,0,0
1046.N,D,20181030,000000,113.22,113.22,113.22,113.22,0,0
1046.N,D,20181031,000000,115.52,115.52,115.52,115.52,0,0
1046.N,D,20181102,000000,117,117,117,117,0,0
1046.N,D,20181105,000000,116.14,116.14,116.14,116.14,0,0
1046.N,D,20181106,000000,116.21,116.21,116.21,116.21,0,0
1046.N,D,20181107,000000,116.93,116.93,116.93,116.93,0,0
1046.N,D,20181108,000000,118.46,118.46,118.46,118.46,0,0
1046.N,D,20181109,000000,118.87,118.87,118.87,118.87,0,0
1046.N,D,20181112,000000,118.74,118.74,118.74,118.74,0,0
1046.N,D,20181113,000000,117.07,117.07,117.07,117.07,0,0
1046.N,D,20181114,000000,116.58,116.58,116.58,116.58,0,0
1046.N,D,20181115,000000,115.73,115.73,115.73,115.73,0,0
1046.N,D,20181116,000000,116.03,116.03,116.03,116.03,0,0
1046.N,D,20181119,000000,115.53,115.53,115.53,115.53,0,0
1046.N,D,20181120,000000,113.94,113.94,113.94,113.94,0,0
1046.N,D,20181121,000000,112.95,112.95,112.95,112.95,0,0
1046.N,D,20181122,000000,113.18,113.18,113.18,113.18,0,0
1046.N,D,20181123,000000,113.57,113.57,113.57,113.57,0,0
1046.N,D,20181126,000000,114.08,114.08,114.08,114.08,0,0
1046.N,D,20181127,000000,114.95,114.95,114.95,114.95,0,0
1046.N,D,20181128,000000,115.21,115.21,115.21,115.21,0,0
1046.N,D,20181129,000000,116.28,116.28,116.28,116.28,0,0
1046.N,D,20181130,000000,115.81,115.81,115.81,115.81,0,0
1046.N,D,20181203,000000,118.23,118.23,118.23,118.23,0,0
1046.N,D,20181204,000000,117.17,117.17,117.17,117.17,0,0
1046.N,D,20181205,000000,114.92,114.92,114.92,114.92,0,0
1046.N,D,20181206,000000,112.91,112.91,112.91,112.91,0,0
1046.N,D,20181207,000000,113.69,113.69,113.69,113.69,0,0
1046.N,D,20181210,000000,111.09,111.09,111.09,111.09,0,0
1046.N,D,20181211,000000,110.98,110.98,110.98,110.98,0,0
1046.N,D,20181212,000000,111.95,111.95,111.95,111.95,0,0
1046.N,D,20181213,000000,112.07,112.07,112.07,112.07,0,0
1046.N,D,20181214,000000,111.48,111.48,111.48,111.48,0,0
1046.N,D,20181217,000000,110.58,110.58,110.58,110.58,0,0
1046.N,D,20181218,000000,108.24,108.24,108.24,108.24,0,0
1046.N,D,20181219,000000,108.13,108.13,108.13,108.13,0,0
1046.N,D,20181220,000000,106.11,106.11,106.11,106.11,0,0
1046.N,D,20181221,000000,104.97,104.97,104.97,104.97,0,0
1046.N,D,20181227,000000,104.59,104.59,104.59,104.59,0,0
1046.N,D,20181228,000000,105.71,105.71,105.71,105.71,0,0
1046.N,D,20190102,000000,105.33,105.33,105.33,105.33,0,0
1046.N,D,20190103,000000,105.88,105.88,105.88,105.88,0,0
1046.N,D,20190104,000000,105.43,105.43,105.43,105.43,0,0
1046.N,D,20190107,000000,107.45,107.45,107.45,107.45,0,0
1046.N,D,20190108,000000,108.15,108.15,108.15,108.15,0,0
1046.N,D,20190109,000000,109.42,109.42,109.42,109.42,0,0
1046.N,D,20190110,000000,109.37,109.37,109.37,109.37,0,0
1046.N,D,20190111,000000,109.97,109.97,109.97,109.97,0,0
1046.N,D,20190114,000000,110.2,110.2,110.2,110.2,0,0
1046.N,D,20190115,000000,110.18,110.18,110.18,110.18,0,0
1046.N,D,20190116,000000,111.12,111.12,111.12,111.12,0,0
1046.N,D,20190117,000000,111.6,111.6,111.6,111.6,0,0
1046.N,D,20190118,000000,112.53,112.53,112.53,112.53,0,0
1046.N,D,20190121,000000,113.74,113.74,113.74,113.74,0,0
1046.N,D,20190122,000000,113.84,113.84,113.84,113.84,0,0
1046.N,D,20190123,000000,112.83,112.83,112.83,112.83,0,0
1046.N,D,20190124,000000,113.19,113.19,113.19,113.19,0,0
1046.N,D,20190125,000000,113.64,113.64,113.64,113.64,0,0
1046.N,D,20190128,000000,113.68,113.68,113.68,113.68,0,0
1046.N,D,20190129,000000,112.9,112.9,112.9,112.9,0,0
1046.N,D,20190130,000000,112.97,112.97,112.97,112.97,0,0
1046.N,D,20190131,000000,114.1,114.1,114.1,114.1,0,0
1046.N,D,20190201,000000,114.73,114.73,114.73,114.73,0,0
1046.N,D,20190206,000000,116.56,116.56,116.56,116.56,0,0
1046.N,D,20190207,000000,116.65,116.65,116.65,116.65,0,0
1046.N,D,20190208,000000,115.63,115.63,115.63,115.63,0,0
1046.N,D,20190211,000000,115.82,115.82,115.82,115.82,0,0
1046.N,D,20190212,000000,116.19,116.19,116.19,116.19,0,0
1046.N,D,20190213,000000,117.05,117.05,117.05,117.05,0,0
1046.N,D,20190214,000000,117.69,117.69,117.69,117.69,0,0
1046.N,D,20190215,000000,117.33,117.33,117.33,117.33,0,0
1046.N,D,20190218,000000,118.24,118.24,118.24,118.24,0,0
1046.N,D,20190219,000000,118.32,118.32,118.32,118.32,0,0
1046.N,D,20190220,000000,118.26,118.26,118.26,118.26,0,0
1046.N,D,20190221,000000,118.62,118.62,118.62,118.62,0,0
1046.N,D,20190222,000000,118.31,118.31,118.31,118.31,0,0
1046.N,D,20190225,000000,119.04,119.04,119.04,119.04,0,0
1046.N,D,20190226,000000,118.68,118.68,118.68,118.68,0,0
1046.N,D,20190227,000000,118.43,118.43,118.43,118.43,0,0
1046.N,D,20190228,000000,118.33,118.33,118.33,118.33,0,0
1046.N,D,20190301,000000,118.5,118.5,118.5,118.5,0,0
1046.N,D,20190304,000000,119.12,119.12,119.12,119.12,0,0
1046.N,D,20190305,000000,118.76,118.76,118.76,118.76,0,0
1046.N,D,20190306,000000,118.74,118.74,118.74,118.74,0,0
1046.N,D,20190307,000000,117.97,117.97,117.97,117.97,0,0
1046.N,D,20190308,000000,117.75,117.75,117.75,117.75,0,0
1046.N,D,20190311,000000,117.37,117.37,117.37,117.37,0,0
1046.N,D,20190312,000000,118.65,118.65,118.65,118.65,0,0
1046.N,D,20190313,000000,118.56,118.56,118.56,118.56,0,0
1046.N,D,20190314,000000,119.2,119.2,119.2,119.2,0,0
1046.N,D,20190315,000000,119.19,119.19,119.19,119.19,0,0
1046.N,D,20190318,000000,119.56,119.56,119.56,119.56,0,0
1046.N,D,20190319,000000,119.97,119.97,119.97,119.97,0,0
1046.N,D,20190320,000000,119.85,119.85,119.85,119.85,0,0
1046.N,D,20190321,000000,118.92,118.92,118.92,118.92,0,0
1046.N,D,20190322,000000,120.43,120.43,120.43,120.43,0,0
1046.N,D,20190325,000000,118.39,118.39,118.39,118.39,0,0
1046.N,D,20190326,000000,118.62,118.62,118.62,118.62,0,0
1046.N,D,20190327,000000,119.47,119.47,119.47,119.47,0,0
1046.N,D,20190328,000000,119.36,119.36,119.36,119.36,0,0
1046.N,D,20190329,000000,119.91,119.91,119.91,119.91,0,0
1046.N,D,20190401,000000,121.28,121.28,121.28,121.28,0,0
1046.N,D,20190402,000000,122.08,122.08,122.08,122.08,0,0
1046.N,D,20190403,000000,122.11,122.11,122.11,122.11,0,0
1046.N,D,20190404,000000,122.32,122.32,122.32,122.32,0,0
1046.N,D,20190405,000000,122.54,122.54,122.54,122.54,0,0
1046.N,D,20190408,000000,122.77,122.77,122.77,122.77,0,0
1046.N,D,20190409,000000,122.55,122.55,122.55,122.55,0,0
1046.N,D,20190410,000000,121.84,121.84,121.84,121.84,0,0
1046.N,D,20190411,000000,122.07,122.07,122.07,122.07,0,0
1046.N,D,20190412,000000,121.94,121.94,121.94,121.94,0,0
1046.N,D,20190415,000000,122.25,122.25,122.25,122.25,0,0
1046.N,D,20190416,000000,122.47,122.47,122.47,122.47,0,0
1046.N,D,20190417,000000,122.21,122.21,122.21,122.21,0,0
1046.N,D,20190418,000000,122.22,122.22,122.22,122.22,0,0
1046.N,D,20190423,000000,122.44,122.44,122.44,122.44,0,0
1046.N,D,20190424,000000,123.36,123.36,123.36,123.36,0,0
1046.N,D,20190425,000000,123.65,123.65,123.65,123.65,0,0
1046.N,D,20190426,000000,123.64,123.64,123.64,123.64,0,0
1046.N,D,20190429,000000,123.91,123.91,123.91,123.91,0,0
1046.N,D,20190430,000000,123.63,123.63,123.63,123.63,0,0
1046.N,D,20190502,000000,123.16,123.16,123.16,123.16,0,0
1046.N,D,20190503,000000,123.39,123.39,123.39,123.39,0,0
1046.N,D,20190506,000000,122.5,122.5,122.5,122.5,0,0
1046.N,D,20190507,000000,123.23,123.23,123.23,123.23,0,0
1046.N,D,20190508,000000,121.41,121.41,121.41,121.41,0,0
1046.N,D,20190510,000000,120.34,120.34,120.34,120.34,0,0
1046.N,D,20190513,000000,119.67,119.67,119.67,119.67,0,0
1046.N,D,20190514,000000,117.97,117.97,117.97,117.97,0,0
1046.N,D,20190515,000000,118.85,118.85,118.85,118.85,0,0
1046.N,D,20190516,000000,119.34,119.34,119.34,119.34,0,0
1046.N,D,20190517,000000,120.57,120.57,120.57,120.57,0,0
1046.N,D,20190520,000000,120.22,120.22,120.22,120.22,0,0
1046.N,D,20190521,000000,119.83,119.83,119.83,119.83,0,0
1046.N,D,20190522,000000,120.35,120.35,120.35,120.35,0,0
1046.N,D,20190523,000000,119.32,119.32,119.32,119.32,0,0
1046.N,D,20190524,000000,118.63,118.63,118.63,118.63,0,0
1046.N,D,20190527,000000,119.06,119.06,119.06,119.06,0,0
1046.N,D,20190528,000000,118.96,118.96,118.96,118.96,0,0
1046.N,D,20190529,000000,118.32,118.32,118.32,118.32,0,0
1046.N,D,20190531,000000,116.93,116.93,116.93,116.93,0,0
1046.N,D,20190603,000000,115.99,115.99,115.99,115.99,0,0
1046.N,D,20190604,000000,116.27,116.27,116.27,116.27,0,0
1046.N,D,20190605,000000,117.6,117.6,117.6,117.6,0,0
1046.N,D,20190606,000000,118.48,118.48,118.48,118.48,0,0
1046.N,D,20190607,000000,118.7,118.7,118.7,118.7,0,0
1046.N,D,20190611,000000,120.08,120.08,120.08,120.08,0,0
1046.N,D,20190612,000000,119.8,119.8,119.8,119.8,0,0
1046.N,D,20190613,000000,120.09,120.09,120.09,120.09,0,0
1046.N,D,20190614,000000,120.35,120.35,120.35,120.35,0,0
1046.N,D,20190617,000000,120.71,120.71,120.71,120.71,0,0
1046.N,D,20190618,000000,121.08,121.08,121.08,121.08,0,0
1046.N,D,20190619,000000,122.15,122.15,122.15,122.15,0,0
1046.N,D,20190621,000000,122.43,122.43,122.43,122.43,0,0
1046.N,D,20190624,000000,121.5,121.5,121.5,121.5,0,0
1046.N,D,20190625,000000,121.2,121.2,121.2,121.2,0,0
1046.N,D,20190626,000000,120.55,120.55,120.55,120.55,0,0
1046.N,D,20190627,000000,120.46,120.46,120.46,120.46,0,0
1046.N,D,20190628,000000,120.63,120.63,120.63,120.63,0,0
1046.N,D,20190701,000000,122.77,122.77,122.77,122.77,0,0
1046.N,D,20190702,000000,123.03,123.03,123.03,123.03,0,0
1046.N,D,20190704,000000,124.39,124.39,124.39,124.39,0,0
1046.N,D,20190705,000000,124.44,124.44,124.44,124.44,0,0
1046.N,D,20190708,000000,124.43,124.43,124.43,124.43,0,0
1046.N,D,20190709,000000,123.8,123.8,123.8,123.8,0,0
1046.N,D,20190710,000000,123.68,123.68,123.68,123.68,0,0
1046.N,D,20190711,000000,123.76,123.76,123.76,123.76,0,0
1046.N,D,20190712,000000,123.97,123.97,123.97,123.97,0,0
1046.N,D,20190715,000000,124.29,124.29,124.29,124.29,0,0
1046.N,D,20190716,000000,124.47,124.47,124.47,124.47,0,0
1046.N,D,20190717,000000,124.45,124.45,124.45,124.45,0,0
1046.N,D,20190718,000000,123.29,123.29,123.29,123.29,0,0
1046.N,D,20190719,000000,123.89,123.89,123.89,123.89,0,0
1046.N,D,20190722,000000,123.63,123.63,123.63,123.63,0,0
1046.N,D,20190723,000000,124.23,124.23,124.23,124.23,0,0
1046.N,D,20190724,000000,125.3,125.3,125.3,125.3,0,0
1046.N,D,20190725,000000,125.85,125.85,125.85,125.85,0,0
1046.N,D,20190726,000000,124.96,124.96,124.96,124.96,0,0
1046.N,D,20190729,000000,125.58,125.58,125.58,125.58,0,0
1046.N,D,20190730,000000,124.86,124.86,124.86,124.86,0,0
1046.N,D,20190731,000000,124.59,124.59,124.59,124.59,0,0
1046.N,D,20190801,000000,124.47,124.47,124.47,124.47,0,0
1046.N,D,20190802,000000,122,122,122,122,0,0
1046.N,D,20190805,000000,119.6,119.6,119.6,119.6,0,0
1046.N,D,20190806,000000,118.65,118.65,118.65,118.65,0,0
1046.N,D,20190807,000000,118.8,118.8,118.8,118.8,0,0
1046.N,D,20190808,000000,118.88,118.88,118.88,118.88,0,0
1046.N,D,20190809,000000,120.59,120.59,120.59,120.59,0,0
1046.N,D,20190812,000000,119.87,119.87,119.87,119.87,0,0
1046.N,D,20190813,000000,118.03,118.03,118.03,118.03,0,0
1046.N,D,20190814,000000,119.47,119.47,119.47,119.47,0,0
1046.N,D,20190816,000000,118.79,118.79,118.79,118.79,0,0
1046.N,D,20190819,000000,119.9,119.9,119.9,119.9,0,0
1046.N,D,20190820,000000,120.81,120.81,120.81,120.81,0,0
1046.N,D,20190821,000000,120.01,120.01,120.01,120.01,0,0
1046.N,D,20190822,000000,120.77,120.77,120.77,120.77,0,0
1046.N,D,20190823,000000,121.11,121.11,121.11,121.11,0,0
1046.N,D,20190826,000000,118.73,118.73,118.73,118.73,0,0
1046.N,D,20190827,000000,119.05,119.05,119.05,119.05,0,0
1046.N,D,20190828,000000,118.89,118.89,118.89,118.89,0,0
1046.N,D,20190829,000000,120.18,120.18,120.18,120.18,0,0
1046.N,D,20190830,000000,121.51,121.51,121.51,121.51,0,0
1046.N,D,20190902,000000,122.35,122.35,122.35,122.35,0,0
1046.N,D,20190903,000000,122.4,122.4,122.4,122.4,0,0
1046.N,D,20190904,000000,122.26,122.26,122.26,122.26,0,0
1046.N,D,20190905,000000,123.06,123.06,123.06,123.06,0,0
1046.N,D,20190906,000000,123.93,123.93,123.93,123.93,0,0
1046.N,D,20190909,000000,124.25,124.25,124.25,124.25,0,0
1046.N,D,20190910,000000,124.34,124.34,124.34,124.34,0,0
1046.N,D,20190911,000000,125.27,125.27,125.27,125.27,0,0
1046.N,D,20190912,000000,126.02,126.02,126.02,126.02,0,0
1046.N,D,20190913,000000,125.76,125.76,125.76,125.76,0,0
1046.N,D,20190916,000000,125.92,125.92,125.92,125.92,0,0
1046.N,D,20190917,000000,126.03,126.03,126.03,126.03,0,0
1046.N,D,20190918,000000,125.94,125.94,125.94,125.94,0,0
1046.N,D,20190919,000000,125.89,125.89,125.89,125.89,0,0
1046.N,D,20190920,000000,126.18,126.18,126.18,126.18,0,0
1046.N,D,20190923,000000,126.17,126.17,126.17,126.17,0,0
1046.N,D,20190924,000000,126.08,126.08,126.08,126.08,0,0
1046.N,D,20190925,000000,124.8,124.8,124.8,124.8,0,0
1046.N,D,20190926,000000,126.19,126.19,126.19,126.19,0,0
1046.N,D,20190927,000000,126.16,126.16,126.16,126.16,0,0
1046.N,D,20190930,000000,125.62,125.62,125.62,125.62,0,0
1046.N,D,20191001,000000,126.56,126.56,126.56,126.56,0,0
1046.N,D,20191002,000000,124.7,124.7,124.7,124.7,0,0
1046.N,D,20191004,000000,122.45,122.45,122.45,122.45,0,0
1046.N,D,20191007,000000,123.8,123.8,123.8,123.8,0,0
1046.N,D,20191008,000000,123.4,123.4,123.4,123.4,0,0
1046.N,D,20191009,000000,121.96,121.96,121.96,121.96,0,0
1046.N,D,20191010,000000,122.51,122.51,122.51,122.51,0,0
1046.N,D,20191011,000000,124.4,124.4,124.4,124.4,0,0
1046.N,D,20191014,000000,124.9,124.9,124.9,124.9,0,0
1046.N,D,20191015,000000,125.01,125.01,125.01,125.01,0,0
1046.N,D,20191016,000000,125.84,125.84,125.84,125.84,0,0
1046.N,D,20191017,000000,125.28,125.28,125.28,125.28,0,0
1046.N,D,20191018,000000,125.18,125.18,125.18,125.18,0,0
1046.N,D,20191022,000000,125.39,125.39,125.39,125.39,0,0
1046.N,D,20191023,000000,125.44,125.44,125.44,125.44,0,0
1046.N,D,20191025,000000,126.05,126.05,126.05,126.05,0,0
1046.N,D,20191030,000000,127.5,127.5,127.5,127.5,0,0
1046.N,D,20191031,000000,126.94,126.94,126.94,126.94,0,0
1046.N,D,20191104,000000,128.17,128.17,128.17,128.17,0,0
1046.N,D,20191107,000000,129.77,129.77,129.77,129.77,0,0
1046.N,D,20191108,000000,130.23,130.23,130.23,130.23,0,0
1046.N,D,20191111,000000,130.4,130.4,130.4,130.4,0,0
1046.N,D,20191112,000000,130.41,130.41,130.41,130.41,0,0
1046.N,D,20191113,000000,130.39,130.39,130.39,130.39,0,0
1046.N,D,20191114,000000,130.56,130.56,130.56,130.56,0,0
1046.N,D,20191115,000000,130.62,130.62,130.62,130.62,0,0
1046.N,D,20191118,000000,130.97,130.97,130.97,130.97,0,0
1046.N,D,20191119,000000,131.08,131.08,131.08,131.08,0,0
1046.N,D,20191120,000000,130.31,130.31,130.31,130.31,0,0
1046.N,D,20191121,000000,129.72,129.72,129.72,129.72,0,0
1046.N,D,20191122,000000,129.81,129.81,129.81,129.81,0,0
1046.N,D,20191125,000000,130.73,130.73,130.73,130.73,0,0
1046.N,D,20191126,000000,131.42,131.42,131.42,131.42,0,0
1046.N,D,20191127,000000,132.03,132.03,132.03,132.03,0,0
1046.N,D,20191128,000000,132.25,132.25,132.25,132.25,0,0
1046.N,D,20191129,000000,132.2,132.2,132.2,132.2,0,0
1046.N,D,20191202,000000,131.85,131.85,131.85,131.85,0,0
1046.N,D,20191203,000000,130.04,130.04,130.04,130.04,0,0
1046.N,D,20191204,000000,129.6,129.6,129.6,129.6,0,0
1046.N,D,20191205,000000,130.22,130.22,130.22,130.22,0,0
1046.N,D,20191206,000000,130.5,130.5,130.5,130.5,0,0
1046.N,D,20191209,000000,131.63,131.63,131.63,131.63,0,0
1046.N,D,20191210,000000,130.88,130.88,130.88,130.88,0,0
1046.N,D,20191211,000000,130.97,130.97,130.97,130.97,0,0
1046.N,D,20191212,000000,130.88,130.88,130.88,130.88,0,0
1046.N,D,20191213,000000,131.51,131.51,131.51,131.51,0,0
1046.N,D,20191216,000000,132.14,132.14,132.14,132.14,0,0
1046.N,D,20191217,000000,132.6,132.6,132.6,132.6,0,0
1046.N,D,20191218,000000,132.88,132.88,132.88,132.88,0,0
1046.N,D,20191219,000000,132.82,132.82,132.82,132.82,0,0
1046.N,D,20191220,000000,133.38,133.38,133.38,133.38,0,0
1046.N,D,20191223,000000,134.22,134.22,134.22,134.22,0,0
1046.N,D,20191227,000000,134.24,134.24,134.24,134.24,0,0
1046.N,D,20191230,000000,133.55,133.55,133.55,133.55,0,0
1046.N,D,20200102,000000,133.42,133.42,133.42,133.42,0,0
1046.N,D,20200103,000000,133.8,133.8,133.8,133.8,0,0
1046.N,D,20200106,000000,132.54,132.54,132.54,132.54,0,0
1046.N,D,20200107,000000,133.79,133.79,133.79,133.79,0,0
1046.N,D,20200108,000000,133.75,133.75,133.75,133.75,0,0
1046.N,D,20200109,000000,134.82,134.82,134.82,134.82,0,0
1046.N,D,20200110,000000,135.43,135.43,135.43,135.43,0,0
1046.N,D,20200113,000000,135.08,135.08,135.08,135.08,0,0
1046.N,D,20200114,000000,135.45,135.45,135.45,135.45,0,0
1046.N,D,20200115,000000,135.39,135.39,135.39,135.39,0,0
1046.N,D,20200116,000000,135.37,135.37,135.37,135.37,0,0
1046.N,D,20200117,000000,136.65,136.65,136.65,136.65,0,0
1046.N,D,20200120,000000,137.4,137.4,137.4,137.4,0,0
1046.N,D,20200121,000000,137.17,137.17,137.17,137.17,0,0
1046.N,D,20200122,000000,137.1,137.1,137.1,137.1,0,0
1046.N,D,20200123,000000,137.15,137.15,137.15,137.15,0,0
1046.N,D,20200124,000000,137.78,137.78,137.78,137.78,0,0
1046.N,D,20200127,000000,135.67,135.67,135.67,135.67,0,0
1046.N,D,20200128,000000,134.87,134.87,134.87,134.87,0,0
1046.N,D,20200129,000000,136.22,136.22,136.22,136.22,0,0
1046.N,D,20200130,000000,135.5,135.5,135.5,135.5,0,0
1046.N,D,20200131,000000,135.5,135.5,135.5,135.5,0,0
1046.N,D,20200203,000000,133.06,133.06,133.06,133.06,0,0
1046.N,D,20200204,000000,134.91,134.91,134.91,134.91,0,0
1046.N,D,20200205,000000,136.98,136.98,136.98,136.98,0,0
1046.N,D,20200206,000000,138.13,138.13,138.13,138.13,0,0
1046.N,D,20200207,000000,138.48,138.48,138.48,138.48,0,0
1046.N,D,20200210,000000,137.95,137.95,137.95,137.95,0,0
1046.N,D,20200211,000000,139.22,139.22,139.22,139.22,0,0
1046.N,D,20200212,000000,139.58,139.58,139.58,139.58,0,0
1046.N,D,20200213,000000,140.48,140.48,140.48,140.48,0,0
1046.N,D,20200214,000000,141.03,141.03,141.03,141.03,0,0
1046.N,D,20200217,000000,141.1,141.1,141.1,141.1,0,0
1046.N,D,20200218,000000,141.06,141.06,141.06,141.06,0,0
1046.N,D,20200219,000000,141.09,141.09,141.09,141.09,0,0
1046.N,D,20200220,000000,141.37,141.37,141.37,141.37,0,0
1046.N,D,20200221,000000,140.61,140.61,140.61,140.61,0,0
1046.N,D,20200224,000000,136.66,136.66,136.66,136.66,0,0
1046.N,D,20200225,000000,134.71,134.71,134.71,134.71,0,0
1046.N,D,20200226,000000,130.1,130.1,130.1,130.1,0,0
1046.N,D,20200227,000000,128.99,128.99,128.99,128.99,0,0
1046.N,D,20200228,000000,121.25,121.25,121.25,121.25,0,0
1046.N,D,20200302,000000,122.68,122.68,122.68,122.68,0,0
1046.N,D,20200303,000000,125.74,125.74,125.74,125.74,0,0
1046.N,D,20200304,000000,124.18,124.18,124.18,124.18,0,0
1046.N,D,20200305,000000,125.59,125.59,125.59,125.59,0,0
1046.N,D,20200306,000000,121.02,121.02,121.02,121.02,0,0
1046.N,D,20200309,000000,114.84,114.84,114.84,114.84,0,0
1046.N,D,20200310,000000,113.45,113.45,113.45,113.45,0,0
1046.N,D,20200311,000000,113.14,113.14,113.14,113.14,0,0
1046.N,D,20200312,000000,106,106,106,106,0,0
1046.N,D,20200313,000000,100.8,100.8,100.8,100.8,0,0
1046.N,D,20200316,000000,101.69,101.69,101.69,101.69,0,0
1046.N,D,20200317,000000,94.59,94.59,94.59,94.59,0,0
1046.N,D,20200318,000000,97.09,97.09,97.09,97.09,0,0
1046.N,D,20200319,000000,95.67,95.67,95.67,95.67,0,0
1046.N,D,20200320,000000,100.16,100.16,100.16,100.16,0,0
1046.N,D,20200323,000000,93.73,93.73,93.73,93.73,0,0
1046.N,D,20200324,000000,94.53,94.53,94.53,94.53,0,0
1046.N,D,20200325,000000,101.84,101.84,101.84,101.84,0,0
1046.N,D,20200326,000000,100.35,100.35,100.35,100.35,0,0
1046.N,D,20200327,000000,104.34,104.34,104.34,104.34,0,0
1046.N,D,20200330,000000,101.71,101.71,101.71,101.71,0,0
1046.N,D,20200331,000000,105.56,105.56,105.56,105.56,0,0
1046.N,D,20200401,000000,102.23,102.23,102.23,102.23,0,0
1046.N,D,20200402,000000,101.59,101.59,101.59,101.59,0,0
1046.N,D,20200403,000000,102.14,102.14,102.14,102.14,0,0
1046.N,D,20200406,000000,103.7,103.7,103.7,103.7,0,0
1046.N,D,20200407,000000,108.7,108.7,108.7,108.7,0,0
1046.N,D,20200408,000000,107.5,107.5,107.5,107.5,0,0
1046.N,D,20200409,000000,110.38,110.38,110.38,110.38,0,0
1046.N,D,20200414,000000,111.31,111.31,111.31,111.31,0,0
1046.N,D,20200415,000000,111.75,111.75,111.75,111.75,0,0
1046.N,D,20200416,000000,110.46,110.46,110.46,110.46,0,0
1046.N,D,20200417,000000,113.32,113.32,113.32,113.32,0,0
1046.N,D,20200420,000000,113.52,113.52,113.52,113.52,0,0
1046.N,D,20200421,000000,112.08,112.08,112.08,112.08,0,0
1046.N,D,20200422,000000,109.87,109.87,109.87,109.87,0,0
1046.N,D,20200423,000000,111.68,111.68,111.68,111.68,0,0
1046.N,D,20200424,000000,112.11,112.11,112.11,112.11,0,0
1046.N,D,20200427,000000,113.6,113.6,113.6,113.6,0,0
1046.N,D,20200428,000000,114.77,114.77,114.77,114.77,0,0
1046.N,D,20200429,000000,115.27,115.27,115.27,115.27,0,0
1046.N,D,20200430,000000,117.34,117.34,117.34,117.34,0,0
1046.N,D,20200504,000000,111.38,111.38,111.38,111.38,0,0
1046.N,D,20200505,000000,113,113,113,113,0,0
1046.N,D,20200506,000000,114.58,114.58,114.58,114.58,0,0
1046.N,D,20200507,000000,114.73,114.73,114.73,114.73,0,0
1046.N,D,20200508,000000,115.84,115.84,115.84,115.84,0,0
1046.N,D,20200511,000000,117.03,117.03,117.03,117.03,0,0
1046.N,D,20200512,000000,117.03,117.03,117.03,117.03,0,0
1046.N,D,20200513,000000,114.98,114.98,114.98,114.98,0,0
1046.N,D,20200514,000000,112.97,112.97,112.97,112.97,0,0
1046.N,D,20200515,000000,113.95,113.95,113.95,113.95,0,0
1046.N,D,20200518,000000,115.35,115.35,115.35,115.35,0,0
1046.N,D,20200519,000000,116.35,116.35,116.35,116.35,0,0
1046.N,D,20200520,000000,116.1,116.1,116.1,116.1,0,0
1046.N,D,20200522,000000,116.16,116.16,116.16,116.16,0,0
1046.N,D,20200525,000000,117.39,117.39,117.39,117.39,0,0
1046.N,D,20200526,000000,118.49,118.49,118.49,118.49,0,0
1046.N,D,20200527,000000,119.06,119.06,119.06,119.06,0,0
1046.N,D,20200528,000000,119.51,119.51,119.51,119.51,0,0
1046.N,D,20200529,000000,118.27,118.27,118.27,118.27,0,0
1046.N,D,20200602,000000,119.33,119.33,119.33,119.33,0,0
1046.N,D,20200603,000000,120.48,120.48,120.48,120.48,0,0
1046.N,D,20200604,000000,121.14,121.14,121.14,121.14,0,0
1046.N,D,20200605,000000,121.06,121.06,121.06,121.06,0,0
1046.N,D,20200608,000000,122.83,122.83,122.83,122.83,0,0
1046.N,D,20200609,000000,122.88,122.88,122.88,122.88,0,0
1046.N,D,20200610,000000,122.36,122.36,122.36,122.36,0,0
1046.N,D,20200612,000000,117.62,117.62,117.62,117.62,0,0
1046.N,D,20200615,000000,116.05,116.05,116.05,116.05,0,0
1046.N,D,20200616,000000,119.05,119.05,119.05,119.05,0,0
1046.N,D,20200617,000000,121.34,121.34,121.34,121.34,0,0
1046.N,D,20200618,000000,120.55,120.55,120.55,120.55,0,0
1046.N,D,20200619,000000,120.64,120.64,120.64,120.64,0,0
1046.N,D,20200622,000000,120.25,120.25,120.25,120.25,0,0
1046.N,D,20200624,000000,119.88,119.88,119.88,119.88,0,0
1046.N,D,20200625,000000,118.35,118.35,118.35,118.35,0,0
1046.N,D,20200626,000000,119.54,119.54,119.54,119.54,0,0
1046.N,D,20200629,000000,117.11,117.11,117.11,117.11,0,0
1046.N,D,20200630,000000,118.64,118.64,118.64,118.64,0,0
1046.N,D,20200701,000000,119.93,119.93,119.93,119.93,0,0
1046.N,D,20200702,000000,120.64,120.64,120.64,120.64,0,0
1046.N,D,20200703,000000,121.11,121.11,121.11,121.11,0,0
1046.N,D,20200706,000000,121.89,121.89,121.89,121.89,0,0
1046.N,D,20200707,000000,122.01,122.01,122.01,122.01,0,0
1046.N,D,20200708,000000,121.01,121.01,121.01,121.01,0,0
1046.N,D,20200709,000000,121.34,121.34,121.34,121.34,0,0
1046.N,D,20200710,000000,120.82,120.82,120.82,120.82,0,0
1046.N,D,20200713,000000,121.86,121.86,121.86,121.86,0,0
1046.N,D,20200714,000000,120.54,120.54,120.54,120.54,0,0
1046.N,D,20200715,000000,121.93,121.93,121.93,121.93,0,0
1046.N,D,20200716,000000,122.24,122.24,122.24,122.24,0,0
1046.N,D,20200717,000000,122.25,122.25,122.25,122.25,0,0
1046.N,D,20200720,000000,122.22,122.22,122.22,122.22,0,0
1046.N,D,20200721,000000,123.92,123.92,123.92,123.92,0,0
1046.N,D,20200722,000000,122.44,122.44,122.44,122.44,0,0
1046.N,D,20200723,000000,122.55,122.55,122.55,122.55,0,0
1046.N,D,20200724,000000,120.93,120.93,120.93,120.93,0,0
1046.N,D,20200727,000000,119.49,119.49,119.49,119.49,0,0
1046.N,D,20200728,000000,119.99,119.99,119.99,119.99,0,0
1046.N,D,20200729,000000,119.33,119.33,119.33,119.33,0,0
1046.N,D,20200730,000000,119.58,119.58,119.58,119.58,0,0
1046.N,D,20200731,000000,119.08,119.08,119.08,119.08,0,0
1046.N,D,20200803,000000,119.36,119.36,119.36,119.36,0,0
1046.N,D,20200804,000000,120.8,120.8,120.8,120.8,0,0
1046.N,D,20200805,000000,121.02,121.02,121.02,121.02,0,0
1046.N,D,20200806,000000,121.37,121.37,121.37,121.37,0,0
1046.N,D,20200807,000000,121.65,121.65,121.65,121.65,0,0
1046.N,D,20200810,000000,122.35,122.35,122.35,122.35,0,0
1046.N,D,20200811,000000,123.74,123.74,123.74,123.74,0,0
1046.N,D,20200812,000000,123.51,123.51,123.51,123.51,0,0
1046.N,D,20200813,000000,123.56,123.56,123.56,123.56,0,0
1046.N,D,20200814,000000,122.96,122.96,122.96,122.96,0,0
1046.N,D,20200817,000000,122.89,122.89,122.89,122.89,0,0
1046.N,D,20200818,000000,122.85,122.85,122.85,122.85,0,0
1046.N,D,20200819,000000,122.79,122.79,122.79,122.79,0,0
1046.N,D,20200820,000000,122.97,122.97,122.97,122.97,0,0
1046.N,D,20200821,000000,123.57,123.57,123.57,123.57,0,0
1046.N,D,20200824,000000,124.06,124.06,124.06,124.06,0,0
1046.N,D,20200825,000000,124.8,124.8,124.8,124.8,0,0
1046.N,D,20200826,000000,125.06,125.06,125.06,125.06,0,0
1046.N,D,20200827,000000,125.69,125.69,125.69,125.69,0,0
1046.N,D,20200828,000000,125,125,125,125,0,0
1046.N,D,20200831,000000,125.51,125.51,125.51,125.51,0,0
1046.N,D,20200901,000000,124.65,124.65,124.65,124.65,0,0
1046.N,D,20200902,000000,126.9,126.9,126.9,126.9,0,0
1046.N,D,20200903,000000,128.17,128.17,128.17,128.17,0,0
1046.N,D,20200904,000000,124.11,124.11,124.11,124.11,0,0
1046.N,D,20200907,000000,123.15,123.15,123.15,123.15,0,0
1046.N,D,20200908,000000,123.34,123.34,123.34,123.34,0,0
1046.N,D,20200909,000000,121.65,121.65,121.65,121.65,0,0
1046.N,D,20200910,000000,122.6,122.6,122.6,122.6,0,0
1046.N,D,20200911,000000,121.57,121.57,121.57,121.57,0,0
1046.N,D,20200914,000000,121.8,121.8,121.8,121.8,0,0
1046.N,D,20200915,000000,122.11,122.11,122.11,122.11,0,0
1046.N,D,20200916,000000,123.26,123.26,123.26,123.26,0,0
1046.N,D,20200917,000000,122.08,122.08,122.08,122.08,0,0
1046.N,D,20200918,000000,121.74,121.74,121.74,121.74,0,0
1046.N,D,20200921,000000,119.82,119.82,119.82,119.82,0,0
1046.N,D,20200922,000000,120.16,120.16,120.16,120.16,0,0
1046.N,D,20200923,000000,121.55,121.55,121.55,121.55,0,0
1046.N,D,20200924,000000,119.57,119.57,119.57,119.57,0,0
1046.N,D,20200925,000000,119.76,119.76,119.76,119.76,0,0
1046.N,D,20200928,000000,122.07,122.07,122.07,122.07,0,0
1046.N,D,20200929,000000,122.56,122.56,122.56,122.56,0,0
1046.N,D,20200930,000000,121.82,121.82,121.82,121.82,0,0
1046.N,D,20201001,000000,122.41,122.41,122.41,122.41,0,0
1046.N,D,20201002,000000,122.39,122.39,122.39,122.39,0,0
1046.N,D,20201005,000000,122.45,122.45,122.45,122.45,0,0
1046.N,D,20201006,000000,123.84,123.84,123.84,123.84,0,0
1046.N,D,20201007,000000,123.4,123.4,123.4,123.4,0,0
1046.N,D,20201008,000000,124.47,124.47,124.47,124.47,0,0
1046.N,D,20201009,000000,124.98,124.98,124.98,124.98,0,0
1046.N,D,20201012,000000,126.13,126.13,126.13,126.13,0,0
1046.N,D,20201013,000000,127.48,127.48,127.48,127.48,0,0
1046.N,D,20201014,000000,127.33,127.33,127.33,127.33,0,0
1046.N,D,20201015,000000,125.76,125.76,125.76,125.76,0,0
1046.N,D,20201016,000000,126.43,126.43,126.43,126.43,0,0
