<TICKER>,<PER>,<DATE>,<TIME>,<OPEN>,<HIGH>,<LOW>,<CLOSE>,<VOL>,<OPENINT>
1352.N,D,20150401,000000,1000,1000,1000,1000,0,0
1352.N,D,20150402,000000,1005.36,1005.36,1005.36,1005.36,0,0
1352.N,D,20150407,000000,1011.55,1011.55,1011.55,1011.55,0,0
1352.N,D,20150408,000000,1026.61,1026.61,1026.61,1026.61,0,0
1352.N,D,20150409,000000,1040.63,1040.63,1040.63,1040.63,0,0
1352.N,D,20150410,000000,1046.18,1046.18,1046.18,1046.18,0,0
1352.N,D,20150413,000000,1053.47,1053.47,1053.47,1053.47,0,0
1352.N,D,20150414,000000,1044.78,1044.78,1044.78,1044.78,0,0
1352.N,D,20150415,000000,1041.07,1041.07,1041.07,1041.07,0,0
1352.N,D,20150416,000000,1047.47,1047.47,1047.47,1047.47,0,0
1352.N,D,20150417,000000,1046.76,1046.76,1046.76,1046.76,0,0
1352.N,D,20150420,000000,1036.85,1036.85,1036.85,1036.85,0,0
1352.N,D,20150421,000000,1044.04,1044.04,1044.04,1044.04,0,0
1352.N,D,20150422,000000,1057.73,1057.73,1057.73,1057.73,0,0
1352.N,D,20150423,000000,1061.76,1061.76,1061.76,1061.76,0,0
1352.N,D,20150424,000000,1066.42,1066.42,1066.42,1066.42,0,0
1352.N,D,20150427,000000,1069.07,1069.07,1069.07,1069.07,0,0
1352.N,D,20150428,000000,1072.98,1072.98,1072.98,1072.98,0,0
1352.N,D,20150429,000000,1062.21,1062.21,1062.21,1062.21,0,0
1352.N,D,20150430,000000,1052.57,1052.57,1052.57,1052.57,0,0
1352.N,D,20150504,000000,1040.03,1040.03,1040.03,1040.03,0,0
1352.N,D,20150505,000000,1036.74,1036.74,1036.74,1036.74,0,0
1352.N,D,20150506,000000,1031.75,1031.75,1031.75,1031.75,0,0
1352.N,D,20150507,000000,1013.51,1013.51,1013.51,1013.51,0,0
1352.N,D,20150508,000000,1018.23,1018.23,1018.23,1018.23,0,0
1352.N,D,20150511,000000,1027.11,1027.11,1027.11,1027.11,0,0
1352.N,D,20150512,000000,1020.38,1020.38,1020.38,1020.38,0,0
1352.N,D,20150513,000000,1017.72,1017.72,1017.72,1017.72,0,0
1352.N,D,20150515,000000,1030.83,1030.83,1030.83,1030.83,0,0
1352.N,D,20150518,000000,1035.31,1035.31,1035.31,1035.31,0,0
1352.N,D,20150519,000000,1038.1,1038.1,1038.1,1038.1,0,0
1352.N,D,20150520,000000,1036.54,1036.54,1036.54,1036.54,0,0
1352.N,D,20150521,000000,1035.62,1035.62,1035.62,1035.62,0,0
1352.N,D,20150522,000000,1055,1055,1055,1055,0,0
1352.N,D,20150526,000000,1058.15,1058.15,1058.15,1058.15,0,0
1352.N,D,20150527,000000,1053.86,1053.86,1053.86,1053.86,0,0
1352.N,D,20150528,000000,1042.43,1042.43,1042.43,1042.43,0,0
1352.N,D,20150529,000000,1035.04,1035.04,1035.04,1035.04,0,0
1352.N,D,20150601,000000,1034.78,1034.78,1034.78,1034.78,0,0
1352.N,D,20150602,000000,1022.84,1022.84,1022.84,1022.84,0,0
1352.N,D,20150603,000000,1018.19,1018.19,1018.19,1018.19,0,0
1352.N,D,20150604,000000,1007.9,1007.9,1007.9,1007.9,0,0
1352.N,D,20150605,000000,1003.86,1003.86,1003.86,1003.86,0,0
1352.N,D,20150608,000000,1001.69,1001.69,1001.69,1001.69,0,0
1352.N,D,20150609,000000,990.51,990.51,990.51,990.51,0,0
1352.N,D,20150610,000000,992.49,992.49,992.49,992.49,0,0
1352.N,D,20150611,000000,998.88,998.88,998.88,998.88,0,0
1352.N,D,20150612,000000,1007.99,1007.99,1007.99,1007.99,0,0
1352.N,D,20150615,000000,999.92,999.92,999.92,999.92,0,0
1352.N,D,20150616,000000,994.08,994.08,994.08,994.08,0,0
1352.N,D,20150617,000000,1002.82,1002.82,1002.82,1002.82,0,0
1352.N,D,20150618,000000,1005.15,1005.15,1005.15,1005.15,0,0
1352.N,D,20150619,000000,1003.3,1003.3,1003.3,1003.3,0,0
1352.N,D,20150622,000000,1015.58,1015.58,1015.58,1015.58,0,0
1352.N,D,20150624,000000,1028.74,1028.74,1028.74,1028.74,0,0
1352.N,D,20150625,000000,1022.72,1022.72,1022.72,1022.72,0,0
1352.N,D,20150626,000000,1013.56,1013.56,1013.56,1013.56,0,0
1352.N,D,20150629,000000,991.12,991.12,991.12,991.12,0,0
1352.N,D,20150630,000000,996.24,996.24,996.24,996.24,0,0
1352.N,D,20150701,000000,1004.55,1004.55,1004.55,1004.55,0,0
1352.N,D,20150702,000000,1008.61,1008.61,1008.61,1008.61,0,0
1352.N,D,20150703,000000,1002.69,1002.69,1002.69,1002.69,0,0
1352.N,D,20150706,000000,982.88,982.88,982.88,982.88,0,0
1352.N,D,20150707,000000,966.16,966.16,966.16,966.16,0,0
1352.N,D,20150708,000000,932.03,932.03,932.03,932.03,0,0
1352.N,D,20150709,000000,952.8,952.8,952.8,952.8,0,0
1352.N,D,20150710,000000,973.85,973.85,973.85,973.85,0,0
1352.N,D,20150713,000000,985.46,985.46,985.46,985.46,0,0
1352.N,D,20150714,000000,986.69,986.69,986.69,986.69,0,0
1352.N,D,20150715,000000,981.75,981.75,981.75,981.75,0,0
1352.N,D,20150716,000000,983.13,983.13,983.13,983.13,0,0
1352.N,D,20150717,000000,990.58,990.58,990.58,990.58,0,0
1352.N,D,20150720,000000,993.13,993.13,993.13,993.13,0,0
1352.N,D,20150721,000000,990.28,990.28,990.28,990.28,0,0
1352.N,D,20150722,000000,989.29,989.29,989.29,989.29,0,0
1352.N,D,20150723,000000,985.41,985.41,985.41,985.41,0,0
1352.N,D,20150724,000000,978.15,978.15,978.15,978.15,0,0
1352.N,D,20150727,000000,953.43,953.43,953.43,953.43,0,0
1352.N,D,20150728,000000,949.18,949.18,949.18,949.18,0,0
1352.N,D,20150729,000000,944.76,944.76,944.76,944.76,0,0
1352.N,D,20150730,000000,938.06,938.06,938.06,938.06,0,0
1352.N,D,20150731,000000,942.84,942.84,942.84,942.84,0,0
1352.N,D,20150803,000000,933.35,933.35,933.35,933.35,0,0
1352.N,D,20150804,000000,927.91,927.91,927.91,927.91,0,0
1352.N,D,20150805,000000,929.26,929.26,929.26,929.26,0,0
1352.N,D,20150806,000000,922.96,922.96,922.96,922.96,0,0
1352.N,D,20150807,000000,925.74,925.74,925.74,925.74,0,0
1352.N,D,20150810,000000,933.84,933.84,933.84,933.84,0,0
1352.N,D,20150811,000000,928.37,928.37,928.37,928.37,0,0
1352.N,D,20150812,000000,900.82,900.82,900.82,900.82,0,0
1352.N,D,20150813,000000,906.72,906.72,906.72,906.72,0,0
1352.N,D,20150814,000000,907.78,907.78,907.78,907.78,0,0
1352.N,D,20150817,000000,900.44,900.44,900.44,900.44,0,0
1352.N,D,20150818,000000,888.57,888.57,888.57,888.57,0,0
1352.N,D,20150819,000000,880.34,880.34,880.34,880.34,0,0
1352.N,D,20150820,000000,869.07,869.07,869.07,869.07,0,0
1352.N,D,20150821,000000,851.41,851.41,851.41,851.41,0,0
1352.N,D,20150824,000000,809.77,809.77,809.77,809.77,0,0
1352.N,D,20150825,000000,820.21,820.21,820.21,820.21,0,0
1352.N,D,20150826,000000,817.64,817.64,817.64,817.64,0,0
1352.N,D,20150827,000000,847.06,847.06,847.06,847.06,0,0
1352.N,D,20150828,000000,853.66,853.66,853.66,853.66,0,0
1352.N,D,20150831,000000,851.11,851.11,851.11,851.11,0,0
1352.N,D,20150901,000000,833.25,833.25,833.25,833.25,0,0
1352.N,D,20150902,000000,827.25,827.25,827.25,827.25,0,0
1352.N,D,20150903,000000,828,828,828,828,0,0
1352.N,D,20150904,000000,817.81,817.81,817.81,817.81,0,0
1352.N,D,20150907,000000,808.23,808.23,808.23,808.23,0,0
1352.N,D,20150908,000000,826.29,826.29,826.29,826.29,0,0
1352.N,D,20150909,000000,848.21,848.21,848.21,848.21,0,0
1352.N,D,20150910,000000,843,843,843,843,0,0
1352.N,D,20150911,000000,838.79,838.79,838.79,838.79,0,0
1352.N,D,20150914,000000,844.27,844.27,844.27,844.27,0,0
1352.N,D,20150915,000000,837.18,837.18,837.18,837.18,0,0
1352.N,D,20150916,000000,850.43,850.43,850.43,850.43,0,0
1352.N,D,20150917,000000,862.22,862.22,862.22,862.22,0,0
1352.N,D,20150918,000000,871.72,871.72,871.72,871.72,0,0
1352.N,D,20150921,000000,861.25,861.25,861.25,861.25,0,0
1352.N,D,20150922,000000,854.21,854.21,854.21,854.21,0,0
1352.N,D,20150923,000000,842.61,842.61,842.61,842.61,0,0
1352.N,D,20150924,000000,833.81,833.81,833.81,833.81,0,0
1352.N,D,20150925,000000,835.13,835.13,835.13,835.13,0,0
1352.N,D,20150928,000000,832.11,832.11,832.11,832.11,0,0
1352.N,D,20150929,000000,821.73,821.73,821.73,821.73,0,0
1352.N,D,20150930,000000,826.29,826.29,826.29,826.29,0,0
1352.N,D,20151001,000000,836.36,836.36,836.36,836.36,0,0
1352.N,D,20151002,000000,846.31,846.31,846.31,846.31,0,0
1352.N,D,20151005,000000,863.06,863.06,863.06,863.06,0,0
1352.N,D,20151006,000000,872.33,872.33,872.33,872.33,0,0
1352.N,D,20151007,000000,886.14,886.14,886.14,886.14,0,0
1352.N,D,20151008,000000,883.82,883.82,883.82,883.82,0,0
1352.N,D,20151009,000000,890.58,890.58,890.58,890.58,0,0
1352.N,D,20151012,000000,896.03,896.03,896.03,896.03,0,0
1352.N,D,20151013,000000,888.34,888.34,888.34,888.34,0,0
1352.N,D,20151014,000000,882.62,882.62,882.62,882.62,0,0
1352.N,D,20151015,000000,894.36,894.36,894.36,894.36,0,0
1352.N,D,20151016,000000,897,897,897,897,0,0
1352.N,D,20151019,000000,898.39,898.39,898.39,898.39,0,0
1352.N,D,20151020,000000,899.01,899.01,899.01,899.01,0,0
1352.N,D,20151021,000000,897.93,897.93,897.93,897.93,0,0
1352.N,D,20151022,000000,894.59,894.59,894.59,894.59,0,0
1352.N,D,20151023,000000,910.36,910.36,910.36,910.36,0,0
1352.N,D,20151026,000000,918.1,918.1,918.1,918.1,0,0
1352.N,D,20151027,000000,918.58,918.58,918.58,918.58,0,0
1352.N,D,20151028,000000,911.67,911.67,911.67,911.67,0,0
1352.N,D,20151029,000000,900.59,900.59,900.59,900.59,0,0
1352.N,D,20151030,000000,897.83,897.83,897.83,897.83,0,0
1352.N,D,20151102,000000,897.14,897.14,897.14,897.14,0,0
1352.N,D,20151103,000000,911.24,911.24,911.24,911.24,0,0
1352.N,D,20151104,000000,929.51,929.51,929.51,929.51,0,0
1352.N,D,20151105,000000,928.8,928.8,928.8,928.8,0,0
1352.N,D,20151106,000000,925.89,925.89,925.89,925.89,0,0
1352.N,D,20151109,000000,912.71,912.71,912.71,912.71,0,0
1352.N,D,20151110,000000,902.29,902.29,902.29,902.29,0,0
1352.N,D,20151111,000000,898.36,898.36,898.36,898.36,0,0
1352.N,D,20151112,000000,909.15,909.15,909.15,909.15,0,0
1352.N,D,20151113,000000,896.03,896.03,896.03,896.03,0,0
1352.N,D,20151116,000000,883.24,883.24,883.24,883.24,0,0
1352.N,D,20151117,000000,889.38,889.38,889.38,889.38,0,0
1352.N,D,20151118,000000,881.8,881.8,881.8,881.8,0,0
1352.N,D,20151119,000000,891.75,891.75,891.75,891.75,0,0
1352.N,D,20151120,000000,901.83,901.83,901.83,901.83,0,0
1352.N,D,20151123,000000,901.01,901.01,901.01,901.01,0,0
1352.N,D,20151124,000000,896.22,896.22,896.22,896.22,0,0
1352.N,D,20151125,000000,894.94,894.94,894.94,894.94,0,0
1352.N,D,20151126,000000,896.35,896.35,896.35,896.35,0,0
1352.N,D,20151127,000000,884.85,884.85,884.85,884.85,0,0
1352.N,D,20151130,000000,880.2,880.2,880.2,880.2,0,0
1352.N,D,20151201,000000,892.6,892.6,892.6,892.6,0,0
1352.N,D,20151202,000000,897.4,897.4,897.4,897.4,0,0
1352.N,D,20151203,000000,893.03,893.03,893.03,893.03,0,0
1352.N,D,20151204,000000,888.01,888.01,888.01,888.01,0,0
1352.N,D,20151207,000000,886.62,886.62,886.62,886.62,0,0
1352.N,D,20151208,000000,875.13,875.13,875.13,875.13,0,0
1352.N,D,20151209,000000,866.91,866.91,866.91,866.91,0,0
1352.N,D,20151210,000000,863.41,863.41,863.41,863.41,0,0
1352.N,D,20151211,000000,854.71,854.71,854.71,854.71,0,0
1352.N,D,20151214,000000,845.61,845.61,845.61,845.61,0,0
1352.N,D,20151215,000000,849.43,849.43,849.43,849.43,0,0
1352.N,D,20151216,000000,858.88,858.88,858.88,858.88,0,0
1352.N,D,20151217,000000,870.95,870.95,870.95,870.95,0,0
1352.N,D,20151218,000000,866.74,866.74,866.74,866.74,0,0
1352.N,D,20151221,000000,867.19,867.19,867.19,867.19,0,0
1352.N,D,20151222,000000,871.89,871.89,871.89,871.89,0,0
1352.N,D,20151223,000000,874.46,874.46,874.46,874.46,0,0
1352.N,D,20151228,000000,871.92,871.92,871.92,871.92,0,0
1352.N,D,20151229,000000,873.12,873.12,873.12,873.12,0,0
1352.N,D,20151230,000000,870.77,870.77,870.77,870.77,0,0
1352.N,D,20151231,000000,870.95,870.95,870.95,870.95,0,0
1352.N,D,20160104,000000,847.55,847.55,847.55,847.55,0,0
1352.N,D,20160105,000000,840.66,840.66,840.66,840.66,0,0
1352.N,D,20160106,000000,833.47,833.47,833.47,833.47,0,0
1352.N,D,20160107,000000,805.62,805.62,805.62,805.62,0,0
1352.N,D,20160108,000000,805.59,805.59,805.59,805.59,0,0
1352.N,D,20160111,000000,788.02,788.02,788.02,788.02,0,0
1352.N,D,20160112,000000,779.91,779.91,779.91,779.91,0,0
1352.N,D,20160113,000000,787.54,787.54,787.54,787.54,0,0
1352.N,D,20160114,000000,774.26,774.26,774.26,774.26,0,0
1352.N,D,20160115,000000,771.82,771.82,771.82,771.82,0,0
1352.N,D,20160118,000000,768.09,768.09,768.09,768.09,0,0
1352.N,D,20160119,000000,781.7,781.7,781.7,781.7,0,0
1352.N,D,20160120,000000,759.63,759.63,759.63,759.63,0,0
1352.N,D,20160121,000000,752.88,752.88,752.88,752.88,0,0
1352.N,D,20160122,000000,769.64,769.64,769.64,769.64,0,0
1352.N,D,20160125,000000,777.29,777.29,777.29,777.29,0,0
1352.N,D,20160126,000000,770.12,770.12,770.12,770.12,0,0
1352.N,D,20160127,000000,772.03,772.03,772.03,772.03,0,0
1352.N,D,20160128,000000,775.25,775.25,775.25,775.25,0,0
1352.N,D,20160129,000000,790.22,790.22,790.22,790.22,0,0
1352.N,D,20160201,000000,790.56,790.56,790.56,790.56,0,0
1352.N,D,20160202,000000,784.24,784.24,784.24,784.24,0,0
1352.N,D,20160203,000000,769.84,769.84,769.84,769.84,0,0
1352.N,D,20160204,000000,777.5,777.5,777.5,777.5,0,0
1352.N,D,20160205,000000,784.76,784.76,784.76,784.76,0,0
1352.N,D,20160208,000000,780.84,780.84,780.84,780.84,0,0
1352.N,D,20160209,000000,772.88,772.88,772.88,772.88,0,0
1352.N,D,20160210,000000,771,771,771,771,0,0
1352.N,D,20160211,000000,758.69,758.69,758.69,758.69,0,0
1352.N,D,20160212,000000,756.66,756.66,756.66,756.66,0,0
1352.N,D,20160215,000000,772.96,772.96,772.96,772.96,0,0
1352.N,D,20160216,000000,778.69,778.69,778.69,778.69,0,0
1352.N,D,20160217,000000,778.91,778.91,778.91,778.91,0,0
1352.N,D,20160218,000000,790.28,790.28,790.28,790.28,0,0
1352.N,D,20160219,000000,787.67,787.67,787.67,787.67,0,0
1352.N,D,20160222,000000,793.46,793.46,793.46,793.46,0,0
1352.N,D,20160223,000000,791.68,791.68,791.68,791.68,0,0
1352.N,D,20160224,000000,784.41,784.41,784.41,784.41,0,0
1352.N,D,20160225,000000,779.66,779.66,779.66,779.66,0,0
1352.N,D,20160226,000000,790.31,790.31,790.31,790.31,0,0
1352.N,D,20160229,000000,786.11,786.11,786.11,786.11,0,0
1352.N,D,20160301,000000,796.92,796.92,796.92,796.92,0,0
1352.N,D,20160302,000000,816.62,816.62,816.62,816.62,0,0
1352.N,D,20160303,000000,822.15,822.15,822.15,822.15,0,0
1352.N,D,20160304,000000,829.25,829.25,829.25,829.25,0,0
1352.N,D,20160307,000000,826.87,826.87,826.87,826.87,0,0
1352.N,D,20160308,000000,818.86,818.86,818.86,818.86,0,0
1352.N,D,20160309,000000,819.52,819.52,819.52,819.52,0,0
1352.N,D,20160310,000000,821.64,821.64,821.64,821.64,0,0
1352.N,D,20160311,000000,828.96,828.96,828.96,828.96,0,0
1352.N,D,20160314,000000,839.14,839.14,839.14,839.14,0,0
1352.N,D,20160315,000000,832.43,832.43,832.43,832.43,0,0
1352.N,D,20160316,000000,831.88,831.88,831.88,831.88,0,0
1352.N,D,20160317,000000,843.87,843.87,843.87,843.87,0,0
1352.N,D,20160318,000000,855.09,855.09,855.09,855.09,0,0
1352.N,D,20160321,000000,857.84,857.84,857.84,857.84,0,0
1352.N,D,20160322,000000,855.45,855.45,855.45,855.45,0,0
1352.N,D,20160323,000000,851.27,851.27,851.27,851.27,0,0
1352.N,D,20160324,000000,841.38,841.38,841.38,841.38,0,0
1352.N,D,20160329,000000,835.12,835.12,835.12,835.12,0,0
1352.N,D,20160330,000000,849.1,849.1,849.1,849.1,0,0
1352.N,D,20160331,000000,853.86,853.86,853.86,853.86,0,0
1352.N,D,20160401,000000,845.96,845.96,845.96,845.96,0,0
1352.N,D,20160404,000000,848.22,848.22,848.22,848.22,0,0
1352.N,D,20160405,000000,839.69,839.69,839.69,839.69,0,0
1352.N,D,20160406,000000,835.62,835.62,835.62,835.62,0,0
1352.N,D,20160407,000000,841.25,841.25,841.25,841.25,0,0
1352.N,D,20160408,000000,838.2,838.2,838.2,838.2,0,0
1352.N,D,20160411,000000,841.07,841.07,841.07,841.07,0,0
1352.N,D,20160412,000000,844.54,844.54,844.54,844.54,0,0
1352.N,D,20160413,000000,856.64,856.64,856.64,856.64,0,0
1352.N,D,20160414,000000,859.39,859.39,859.39,859.39,0,0
1352.N,D,20160415,000000,862.86,862.86,862.86,862.86,0,0
1352.N,D,20160418,000000,863.81,863.81,863.81,863.81,0,0
1352.N,D,20160419,000000,869.9,869.9,869.9,869.9,0,0
1352.N,D,20160420,000000,868.47,868.47,868.47,868.47,0,0
1352.N,D,20160421,000000,871.89,871.89,871.89,871.89,0,0
1352.N,D,20160422,000000,865.9,865.9,865.9,865.9,0,0
1352.N,D,20160425,000000,861.36,861.36,861.36,861.36,0,0
1352.N,D,20160426,000000,859.46,859.46,859.46,859.46,0,0
1352.N,D,20160427,000000,855.71,855.71,855.71,855.71,0,0
1352.N,D,20160428,000000,853.44,853.44,853.44,853.44,0,0
1352.N,D,20160429,000000,847.64,847.64,847.64,847.64,0,0
1352.N,D,20160502,000000,847.2,847.2,847.2,847.2,0,0
1352.N,D,20160503,000000,838.7,838.7,838.7,838.7,0,0
1352.N,D,20160504,000000,832.33,832.33,832.33,832.33,0,0
1352.N,D,20160506,000000,825.42,825.42,825.42,825.42,0,0
1352.N,D,20160509,000000,829.44,829.44,829.44,829.44,0,0
1352.N,D,20160510,000000,832.16,832.16,832.16,832.16,0,0
1352.N,D,20160511,000000,834.68,834.68,834.68,834.68,0,0
1352.N,D,20160512,000000,830.13,830.13,830.13,830.13,0,0
1352.N,D,20160513,000000,824.62,824.62,824.62,824.62,0,0
1352.N,D,20160517,000000,835.76,835.76,835.76,835.76,0,0
1352.N,D,20160518,000000,828.8,828.8,828.8,828.8,0,0
1352.N,D,20160519,000000,816.91,816.91,816.91,816.91,0,0
1352.N,D,20160520,000000,817.57,817.57,817.57,817.57,0,0
1352.N,D,20160523,000000,823.81,823.81,823.81,823.81,0,0
1352.N,D,20160524,000000,817.27,817.27,817.27,817.27,0,0
1352.N,D,20160525,000000,830.83,830.83,830.83,830.83,0,0
1352.N,D,20160526,000000,830.55,830.55,830.55,830.55,0,0
1352.N,D,20160527,000000,840.75,840.75,840.75,840.75,0,0
1352.N,D,20160530,000000,841.4,841.4,841.4,841.4,0,0
1352.N,D,20160531,000000,847.28,847.28,847.28,847.28,0,0
1352.N,D,20160601,000000,847.99,847.99,847.99,847.99,0,0
1352.N,D,20160602,000000,845.3,845.3,845.3,845.3,0,0
1352.N,D,20160603,000000,850.77,850.77,850.77,850.77,0,0
1352.N,D,20160606,000000,857.13,857.13,857.13,857.13,0,0
1352.N,D,20160607,000000,869.45,869.45,869.45,869.45,0,0
1352.N,D,20160608,000000,871.45,871.45,871.45,871.45,0,0
1352.N,D,20160609,000000,868.37,868.37,868.37,868.37,0,0
1352.N,D,20160610,000000,859.33,859.33,859.33,859.33,0,0
1352.N,D,20160613,000000,844.64,844.64,844.64,844.64,0,0
1352.N,D,20160614,000000,839.94,839.94,839.94,839.94,0,0
1352.N,D,20160615,000000,843.99,843.99,843.99,843.99,0,0
1352.N,D,20160616,000000,837.8,837.8,837.8,837.8,0,0
1352.N,D,20160617,000000,841.29,841.29,841.29,841.29,0,0
1352.N,D,20160620,000000,850.04,850.04,850.04,850.04,0,0
1352.N,D,20160621,000000,856.94,856.94,856.94,856.94,0,0
1352.N,D,20160622,000000,860.12,860.12,860.12,860.12,0,0
1352.N,D,20160624,000000,843.88,843.88,843.88,843.88,0,0
1352.N,D,20160627,000000,838.51,838.51,838.51,838.51,0,0
1352.N,D,20160628,000000,843.52,843.52,843.52,843.52,0,0
1352.N,D,20160629,000000,857.11,857.11,857.11,857.11,0,0
1352.N,D,20160630,000000,867.57,867.57,867.57,867.57,0,0
1352.N,D,20160701,000000,871.26,871.26,871.26,871.26,0,0
1352.N,D,20160704,000000,876.28,876.28,876.28,876.28,0,0
1352.N,D,20160705,000000,872.55,872.55,872.55,872.55,0,0
1352.N,D,20160706,000000,865.38,865.38,865.38,865.38,0,0
1352.N,D,20160707,000000,870.18,870.18,870.18,870.18,0,0
1352.N,D,20160708,000000,868.4,868.4,868.4,868.4,0,0
1352.N,D,20160711,000000,876.25,876.25,876.25,876.25,0,0
1352.N,D,20160712,000000,887.65,887.65,887.65,887.65,0,0
1352.N,D,20160713,000000,892.44,892.44,892.44,892.44,0,0
1352.N,D,20160714,000000,894.35,894.35,894.35,894.35,0,0
1352.N,D,20160715,000000,900.05,900.05,900.05,900.05,0,0
1352.N,D,20160718,000000,897.03,897.03,897.03,897.03,0,0
1352.N,D,20160719,000000,894.23,894.23,894.23,894.23,0,0
1352.N,D,20160720,000000,894.69,894.69,894.69,894.69,0,0
1352.N,D,20160721,000000,896.29,896.29,896.29,896.29,0,0
1352.N,D,20160722,000000,896.91,896.91,896.91,896.91,0,0
1352.N,D,20160725,000000,897.38,897.38,897.38,897.38,0,0
1352.N,D,20160726,000000,901.38,901.38,901.38,901.38,0,0
1352.N,D,20160727,000000,903.92,903.92,903.92,903.92,0,0
1352.N,D,20160728,000000,903.94,903.94,903.94,903.94,0,0
1352.N,D,20160729,000000,896.32,896.32,896.32,896.32,0,0
1352.N,D,20160801,000000,907.66,907.66,907.66,907.66,0,0
1352.N,D,20160802,000000,905.27,905.27,905.27,905.27,0,0
1352.N,D,20160803,000000,895.37,895.37,895.37,895.37,0,0
1352.N,D,20160804,000000,897.36,897.36,897.36,897.36,0,0
1352.N,D,20160805,000000,908.95,908.95,908.95,908.95,0,0
1352.N,D,20160808,000000,920.57,920.57,920.57,920.57,0,0
1352.N,D,20160809,000000,921.8,921.8,921.8,921.8,0,0
1352.N,D,20160810,000000,920.77,920.77,920.77,920.77,0,0
1352.N,D,20160811,000000,925.1,925.1,925.1,925.1,0,0
1352.N,D,20160812,000000,927.59,927.59,927.59,927.59,0,0
1352.N,D,20160816,000000,936.75,936.75,936.75,936.75,0,0
1352.N,D,20160817,000000,932.11,932.11,932.11,932.11,0,0
1352.N,D,20160818,000000,938.7,938.7,938.7,938.7,0,0
1352.N,D,20160819,000000,931.31,931.31,931.31,931.31,0,0
1352.N,D,20160822,000000,931.8,931.8,931.8,931.8,0,0
1352.N,D,20160823,000000,930.51,930.51,930.51,930.51,0,0
1352.N,D,20160824,000000,929.45,929.45,929.45,929.45,0,0
1352.N,D,20160825,000000,930.07,930.07,930.07,930.07,0,0
1352.N,D,20160826,000000,932,932,932,932,0,0
1352.N,D,20160829,000000,924.74,924.74,924.74,924.74,0,0
1352.N,D,20160830,000000,929.26,929.26,929.26,929.26,0,0
1352.N,D,20160831,000000,929.17,929.17,929.17,929.17,0,0
1352.N,D,20160901,000000,928.55,928.55,928.55,928.55,0,0
1352.N,D,20160902,000000,931.59,931.59,931.59,931.59,0,0
1352.N,D,20160905,000000,941.84,941.84,941.84,941.84,0,0
1352.N,D,20160906,000000,948.08,948.08,948.08,948.08,0,0
1352.N,D,20160907,000000,955.12,955.12,955.12,955.12,0,0
1352.N,D,20160908,000000,955.78,955.78,955.78,955.78,0,0
1352.N,D,20160909,000000,948.86,948.86,948.86,948.86,0,0
1352.N,D,20160912,000000,928.05,928.05,928.05,928.05,0,0
1352.N,D,20160913,000000,926.72,926.72,926.72,926.72,0,0
1352.N,D,20160914,000000,924.3,924.3,924.3,924.3,0,0
1352.N,D,20160915,000000,932.16,932.16,932.16,932.16,0,0
1352.N,D,20160916,000000,933.4,933.4,933.4,933.4,0,0
1352.N,D,20160919,000000,944.54,944.54,944.54,944.54,0,0
1352.N,D,20160920,000000,941.35,941.35,941.35,941.35,0,0
1352.N,D,20160921,000000,943.89,943.89,943.89,943.89,0,0
1352.N,D,20160922,000000,954.4,954.4,954.4,954.4,0,0
1352.N,D,20160923,000000,955.96,955.96,955.96,955.96,0,0
1352.N,D,20160926,000000,944.49,944.49,944.49,944.49,0,0
1352.N,D,20160927,000000,950.39,950.39,950.39,950.39,0,0
1352.N,D,20160928,000000,950.53,950.53,950.53,950.53,0,0
1352.N,D,20160929,000000,954.17,954.17,954.17,954.17,0,0
1352.N,D,20160930,000000,942.73,942.73,942.73,942.73,0,0
1352.N,D,20161003,000000,952.54,952.54,952.54,952.54,0,0
1352.N,D,20161004,000000,957.46,957.46,957.46,957.46,0,0
1352.N,D,20161005,000000,953.62,953.62,953.62,953.62,0,0
1352.N,D,20161006,000000,955.68,955.68,955.68,955.68,0,0
1352.N,D,20161007,000000,948.02,948.02,948.02,948.02,0,0
1352.N,D,20161010,000000,947.59,947.59,947.59,947.59,0,0
1352.N,D,20161011,000000,942.8,942.8,942.8,942.8,0,0
1352.N,D,20161012,000000,933.6,933.6,933.6,933.6,0,0
1352.N,D,20161013,000000,920.53,920.53,920.53,920.53,0,0
1352.N,D,20161014,000000,932.63,932.63,932.63,932.63,0,0
1352.N,D,20161017,000000,925.86,925.86,925.86,925.86,0,0
1352.N,D,20161018,000000,936.92,936.92,936.92,936.92,0,0
1352.N,D,20161019,000000,937.75,937.75,937.75,937.75,0,0
1352.N,D,20161020,000000,935.91,935.91,935.91,935.91,0,0
1352.N,D,20161021,000000,931.69,931.69,931.69,931.69,0,0
1352.N,D,20161024,000000,935.24,935.24,935.24,935.24,0,0
1352.N,D,20161025,000000,933.15,933.15,933.15,933.15,0,0
1352.N,D,20161026,000000,928,928,928,928,0,0
1352.N,D,20161027,000000,922.58,922.58,922.58,922.58,0,0
1352.N,D,20161028,000000,918.87,918.87,918.87,918.87,0,0
1352.N,D,20161031,000000,914.38,914.38,914.38,914.38,0,0
1352.N,D,20161102,000000,904.88,904.88,904.88,904.88,0,0
1352.N,D,20161103,000000,897.7,897.7,897.7,897.7,0,0
1352.N,D,20161104,000000,891.69,891.69,891.69,891.69,0,0
1352.N,D,20161107,000000,899.46,899.46,899.46,899.46,0,0
1352.N,D,20161108,000000,905.33,905.33,905.33,905.33,0,0
1352.N,D,20161109,000000,892.88,892.88,892.88,892.88,0,0
1352.N,D,20161110,000000,903.32,903.32,903.32,903.32,0,0
1352.N,D,20161111,000000,879.22,879.22,879.22,879.22,0,0
1352.N,D,20161114,000000,868.72,868.72,868.72,868.72,0,0
1352.N,D,20161115,000000,859.95,859.95,859.95,859.95,0,0
1352.N,D,20161116,000000,863.28,863.28,863.28,863.28,0,0
1352.N,D,20161117,000000,866.22,866.22,866.22,866.22,0,0
1352.N,D,20161118,000000,865.98,865.98,865.98,865.98,0,0
1352.N,D,20161121,000000,864.65,864.65,864.65,864.65,0,0
1352.N,D,20161122,000000,871.59,871.59,871.59,871.59,0,0
1352.N,D,20161123,000000,868.92,868.92,868.92,868.92,0,0
1352.N,D,20161124,000000,863.03,863.03,863.03,863.03,0,0
1352.N,D,20161125,000000,868.98,868.98,868.98,868.98,0,0
1352.N,D,20161128,000000,871.63,871.63,871.63,871.63,0,0
1352.N,D,20161129,000000,870.17,870.17,870.17,870.17,0,0
1352.N,D,20161130,000000,870.45,870.45,870.45,870.45,0,0
1352.N,D,20161201,000000,871.78,871.78,871.78,871.78,0,0
1352.N,D,20161202,000000,859.96,859.96,859.96,859.96,0,0
1352.N,D,20161205,000000,859.47,859.47,859.47,859.47,0,0
1352.N,D,20161206,000000,864.16,864.16,864.16,864.16,0,0
1352.N,D,20161207,000000,868.88,868.88,868.88,868.88,0,0
1352.N,D,20161208,000000,877.84,877.84,877.84,877.84,0,0
1352.N,D,20161209,000000,876.03,876.03,876.03,876.03,0,0
1352.N,D,20161212,000000,869.31,869.31,869.31,869.31,0,0
1352.N,D,20161213,000000,872.15,872.15,872.15,872.15,0,0
1352.N,D,20161214,000000,873.39,873.39,873.39,873.39,0,0
1352.N,D,20161215,000000,862.76,862.76,862.76,862.76,0,0
1352.N,D,20161216,000000,861.52,861.52,861.52,861.52,0,0
1352.N,D,20161219,000000,855.64,855.64,855.64,855.64,0,0
1352.N,D,20161220,000000,850,850,850,850,0,0
1352.N,D,20161221,000000,852.81,852.81,852.81,852.81,0,0
1352.N,D,20161222,000000,843.43,843.43,843.43,843.43,0,0
1352.N,D,20161223,000000,839.15,839.15,839.15,839.15,0,0
1352.N,D,20161227,000000,839.18,839.18,839.18,839.18,0,0
1352.N,D,20161228,000000,844.31,844.31,844.31,844.31,0,0
1352.N,D,20161229,000000,848.86,848.86,848.86,848.86,0,0
1352.N,D,20161230,000000,853.46,853.46,853.46,853.46,0,0
1352.N,D,20170102,000000,855.19,855.19,855.19,855.19,0,0
1352.N,D,20170103,000000,859.95,859.95,859.95,859.95,0,0
1352.N,D,20170104,000000,863.5,863.5,863.5,863.5,0,0
1352.N,D,20170105,000000,878.83,878.83,878.83,878.83,0,0
1352.N,D,20170106,000000,881.89,881.89,881.89,881.89,0,0
1352.N,D,20170109,000000,875.62,875.62,875.62,875.62,0,0
1352.N,D,20170110,000000,882.37,882.37,882.37,882.37,0,0
1352.N,D,20170111,000000,888.13,888.13,888.13,888.13,0,0
1352.N,D,20170112,000000,888.99,888.99,888.99,888.99,0,0
1352.N,D,20170113,000000,892.82,892.82,892.82,892.82,0,0
1352.N,D,20170116,000000,888.05,888.05,888.05,888.05,0,0
1352.N,D,20170117,000000,892.95,892.95,892.95,892.95,0,0
1352.N,D,20170118,000000,897.37,897.37,897.37,897.37,0,0
1352.N,D,20170119,000000,893.35,893.35,893.35,893.35,0,0
1352.N,D,20170120,000000,888.6,888.6,888.6,888.6,0,0
1352.N,D,20170123,000000,889.2,889.2,889.2,889.2,0,0
1352.N,D,20170124,000000,894.38,894.38,894.38,894.38,0,0
1352.N,D,20170125,000000,898.03,898.03,898.03,898.03,0,0
1352.N,D,20170126,000000,906.57,906.57,906.57,906.57,0,0
1352.N,D,20170127,000000,904.7,904.7,904.7,904.7,0,0
1352.N,D,20170130,000000,903.61,903.61,903.61,903.61,0,0
1352.N,D,20170131,000000,900.08,900.08,900.08,900.08,0,0
1352.N,D,20170201,000000,903.03,903.03,903.03,903.03,0,0
1352.N,D,20170202,000000,903.84,903.84,903.84,903.84,0,0
1352.N,D,20170203,000000,902.47,902.47,902.47,902.47,0,0
1352.N,D,20170206,000000,911.65,911.65,911.65,911.65,0,0
1352.N,D,20170207,000000,909.65,909.65,909.65,909.65,0,0
1352.N,D,20170208,000000,908.83,908.83,908.83,908.83,0,0
1352.N,D,20170209,000000,913.74,913.74,913.74,913.74,0,0
1352.N,D,20170210,000000,916.29,916.29,916.29,916.29,0,0
1352.N,D,20170213,000000,921.5,921.5,921.5,921.5,0,0
1352.N,D,20170214,000000,924.74,924.74,924.74,924.74,0,0
1352.N,D,20170215,000000,923.11,923.11,923.11,923.11,0,0
1352.N,D,20170216,000000,923.7,923.7,923.7,923.7,0,0
1352.N,D,20170217,000000,921.19,921.19,921.19,921.19,0,0
1352.N,D,20170220,000000,920.43,920.43,920.43,920.43,0,0
1352.N,D,20170221,000000,920.94,920.94,920.94,920.94,0,0
1352.N,D,20170222,000000,928.27,928.27,928.27,928.27,0,0
1352.N,D,20170223,000000,931.66,931.66,931.66,931.66,0,0
1352.N,D,20170224,000000,925.4,925.4,925.4,925.4,0,0
1352.N,D,20170227,000000,920.84,920.84,920.84,920.84,0,0
1352.N,D,20170228,000000,918.67,918.67,918.67,918.67,0,0
1352.N,D,20170301,000000,920.13,920.13,920.13,920.13,0,0
1352.N,D,20170302,000000,919.6,919.6,919.6,919.6,0,0
1352.N,D,20170303,000000,913.45,913.45,913.45,913.45,0,0
1352.N,D,20170306,000000,916.32,916.32,916.32,916.32,0,0
1352.N,D,20170307,000000,920.35,920.35,920.35,920.35,0,0
1352.N,D,20170308,000000,921.38,921.38,921.38,921.38,0,0
1352.N,D,20170309,000000,915.32,915.32,915.32,915.32,0,0
1352.N,D,20170310,000000,914.12,914.12,914.12,914.12,0,0
1352.N,D,20170313,000000,925.63,925.63,925.63,925.63,0,0
1352.N,D,20170314,000000,927.95,927.95,927.95,927.95,0,0
1352.N,D,20170315,000000,928.97,928.97,928.97,928.97,0,0
1352.N,D,20170316,000000,942.23,942.23,942.23,942.23,0,0
1352.N,D,20170317,000000,949.5,949.5,949.5,949.5,0,0
1352.N,D,20170320,000000,953.4,953.4,953.4,953.4,0,0
1352.N,D,20170321,000000,955.28,955.28,955.28,955.28,0,0
1352.N,D,20170322,000000,943.54,943.54,943.54,943.54,0,0
1352.N,D,20170323,000000,946.75,946.75,946.75,946.75,0,0
1352.N,D,20170324,000000,950.65,950.65,950.65,950.65,0,0
1352.N,D,20170327,000000,949.91,949.91,949.91,949.91,0,0
1352.N,D,20170328,000000,953.54,953.54,953.54,953.54,0,0
1352.N,D,20170329,000000,955.31,955.31,955.31,955.31,0,0
1352.N,D,20170330,000000,954.39,954.39,954.39,954.39,0,0
1352.N,D,20170331,000000,951.28,951.28,951.28,951.28,0,0
1352.N,D,20170403,000000,955.6,955.6,955.6,955.6,0,0
1352.N,D,20170404,000000,956.34,956.34,956.34,956.34,0,0
1352.N,D,20170405,000000,959.88,959.88,959.88,959.88,0,0
1352.N,D,20170406,000000,952.18,952.18,952.18,952.18,0,0
1352.N,D,20170407,000000,955.01,955.01,955.01,955.01,0,0
1352.N,D,20170410,000000,951.22,951.22,951.22,951.22,0,0
1352.N,D,20170411,000000,951.61,951.61,951.61,951.61,0,0
1352.N,D,20170412,000000,954.72,954.72,954.72,954.72,0,0
1352.N,D,20170413,000000,957.7,957.7,957.7,957.7,0,0
1352.N,D,20170418,000000,952.28,952.28,952.28,952.28,0,0
1352.N,D,20170419,000000,950.54,950.54,950.54,950.54,0,0
1352.N,D,20170420,000000,956.54,956.54,956.54,956.54,0,0
1352.N,D,20170421,000000,965.16,965.16,965.16,965.16,0,0
1352.N,D,20170424,000000,967.31,967.31,967.31,967.31,0,0
1352.N,D,20170425,000000,978.47,978.47,978.47,978.47,0,0
1352.N,D,20170426,000000,987.13,987.13,987.13,987.13,0,0
1352.N,D,20170427,000000,987.18,987.18,987.18,987.18,0,0
1352.N,D,20170428,000000,984.4,984.4,984.4,984.4,0,0
1352.N,D,20170502,000000,990.62,990.62,990.62,990.62,0,0
1352.N,D,20170503,000000,991.71,991.71,991.71,991.71,0,0
1352.N,D,20170504,000000,991.04,991.04,991.04,991.04,0,0
1352.N,D,20170505,000000,988.01,988.01,988.01,988.01,0,0
1352.N,D,20170508,000000,991.59,991.59,991.59,991.59,0,0
1352.N,D,20170509,000000,997.05,997.05,997.05,997.05,0,0
1352.N,D,20170510,000000,996.61,996.61,996.61,996.61,0,0
1352.N,D,20170511,000000,1002.96,1002.96,1002.96,1002.96,0,0
1352.N,D,20170512,000000,1003.49,1003.49,1003.49,1003.49,0,0
1352.N,D,20170515,000000,1010.48,1010.48,1010.48,1010.48,0,0
1352.N,D,20170516,000000,1011.93,1011.93,1011.93,1011.93,0,0
1352.N,D,20170517,000000,1010.26,1010.26,1010.26,1010.26,0,0
1352.N,D,20170518,000000,1003.94,1003.94,1003.94,1003.94,0,0
1352.N,D,20170519,000000,1009.46,1009.46,1009.46,1009.46,0,0
1352.N,D,20170522,000000,1021.23,1021.23,1021.23,1021.23,0,0
1352.N,D,20170523,000000,1023.5,1023.5,1023.5,1023.5,0,0
1352.N,D,20170524,000000,1023.56,1023.56,1023.56,1023.56,0,0
1352.N,D,20170526,000000,1033.16,1033.16,1033.16,1033.16,0,0
1352.N,D,20170530,000000,1031.3,1031.3,1031.3,1031.3,0,0
1352.N,D,20170531,000000,1031.83,1031.83,1031.83,1031.83,0,0
1352.N,D,20170601,000000,1031.43,1031.43,1031.43,1031.43,0,0
1352.N,D,20170602,000000,1037.53,1037.53,1037.53,1037.53,0,0
1352.N,D,20170606,000000,1040.34,1040.34,1040.34,1040.34,0,0
1352.N,D,20170607,000000,1040.45,1040.45,1040.45,1040.45,0,0
1352.N,D,20170608,000000,1045.31,1045.31,1045.31,1045.31,0,0
1352.N,D,20170609,000000,1057.39,1057.39,1057.39,1057.39,0,0
1352.N,D,20170612,000000,1045.39,1045.39,1045.39,1045.39,0,0
1352.N,D,20170613,000000,1046.52,1046.52,1046.52,1046.52,0,0
1352.N,D,20170614,000000,1049.46,1049.46,1049.46,1049.46,0,0
1352.N,D,20170615,000000,1040.26,1040.26,1040.26,1040.26,0,0
1352.N,D,20170616,000000,1034.96,1034.96,1034.96,1034.96,0,0
1352.N,D,20170619,000000,1044.92,1044.92,1044.92,1044.92,0,0
1352.N,D,20170620,000000,1046.48,1046.48,1046.48,1046.48,0,0
1352.N,D,20170621,000000,1041.48,1041.48,1041.48,1041.48,0,0
1352.N,D,20170622,000000,1049.63,1049.63,1049.63,1049.63,0,0
1352.N,D,20170626,000000,1061.16,1061.16,1061.16,1061.16,0,0
1352.N,D,20170627,000000,1063.73,1063.73,1063.73,1063.73,0,0
1352.N,D,20170628,000000,1052.72,1052.72,1052.72,1052.72,0,0
1352.N,D,20170629,000000,1060.47,1060.47,1060.47,1060.47,0,0
1352.N,D,20170630,000000,1051.51,1051.51,1051.51,1051.51,0,0
1352.N,D,20170703,000000,1055.54,1055.54,1055.54,1055.54,0,0
1352.N,D,20170704,000000,1043.63,1043.63,1043.63,1043.63,0,0
1352.N,D,20170705,000000,1047.93,1047.93,1047.93,1047.93,0,0
1352.N,D,20170706,000000,1049.63,1049.63,1049.63,1049.63,0,0
1352.N,D,20170707,000000,1043.96,1043.96,1043.96,1043.96,0,0
1352.N,D,20170710,000000,1047,1047,1047,1047,0,0
1352.N,D,20170711,000000,1060.02,1060.02,1060.02,1060.02,0,0
1352.N,D,20170712,000000,1063.12,1063.12,1063.12,1063.12,0,0
1352.N,D,20170713,000000,1073.88,1073.88,1073.88,1073.88,0,0
1352.N,D,20170714,000000,1073.56,1073.56,1073.56,1073.56,0,0
1352.N,D,20170717,000000,1082.33,1082.33,1082.33,1082.33,0,0
1352.N,D,20170718,000000,1087.43,1087.43,1087.43,1087.43,0,0
1352.N,D,20170719,000000,1097.01,1097.01,1097.01,1097.01,0,0
1352.N,D,20170720,000000,1097,1097,1097,1097,0,0
1352.N,D,20170721,000000,1097.51,1097.51,1097.51,1097.51,0,0
1352.N,D,20170724,000000,1105.04,1105.04,1105.04,1105.04,0,0
1352.N,D,20170725,000000,1110.21,1110.21,1110.21,1110.21,0,0
1352.N,D,20170726,000000,1111.47,1111.47,1111.47,1111.47,0,0
1352.N,D,20170727,000000,1123.23,1123.23,1123.23,1123.23,0,0
1352.N,D,20170728,000000,1113.69,1113.69,1113.69,1113.69,0,0
1352.N,D,20170731,000000,1123.68,1123.68,1123.68,1123.68,0,0
1352.N,D,20170801,000000,1128.34,1128.34,1128.34,1128.34,0,0
1352.N,D,20170802,000000,1134.29,1134.29,1134.29,1134.29,0,0
1352.N,D,20170803,000000,1125.71,1125.71,1125.71,1125.71,0,0
1352.N,D,20170804,000000,1131.46,1131.46,1131.46,1131.46,0,0
1352.N,D,20170807,000000,1138.69,1138.69,1138.69,1138.69,0,0
1352.N,D,20170808,000000,1142.98,1142.98,1142.98,1142.98,0,0
1352.N,D,20170809,000000,1137.24,1137.24,1137.24,1137.24,0,0
1352.N,D,20170810,000000,1130.76,1130.76,1130.76,1130.76,0,0
1352.N,D,20170811,000000,1107.79,1107.79,1107.79,1107.79,0,0
1352.N,D,20170814,000000,1115.75,1115.75,1115.75,1115.75,0,0
1352.N,D,20170816,000000,1120.21,1120.21,1120.21,1120.21,0,0
1352.N,D,20170817,000000,1123.18,1123.18,1123.18,1123.18,0,0
1352.N,D,20170818,000000,1119.25,1119.25,1119.25,1119.25,0,0
1352.N,D,20170821,000000,1120.93,1120.93,1120.93,1120.93,0,0
1352.N,D,20170822,000000,1131.52,1131.52,1131.52,1131.52,0,0
1352.N,D,20170823,000000,1135.76,1135.76,1135.76,1135.76,0,0
1352.N,D,20170824,000000,1143.63,1143.63,1143.63,1143.63,0,0
1352.N,D,20170825,000000,1148.94,1148.94,1148.94,1148.94,0,0
1352.N,D,20170828,000000,1147.73,1147.73,1147.73,1147.73,0,0
1352.N,D,20170829,000000,1143.85,1143.85,1143.85,1143.85,0,0
1352.N,D,20170830,000000,1151.73,1151.73,1151.73,1151.73,0,0
1352.N,D,20170831,000000,1155.02,1155.02,1155.02,1155.02,0,0
1352.N,D,20170901,000000,1154.6,1154.6,1154.6,1154.6,0,0
1352.N,D,20170904,000000,1147.11,1147.11,1147.11,1147.11,0,0
1352.N,D,20170905,000000,1147.87,1147.87,1147.87,1147.87,0,0
1352.N,D,20170906,000000,1143.47,1143.47,1143.47,1143.47,0,0
1352.N,D,20170907,000000,1143.71,1143.71,1143.71,1143.71,0,0
1352.N,D,20170908,000000,1148.1,1148.1,1148.1,1148.1,0,0
1352.N,D,20170911,000000,1151.23,1151.23,1151.23,1151.23,0,0
1352.N,D,20170912,000000,1157.63,1157.63,1157.63,1157.63,0,0
1352.N,D,20170913,000000,1157.04,1157.04,1157.04,1157.04,0,0
1352.N,D,20170914,000000,1162.41,1162.41,1162.41,1162.41,0,0
1352.N,D,20170915,000000,1165.74,1165.74,1165.74,1165.74,0,0
1352.N,D,20170918,000000,1175.05,1175.05,1175.05,1175.05,0,0
1352.N,D,20170919,000000,1170.04,1170.04,1170.04,1170.04,0,0
1352.N,D,20170920,000000,1171.09,1171.09,1171.09,1171.09,0,0
1352.N,D,20170921,000000,1168.05,1168.05,1168.05,1168.05,0,0
1352.N,D,20170922,000000,1156.29,1156.29,1156.29,1156.29,0,0
1352.N,D,20170925,000000,1144.06,1144.06,1144.06,1144.06,0,0
1352.N,D,20170926,000000,1131.7,1131.7,1131.7,1131.7,0,0
1352.N,D,20170927,000000,1134,1134,1134,1134,0,0
1352.N,D,20170928,000000,1128.84,1128.84,1128.84,1128.84,0,0
1352.N,D,20170929,000000,1132.99,1132.99,1132.99,1132.99,0,0
1352.N,D,20171002,000000,1137.91,1137.91,1137.91,1137.91,0,0
1352.N,D,20171003,000000,1153.42,1153.42,1153.42,1153.42,0,0
1352.N,D,20171004,000000,1159.99,1159.99,1159.99,1159.99,0,0
1352.N,D,20171005,000000,1160.57,1160.57,1160.57,1160.57,0,0
1352.N,D,20171006,000000,1162.57,1162.57,1162.57,1162.57,0,0
1352.N,D,20171009,000000,1159.9,1159.9,1159.9,1159.9,0,0
1352.N,D,20171010,000000,1166.24,1166.24,1166.24,1166.24,0,0
1352.N,D,20171011,000000,1166.91,1166.91,1166.91,1166.91,0,0
1352.N,D,20171012,000000,1172.24,1172.24,1172.24,1172.24,0,0
1352.N,D,20171013,000000,1169.15,1169.15,1169.15,1169.15,0,0
1352.N,D,20171016,000000,1175.26,1175.26,1175.26,1175.26,0,0
1352.N,D,20171017,000000,1177.13,1177.13,1177.13,1177.13,0,0
1352.N,D,20171018,000000,1169.71,1169.71,1169.71,1169.71,0,0
1352.N,D,20171019,000000,1167.46,1167.46,1167.46,1167.46,0,0
1352.N,D,20171020,000000,1168.64,1168.64,1168.64,1168.64,0,0
1352.N,D,20171023,000000,1163.33,1163.33,1163.33,1163.33,0,0
1352.N,D,20171024,000000,1157.41,1157.41,1157.41,1157.41,0,0
1352.N,D,20171025,000000,1163.05,1163.05,1163.05,1163.05,0,0
1352.N,D,20171026,000000,1158.63,1158.63,1158.63,1158.63,0,0
1352.N,D,20171027,000000,1156.22,1156.22,1156.22,1156.22,0,0
1352.N,D,20171030,000000,1164.69,1164.69,1164.69,1164.69,0,0
1352.N,D,20171031,000000,1163.21,1163.21,1163.21,1163.21,0,0
1352.N,D,20171102,000000,1172.24,1172.24,1172.24,1172.24,0,0
1352.N,D,20171103,000000,1177.79,1177.79,1177.79,1177.79,0,0
1352.N,D,20171106,000000,1180.69,1180.69,1180.69,1180.69,0,0
1352.N,D,20171107,000000,1197.93,1197.93,1197.93,1197.93,0,0
1352.N,D,20171108,000000,1198.51,1198.51,1198.51,1198.51,0,0
1352.N,D,20171109,000000,1195.25,1195.25,1195.25,1195.25,0,0
1352.N,D,20171110,000000,1194.06,1194.06,1194.06,1194.06,0,0
1352.N,D,20171113,000000,1194.35,1194.35,1194.35,1194.35,0,0
1352.N,D,20171114,000000,1192.43,1192.43,1192.43,1192.43,0,0
1352.N,D,20171115,000000,1184.33,1184.33,1184.33,1184.33,0,0
1352.N,D,20171116,000000,1197.08,1197.08,1197.08,1197.08,0,0
1352.N,D,20171117,000000,1210.22,1210.22,1210.22,1210.22,0,0
1352.N,D,20171120,000000,1213.6,1213.6,1213.6,1213.6,0,0
1352.N,D,20171121,000000,1230.76,1230.76,1230.76,1230.76,0,0
1352.N,D,20171122,000000,1237.33,1237.33,1237.33,1237.33,0,0
1352.N,D,20171123,000000,1229.92,1229.92,1229.92,1229.92,0,0
1352.N,D,20171124,000000,1227.54,1227.54,1227.54,1227.54,0,0
1352.N,D,20171127,000000,1218.76,1218.76,1218.76,1218.76,0,0
1352.N,D,20171128,000000,1217.95,1217.95,1217.95,1217.95,0,0
1352.N,D,20171129,000000,1217.48,1217.48,1217.48,1217.48,0,0
1352.N,D,20171130,000000,1194.53,1194.53,1194.53,1194.53,0,0
1352.N,D,20171201,000000,1183.27,1183.27,1183.27,1183.27,0,0
1352.N,D,20171204,000000,1183.47,1183.47,1183.47,1183.47,0,0
1352.N,D,20171205,000000,1172.78,1172.78,1172.78,1172.78,0,0
1352.N,D,20171206,000000,1146.47,1146.47,1146.47,1146.47,0,0
1352.N,D,20171207,000000,1157.67,1157.67,1157.67,1157.67,0,0
1352.N,D,20171208,000000,1177.61,1177.61,1177.61,1177.61,0,0
1352.N,D,20171211,000000,1201.31,1201.31,1201.31,1201.31,0,0
1352.N,D,20171212,000000,1193.78,1193.78,1193.78,1193.78,0,0
1352.N,D,20171213,000000,1198.71,1198.71,1198.71,1198.71,0,0
1352.N,D,20171214,000000,1196.22,1196.22,1196.22,1196.22,0,0
1352.N,D,20171215,000000,1187.57,1187.57,1187.57,1187.57,0,0
1352.N,D,20171218,000000,1191.23,1191.23,1191.23,1191.23,0,0
1352.N,D,20171219,000000,1195.09,1195.09,1195.09,1195.09,0,0
1352.N,D,20171220,000000,1195.21,1195.21,1195.21,1195.21,0,0
1352.N,D,20171221,000000,1196.15,1196.15,1196.15,1196.15,0,0
1352.N,D,20171222,000000,1204.87,1204.87,1204.87,1204.87,0,0
1352.N,D,20171227,000000,1193.33,1193.33,1193.33,1193.33,0,0
1352.N,D,20171228,000000,1207.69,1207.69,1207.69,1207.69,0,0
1352.N,D,20171229,000000,1210.71,1210.71,1210.71,1210.71,0,0
1352.N,D,20180102,000000,1228.54,1228.54,1228.54,1228.54,0,0
1352.N,D,20180103,000000,1243.86,1243.86,1243.86,1243.86,0,0
1352.N,D,20180104,000000,1247.27,1247.27,1247.27,1247.27,0,0
1352.N,D,20180105,000000,1251.03,1251.03,1251.03,1251.03,0,0
1352.N,D,20180108,000000,1254.37,1254.37,1254.37,1254.37,0,0
1352.N,D,20180109,000000,1254.21,1254.21,1254.21,1254.21,0,0
1352.N,D,20180110,000000,1247.32,1247.32,1247.32,1247.32,0,0
1352.N,D,20180111,000000,1246.15,1246.15,1246.15,1246.15,0,0
1352.N,D,20180112,000000,1256.91,1256.91,1256.91,1256.91,0,0
1352.N,D,20180115,000000,1259.42,1259.42,1259.42,1259.42,0,0
1352.N,D,20180116,000000,1267.45,1267.45,1267.45,1267.45,0,0
1352.N,D,20180117,000000,1263.35,1263.35,1263.35,1263.35,0,0
1352.N,D,20180118,000000,1264.47,1264.47,1264.47,1264.47,0,0
1352.N,D,20180119,000000,1269.5,1269.5,1269.5,1269.5,0,0
1352.N,D,20180122,000000,1277.42,1277.42,1277.42,1277.42,0,0
1352.N,D,20180123,000000,1286.79,1286.79,1286.79,1286.79,0,0
1352.N,D,20180124,000000,1287.86,1287.86,1287.86,1287.86,0,0
1352.N,D,20180125,000000,1280.48,1280.48,1280.48,1280.48,0,0
1352.N,D,20180126,000000,1293.17,1293.17,1293.17,1293.17,0,0
1352.N,D,20180129,000000,1296.46,1296.46,1296.46,1296.46,0,0
1352.N,D,20180130,000000,1283.76,1283.76,1283.76,1283.76,0,0
1352.N,D,20180131,000000,1288.77,1288.77,1288.77,1288.77,0,0
1352.N,D,20180201,000000,1284.98,1284.98,1284.98,1284.98,0,0
1352.N,D,20180202,000000,1273.31,1273.31,1273.31,1273.31,0,0
1352.N,D,20180205,000000,1250.66,1250.66,1250.66,1250.66,0,0
1352.N,D,20180206,000000,1200.48,1200.48,1200.48,1200.48,0,0
1352.N,D,20180207,000000,1201.47,1201.47,1201.47,1201.47,0,0
1352.N,D,20180208,000000,1203.66,1203.66,1203.66,1203.66,0,0
1352.N,D,20180209,000000,1176.95,1176.95,1176.95,1176.95,0,0
1352.N,D,20180212,000000,1184.31,1184.31,1184.31,1184.31,0,0
1352.N,D,20180213,000000,1194.24,1194.24,1194.24,1194.24,0,0
1352.N,D,20180214,000000,1208.76,1208.76,1208.76,1208.76,0,0
1352.N,D,20180215,000000,1226.7,1226.7,1226.7,1226.7,0,0
1352.N,D,20180216,000000,1229.8,1229.8,1229.8,1229.8,0,0
1352.N,D,20180219,000000,1229.11,1229.11,1229.11,1229.11,0,0
1352.N,D,20180220,000000,1221.28,1221.28,1221.28,1221.28,0,0
1352.N,D,20180221,000000,1237.49,1237.49,1237.49,1237.49,0,0
1352.N,D,20180222,000000,1227.05,1227.05,1227.05,1227.05,0,0
1352.N,D,20180223,000000,1235.24,1235.24,1235.24,1235.24,0,0
1352.N,D,20180226,000000,1242.26,1242.26,1242.26,1242.26,0,0
1352.N,D,20180227,000000,1236.67,1236.67,1236.67,1236.67,0,0
1352.N,D,20180228,000000,1221.49,1221.49,1221.49,1221.49,0,0
1352.N,D,20180301,000000,1222.82,1222.82,1222.82,1222.82,0,0
1352.N,D,20180302,000000,1205.56,1205.56,1205.56,1205.56,0,0
1352.N,D,20180305,000000,1187.11,1187.11,1187.11,1187.11,0,0
1352.N,D,20180306,000000,1202.77,1202.77,1202.77,1202.77,0,0
1352.N,D,20180307,000000,1200.51,1200.51,1200.51,1200.51,0,0
1352.N,D,20180309,000000,1221.83,1221.83,1221.83,1221.83,0,0
1352.N,D,20180312,000000,1244.79,1244.79,1244.79,1244.79,0,0
1352.N,D,20180313,000000,1250.66,1250.66,1250.66,1250.66,0,0
1352.N,D,20180314,000000,1242.74,1242.74,1242.74,1242.74,0,0
1352.N,D,20180315,000000,1245.23,1245.23,1245.23,1245.23,0,0
1352.N,D,20180316,000000,1245.19,1245.19,1245.19,1245.19,0,0
1352.N,D,20180319,000000,1243.3,1243.3,1243.3,1243.3,0,0
1352.N,D,20180320,000000,1237.66,1237.66,1237.66,1237.66,0,0
1352.N,D,20180321,000000,1238.84,1238.84,1238.84,1238.84,0,0
1352.N,D,20180322,000000,1228.3,1228.3,1228.3,1228.3,0,0
1352.N,D,20180323,000000,1196.38,1196.38,1196.38,1196.38,0,0
1352.N,D,20180326,000000,1200.61,1200.61,1200.61,1200.61,0,0
1352.N,D,20180327,000000,1218.21,1218.21,1218.21,1218.21,0,0
1352.N,D,20180328,000000,1195.32,1195.32,1195.32,1195.32,0,0
1352.N,D,20180329,000000,1195.93,1195.93,1195.93,1195.93,0,0
1352.N,D,20180403,000000,1201.41,1201.41,1201.41,1201.41,0,0
1352.N,D,20180404,000000,1184.96,1184.96,1184.96,1184.96,0,0
1352.N,D,20180405,000000,1192.99,1192.99,1192.99,1192.99,0,0
1352.N,D,20180406,000000,1194.02,1194.02,1194.02,1194.02,0,0
1352.N,D,20180409,000000,1195.16,1195.16,1195.16,1195.16,0,0
1352.N,D,20180410,000000,1207.78,1207.78,1207.78,1207.78,0,0
1352.N,D,20180411,000000,1216.05,1216.05,1216.05,1216.05,0,0
1352.N,D,20180412,000000,1215.29,1215.29,1215.29,1215.29,0,0
1352.N,D,20180413,000000,1215.97,1215.97,1215.97,1215.97,0,0
1352.N,D,20180416,000000,1211.55,1211.55,1211.55,1211.55,0,0
1352.N,D,20180417,000000,1202.47,1202.47,1202.47,1202.47,0,0
1352.N,D,20180418,000000,1214.63,1214.63,1214.63,1214.63,0,0
1352.N,D,20180419,000000,1226.2,1226.2,1226.2,1226.2,0,0
1352.N,D,20180420,000000,1214.31,1214.31,1214.31,1214.31,0,0
1352.N,D,20180423,000000,1203.73,1203.73,1203.73,1203.73,0,0
1352.N,D,20180424,000000,1197.51,1197.51,1197.51,1197.51,0,0
1352.N,D,20180425,000000,1185.91,1185.91,1185.91,1185.91,0,0
1352.N,D,20180426,000000,1171.57,1171.57,1171.57,1171.57,0,0
1352.N,D,20180427,000000,1182.52,1182.52,1182.52,1182.52,0,0
1352.N,D,20180430,000000,1194.52,1194.52,1194.52,1194.52,0,0
1352.N,D,20180502,000000,1196.79,1196.79,1196.79,1196.79,0,0
1352.N,D,20180503,000000,1186.13,1186.13,1186.13,1186.13,0,0
1352.N,D,20180504,000000,1183.74,1183.74,1183.74,1183.74,0,0
1352.N,D,20180507,000000,1189.08,1189.08,1189.08,1189.08,0,0
1352.N,D,20180508,000000,1202.38,1202.38,1202.38,1202.38,0,0
1352.N,D,20180509,000000,1205.93,1205.93,1205.93,1205.93,0,0
1352.N,D,20180511,000000,1226.39,1226.39,1226.39,1226.39,0,0
1352.N,D,20180514,000000,1238.23,1238.23,1238.23,1238.23,0,0
1352.N,D,20180515,000000,1228.82,1228.82,1228.82,1228.82,0,0
1352.N,D,20180516,000000,1227.54,1227.54,1227.54,1227.54,0,0
1352.N,D,20180517,000000,1222.94,1222.94,1222.94,1222.94,0,0
1352.N,D,20180518,000000,1223.17,1223.17,1223.17,1223.17,0,0
1352.N,D,20180522,000000,1228.53,1228.53,1228.53,1228.53,0,0
1352.N,D,20180523,000000,1216.96,1216.96,1216.96,1216.96,0,0
1352.N,D,20180524,000000,1222.85,1222.85,1222.85,1222.85,0,0
1352.N,D,20180525,000000,1223.84,1223.84,1223.84,1223.84,0,0
1352.N,D,20180528,000000,1233.72,1233.72,1233.72,1233.72,0,0
1352.N,D,20180529,000000,1228.38,1228.38,1228.38,1228.38,0,0
1352.N,D,20180530,000000,1212.69,1212.69,1212.69,1212.69,0,0
1352.N,D,20180531,000000,1231.47,1231.47,1231.47,1231.47,0,0
1352.N,D,20180601,000000,1232,1232,1232,1232,0,0
1352.N,D,20180604,000000,1250.02,1250.02,1250.02,1250.02,0,0
1352.N,D,20180605,000000,1254.87,1254.87,1254.87,1254.87,0,0
1352.N,D,20180606,000000,1263.33,1263.33,1263.33,1263.33,0,0
1352.N,D,20180607,000000,1275.61,1275.61,1275.61,1275.61,0,0
1352.N,D,20180608,000000,1257.44,1257.44,1257.44,1257.44,0,0
1352.N,D,20180611,000000,1255.81,1255.81,1255.81,1255.81,0,0
1352.N,D,20180612,000000,1259.74,1259.74,1259.74,1259.74,0,0
1352.N,D,20180613,000000,1250.39,1250.39,1250.39,1250.39,0,0
1352.N,D,20180614,000000,1235.02,1235.02,1235.02,1235.02,0,0
1352.N,D,20180615,000000,1228.69,1228.69,1228.69,1228.69,0,0
1352.N,D,20180618,000000,1225.21,1225.21,1225.21,1225.21,0,0
1352.N,D,20180619,000000,1200.44,1200.44,1200.44,1200.44,0,0
1352.N,D,20180620,000000,1201.99,1201.99,1201.99,1201.99,0,0
1352.N,D,20180621,000000,1194.11,1194.11,1194.11,1194.11,0,0
1352.N,D,20180622,000000,1189.65,1189.65,1189.65,1189.65,0,0
1352.N,D,20180625,000000,1179.61,1179.61,1179.61,1179.61,0,0
1352.N,D,20180626,000000,1167.86,1167.86,1167.86,1167.86,0,0
1352.N,D,20180627,000000,1148.81,1148.81,1148.81,1148.81,0,0
1352.N,D,20180628,000000,1143.8,1143.8,1143.8,1143.8,0,0
1352.N,D,20180629,000000,1161.78,1161.78,1161.78,1161.78,0,0
1352.N,D,20180702,000000,1156.38,1156.38,1156.38,1156.38,0,0
1352.N,D,20180703,000000,1145.83,1145.83,1145.83,1145.83,0,0
1352.N,D,20180704,000000,1140.74,1140.74,1140.74,1140.74,0,0
1352.N,D,20180705,000000,1134.99,1134.99,1134.99,1134.99,0,0
1352.N,D,20180706,000000,1140.5,1140.5,1140.5,1140.5,0,0
1352.N,D,20180709,000000,1159.42,1159.42,1159.42,1159.42,0,0
1352.N,D,20180710,000000,1161.48,1161.48,1161.48,1161.48,0,0
1352.N,D,20180711,000000,1149.94,1149.94,1149.94,1149.94,0,0
1352.N,D,20180712,000000,1151.04,1151.04,1151.04,1151.04,0,0
1352.N,D,20180713,000000,1164.09,1164.09,1164.09,1164.09,0,0
1352.N,D,20180716,000000,1162.06,1162.06,1162.06,1162.06,0,0
1352.N,D,20180717,000000,1156.93,1156.93,1156.93,1156.93,0,0
1352.N,D,20180718,000000,1152.05,1152.05,1152.05,1152.05,0,0
1352.N,D,20180719,000000,1145.37,1145.37,1145.37,1145.37,0,0
1352.N,D,20180720,000000,1141.98,1141.98,1141.98,1141.98,0,0
1352.N,D,20180723,000000,1138.72,1138.72,1138.72,1138.72,0,0
1352.N,D,20180724,000000,1141.98,1141.98,1141.98,1141.98,0,0
1352.N,D,20180725,000000,1153.3,1153.3,1153.3,1153.3,0,0
1352.N,D,20180726,000000,1152.31,1152.31,1152.31,1152.31,0,0
1352.N,D,20180727,000000,1147.2,1147.2,1147.2,1147.2,0,0
1352.N,D,20180730,000000,1133.86,1133.86,1133.86,1133.86,0,0
1352.N,D,20180731,000000,1125.86,1125.86,1125.86,1125.86,0,0
1352.N,D,20180801,000000,1128.91,1128.91,1128.91,1128.91,0,0
1352.N,D,20180802,000000,1108.92,1108.92,1108.92,1108.92,0,0
1352.N,D,20180803,000000,1104.53,1104.53,1104.53,1104.53,0,0
1352.N,D,20180806,000000,1108.11,1108.11,1108.11,1108.11,0,0
1352.N,D,20180807,000000,1119.11,1119.11,1119.11,1119.11,0,0
1352.N,D,20180808,000000,1116.05,1116.05,1116.05,1116.05,0,0
1352.N,D,20180809,000000,1122.64,1122.64,1122.64,1122.64,0,0
1352.N,D,20180810,000000,1115.62,1115.62,1115.62,1115.62,0,0
1352.N,D,20180813,000000,1099.23,1099.23,1099.23,1099.23,0,0
1352.N,D,20180814,000000,1090.48,1090.48,1090.48,1090.48,0,0
1352.N,D,20180816,000000,1057.14,1057.14,1057.14,1057.14,0,0
1352.N,D,20180817,000000,1059.13,1059.13,1059.13,1059.13,0,0
1352.N,D,20180820,000000,1069.03,1069.03,1069.03,1069.03,0,0
1352.N,D,20180821,000000,1083.38,1083.38,1083.38,1083.38,0,0
1352.N,D,20180822,000000,1084.5,1084.5,1084.5,1084.5,0,0
1352.N,D,20180823,000000,1085.04,1085.04,1085.04,1085.04,0,0
1352.N,D,20180824,000000,1078.28,1078.28,1078.28,1078.28,0,0
1352.N,D,20180827,000000,1100.57,1100.57,1100.57,1100.57,0,0
1352.N,D,20180828,000000,1114.06,1114.06,1114.06,1114.06,0,0
1352.N,D,20180829,000000,1111.81,1111.81,1111.81,1111.81,0,0
1352.N,D,20180830,000000,1106.72,1106.72,1106.72,1106.72,0,0
1352.N,D,20180831,000000,1091.36,1091.36,1091.36,1091.36,0,0
1352.N,D,20180903,000000,1083.93,1083.93,1083.93,1083.93,0,0
1352.N,D,20180904,000000,1088.19,1088.19,1088.19,1088.19,0,0
1352.N,D,20180905,000000,1065.74,1065.74,1065.74,1065.74,0,0
1352.N,D,20180906,000000,1054.46,1054.46,1054.46,1054.46,0,0
1352.N,D,20180907,000000,1051.9,1051.9,1051.9,1051.9,0,0
1352.N,D,20180910,000000,1043.69,1043.69,1043.69,1043.69,0,0
1352.N,D,20180911,000000,1032.7,1032.7,1032.7,1032.7,0,0
1352.N,D,20180912,000000,1024.85,1024.85,1024.85,1024.85,0,0
1352.N,D,20180913,000000,1040.41,1040.41,1040.41,1040.41,0,0
1352.N,D,20180914,000000,1059.67,1059.67,1059.67,1059.67,0,0
1352.N,D,20180917,000000,1051.16,1051.16,1051.16,1051.16,0,0
1352.N,D,20180918,000000,1053.05,1053.05,1053.05,1053.05,0,0
1352.N,D,20180919,000000,1059.3,1059.3,1059.3,1059.3,0,0
1352.N,D,20180920,000000,1065.32,1065.32,1065.32,1065.32,0,0
1352.N,D,20180921,000000,1088.38,1088.38,1088.38,1088.38,0,0
1352.N,D,20180924,000000,1076.6,1076.6,1076.6,1076.6,0,0
1352.N,D,20180925,000000,1073.29,1073.29,1073.29,1073.29,0,0
1352.N,D,20180926,000000,1081.8,1081.8,1081.8,1081.8,0,0
1352.N,D,20180927,000000,1080.83,1080.83,1080.83,1080.83,0,0
1352.N,D,20180928,000000,1085.97,1085.97,1085.97,1085.97,0,0
1352.N,D,20181001,000000,1086.89,1086.89,1086.89,1086.89,0,0
1352.N,D,20181002,000000,1073.8,1073.8,1073.8,1073.8,0,0
1352.N,D,20181003,000000,1067.88,1067.88,1067.88,1067.88,0,0
1352.N,D,20181004,000000,1053.66,1053.66,1053.66,1053.66,0,0
1352.N,D,20181005,000000,1042.01,1042.01,1042.01,1042.01,0,0
1352.N,D,20181008,000000,1024.11,1024.11,1024.11,1024.11,0,0
1352.N,D,20181009,000000,1021.78,1021.78,1021.78,1021.78,0,0
1352.N,D,20181010,000000,1018.94,1018.94,1018.94,1018.94,0,0
1352.N,D,20181011,000000,986.26,986.26,986.26,986.26,0,0
1352.N,D,20181012,000000,1001.74,1001.74,1001.74,1001.74,0,0
1352.N,D,20181015,000000,1002.34,1002.34,1002.34,1002.34,0,0
1352.N,D,20181016,000000,1004.39,1004.39,1004.39,1004.39,0,0
1352.N,D,20181017,000000,1015.99,1015.99,1015.99,1015.99,0,0
1352.N,D,20181018,000000,1006.56,1006.56,1006.56,1006.56,0,0
1352.N,D,20181019,000000,1006.79,1006.79,1006.79,1006.79,0,0
1352.N,D,20181022,000000,1023.29,1023.29,1023.29,1023.29,0,0
1352.N,D,20181023,000000,1005.49,1005.49,1005.49,1005.49,0,0
1352.N,D,20181024,000000,995.88,995.88,995.88,995.88,0,0
1352.N,D,20181025,000000,976.78,976.78,976.78,976.78,0,0
1352.N,D,20181026,000000,964.63,964.63,964.63,964.63,0,0
1352.N,D,20181029,000000,956.63,956.63,956.63,956.63,0,0
1352.N,D,20181030,000000,938.8,938.8,938.8,938.8,0,0
1352.N,D,20181031,000000,962.59,962.59,962.59,962.59,0,0
1352.N,D,20181102,000000,1019.73,1019.73,1019.73,1019.73,0,0
1352.N,D,20181105,000000,1004.04,1004.04,1004.04,1004.04,0,0
1352.N,D,20181106,000000,999.94,999.94,999.94,999.94,0,0
1352.N,D,20181107,000000,1009.46,1009.46,1009.46,1009.46,0,0
1352.N,D,20181108,000000,1012.54,1012.54,1012.54,1012.54,0,0
1352.N,D,20181109,000000,994.79,994.79,994.79,994.79,0,0
1352.N,D,20181112,000000,988.56,988.56,988.56,988.56,0,0
1352.N,D,20181113,000000,987.09,987.09,987.09,987.09,0,0
1352.N,D,20181114,000000,987.65,987.65,987.65,987.65,0,0
1352.N,D,20181115,000000,1001.93,1001.93,1001.93,1001.93,0,0
1352.N,D,20181116,000000,1008.27,1008.27,1008.27,1008.27,0,0
1352.N,D,20181119,000000,1011.55,1011.55,1011.55,1011.55,0,0
1352.N,D,20181120,000000,994.69,994.69,994.69,994.69,0,0
1352.N,D,20181121,000000,996.45,996.45,996.45,996.45,0,0
1352.N,D,20181122,000000,1002,1002,1002,1002,0,0
1352.N,D,20181123,000000,997.58,997.58,997.58,997.58,0,0
1352.N,D,20181126,000000,1008.78,1008.78,1008.78,1008.78,0,0
1352.N,D,20181127,000000,1012.27,1012.27,1012.27,1012.27,0,0
1352.N,D,20181128,000000,1020.09,1020.09,1020.09,1020.09,0,0
1352.N,D,20181129,000000,1027.28,1027.28,1027.28,1027.28,0,0
1352.N,D,20181130,000000,1027.26,1027.26,1027.26,1027.26,0,0
1352.N,D,20181203,000000,1055.94,1055.94,1055.94,1055.94,0,0
1352.N,D,20181204,000000,1065.74,1065.74,1065.74,1065.74,0,0
1352.N,D,20181205,000000,1047.82,1047.82,1047.82,1047.82,0,0
1352.N,D,20181206,000000,1024.84,1024.84,1024.84,1024.84,0,0
1352.N,D,20181207,000000,1017.35,1017.35,1017.35,1017.35,0,0
1352.N,D,20181210,000000,1003.61,1003.61,1003.61,1003.61,0,0
1352.N,D,20181211,000000,1001.4,1001.4,1001.4,1001.4,0,0
1352.N,D,20181212,000000,1009.89,1009.89,1009.89,1009.89,0,0
1352.N,D,20181213,000000,1025.75,1025.75,1025.75,1025.75,0,0
1352.N,D,20181214,000000,1016.69,1016.69,1016.69,1016.69,0,0
1352.N,D,20181217,000000,1009.75,1009.75,1009.75,1009.75,0,0
1352.N,D,20181218,000000,1001.93,1001.93,1001.93,1001.93,0,0
1352.N,D,20181219,000000,1003.08,1003.08,1003.08,1003.08,0,0
1352.N,D,20181220,000000,993.55,993.55,993.55,993.55,0,0
1352.N,D,20181221,000000,993.52,993.52,993.52,993.52,0,0
1352.N,D,20181227,000000,985.55,985.55,985.55,985.55,0,0
1352.N,D,20181228,000000,993.93,993.93,993.93,993.93,0,0
1352.N,D,20181231,000000,1000.85,1000.85,1000.85,1000.85,0,0
1352.N,D,20190102,000000,987.13,987.13,987.13,987.13,0,0
1352.N,D,20190103,000000,984.25,984.25,984.25,984.25,0,0
1352.N,D,20190104,000000,987.09,987.09,987.09,987.09,0,0
1352.N,D,20190107,000000,1002.86,1002.86,1002.86,1002.86,0,0
1352.N,D,20190108,000000,1003.29,1003.29,1003.29,1003.29,0,0
1352.N,D,20190109,000000,1017.18,1017.18,1017.18,1017.18,0,0
1352.N,D,20190110,000000,1024.92,1024.92,1024.92,1024.92,0,0
1352.N,D,20190111,000000,1028.87,1028.87,1028.87,1028.87,0,0
1352.N,D,20190114,000000,1019.43,1019.43,1019.43,1019.43,0,0
1352.N,D,20190115,000000,1030.93,1030.93,1030.93,1030.93,0,0
1352.N,D,20190116,000000,1037.66,1037.66,1037.66,1037.66,0,0
1352.N,D,20190117,000000,1034.42,1034.42,1034.42,1034.42,0,0
1352.N,D,20190118,000000,1044.06,1044.06,1044.06,1044.06,0,0
1352.N,D,20190121,000000,1046.18,1046.18,1046.18,1046.18,0,0
1352.N,D,20190122,000000,1038.02,1038.02,1038.02,1038.02,0,0
1352.N,D,20190123,000000,1034.66,1034.66,1034.66,1034.66,0,0
1352.N,D,20190124,000000,1036.66,1036.66,1036.66,1036.66,0,0
1352.N,D,20190125,000000,1053.78,1053.78,1053.78,1053.78,0,0
1352.N,D,20190128,000000,1058.02,1058.02,1058.02,1058.02,0,0
1352.N,D,20190129,000000,1054.81,1054.81,1054.81,1054.81,0,0
1352.N,D,20190130,000000,1053.59,1053.59,1053.59,1053.59,0,0
1352.N,D,20190131,000000,1070.51,1070.51,1070.51,1070.51,0,0
1352.N,D,20190201,000000,1074.18,1074.18,1074.18,1074.18,0,0
1352.N,D,20190206,000000,1080.8,1080.8,1080.8,1080.8,0,0
1352.N,D,20190207,000000,1081.15,1081.15,1081.15,1081.15,0,0
1352.N,D,20190208,000000,1072.35,1072.35,1072.35,1072.35,0,0
1352.N,D,20190211,000000,1076.97,1076.97,1076.97,1076.97,0,0
1352.N,D,20190212,000000,1076.67,1076.67,1076.67,1076.67,0,0
1352.N,D,20190213,000000,1089.21,1089.21,1089.21,1089.21,0,0
1352.N,D,20190214,000000,1085.48,1085.48,1085.48,1085.48,0,0
1352.N,D,20190215,000000,1068.65,1068.65,1068.65,1068.65,0,0
1352.N,D,20190218,000000,1080.21,1080.21,1080.21,1080.21,0,0
1352.N,D,20190219,000000,1077.85,1077.85,1077.85,1077.85,0,0
1352.N,D,20190220,000000,1087.36,1087.36,1087.36,1087.36,0,0
1352.N,D,20190221,000000,1093.56,1093.56,1093.56,1093.56,0,0
1352.N,D,20190222,000000,1097.92,1097.92,1097.92,1097.92,0,0
1352.N,D,20190225,000000,1113.57,1113.57,1113.57,1113.57,0,0
1352.N,D,20190226,000000,1112.67,1112.67,1112.67,1112.67,0,0
1352.N,D,20190227,000000,1111.87,1111.87,1111.87,1111.87,0,0
1352.N,D,20190228,000000,1108.4,1108.4,1108.4,1108.4,0,0
1352.N,D,20190301,000000,1111.03,1111.03,1111.03,1111.03,0,0
1352.N,D,20190304,000000,1118.4,1118.4,1118.4,1118.4,0,0
1352.N,D,20190305,000000,1122.73,1122.73,1122.73,1122.73,0,0
1352.N,D,20190306,000000,1122.54,1122.54,1122.54,1122.54,0,0
1352.N,D,20190307,000000,1114.06,1114.06,1114.06,1114.06,0,0
1352.N,D,20190308,000000,1095.27,1095.27,1095.27,1095.27,0,0
1352.N,D,20190311,000000,1101.05,1101.05,1101.05,1101.05,0,0
1352.N,D,20190312,000000,1112.32,1112.32,1112.32,1112.32,0,0
1352.N,D,20190313,000000,1111.64,1111.64,1111.64,1111.64,0,0
1352.N,D,20190314,000000,1114.59,1114.59,1114.59,1114.59,0,0
1352.N,D,20190315,000000,1117.48,1117.48,1117.48,1117.48,0,0
1352.N,D,20190318,000000,1133.76,1133.76,1133.76,1133.76,0,0
1352.N,D,20190319,000000,1136.27,1136.27,1136.27,1136.27,0,0
1352.N,D,20190320,000000,1135.65,1135.65,1135.65,1135.65,0,0
1352.N,D,20190321,000000,1134.37,1134.37,1134.37,1134.37,0,0
1352.N,D,20190322,000000,1133.25,1133.25,1133.25,1133.25,0,0
1352.N,D,20190325,000000,1109.2,1109.2,1109.2,1109.2,0,0
1352.N,D,20190326,000000,1110.71,1110.71,1110.71,1110.71,0,0
1352.N,D,20190327,000000,1115.16,1115.16,1115.16,1115.16,0,0
1352.N,D,20190328,000000,1113.96,1113.96,1113.96,1113.96,0,0
1352.N,D,20190329,000000,1127.12,1127.12,1127.12,1127.12,0,0
1352.N,D,20190401,000000,1145.9,1145.9,1145.9,1145.9,0,0
1352.N,D,20190402,000000,1147.15,1147.15,1147.15,1147.15,0,0
1352.N,D,20190403,000000,1154.57,1154.57,1154.57,1154.57,0,0
1352.N,D,20190404,000000,1152.45,1152.45,1152.45,1152.45,0,0
1352.N,D,20190405,000000,1153.72,1153.72,1153.72,1153.72,0,0
1352.N,D,20190408,000000,1157.93,1157.93,1157.93,1157.93,0,0
1352.N,D,20190409,000000,1163.87,1163.87,1163.87,1163.87,0,0
1352.N,D,20190410,000000,1166.88,1166.88,1166.88,1166.88,0,0
1352.N,D,20190411,000000,1159.26,1159.26,1159.26,1159.26,0,0
1352.N,D,20190412,000000,1158.71,1158.71,1158.71,1158.71,0,0
1352.N,D,20190415,000000,1158.5,1158.5,1158.5,1158.5,0,0
1352.N,D,20190416,000000,1161.72,1161.72,1161.72,1161.72,0,0
1352.N,D,20190417,000000,1166.04,1166.04,1166.04,1166.04,0,0
1352.N,D,20190418,000000,1169.12,1169.12,1169.12,1169.12,0,0
1352.N,D,20190423,000000,1168.78,1168.78,1168.78,1168.78,0,0
1352.N,D,20190424,000000,1167.49,1167.49,1167.49,1167.49,0,0
1352.N,D,20190425,000000,1157.59,1157.59,1157.59,1157.59,0,0
1352.N,D,20190426,000000,1152.33,1152.33,1152.33,1152.33,0,0
1352.N,D,20190429,000000,1157.17,1157.17,1157.17,1157.17,0,0
1352.N,D,20190430,000000,1150.48,1150.48,1150.48,1150.48,0,0
1352.N,D,20190502,000000,1160.44,1160.44,1160.44,1160.44,0,0
1352.N,D,20190503,000000,1163.1,1163.1,1163.1,1163.1,0,0
1352.N,D,20190506,000000,1142.28,1142.28,1142.28,1142.28,0,0
1352.N,D,20190507,000000,1138.66,1138.66,1138.66,1138.66,0,0
1352.N,D,20190508,000000,1127.26,1127.26,1127.26,1127.26,0,0
1352.N,D,20190510,000000,1109.19,1109.19,1109.19,1109.19,0,0
1352.N,D,20190513,000000,1102.12,1102.12,1102.12,1102.12,0,0
1352.N,D,20190514,000000,1083.99,1083.99,1083.99,1083.99,0,0
1352.N,D,20190515,000000,1093.39,1093.39,1093.39,1093.39,0,0
1352.N,D,20190516,000000,1091.06,1091.06,1091.06,1091.06,0,0
1352.N,D,20190517,000000,1079.39,1079.39,1079.39,1079.39,0,0
1352.N,D,20190520,000000,1068.54,1068.54,1068.54,1068.54,0,0
1352.N,D,20190521,000000,1064.09,1064.09,1064.09,1064.09,0,0
1352.N,D,20190522,000000,1068.76,1068.76,1068.76,1068.76,0,0
1352.N,D,20190523,000000,1054.99,1054.99,1054.99,1054.99,0,0
1352.N,D,20190524,000000,1052.86,1052.86,1052.86,1052.86,0,0
1352.N,D,20190527,000000,1056.98,1056.98,1056.98,1056.98,0,0
1352.N,D,20190528,000000,1060.15,1060.15,1060.15,1060.15,0,0
1352.N,D,20190529,000000,1052.79,1052.79,1052.79,1052.79,0,0
1352.N,D,20190531,000000,1054.92,1054.92,1054.92,1054.92,0,0
1352.N,D,20190603,000000,1059.95,1059.95,1059.95,1059.95,0,0
1352.N,D,20190604,000000,1060.84,1060.84,1060.84,1060.84,0,0
1352.N,D,20190605,000000,1068.04,1068.04,1068.04,1068.04,0,0
1352.N,D,20190606,000000,1063.96,1063.96,1063.96,1063.96,0,0
1352.N,D,20190607,000000,1063.62,1063.62,1063.62,1063.62,0,0
1352.N,D,20190611,000000,1090.55,1090.55,1090.55,1090.55,0,0
1352.N,D,20190612,000000,1086.65,1086.65,1086.65,1086.65,0,0
1352.N,D,20190613,000000,1082.95,1082.95,1082.95,1082.95,0,0
1352.N,D,20190614,000000,1080.52,1080.52,1080.52,1080.52,0,0
1352.N,D,20190617,000000,1072.24,1072.24,1072.24,1072.24,0,0
1352.N,D,20190618,000000,1077.55,1077.55,1077.55,1077.55,0,0
1352.N,D,20190619,000000,1101.11,1101.11,1101.11,1101.11,0,0
1352.N,D,20190620,000000,1114.04,1114.04,1114.04,1114.04,0,0
1352.N,D,20190621,000000,1117.15,1117.15,1117.15,1117.15,0,0
1352.N,D,20190624,000000,1117.72,1117.72,1117.72,1117.72,0,0
1352.N,D,20190625,000000,1113.74,1113.74,1113.74,1113.74,0,0
1352.N,D,20190626,000000,1110.69,1110.69,1110.69,1110.69,0,0
1352.N,D,20190627,000000,1122.08,1122.08,1122.08,1122.08,0,0
1352.N,D,20190628,000000,1124.67,1124.67,1124.67,1124.67,0,0
1352.N,D,20190701,000000,1127.19,1127.19,1127.19,1127.19,0,0
1352.N,D,20190702,000000,1145.02,1145.02,1145.02,1145.02,0,0
1352.N,D,20190704,000000,1138.19,1138.19,1138.19,1138.19,0,0
1352.N,D,20190705,000000,1137.33,1137.33,1137.33,1137.33,0,0
1352.N,D,20190708,000000,1121.13,1121.13,1121.13,1121.13,0,0
1352.N,D,20190709,000000,1113.66,1113.66,1113.66,1113.66,0,0
1352.N,D,20190710,000000,1117.17,1117.17,1117.17,1117.17,0,0
1352.N,D,20190711,000000,1125.41,1125.41,1125.41,1125.41,0,0
1352.N,D,20190712,000000,1125.12,1125.12,1125.12,1125.12,0,0
1352.N,D,20190715,000000,1129.78,1129.78,1129.78,1129.78,0,0
1352.N,D,20190716,000000,1139.4,1139.4,1139.4,1139.4,0,0
1352.N,D,20190717,000000,1137.68,1137.68,1137.68,1137.68,0,0
1352.N,D,20190718,000000,1131.82,1131.82,1131.82,1131.82,0,0
1352.N,D,20190719,000000,1143.39,1143.39,1143.39,1143.39,0,0
1352.N,D,20190722,000000,1137.1,1137.1,1137.1,1137.1,0,0
1352.N,D,20190723,000000,1141.05,1141.05,1141.05,1141.05,0,0
1352.N,D,20190724,000000,1142.35,1142.35,1142.35,1142.35,0,0
1352.N,D,20190725,000000,1149.58,1149.58,1149.58,1149.58,0,0
1352.N,D,20190726,000000,1142.88,1142.88,1142.88,1142.88,0,0
1352.N,D,20190729,000000,1139.23,1139.23,1139.23,1139.23,0,0
1352.N,D,20190730,000000,1137.74,1137.74,1137.74,1137.74,0,0
1352.N,D,20190731,000000,1126.83,1126.83,1126.83,1126.83,0,0
1352.N,D,20190801,000000,1122.42,1122.42,1122.42,1122.42,0,0
1352.N,D,20190802,000000,1099.28,1099.28,1099.28,1099.28,0,0
1352.N,D,20190805,000000,1072.1,1072.1,1072.1,1072.1,0,0
1352.N,D,20190806,000000,1057.55,1057.55,1057.55,1057.55,0,0
1352.N,D,20190807,000000,1061.96,1061.96,1061.96,1061.96,0,0
1352.N,D,20190808,000000,1071.28,1071.28,1071.28,1071.28,0,0
1352.N,D,20190809,000000,1069.59,1069.59,1069.59,1069.59,0,0
1352.N,D,20190812,000000,1065.05,1065.05,1065.05,1065.05,0,0
1352.N,D,20190813,000000,1057.5,1057.5,1057.5,1057.5,0,0
1352.N,D,20190814,000000,1066.85,1066.85,1066.85,1066.85,0,0
1352.N,D,20190816,000000,1066.43,1066.43,1066.43,1066.43,0,0
1352.N,D,20190819,000000,1086.1,1086.1,1086.1,1086.1,0,0
1352.N,D,20190820,000000,1088.74,1088.74,1088.74,1088.74,0,0
1352.N,D,20190821,000000,1091.7,1091.7,1091.7,1091.7,0,0
1352.N,D,20190822,000000,1087.15,1087.15,1087.15,1087.15,0,0
1352.N,D,20190823,000000,1087.21,1087.21,1087.21,1087.21,0,0
1352.N,D,20190826,000000,1065.73,1065.73,1065.73,1065.73,0,0
1352.N,D,20190827,000000,1065.78,1065.78,1065.78,1065.78,0,0
1352.N,D,20190828,000000,1065.87,1065.87,1065.87,1065.87,0,0
1352.N,D,20190829,000000,1068.05,1068.05,1068.05,1068.05,0,0
1352.N,D,20190830,000000,1076.78,1076.78,1076.78,1076.78,0,0
1352.N,D,20190902,000000,1080.28,1080.28,1080.28,1080.28,0,0
1352.N,D,20190903,000000,1073.62,1073.62,1073.62,1073.62,0,0
1352.N,D,20190904,000000,1088.06,1088.06,1088.06,1088.06,0,0
1352.N,D,20190905,000000,1094.09,1094.09,1094.09,1094.09,0,0
1352.N,D,20190906,000000,1104.39,1104.39,1104.39,1104.39,0,0
1352.N,D,20190909,000000,1104.66,1104.66,1104.66,1104.66,0,0
1352.N,D,20190910,000000,1104.08,1104.08,1104.08,1104.08,0,0
1352.N,D,20190911,000000,1109.8,1109.8,1109.8,1109.8,0,0
1352.N,D,20190912,000000,1113.63,1113.63,1113.63,1113.63,0,0
1352.N,D,20190913,000000,1118.94,1118.94,1118.94,1118.94,0,0
1352.N,D,20190916,000000,1116.04,1116.04,1116.04,1116.04,0,0
1352.N,D,20190917,000000,1106.69,1106.69,1106.69,1106.69,0,0
1352.N,D,20190918,000000,1114.64,1114.64,1114.64,1114.64,0,0
1352.N,D,20190919,000000,1108.75,1108.75,1108.75,1108.75,0,0
1352.N,D,20190920,000000,1110.58,1110.58,1110.58,1110.58,0,0
1352.N,D,20190923,000000,1104.4,1104.4,1104.4,1104.4,0,0
1352.N,D,20190924,000000,1106.61,1106.61,1106.61,1106.61,0,0
1352.N,D,20190925,000000,1093.53,1093.53,1093.53,1093.53,0,0
1352.N,D,20190926,000000,1101.43,1101.43,1101.43,1101.43,0,0
1352.N,D,20190927,000000,1101.14,1101.14,1101.14,1101.14,0,0
1352.N,D,20190930,000000,1093.71,1093.71,1093.71,1093.71,0,0
1352.N,D,20191001,000000,1094.46,1094.46,1094.46,1094.46,0,0
1352.N,D,20191002,000000,1089.14,1089.14,1089.14,1089.14,0,0
1352.N,D,20191003,000000,1086.18,1086.18,1086.18,1086.18,0,0
1352.N,D,20191004,000000,1089.84,1089.84,1089.84,1089.84,0,0
1352.N,D,20191007,000000,1090.33,1090.33,1090.33,1090.33,0,0
1352.N,D,20191008,000000,1096.37,1096.37,1096.37,1096.37,0,0
1352.N,D,20191009,000000,1085.25,1085.25,1085.25,1085.25,0,0
1352.N,D,20191010,000000,1095.16,1095.16,1095.16,1095.16,0,0
1352.N,D,20191011,000000,1105.27,1105.27,1105.27,1105.27,0,0
1352.N,D,20191014,000000,1116.09,1116.09,1116.09,1116.09,0,0
1352.N,D,20191015,000000,1114.1,1114.1,1114.1,1114.1,0,0
1352.N,D,20191016,000000,1120.68,1120.68,1120.68,1120.68,0,0
1352.N,D,20191017,000000,1124.39,1124.39,1124.39,1124.39,0,0
1352.N,D,20191018,000000,1121.24,1121.24,1121.24,1121.24,0,0
1352.N,D,20191022,000000,1123.95,1123.95,1123.95,1123.95,0,0
1352.N,D,20191023,000000,1117.52,1117.52,1117.52,1117.52,0,0
1352.N,D,20191025,000000,1128.99,1128.99,1128.99,1128.99,0,0
1352.N,D,20191030,000000,1137.28,1137.28,1137.28,1137.28,0,0
1352.N,D,20191031,000000,1143.01,1143.01,1143.01,1143.01,0,0
1352.N,D,20191104,000000,1157.58,1157.58,1157.58,1157.58,0,0
1352.N,D,20191107,000000,1173.54,1173.54,1173.54,1173.54,0,0
1352.N,D,20191108,000000,1166.6,1166.6,1166.6,1166.6,0,0
1352.N,D,20191111,000000,1148.14,1148.14,1148.14,1148.14,0,0
1352.N,D,20191112,000000,1153.98,1153.98,1153.98,1153.98,0,0
1352.N,D,20191113,000000,1142.92,1142.92,1142.92,1142.92,0,0
1352.N,D,20191114,000000,1138.38,1138.38,1138.38,1138.38,0,0
1352.N,D,20191115,000000,1142.1,1142.1,1142.1,1142.1,0,0
1352.N,D,20191118,000000,1154.39,1154.39,1154.39,1154.39,0,0
1352.N,D,20191119,000000,1159.42,1159.42,1159.42,1159.42,0,0
1352.N,D,20191120,000000,1154.79,1154.79,1154.79,1154.79,0,0
1352.N,D,20191121,000000,1141.52,1141.52,1141.52,1141.52,0,0
1352.N,D,20191122,000000,1144.49,1144.49,1144.49,1144.49,0,0
1352.N,D,20191125,000000,1152.89,1152.89,1152.89,1152.89,0,0
1352.N,D,20191126,000000,1153.05,1153.05,1153.05,1153.05,0,0
1352.N,D,20191127,000000,1161.13,1161.13,1161.13,1161.13,0,0
1352.N,D,20191128,000000,1165.04,1165.04,1165.04,1165.04,0,0
1352.N,D,20191129,000000,1153.45,1153.45,1153.45,1153.45,0,0
1352.N,D,20191202,000000,1151.77,1151.77,1151.77,1151.77,0,0
1352.N,D,20191203,000000,1148.7,1148.7,1148.7,1148.7,0,0
1352.N,D,20191204,000000,1140.74,1140.74,1140.74,1140.74,0,0
1352.N,D,20191205,000000,1143.81,1143.81,1143.81,1143.81,0,0
1352.N,D,20191206,000000,1156.26,1156.26,1156.26,1156.26,0,0
1352.N,D,20191209,000000,1157,1157,1157,1157,0,0
1352.N,D,20191210,000000,1151.94,1151.94,1151.94,1151.94,0,0
1352.N,D,20191211,000000,1157.06,1157.06,1157.06,1157.06,0,0
1352.N,D,20191212,000000,1172.7,1172.7,1172.7,1172.7,0,0
1352.N,D,20191213,000000,1197.79,1197.79,1197.79,1197.79,0,0
1352.N,D,20191216,000000,1192.8,1192.8,1192.8,1192.8,0,0
1352.N,D,20191217,000000,1206.04,1206.04,1206.04,1206.04,0,0
1352.N,D,20191218,000000,1210.52,1210.52,1210.52,1210.52,0,0
1352.N,D,20191219,000000,1209.66,1209.66,1209.66,1209.66,0,0
1352.N,D,20191220,000000,1209.8,1209.8,1209.8,1209.8,0,0
1352.N,D,20191223,000000,1209.91,1209.91,1209.91,1209.91,0,0
1352.N,D,20191227,000000,1218.82,1218.82,1218.82,1218.82,0,0
1352.N,D,20191230,000000,1220.71,1220.71,1220.71,1220.71,0,0
1352.N,D,20191231,000000,1214.39,1214.39,1214.39,1214.39,0,0
1352.N,D,20200102,000000,1223.35,1223.35,1223.35,1223.35,0,0
1352.N,D,20200103,000000,1231.15,1231.15,1231.15,1231.15,0,0
1352.N,D,20200106,000000,1218.03,1218.03,1218.03,1218.03,0,0
1352.N,D,20200107,000000,1223.72,1223.72,1223.72,1223.72,0,0
1352.N,D,20200108,000000,1217.32,1217.32,1217.32,1217.32,0,0
1352.N,D,20200109,000000,1234.93,1234.93,1234.93,1234.93,0,0
1352.N,D,20200110,000000,1243.87,1243.87,1243.87,1243.87,0,0
1352.N,D,20200113,000000,1252.67,1252.67,1252.67,1252.67,0,0
1352.N,D,20200114,000000,1258.77,1258.77,1258.77,1258.77,0,0
1352.N,D,20200115,000000,1255.52,1255.52,1255.52,1255.52,0,0
1352.N,D,20200116,000000,1255.65,1255.65,1255.65,1255.65,0,0
1352.N,D,20200117,000000,1258.29,1258.29,1258.29,1258.29,0,0
1352.N,D,20200120,000000,1251.06,1251.06,1251.06,1251.06,0,0
1352.N,D,20200121,000000,1228.95,1228.95,1228.95,1228.95,0,0
1352.N,D,20200122,000000,1226.18,1226.18,1226.18,1226.18,0,0
1352.N,D,20200123,000000,1210.72,1210.72,1210.72,1210.72,0,0
1352.N,D,20200124,000000,1208.94,1208.94,1208.94,1208.94,0,0
1352.N,D,20200127,000000,1196.21,1196.21,1196.21,1196.21,0,0
1352.N,D,20200128,000000,1181.98,1181.98,1181.98,1181.98,0,0
1352.N,D,20200129,000000,1182.85,1182.85,1182.85,1182.85,0,0
1352.N,D,20200130,000000,1158.82,1158.82,1158.82,1158.82,0,0
1352.N,D,20200131,000000,1150.24,1150.24,1150.24,1150.24,0,0
1352.N,D,20200203,000000,1146,1146,1146,1146,0,0
1352.N,D,20200204,000000,1172.18,1172.18,1172.18,1172.18,0,0
1352.N,D,20200205,000000,1196.23,1196.23,1196.23,1196.23,0,0
1352.N,D,20200206,000000,1208.57,1208.57,1208.57,1208.57,0,0
1352.N,D,20200207,000000,1206.5,1206.5,1206.5,1206.5,0,0
1352.N,D,20200210,000000,1195.34,1195.34,1195.34,1195.34,0,0
1352.N,D,20200211,000000,1208.06,1208.06,1208.06,1208.06,0,0
1352.N,D,20200212,000000,1223.47,1223.47,1223.47,1223.47,0,0
1352.N,D,20200213,000000,1231.06,1231.06,1231.06,1231.06,0,0
1352.N,D,20200214,000000,1229.09,1229.09,1229.09,1229.09,0,0
1352.N,D,20200217,000000,1228.43,1228.43,1228.43,1228.43,0,0
1352.N,D,20200218,000000,1220.41,1220.41,1220.41,1220.41,0,0
1352.N,D,20200219,000000,1219.35,1219.35,1219.35,1219.35,0,0
1352.N,D,20200220,000000,1222.42,1222.42,1222.42,1222.42,0,0
1352.N,D,20200221,000000,1208.77,1208.77,1208.77,1208.77,0,0
1352.N,D,20200224,000000,1179.79,1179.79,1179.79,1179.79,0,0
1352.N,D,20200225,000000,1183.84,1183.84,1183.84,1183.84,0,0
1352.N,D,20200226,000000,1168.66,1168.66,1168.66,1168.66,0,0
1352.N,D,20200227,000000,1174.34,1174.34,1174.34,1174.34,0,0
1352.N,D,20200228,000000,1142.3,1142.3,1142.3,1142.3,0,0
1352.N,D,20200302,000000,1158.22,1158.22,1158.22,1158.22,0,0
1352.N,D,20200303,000000,1178.5,1178.5,1178.5,1178.5,0,0
1352.N,D,20200304,000000,1179.21,1179.21,1179.21,1179.21,0,0
1352.N,D,20200305,000000,1201.41,1201.41,1201.41,1201.41,0,0
1352.N,D,20200306,000000,1180.94,1180.94,1180.94,1180.94,0,0
1352.N,D,20200309,000000,1129.58,1129.58,1129.58,1129.58,0,0
1352.N,D,20200310,000000,1130.32,1130.32,1130.32,1130.32,0,0
1352.N,D,20200311,000000,1135.05,1135.05,1135.05,1135.05,0,0
1352.N,D,20200312,000000,1081.29,1081.29,1081.29,1081.29,0,0
1352.N,D,20200313,000000,1060.11,1060.11,1060.11,1060.11,0,0
1352.N,D,20200316,000000,1029.36,1029.36,1029.36,1029.36,0,0
1352.N,D,20200317,000000,990.25,990.25,990.25,990.25,0,0
1352.N,D,20200318,000000,988.59,988.59,988.59,988.59,0,0
1352.N,D,20200319,000000,945.05,945.05,945.05,945.05,0,0
1352.N,D,20200320,000000,987,987,987,987,0,0
1352.N,D,20200323,000000,950.3,950.3,950.3,950.3,0,0
1352.N,D,20200324,000000,980.34,980.34,980.34,980.34,0,0
1352.N,D,20200325,000000,1029.58,1029.58,1029.58,1029.58,0,0
1352.N,D,20200326,000000,1034.93,1034.93,1034.93,1034.93,0,0
1352.N,D,20200327,000000,1049.72,1049.72,1049.72,1049.72,0,0
1352.N,D,20200330,000000,1030.41,1030.41,1030.41,1030.41,0,0
1352.N,D,20200331,000000,1049.22,1049.22,1049.22,1049.22,0,0
1352.N,D,20200401,000000,1035.31,1035.31,1035.31,1035.31,0,0
1352.N,D,20200402,000000,1034.87,1034.87,1034.87,1034.87,0,0
1352.N,D,20200403,000000,1036.12,1036.12,1036.12,1036.12,0,0
1352.N,D,20200406,000000,1046.07,1046.07,1046.07,1046.07,0,0
1352.N,D,20200407,000000,1082.25,1082.25,1082.25,1082.25,0,0
1352.N,D,20200408,000000,1074.89,1074.89,1074.89,1074.89,0,0
1352.N,D,20200409,000000,1086.77,1086.77,1086.77,1086.77,0,0
1352.N,D,20200414,000000,1103.6,1103.6,1103.6,1103.6,0,0
1352.N,D,20200415,000000,1106.93,1106.93,1106.93,1106.93,0,0
1352.N,D,20200416,000000,1102.94,1102.94,1102.94,1102.94,0,0
1352.N,D,20200417,000000,1125.73,1125.73,1125.73,1125.73,0,0
1352.N,D,20200420,000000,1131.59,1131.59,1131.59,1131.59,0,0
1352.N,D,20200421,000000,1111.19,1111.19,1111.19,1111.19,0,0
1352.N,D,20200422,000000,1120.92,1120.92,1120.92,1120.92,0,0
1352.N,D,20200423,000000,1130.29,1130.29,1130.29,1130.29,0,0
1352.N,D,20200424,000000,1125.11,1125.11,1125.11,1125.11,0,0
1352.N,D,20200427,000000,1136.25,1136.25,1136.25,1136.25,0,0
1352.N,D,20200428,000000,1146.53,1146.53,1146.53,1146.53,0,0
1352.N,D,20200429,000000,1150.89,1150.89,1150.89,1150.89,0,0
1352.N,D,20200430,000000,1177.18,1177.18,1177.18,1177.18,0,0
1352.N,D,20200504,000000,1127.92,1127.92,1127.92,1127.92,0,0
1352.N,D,20200505,000000,1138.08,1138.08,1138.08,1138.08,0,0
1352.N,D,20200506,000000,1154.57,1154.57,1154.57,1154.57,0,0
1352.N,D,20200507,000000,1159.32,1159.32,1159.32,1159.32,0,0
1352.N,D,20200508,000000,1174.76,1174.76,1174.76,1174.76,0,0
1352.N,D,20200511,000000,1190.35,1190.35,1190.35,1190.35,0,0
1352.N,D,20200512,000000,1185.63,1185.63,1185.63,1185.63,0,0
1352.N,D,20200513,000000,1189.55,1189.55,1189.55,1189.55,0,0
1352.N,D,20200514,000000,1175.73,1175.73,1175.73,1175.73,0,0
1352.N,D,20200515,000000,1176.34,1176.34,1176.34,1176.34,0,0
1352.N,D,20200518,000000,1176.64,1176.64,1176.64,1176.64,0,0
1352.N,D,20200519,000000,1198.07,1198.07,1198.07,1198.07,0,0
1352.N,D,20200520,000000,1206.75,1206.75,1206.75,1206.75,0,0
1352.N,D,20200522,000000,1180.72,1180.72,1180.72,1180.72,0,0
1352.N,D,20200525,000000,1187.32,1187.32,1187.32,1187.32,0,0
1352.N,D,20200526,000000,1202.69,1202.69,1202.69,1202.69,0,0
1352.N,D,20200527,000000,1201.06,1201.06,1201.06,1201.06,0,0
1352.N,D,20200528,000000,1198.05,1198.05,1198.05,1198.05,0,0
1352.N,D,20200529,000000,1201.39,1201.39,1201.39,1201.39,0,0
1352.N,D,20200602,000000,1241.84,1241.84,1241.84,1241.84,0,0
1352.N,D,20200603,000000,1268.34,1268.34,1268.34,1268.34,0,0
1352.N,D,20200604,000000,1286.06,1286.06,1286.06,1286.06,0,0
1352.N,D,20200605,000000,1295.05,1295.05,1295.05,1295.05,0,0
1352.N,D,20200608,000000,1302.21,1302.21,1302.21,1302.21,0,0
1352.N,D,20200609,000000,1300.01,1300.01,1300.01,1300.01,0,0
1352.N,D,20200610,000000,1312.35,1312.35,1312.35,1312.35,0,0
1352.N,D,20200611,000000,1305.07,1305.07,1305.07,1305.07,0,0
1352.N,D,20200612,000000,1293.19,1293.19,1293.19,1293.19,0,0
1352.N,D,20200615,000000,1276.15,1276.15,1276.15,1276.15,0,0
1352.N,D,20200616,000000,1307.77,1307.77,1307.77,1307.77,0,0
1352.N,D,20200617,000000,1317.26,1317.26,1317.26,1317.26,0,0
1352.N,D,20200618,000000,1328,1328,1328,1328,0,0
1352.N,D,20200619,000000,1340.78,1340.78,1340.78,1340.78,0,0
1352.N,D,20200622,000000,1347.14,1347.14,1347.14,1347.14,0,0
1352.N,D,20200624,000000,1372.07,1372.07,1372.07,1372.07,0,0
1352.N,D,20200625,000000,1357.66,1357.66,1357.66,1357.66,0,0
1352.N,D,20200626,000000,1357.6,1357.6,1357.6,1357.6,0,0
1352.N,D,20200629,000000,1346.68,1346.68,1346.68,1346.68,0,0
1352.N,D,20200630,000000,1355.38,1355.38,1355.38,1355.38,0,0
1352.N,D,20200701,000000,1362.49,1362.49,1362.49,1362.49,0,0
1352.N,D,20200702,000000,1393.65,1393.65,1393.65,1393.65,0,0
1352.N,D,20200703,000000,1410.82,1410.82,1410.82,1410.82,0,0
1352.N,D,20200706,000000,1427.52,1427.52,1427.52,1427.52,0,0
1352.N,D,20200707,000000,1440.33,1440.33,1440.33,1440.33,0,0
1352.N,D,20200708,000000,1455.54,1455.54,1455.54,1455.54,0,0
1352.N,D,20200709,000000,1496.38,1496.38,1496.38,1496.38,0,0
1352.N,D,20200710,000000,1490.58,1490.58,1490.58,1490.58,0,0
1352.N,D,20200713,000000,1500.49,1500.49,1500.49,1500.49,0,0
1352.N,D,20200714,000000,1476.95,1476.95,1476.95,1476.95,0,0
1352.N,D,20200715,000000,1483.77,1483.77,1483.77,1483.77,0,0
1352.N,D,20200716,000000,1445.46,1445.46,1445.46,1445.46,0,0
1352.N,D,20200717,000000,1455.13,1455.13,1455.13,1455.13,0,0
1352.N,D,20200720,000000,1459.12,1459.12,1459.12,1459.12,0,0
1352.N,D,20200721,000000,1516.28,1516.28,1516.28,1516.28,0,0
1352.N,D,20200722,000000,1507.59,1507.59,1507.59,1507.59,0,0
1352.N,D,20200723,000000,1517.56,1517.56,1517.56,1517.56,0,0
1352.N,D,20200724,000000,1487.6,1487.6,1487.6,1487.6,0,0
1352.N,D,20200727,000000,1502.7,1502.7,1502.7,1502.7,0,0
1352.N,D,20200728,000000,1527.37,1527.37,1527.37,1527.37,0,0
1352.N,D,20200729,000000,1524.8,1524.8,1524.8,1524.8,0,0
1352.N,D,20200730,000000,1529.38,1529.38,1529.38,1529.38,0,0
1352.N,D,20200731,000000,1535.38,1535.38,1535.38,1535.38,0,0
1352.N,D,20200803,000000,1539.17,1539.17,1539.17,1539.17,0,0
1352.N,D,20200804,000000,1567.02,1567.02,1567.02,1567.02,0,0
1352.N,D,20200805,000000,1588.85,1588.85,1588.85,1588.85,0,0
1352.N,D,20200806,000000,1597.09,1597.09,1597.09,1597.09,0,0
1352.N,D,20200807,000000,1581.53,1581.53,1581.53,1581.53,0,0
1352.N,D,20200810,000000,1556.43,1556.43,1556.43,1556.43,0,0
1352.N,D,20200811,000000,1558.04,1558.04,1558.04,1558.04,0,0
1352.N,D,20200812,000000,1551.73,1551.73,1551.73,1551.73,0,0
1352.N,D,20200813,000000,1559.65,1559.65,1559.65,1559.65,0,0
1352.N,D,20200814,000000,1560.3,1560.3,1560.3,1560.3,0,0
1352.N,D,20200817,000000,1566.05,1566.05,1566.05,1566.05,0,0
1352.N,D,20200818,000000,1578.45,1578.45,1578.45,1578.45,0,0
1352.N,D,20200819,000000,1576.41,1576.41,1576.41,1576.41,0,0
1352.N,D,20200820,000000,1553.09,1553.09,1553.09,1553.09,0,0
1352.N,D,20200821,000000,1573.14,1573.14,1573.14,1573.14,0,0
1352.N,D,20200824,000000,1602.92,1602.92,1602.92,1602.92,0,0
1352.N,D,20200825,000000,1610.14,1610.14,1610.14,1610.14,0,0
1352.N,D,20200826,000000,1637.77,1637.77,1637.77,1637.77,0,0
1352.N,D,20200827,000000,1659.93,1659.93,1659.93,1659.93,0,0
1352.N,D,20200828,000000,1656.99,1656.99,1656.99,1656.99,0,0
1352.N,D,20200831,000000,1651.11,1651.11,1651.11,1651.11,0,0
1352.N,D,20200901,000000,1661.78,1661.78,1661.78,1661.78,0,0
1352.N,D,20200902,000000,1682.99,1682.99,1682.99,1682.99,0,0
1352.N,D,20200903,000000,1668.96,1668.96,1668.96,1668.96,0,0
1352.N,D,20200904,000000,1631.82,1631.82,1631.82,1631.82,0,0
1352.N,D,20200907,000000,1609.95,1609.95,1609.95,1609.95,0,0
1352.N,D,20200908,000000,1610.63,1610.63,1610.63,1610.63,0,0
1352.N,D,20200909,000000,1588.93,1588.93,1588.93,1588.93,0,0
1352.N,D,20200910,000000,1600.19,1600.19,1600.19,1600.19,0,0
1352.N,D,20200911,000000,1605.11,1605.11,1605.11,1605.11,0,0
1352.N,D,20200914,000000,1619.81,1619.81,1619.81,1619.81,0,0
1352.N,D,20200915,000000,1631.33,1631.33,1631.33,1631.33,0,0
1352.N,D,20200916,000000,1641.62,1641.62,1641.62,1641.62,0,0
1352.N,D,20200917,000000,1621.08,1621.08,1621.08,1621.08,0,0
1352.N,D,20200918,000000,1632.45,1632.45,1632.45,1632.45,0,0
1352.N,D,20200921,000000,1608.05,1608.05,1608.05,1608.05,0,0
1352.N,D,20200922,000000,1596.39,1596.39,1596.39,1596.39,0,0
1352.N,D,20200923,000000,1603.82,1603.82,1603.82,1603.82,0,0
1352.N,D,20200924,000000,1572.35,1572.35,1572.35,1572.35,0,0
1352.N,D,20200925,000000,1567.83,1567.83,1567.83,1567.83,0,0
1352.N,D,20200928,000000,1583.49,1583.49,1583.49,1583.49,0,0
1352.N,D,20200929,000000,1589.19,1589.19,1589.19,1589.19,0,0
1352.N,D,20200930,000000,1597.76,1597.76,1597.76,1597.76,0,0
1352.N,D,20201001,000000,1617.91,1617.91,1617.91,1617.91,0,0
1352.N,D,20201002,000000,1616.91,1616.91,1616.91,1616.91,0,0
1352.N,D,20201005,000000,1627.98,1627.98,1627.98,1627.98,0,0
1352.N,D,20201006,000000,1646.11,1646.11,1646.11,1646.11,0,0
1352.N,D,20201007,000000,1658.75,1658.75,1658.75,1658.75,0,0
1352.N,D,20201008,000000,1668.81,1668.81,1668.81,1668.81,0,0
1352.N,D,20201009,000000,1674.74,1674.74,1674.74,1674.74,0,0
1352.N,D,20201012,000000,1700.21,1700.21,1700.21,1700.21,0,0
1352.N,D,20201013,000000,1706.27,1706.27,1706.27,1706.27,0,0
1352.N,D,20201014,000000,1706.96,1706.96,1706.96,1706.96,0,0
1352.N,D,20201015,000000,1683.31,1683.31,1683.31,1683.31,0,0
1352.N,D,20201016,000000,1681.5,1681.5,1681.5,1681.5,0,0
