<TICKER>,<PER>,<DATE>,<TIME>,<OPEN>,<HIGH>,<LOW>,<CLOSE>,<VOL>,<OPENINT>
2740.N,D,20141208,000000,145.84,145.84,145.84,145.84,0,0
2740.N,D,20141209,000000,144.19,144.19,144.19,144.19,0,0
2740.N,D,20141210,000000,142.34,142.34,142.34,142.34,0,0
2740.N,D,20141211,000000,142.45,142.45,142.45,142.45,0,0
2740.N,D,20141212,000000,139.95,139.95,139.95,139.95,0,0
2740.N,D,20141215,000000,138.26,138.26,138.26,138.26,0,0
2740.N,D,20141216,000000,137.1,137.1,137.1,137.1,0,0
2740.N,D,20141217,000000,139.75,139.75,139.75,139.75,0,0
2740.N,D,20141218,000000,143.93,143.93,143.93,143.93,0,0
2740.N,D,20141219,000000,145.27,145.27,145.27,145.27,0,0
2740.N,D,20141222,000000,145.27,145.27,145.27,145.27,0,0
2740.N,D,20141223,000000,145.75,145.75,145.75,145.75,0,0
2740.N,D,20141229,000000,146.75,146.75,146.75,146.75,0,0
2740.N,D,20141230,000000,146.22,146.22,146.22,146.22,0,0
2740.N,D,20150102,000000,146.88,146.88,146.88,146.88,0,0
2740.N,D,20150105,000000,145.19,145.19,145.19,145.19,0,0
2740.N,D,20150107,000000,146.23,146.23,146.23,146.23,0,0
2740.N,D,20150108,000000,148.73,148.73,148.73,148.73,0,0
2740.N,D,20150109,000000,147.38,147.38,147.38,147.38,0,0
2740.N,D,20150112,000000,146.61,146.61,146.61,146.61,0,0
2740.N,D,20150113,000000,147.16,147.16,147.16,147.16,0,0
2740.N,D,20150114,000000,146.06,146.06,146.06,146.06,0,0
2740.N,D,20150115,000000,148.09,148.09,148.09,148.09,0,0
2740.N,D,20150116,000000,150.2,150.2,150.2,150.2,0,0
2740.N,D,20150119,000000,150.19,150.19,150.19,150.19,0,0
2740.N,D,20150120,000000,150.2,150.2,150.2,150.2,0,0
2740.N,D,20150121,000000,150.92,150.92,150.92,150.92,0,0
2740.N,D,20150122,000000,154.53,154.53,154.53,154.53,0,0
2740.N,D,20150123,000000,156.35,156.35,156.35,156.35,0,0
2740.N,D,20150126,000000,156.73,156.73,156.73,156.73,0,0
2740.N,D,20150127,000000,154.86,154.86,154.86,154.86,0,0
2740.N,D,20150128,000000,153.77,153.77,153.77,153.77,0,0
2740.N,D,20150129,000000,154.17,154.17,154.17,154.17,0,0
2740.N,D,20150130,000000,153.63,153.63,153.63,153.63,0,0
2740.N,D,20150202,000000,154.1,154.1,154.1,154.1,0,0
2740.N,D,20150203,000000,154.44,154.44,154.44,154.44,0,0
2740.N,D,20150204,000000,154.32,154.32,154.32,154.32,0,0
2740.N,D,20150205,000000,155.26,155.26,155.26,155.26,0,0
2740.N,D,20150206,000000,155.82,155.82,155.82,155.82,0,0
2740.N,D,20150209,000000,155.88,155.88,155.88,155.88,0,0
2740.N,D,20150210,000000,156.52,156.52,156.52,156.52,0,0
2740.N,D,20150211,000000,157.2,157.2,157.2,157.2,0,0
2740.N,D,20150212,000000,158.1,158.1,158.1,158.1,0,0
2740.N,D,20150213,000000,159.01,159.01,159.01,159.01,0,0
2740.N,D,20150216,000000,159.01,159.01,159.01,159.01,0,0
2740.N,D,20150217,000000,159.25,159.25,159.25,159.25,0,0
2740.N,D,20150218,000000,160.41,160.41,160.41,160.41,0,0
2740.N,D,20150219,000000,160.27,160.27,160.27,160.27,0,0
2740.N,D,20150220,000000,161.23,161.23,161.23,161.23,0,0
2740.N,D,20150223,000000,160.97,160.97,160.97,160.97,0,0
2740.N,D,20150224,000000,161.66,161.66,161.66,161.66,0,0
2740.N,D,20150225,000000,161.63,161.63,161.63,161.63,0,0
2740.N,D,20150226,000000,163.63,163.63,163.63,163.63,0,0
2740.N,D,20150227,000000,163.43,163.43,163.43,163.43,0,0
2740.N,D,20150302,000000,163.71,163.71,163.71,163.71,0,0
2740.N,D,20150303,000000,163.01,163.01,163.01,163.01,0,0
2740.N,D,20150304,000000,164.28,164.28,164.28,164.28,0,0
2740.N,D,20150305,000000,164.74,164.74,164.74,164.74,0,0
2740.N,D,20150306,000000,165.31,165.31,165.31,165.31,0,0
2740.N,D,20150309,000000,164.84,164.84,164.84,164.84,0,0
2740.N,D,20150310,000000,164.28,164.28,164.28,164.28,0,0
2740.N,D,20150311,000000,165.96,165.96,165.96,165.96,0,0
2740.N,D,20150312,000000,166.55,166.55,166.55,166.55,0,0
2740.N,D,20150313,000000,167.17,167.17,167.17,167.17,0,0
2740.N,D,20150316,000000,167.93,167.93,167.93,167.93,0,0
2740.N,D,20150317,000000,167.43,167.43,167.43,167.43,0,0
2740.N,D,20150318,000000,168.88,168.88,168.88,168.88,0,0
2740.N,D,20150319,000000,169.1,169.1,169.1,169.1,0,0
2740.N,D,20150320,000000,168.38,168.38,168.38,168.38,0,0
2740.N,D,20150323,000000,167.19,167.19,167.19,167.19,0,0
2740.N,D,20150324,000000,167.12,167.12,167.12,167.12,0,0
2740.N,D,20150325,000000,164.61,164.61,164.61,164.61,0,0
2740.N,D,20150326,000000,164.62,164.62,164.62,164.62,0,0
2740.N,D,20150327,000000,165.03,165.03,165.03,165.03,0,0
2740.N,D,20150330,000000,167.6,167.6,167.6,167.6,0,0
2740.N,D,20150331,000000,167.54,167.54,167.54,167.54,0,0
2740.N,D,20150401,000000,167.88,167.88,167.88,167.88,0,0
2740.N,D,20150402,000000,167.37,167.37,167.37,167.37,0,0
2740.N,D,20150407,000000,169.02,169.02,169.02,169.02,0,0
2740.N,D,20150408,000000,170.95,170.95,170.95,170.95,0,0
2740.N,D,20150409,000000,173.66,173.66,173.66,173.66,0,0
2740.N,D,20150410,000000,175.48,175.48,175.48,175.48,0,0
2740.N,D,20150413,000000,175.6,175.6,175.6,175.6,0,0
2740.N,D,20150414,000000,174.08,174.08,174.08,174.08,0,0
2740.N,D,20150415,000000,176.24,176.24,176.24,176.24,0,0
2740.N,D,20150416,000000,175.25,175.25,175.25,175.25,0,0
2740.N,D,20150417,000000,172.65,172.65,172.65,172.65,0,0
2740.N,D,20150420,000000,173.35,173.35,173.35,173.35,0,0
2740.N,D,20150421,000000,174.43,174.43,174.43,174.43,0,0
2740.N,D,20150422,000000,175.36,175.36,175.36,175.36,0,0
2740.N,D,20150423,000000,174.89,174.89,174.89,174.89,0,0
2740.N,D,20150424,000000,174.66,174.66,174.66,174.66,0,0
2740.N,D,20150427,000000,174.38,174.38,174.38,174.38,0,0
2740.N,D,20150428,000000,172.57,172.57,172.57,172.57,0,0
2740.N,D,20150429,000000,169.54,169.54,169.54,169.54,0,0
2740.N,D,20150430,000000,167.04,167.04,167.04,167.04,0,0
2740.N,D,20150504,000000,168.9,168.9,168.9,168.9,0,0
2740.N,D,20150505,000000,166.96,166.96,166.96,166.96,0,0
2740.N,D,20150506,000000,164.43,164.43,164.43,164.43,0,0
2740.N,D,20150507,000000,165.56,165.56,165.56,165.56,0,0
2740.N,D,20150508,000000,169.23,169.23,169.23,169.23,0,0
2740.N,D,20150511,000000,169.68,169.68,169.68,169.68,0,0
2740.N,D,20150512,000000,167.69,167.69,167.69,167.69,0,0
2740.N,D,20150513,000000,166.73,166.73,166.73,166.73,0,0
2740.N,D,20150514,000000,167.33,167.33,167.33,167.33,0,0
2740.N,D,20150515,000000,166.93,166.93,166.93,166.93,0,0
2740.N,D,20150518,000000,168.2,168.2,168.2,168.2,0,0
2740.N,D,20150519,000000,171.22,171.22,171.22,171.22,0,0
2740.N,D,20150520,000000,172.08,172.08,172.08,172.08,0,0
2740.N,D,20150521,000000,172.61,172.61,172.61,172.61,0,0
2740.N,D,20150522,000000,173.31,173.31,173.31,173.31,0,0
2740.N,D,20150525,000000,173.31,173.31,173.31,173.31,0,0
2740.N,D,20150526,000000,172.84,172.84,172.84,172.84,0,0
2740.N,D,20150527,000000,174.38,174.38,174.38,174.38,0,0
2740.N,D,20150528,000000,173.44,173.44,173.44,173.44,0,0
2740.N,D,20150529,000000,171.76,171.76,171.76,171.76,0,0
2740.N,D,20150601,000000,172.54,172.54,172.54,172.54,0,0
2740.N,D,20150602,000000,169.54,169.54,169.54,169.54,0,0
2740.N,D,20150603,000000,168.19,168.19,168.19,168.19,0,0
2740.N,D,20150605,000000,168.69,168.69,168.69,168.69,0,0
2740.N,D,20150608,000000,166.32,166.32,166.32,166.32,0,0
2740.N,D,20150609,000000,165.19,165.19,165.19,165.19,0,0
2740.N,D,20150610,000000,166.98,166.98,166.98,166.98,0,0
2740.N,D,20150611,000000,167.52,167.52,167.52,167.52,0,0
2740.N,D,20150612,000000,166.54,166.54,166.54,166.54,0,0
2740.N,D,20150615,000000,165.42,165.42,165.42,165.42,0,0
2740.N,D,20150616,000000,165.94,165.94,165.94,165.94,0,0
2740.N,D,20150617,000000,165.8,165.8,165.8,165.8,0,0
2740.N,D,20150618,000000,165.03,165.03,165.03,165.03,0,0
2740.N,D,20150619,000000,165.62,165.62,165.62,165.62,0,0
2740.N,D,20150622,000000,166.35,166.35,166.35,166.35,0,0
2740.N,D,20150623,000000,169.61,169.61,169.61,169.61,0,0
2740.N,D,20150624,000000,169.04,169.04,169.04,169.04,0,0
2740.N,D,20150625,000000,168.17,168.17,168.17,168.17,0,0
2740.N,D,20150626,000000,168.15,168.15,168.15,168.15,0,0
2740.N,D,20150629,000000,164.48,164.48,164.48,164.48,0,0
2740.N,D,20150630,000000,164.77,164.77,164.77,164.77,0,0
2740.N,D,20150701,000000,166.18,166.18,166.18,166.18,0,0
2740.N,D,20150702,000000,166.52,166.52,166.52,166.52,0,0
2740.N,D,20150703,000000,166.25,166.25,166.25,166.25,0,0
2740.N,D,20150706,000000,165,165,165,165,0,0
2740.N,D,20150707,000000,165.96,165.96,165.96,165.96,0,0
2740.N,D,20150708,000000,161.25,161.25,161.25,161.25,0,0
2740.N,D,20150709,000000,162.96,162.96,162.96,162.96,0,0
2740.N,D,20150710,000000,163.6,163.6,163.6,163.6,0,0
2740.N,D,20150713,000000,167.7,167.7,167.7,167.7,0,0
2740.N,D,20150714,000000,168.47,168.47,168.47,168.47,0,0
2740.N,D,20150715,000000,168.94,168.94,168.94,168.94,0,0
2740.N,D,20150716,000000,171.15,171.15,171.15,171.15,0,0
2740.N,D,20150717,000000,172.92,172.92,172.92,172.92,0,0
2740.N,D,20150720,000000,172.53,172.53,172.53,172.53,0,0
2740.N,D,20150721,000000,171.33,171.33,171.33,171.33,0,0
2740.N,D,20150722,000000,171.15,171.15,171.15,171.15,0,0
2740.N,D,20150723,000000,169.59,169.59,169.59,169.59,0,0
2740.N,D,20150724,000000,167.24,167.24,167.24,167.24,0,0
2740.N,D,20150727,000000,164.34,164.34,164.34,164.34,0,0
2740.N,D,20150728,000000,166.29,166.29,166.29,166.29,0,0
2740.N,D,20150729,000000,167.6,167.6,167.6,167.6,0,0
2740.N,D,20150730,000000,169.29,169.29,169.29,169.29,0,0
2740.N,D,20150731,000000,167.99,167.99,167.99,167.99,0,0
2740.N,D,20150803,000000,168.88,168.88,168.88,168.88,0,0
2740.N,D,20150804,000000,169.07,169.07,169.07,169.07,0,0
2740.N,D,20150806,000000,169.22,169.22,169.22,169.22,0,0
2740.N,D,20150807,000000,168.37,168.37,168.37,168.37,0,0
2740.N,D,20150810,000000,169.5,169.5,169.5,169.5,0,0
2740.N,D,20150811,000000,166.53,166.53,166.53,166.53,0,0
2740.N,D,20150812,000000,163.39,163.39,163.39,163.39,0,0
2740.N,D,20150813,000000,163.96,163.96,163.96,163.96,0,0
2740.N,D,20150814,000000,164.3,164.3,164.3,164.3,0,0
2740.N,D,20150817,000000,165.15,165.15,165.15,165.15,0,0
2740.N,D,20150818,000000,165.06,165.06,165.06,165.06,0,0
2740.N,D,20150819,000000,163.2,163.2,163.2,163.2,0,0
2740.N,D,20150820,000000,158.6,158.6,158.6,158.6,0,0
2740.N,D,20150821,000000,152.75,152.75,152.75,152.75,0,0
2740.N,D,20150824,000000,143.7,143.7,143.7,143.7,0,0
2740.N,D,20150825,000000,145.79,145.79,145.79,145.79,0,0
2740.N,D,20150826,000000,148.47,148.47,148.47,148.47,0,0
2740.N,D,20150827,000000,154.44,154.44,154.44,154.44,0,0
2740.N,D,20150828,000000,154.97,154.97,154.97,154.97,0,0
2740.N,D,20150831,000000,154,154,154,154,0,0
2740.N,D,20150901,000000,148.91,148.91,148.91,148.91,0,0
2740.N,D,20150902,000000,150.6,150.6,150.6,150.6,0,0
2740.N,D,20150903,000000,152.83,152.83,152.83,152.83,0,0
2740.N,D,20150904,000000,150.27,150.27,150.27,150.27,0,0
2740.N,D,20150907,000000,150.27,150.27,150.27,150.27,0,0
2740.N,D,20150908,000000,151.73,151.73,151.73,151.73,0,0
2740.N,D,20150909,000000,152.45,152.45,152.45,152.45,0,0
2740.N,D,20150910,000000,151.32,151.32,151.32,151.32,0,0
2740.N,D,20150911,000000,150.75,150.75,150.75,150.75,0,0
2740.N,D,20150914,000000,149.91,149.91,149.91,149.91,0,0
2740.N,D,20150915,000000,151.65,151.65,151.65,151.65,0,0
2740.N,D,20150916,000000,153.42,153.42,153.42,153.42,0,0
2740.N,D,20150917,000000,152.88,152.88,152.88,152.88,0,0
2740.N,D,20150918,000000,149.94,149.94,149.94,149.94,0,0
2740.N,D,20150921,000000,151.69,151.69,151.69,151.69,0,0
2740.N,D,20150922,000000,149.79,149.79,149.79,149.79,0,0
2740.N,D,20150923,000000,148.92,148.92,148.92,148.92,0,0
2740.N,D,20150924,000000,146.39,146.39,146.39,146.39,0,0
2740.N,D,20150925,000000,148.09,148.09,148.09,148.09,0,0
2740.N,D,20150928,000000,144.16,144.16,144.16,144.16,0,0
2740.N,D,20150929,000000,143.23,143.23,143.23,143.23,0,0
2740.N,D,20150930,000000,147.17,147.17,147.17,147.17,0,0
2740.N,D,20151001,000000,147.3,147.3,147.3,147.3,0,0
2740.N,D,20151002,000000,148.62,148.62,148.62,148.62,0,0
2740.N,D,20151005,000000,152.09,152.09,152.09,152.09,0,0
2740.N,D,20151006,000000,152.26,152.26,152.26,152.26,0,0
2740.N,D,20151007,000000,153.76,153.76,153.76,153.76,0,0
2740.N,D,20151008,000000,153.9,153.9,153.9,153.9,0,0
2740.N,D,20151009,000000,154.12,154.12,154.12,154.12,0,0
2740.N,D,20151012,000000,153.63,153.63,153.63,153.63,0,0
2740.N,D,20151013,000000,151.94,151.94,151.94,151.94,0,0
2740.N,D,20151014,000000,151.01,151.01,151.01,151.01,0,0
2740.N,D,20151015,000000,154.35,154.35,154.35,154.35,0,0
2740.N,D,20151016,000000,154.92,154.92,154.92,154.92,0,0
2740.N,D,20151019,000000,155.4,155.4,155.4,155.4,0,0
2740.N,D,20151020,000000,154.47,154.47,154.47,154.47,0,0
2740.N,D,20151021,000000,153.74,153.74,153.74,153.74,0,0
2740.N,D,20151022,000000,157.48,157.48,157.48,157.48,0,0
2740.N,D,20151023,000000,161.9,161.9,161.9,161.9,0,0
2740.N,D,20151026,000000,161.72,161.72,161.72,161.72,0,0
2740.N,D,20151027,000000,161.26,161.26,161.26,161.26,0,0
2740.N,D,20151028,000000,162.73,162.73,162.73,162.73,0,0
2740.N,D,20151029,000000,163.16,163.16,163.16,163.16,0,0
2740.N,D,20151030,000000,161.94,161.94,161.94,161.94,0,0
2740.N,D,20151102,000000,163,163,163,163,0,0
2740.N,D,20151103,000000,164.5,164.5,164.5,164.5,0,0
2740.N,D,20151104,000000,165.54,165.54,165.54,165.54,0,0
2740.N,D,20151105,000000,164.94,164.94,164.94,164.94,0,0
2740.N,D,20151106,000000,165.98,165.98,165.98,165.98,0,0
2740.N,D,20151109,000000,164.53,164.53,164.53,164.53,0,0
2740.N,D,20151110,000000,165,165,165,165,0,0
2740.N,D,20151112,000000,162.17,162.17,162.17,162.17,0,0
2740.N,D,20151113,000000,161,161,161,161,0,0
2740.N,D,20151116,000000,162.19,162.19,162.19,162.19,0,0
2740.N,D,20151117,000000,163.79,163.79,163.79,163.79,0,0
2740.N,D,20151118,000000,165.78,165.78,165.78,165.78,0,0
2740.N,D,20151119,000000,164.94,164.94,164.94,164.94,0,0
2740.N,D,20151120,000000,166.17,166.17,166.17,166.17,0,0
2740.N,D,20151123,000000,166.19,166.19,166.19,166.19,0,0
2740.N,D,20151124,000000,165.95,165.95,165.95,165.95,0,0
2740.N,D,20151125,000000,166.67,166.67,166.67,166.67,0,0
2740.N,D,20151126,000000,166.67,166.67,166.67,166.67,0,0
2740.N,D,20151127,000000,166.91,166.91,166.91,166.91,0,0
2740.N,D,20151130,000000,166.58,166.58,166.58,166.58,0,0
2740.N,D,20151201,000000,167.48,167.48,167.48,167.48,0,0
2740.N,D,20151202,000000,166.8,166.8,166.8,166.8,0,0
2740.N,D,20151203,000000,161.21,161.21,161.21,161.21,0,0
2740.N,D,20151204,000000,161.99,161.99,161.99,161.99,0,0
2740.N,D,20151207,000000,161.71,161.71,161.71,161.71,0,0
2740.N,D,20151208,000000,159.93,159.93,159.93,159.93,0,0
2740.N,D,20151209,000000,158.55,158.55,158.55,158.55,0,0
2740.N,D,20151210,000000,158.4,158.4,158.4,158.4,0,0
2740.N,D,20151211,000000,155.22,155.22,155.22,155.22,0,0
2740.N,D,20151214,000000,154.16,154.16,154.16,154.16,0,0
2740.N,D,20151215,000000,156.85,156.85,156.85,156.85,0,0
2740.N,D,20151216,000000,159.1,159.1,159.1,159.1,0,0
2740.N,D,20151217,000000,159.83,159.83,159.83,159.83,0,0
2740.N,D,20151218,000000,157.9,157.9,157.9,157.9,0,0
2740.N,D,20151221,000000,157.59,157.59,157.59,157.59,0,0
2740.N,D,20151222,000000,157.81,157.81,157.81,157.81,0,0
2740.N,D,20151223,000000,161.31,161.31,161.31,161.31,0,0
2740.N,D,20151228,000000,159.73,159.73,159.73,159.73,0,0
2740.N,D,20151229,000000,161.7,161.7,161.7,161.7,0,0
2740.N,D,20151230,000000,160.68,160.68,160.68,160.68,0,0
2740.N,D,20160104,000000,158.24,158.24,158.24,158.24,0,0
2740.N,D,20160105,000000,159.45,159.45,159.45,159.45,0,0
2740.N,D,20160107,000000,152,152,152,152,0,0
2740.N,D,20160108,000000,149.56,149.56,149.56,149.56,0,0
2740.N,D,20160111,000000,149.1,149.1,149.1,149.1,0,0
2740.N,D,20160112,000000,150.21,150.21,150.21,150.21,0,0
2740.N,D,20160113,000000,148.25,148.25,148.25,148.25,0,0
2740.N,D,20160114,000000,148.97,148.97,148.97,148.97,0,0
2740.N,D,20160115,000000,144.7,144.7,144.7,144.7,0,0
2740.N,D,20160118,000000,144.69,144.69,144.69,144.69,0,0
2740.N,D,20160119,000000,144.79,144.79,144.79,144.79,0,0
2740.N,D,20160120,000000,142.52,142.52,142.52,142.52,0,0
2740.N,D,20160121,000000,143.46,143.46,143.46,143.46,0,0
2740.N,D,20160122,000000,147.43,147.43,147.43,147.43,0,0
2740.N,D,20160125,000000,145.97,145.97,145.97,145.97,0,0
2740.N,D,20160126,000000,146.49,146.49,146.49,146.49,0,0
2740.N,D,20160127,000000,145.69,145.69,145.69,145.69,0,0
2740.N,D,20160128,000000,145.3,145.3,145.3,145.3,0,0
2740.N,D,20160129,000000,149.71,149.71,149.71,149.71,0,0
2740.N,D,20160201,000000,148.87,148.87,148.87,148.87,0,0
2740.N,D,20160202,000000,145.86,145.86,145.86,145.86,0,0
2740.N,D,20160203,000000,143.73,143.73,143.73,143.73,0,0
2740.N,D,20160204,000000,142.72,142.72,142.72,142.72,0,0
2740.N,D,20160205,000000,140.85,140.85,140.85,140.85,0,0
2740.N,D,20160208,000000,138.44,138.44,138.44,138.44,0,0
2740.N,D,20160209,000000,135.7,135.7,135.7,135.7,0,0
2740.N,D,20160210,000000,137.63,137.63,137.63,137.63,0,0
2740.N,D,20160211,000000,134.24,134.24,134.24,134.24,0,0
2740.N,D,20160212,000000,136.89,136.89,136.89,136.89,0,0
2740.N,D,20160215,000000,136.89,136.89,136.89,136.89,0,0
2740.N,D,20160216,000000,141.51,141.51,141.51,141.51,0,0
2740.N,D,20160217,000000,143.72,143.72,143.72,143.72,0,0
2740.N,D,20160218,000000,143.76,143.76,143.76,143.76,0,0
2740.N,D,20160219,000000,143.2,143.2,143.2,143.2,0,0
2740.N,D,20160222,000000,145.85,145.85,145.85,145.85,0,0
2740.N,D,20160223,000000,144.27,144.27,144.27,144.27,0,0
2740.N,D,20160224,000000,143.6,143.6,143.6,143.6,0,0
2740.N,D,20160225,000000,145.02,145.02,145.02,145.02,0,0
2740.N,D,20160226,000000,146.49,146.49,146.49,146.49,0,0
2740.N,D,20160229,000000,146.87,146.87,146.87,146.87,0,0
2740.N,D,20160301,000000,150.5,150.5,150.5,150.5,0,0
2740.N,D,20160302,000000,151.64,151.64,151.64,151.64,0,0
2740.N,D,20160303,000000,150.64,150.64,150.64,150.64,0,0
2740.N,D,20160304,000000,150.3,150.3,150.3,150.3,0,0
2740.N,D,20160307,000000,150.16,150.16,150.16,150.16,0,0
2740.N,D,20160308,000000,149.99,149.99,149.99,149.99,0,0
2740.N,D,20160309,000000,149.69,149.69,149.69,149.69,0,0
2740.N,D,20160310,000000,149.4,149.4,149.4,149.4,0,0
2740.N,D,20160311,000000,150.4,150.4,150.4,150.4,0,0
2740.N,D,20160314,000000,150.61,150.61,150.61,150.61,0,0
2740.N,D,20160315,000000,150.29,150.29,150.29,150.29,0,0
2740.N,D,20160316,000000,150.67,150.67,150.67,150.67,0,0
2740.N,D,20160317,000000,151.54,151.54,151.54,151.54,0,0
2740.N,D,20160318,000000,151.85,151.85,151.85,151.85,0,0
2740.N,D,20160321,000000,151.79,151.79,151.79,151.79,0,0
2740.N,D,20160322,000000,151.49,151.49,151.49,151.49,0,0
2740.N,D,20160323,000000,151.53,151.53,151.53,151.53,0,0
2740.N,D,20160324,000000,150.81,150.81,150.81,150.81,0,0
2740.N,D,20160329,000000,151.54,151.54,151.54,151.54,0,0
2740.N,D,20160330,000000,152.19,152.19,152.19,152.19,0,0
2740.N,D,20160331,000000,152.26,152.26,152.26,152.26,0,0
2740.N,D,20160401,000000,152.39,152.39,152.39,152.39,0,0
2740.N,D,20160404,000000,152.62,152.62,152.62,152.62,0,0
2740.N,D,20160405,000000,152.01,152.01,152.01,152.01,0,0
2740.N,D,20160406,000000,152.16,152.16,152.16,152.16,0,0
2740.N,D,20160407,000000,151.47,151.47,151.47,151.47,0,0
2740.N,D,20160408,000000,151.61,151.61,151.61,151.61,0,0
2740.N,D,20160411,000000,151.54,151.54,151.54,151.54,0,0
2740.N,D,20160412,000000,151.44,151.44,151.44,151.44,0,0
2740.N,D,20160413,000000,152.24,152.24,152.24,152.24,0,0
2740.N,D,20160414,000000,152.19,152.19,152.19,152.19,0,0
2740.N,D,20160415,000000,152.26,152.26,152.26,152.26,0,0
2740.N,D,20160418,000000,152.57,152.57,152.57,152.57,0,0
2740.N,D,20160419,000000,152.51,152.51,152.51,152.51,0,0
2740.N,D,20160420,000000,152.41,152.41,152.41,152.41,0,0
2740.N,D,20160421,000000,151.49,151.49,151.49,151.49,0,0
2740.N,D,20160422,000000,151.42,151.42,151.42,151.42,0,0
2740.N,D,20160425,000000,151.16,151.16,151.16,151.16,0,0
2740.N,D,20160426,000000,151.19,151.19,151.19,151.19,0,0
2740.N,D,20160427,000000,151.28,151.28,151.28,151.28,0,0
2740.N,D,20160428,000000,151.4,151.4,151.4,151.4,0,0
2740.N,D,20160429,000000,150.58,150.58,150.58,150.58,0,0
2740.N,D,20160502,000000,150.64,150.64,150.64,150.64,0,0
2740.N,D,20160504,000000,149.97,149.97,149.97,149.97,0,0
2740.N,D,20160505,000000,150.27,150.27,150.27,150.27,0,0
2740.N,D,20160506,000000,150.54,150.54,150.54,150.54,0,0
2740.N,D,20160509,000000,150.71,150.71,150.71,150.71,0,0
2740.N,D,20160510,000000,151.32,151.32,151.32,151.32,0,0
2740.N,D,20160511,000000,150.83,150.83,150.83,150.83,0,0
2740.N,D,20160512,000000,150.89,150.89,150.89,150.89,0,0
2740.N,D,20160513,000000,150.88,150.88,150.88,150.88,0,0
2740.N,D,20160516,000000,151.16,151.16,151.16,151.16,0,0
2740.N,D,20160517,000000,150.73,150.73,150.73,150.73,0,0
2740.N,D,20160518,000000,150.36,150.36,150.36,150.36,0,0
2740.N,D,20160519,000000,149.85,149.85,149.85,149.85,0,0
2740.N,D,20160520,000000,150.31,150.31,150.31,150.31,0,0
2740.N,D,20160523,000000,150.41,150.41,150.41,150.41,0,0
2740.N,D,20160524,000000,151.29,151.29,151.29,151.29,0,0
2740.N,D,20160525,000000,151.73,151.73,151.73,151.73,0,0
2740.N,D,20160527,000000,152.59,152.59,152.59,152.59,0,0
2740.N,D,20160530,000000,152.76,152.76,152.76,152.76,0,0
2740.N,D,20160531,000000,152.51,152.51,152.51,152.51,0,0
2740.N,D,20160601,000000,152.29,152.29,152.29,152.29,0,0
2740.N,D,20160602,000000,152.37,152.37,152.37,152.37,0,0
2740.N,D,20160603,000000,152.02,152.02,152.02,152.02,0,0
2740.N,D,20160606,000000,152.44,152.44,152.44,152.44,0,0
2740.N,D,20160607,000000,152.85,152.85,152.85,152.85,0,0
2740.N,D,20160608,000000,152.99,152.99,152.99,152.99,0,0
2740.N,D,20160609,000000,152.9,152.9,152.9,152.9,0,0
2740.N,D,20160610,000000,151.84,151.84,151.84,151.84,0,0
2740.N,D,20160613,000000,150.62,150.62,150.62,150.62,0,0
2740.N,D,20160614,000000,149.89,149.89,149.89,149.89,0,0
2740.N,D,20160615,000000,150.16,150.16,150.16,150.16,0,0
2740.N,D,20160616,000000,150.31,150.31,150.31,150.31,0,0
2740.N,D,20160617,000000,150.06,150.06,150.06,150.06,0,0
2740.N,D,20160620,000000,150.78,150.78,150.78,150.78,0,0
2740.N,D,20160621,000000,151.11,151.11,151.11,151.11,0,0
2740.N,D,20160622,000000,150.97,150.97,150.97,150.97,0,0
2740.N,D,20160623,000000,151.82,151.82,151.82,151.82,0,0
2740.N,D,20160624,000000,148.86,148.86,148.86,148.86,0,0
2740.N,D,20160627,000000,148.11,148.11,148.11,148.11,0,0
2740.N,D,20160628,000000,149.85,149.85,149.85,149.85,0,0
2740.N,D,20160629,000000,151.81,151.81,151.81,151.81,0,0
2740.N,D,20160630,000000,153.15,153.15,153.15,153.15,0,0
2740.N,D,20160701,000000,153.91,153.91,153.91,153.91,0,0
2740.N,D,20160704,000000,153.96,153.96,153.96,153.96,0,0
2740.N,D,20160705,000000,153.66,153.66,153.66,153.66,0,0
2740.N,D,20160706,000000,153.98,153.98,153.98,153.98,0,0
2740.N,D,20160707,000000,154.25,154.25,154.25,154.25,0,0
2740.N,D,20160708,000000,155.55,155.55,155.55,155.55,0,0
2740.N,D,20160711,000000,156.27,156.27,156.27,156.27,0,0
2740.N,D,20160712,000000,156.79,156.79,156.79,156.79,0,0
2740.N,D,20160713,000000,156.89,156.89,156.89,156.89,0,0
2740.N,D,20160714,000000,157.25,157.25,157.25,157.25,0,0
2740.N,D,20160715,000000,157.19,157.19,157.19,157.19,0,0
2740.N,D,20160718,000000,157.41,157.41,157.41,157.41,0,0
2740.N,D,20160719,000000,157.63,157.63,157.63,157.63,0,0
2740.N,D,20160720,000000,157.89,157.89,157.89,157.89,0,0
2740.N,D,20160721,000000,157.88,157.88,157.88,157.88,0,0
2740.N,D,20160722,000000,158.23,158.23,158.23,158.23,0,0
2740.N,D,20160725,000000,158.01,158.01,158.01,158.01,0,0
2740.N,D,20160726,000000,157.67,157.67,157.67,157.67,0,0
2740.N,D,20160727,000000,157.78,157.78,157.78,157.78,0,0
2740.N,D,20160728,000000,157.73,157.73,157.73,157.73,0,0
2740.N,D,20160729,000000,157.77,157.77,157.77,157.77,0,0
2740.N,D,20160801,000000,157.85,157.85,157.85,157.85,0,0
2740.N,D,20160802,000000,156.84,156.84,156.84,156.84,0,0
2740.N,D,20160803,000000,156.59,156.59,156.59,156.59,0,0
2740.N,D,20160804,000000,157.53,157.53,157.53,157.53,0,0
2740.N,D,20160805,000000,158.89,158.89,158.89,158.89,0,0
2740.N,D,20160808,000000,159.37,159.37,159.37,159.37,0,0
2740.N,D,20160809,000000,159.59,159.59,159.59,159.59,0,0
2740.N,D,20160810,000000,159.42,159.42,159.42,159.42,0,0
2740.N,D,20160811,000000,159.68,159.68,159.68,159.68,0,0
2740.N,D,20160812,000000,159.56,159.56,159.56,159.56,0,0
2740.N,D,20160816,000000,159.05,159.05,159.05,159.05,0,0
2740.N,D,20160817,000000,158.87,158.87,158.87,158.87,0,0
2740.N,D,20160818,000000,158.9,158.9,158.9,158.9,0,0
2740.N,D,20160819,000000,158.5,158.5,158.5,158.5,0,0
2740.N,D,20160822,000000,158.4,158.4,158.4,158.4,0,0
2740.N,D,20160823,000000,158.9,158.9,158.9,158.9,0,0
2740.N,D,20160824,000000,158.66,158.66,158.66,158.66,0,0
2740.N,D,20160825,000000,158.58,158.58,158.58,158.58,0,0
2740.N,D,20160826,000000,158.57,158.57,158.57,158.57,0,0
2740.N,D,20160829,000000,159.18,159.18,159.18,159.18,0,0
2740.N,D,20160830,000000,159.22,159.22,159.22,159.22,0,0
2740.N,D,20160831,000000,158.96,158.96,158.96,158.96,0,0
2740.N,D,20160901,000000,158.81,158.81,158.81,158.81,0,0
2740.N,D,20160902,000000,159.39,159.39,159.39,159.39,0,0
2740.N,D,20160905,000000,159.79,159.79,159.79,159.79,0,0
2740.N,D,20160906,000000,160.25,160.25,160.25,160.25,0,0
2740.N,D,20160907,000000,160.63,160.63,160.63,160.63,0,0
2740.N,D,20160908,000000,159.9,159.9,159.9,159.9,0,0
2740.N,D,20160909,000000,157.44,157.44,157.44,157.44,0,0
2740.N,D,20160912,000000,156.89,156.89,156.89,156.89,0,0
2740.N,D,20160913,000000,155.5,155.5,155.5,155.5,0,0
2740.N,D,20160914,000000,155.37,155.37,155.37,155.37,0,0
2740.N,D,20160915,000000,155.62,155.62,155.62,155.62,0,0
2740.N,D,20160916,000000,155.74,155.74,155.74,155.74,0,0
2740.N,D,20160919,000000,156.34,156.34,156.34,156.34,0,0
2740.N,D,20160920,000000,156.54,156.54,156.54,156.54,0,0
2740.N,D,20160921,000000,157.63,157.63,157.63,157.63,0,0
2740.N,D,20160922,000000,158.75,158.75,158.75,158.75,0,0
2740.N,D,20160923,000000,158.88,158.88,158.88,158.88,0,0
2740.N,D,20160926,000000,157.95,157.95,157.95,157.95,0,0
2740.N,D,20160927,000000,158.53,158.53,158.53,158.53,0,0
2740.N,D,20160928,000000,158.73,158.73,158.73,158.73,0,0
2740.N,D,20160929,000000,158.44,158.44,158.44,158.44,0,0
2740.N,D,20160930,000000,158.29,158.29,158.29,158.29,0,0
2740.N,D,20161003,000000,158.34,158.34,158.34,158.34,0,0
2740.N,D,20161004,000000,158.44,158.44,158.44,158.44,0,0
2740.N,D,20161005,000000,157.73,157.73,157.73,157.73,0,0
2740.N,D,20161006,000000,157.62,157.62,157.62,157.62,0,0
2740.N,D,20161007,000000,157.19,157.19,157.19,157.19,0,0
2740.N,D,20161010,000000,157.52,157.52,157.52,157.52,0,0
2740.N,D,20161011,000000,157.23,157.23,157.23,157.23,0,0
2740.N,D,20161012,000000,157.25,157.25,157.25,157.25,0,0
2740.N,D,20161013,000000,156.77,156.77,156.77,156.77,0,0
2740.N,D,20161014,000000,156.99,156.99,156.99,156.99,0,0
2740.N,D,20161017,000000,156.78,156.78,156.78,156.78,0,0
2740.N,D,20161018,000000,157.72,157.72,157.72,157.72,0,0
2740.N,D,20161019,000000,158.38,158.38,158.38,158.38,0,0
2740.N,D,20161020,000000,158.6,158.6,158.6,158.6,0,0
2740.N,D,20161021,000000,158.82,158.82,158.82,158.82,0,0
2740.N,D,20161024,000000,159.17,159.17,159.17,159.17,0,0
2740.N,D,20161025,000000,159.32,159.32,159.32,159.32,0,0
2740.N,D,20161026,000000,158.35,158.35,158.35,158.35,0,0
2740.N,D,20161027,000000,157.35,157.35,157.35,157.35,0,0
2740.N,D,20161028,000000,157.41,157.41,157.41,157.41,0,0
2740.N,D,20161031,000000,157.65,157.65,157.65,157.65,0,0
2740.N,D,20161102,000000,155.8,155.8,155.8,155.8,0,0
2740.N,D,20161103,000000,155.93,155.93,155.93,155.93,0,0
2740.N,D,20161104,000000,155.83,155.83,155.83,155.83,0,0
2740.N,D,20161107,000000,157.22,157.22,157.22,157.22,0,0
2740.N,D,20161108,000000,157.49,157.49,157.49,157.49,0,0
2740.N,D,20161109,000000,156.93,156.93,156.93,156.93,0,0
2740.N,D,20161110,000000,157.55,157.55,157.55,157.55,0,0
2740.N,D,20161114,000000,157.81,157.81,157.81,157.81,0,0
2740.N,D,20161115,000000,158.05,158.05,158.05,158.05,0,0
2740.N,D,20161116,000000,158.26,158.26,158.26,158.26,0,0
2740.N,D,20161117,000000,158.55,158.55,158.55,158.55,0,0
2740.N,D,20161118,000000,158.38,158.38,158.38,158.38,0,0
2740.N,D,20161121,000000,158.89,158.89,158.89,158.89,0,0
2740.N,D,20161122,000000,159.53,159.53,159.53,159.53,0,0
2740.N,D,20161123,000000,159.51,159.51,159.51,159.51,0,0
2740.N,D,20161124,000000,159.74,159.74,159.74,159.74,0,0
2740.N,D,20161125,000000,159.62,159.62,159.62,159.62,0,0
2740.N,D,20161128,000000,159.54,159.54,159.54,159.54,0,0
2740.N,D,20161129,000000,159.37,159.37,159.37,159.37,0,0
2740.N,D,20161130,000000,159.89,159.89,159.89,159.89,0,0
2740.N,D,20161201,000000,160.09,160.09,160.09,160.09,0,0
2740.N,D,20161202,000000,159.96,159.96,159.96,159.96,0,0
2740.N,D,20161205,000000,160.33,160.33,160.33,160.33,0,0
2740.N,D,20161206,000000,160.99,160.99,160.99,160.99,0,0
2740.N,D,20161207,000000,161.6,161.6,161.6,161.6,0,0
2740.N,D,20161208,000000,162.97,162.97,162.97,162.97,0,0
2740.N,D,20161209,000000,163.5,163.5,163.5,163.5,0,0
2740.N,D,20161212,000000,162.9,162.9,162.9,162.9,0,0
2740.N,D,20161213,000000,163.36,163.36,163.36,163.36,0,0
2740.N,D,20161214,000000,163.05,163.05,163.05,163.05,0,0
2740.N,D,20161215,000000,162.85,162.85,162.85,162.85,0,0
2740.N,D,20161216,000000,163.26,163.26,163.26,163.26,0,0
2740.N,D,20161219,000000,163.38,163.38,163.38,163.38,0,0
2740.N,D,20161220,000000,163.9,163.9,163.9,163.9,0,0
2740.N,D,20161221,000000,163.67,163.67,163.67,163.67,0,0
2740.N,D,20161222,000000,163.12,163.12,163.12,163.12,0,0
2740.N,D,20161223,000000,163.2,163.2,163.2,163.2,0,0
2740.N,D,20161227,000000,163.48,163.48,163.48,163.48,0,0
2740.N,D,20161228,000000,163.32,163.32,163.32,163.32,0,0
2740.N,D,20161229,000000,163.13,163.13,163.13,163.13,0,0
2740.N,D,20161230,000000,163.17,163.17,163.17,163.17,0,0
2740.N,D,20170102,000000,163.36,163.36,163.36,163.36,0,0
2740.N,D,20170103,000000,164.52,164.52,164.52,164.52,0,0
2740.N,D,20170104,000000,165.38,165.38,165.38,165.38,0,0
2740.N,D,20170105,000000,164.69,164.69,164.69,164.69,0,0
2740.N,D,20170109,000000,164.83,164.83,164.83,164.83,0,0
2740.N,D,20170110,000000,164.44,164.44,164.44,164.44,0,0
2740.N,D,20170111,000000,165.03,165.03,165.03,165.03,0,0
2740.N,D,20170112,000000,163.77,163.77,163.77,163.77,0,0
2740.N,D,20170113,000000,164.17,164.17,164.17,164.17,0,0
2740.N,D,20170116,000000,163.96,163.96,163.96,163.96,0,0
2740.N,D,20170117,000000,163.08,163.08,163.08,163.08,0,0
2740.N,D,20170118,000000,163.42,163.42,163.42,163.42,0,0
2740.N,D,20170119,000000,163,163,163,163,0,0
2740.N,D,20170120,000000,162.84,162.84,162.84,162.84,0,0
2740.N,D,20170123,000000,162.33,162.33,162.33,162.33,0,0
2740.N,D,20170124,000000,162.86,162.86,162.86,162.86,0,0
2740.N,D,20170125,000000,163.11,163.11,163.11,163.11,0,0
2740.N,D,20170126,000000,163.71,163.71,163.71,163.71,0,0
2740.N,D,20170127,000000,163.17,163.17,163.17,163.17,0,0
2740.N,D,20170130,000000,162.23,162.23,162.23,162.23,0,0
2740.N,D,20170131,000000,161.85,161.85,161.85,161.85,0,0
2740.N,D,20170201,000000,162.25,162.25,162.25,162.25,0,0
2740.N,D,20170202,000000,162.07,162.07,162.07,162.07,0,0
2740.N,D,20170203,000000,162.84,162.84,162.84,162.84,0,0
2740.N,D,20170206,000000,162.77,162.77,162.77,162.77,0,0
2740.N,D,20170207,000000,163.1,163.1,163.1,163.1,0,0
2740.N,D,20170208,000000,163.23,163.23,163.23,163.23,0,0
2740.N,D,20170209,000000,163.86,163.86,163.86,163.86,0,0
2740.N,D,20170210,000000,164.96,164.96,164.96,164.96,0,0
2740.N,D,20170213,000000,165.48,165.48,165.48,165.48,0,0
2740.N,D,20170214,000000,165.7,165.7,165.7,165.7,0,0
2740.N,D,20170215,000000,166.03,166.03,166.03,166.03,0,0
2740.N,D,20170216,000000,165.17,165.17,165.17,165.17,0,0
2740.N,D,20170217,000000,164.99,164.99,164.99,164.99,0,0
2740.N,D,20170220,000000,165.3,165.3,165.3,165.3,0,0
2740.N,D,20170221,000000,166.42,166.42,166.42,166.42,0,0
2740.N,D,20170222,000000,166.34,166.34,166.34,166.34,0,0
2740.N,D,20170223,000000,166.32,166.32,166.32,166.32,0,0
2740.N,D,20170224,000000,166.57,166.57,166.57,166.57,0,0
2740.N,D,20170227,000000,166.68,166.68,166.68,166.68,0,0
2740.N,D,20170228,000000,166.51,166.51,166.51,166.51,0,0
2740.N,D,20170301,000000,167.73,167.73,167.73,167.73,0,0
2740.N,D,20170302,000000,167.26,167.26,167.26,167.26,0,0
2740.N,D,20170303,000000,166.48,166.48,166.48,166.48,0,0
2740.N,D,20170306,000000,165.89,165.89,165.89,165.89,0,0
2740.N,D,20170307,000000,165.75,165.75,165.75,165.75,0,0
2740.N,D,20170308,000000,164.9,164.9,164.9,164.9,0,0
2740.N,D,20170309,000000,164.01,164.01,164.01,164.01,0,0
2740.N,D,20170310,000000,163.28,163.28,163.28,163.28,0,0
2740.N,D,20170313,000000,163.49,163.49,163.49,163.49,0,0
2740.N,D,20170314,000000,163.09,163.09,163.09,163.09,0,0
2740.N,D,20170315,000000,164.13,164.13,164.13,164.13,0,0
2740.N,D,20170316,000000,164.96,164.96,164.96,164.96,0,0
2740.N,D,20170317,000000,164.89,164.89,164.89,164.89,0,0
2740.N,D,20170320,000000,165.03,165.03,165.03,165.03,0,0
2740.N,D,20170321,000000,164.33,164.33,164.33,164.33,0,0
2740.N,D,20170322,000000,164.11,164.11,164.11,164.11,0,0
2740.N,D,20170323,000000,164.77,164.77,164.77,164.77,0,0
2740.N,D,20170324,000000,164.95,164.95,164.95,164.95,0,0
2740.N,D,20170327,000000,164.15,164.15,164.15,164.15,0,0
2740.N,D,20170328,000000,164.92,164.92,164.92,164.92,0,0
2740.N,D,20170329,000000,166,166,166,166,0,0
2740.N,D,20170330,000000,166.31,166.31,166.31,166.31,0,0
2740.N,D,20170331,000000,166.17,166.17,166.17,166.17,0,0
2740.N,D,20170403,000000,166.34,166.34,166.34,166.34,0,0
2740.N,D,20170404,000000,166.58,166.58,166.58,166.58,0,0
2740.N,D,20170405,000000,166.67,166.67,166.67,166.67,0,0
2740.N,D,20170406,000000,166.85,166.85,166.85,166.85,0,0
2740.N,D,20170407,000000,167.4,167.4,167.4,167.4,0,0
2740.N,D,20170410,000000,167.36,167.36,167.36,167.36,0,0
2740.N,D,20170411,000000,167.33,167.33,167.33,167.33,0,0
2740.N,D,20170412,000000,170.95,170.95,170.95,170.95,0,0
2740.N,D,20170413,000000,167.27,167.27,167.27,167.27,0,0
2740.N,D,20170418,000000,166.65,166.65,166.65,166.65,0,0
2740.N,D,20170419,000000,166.4,166.4,166.4,166.4,0,0
2740.N,D,20170420,000000,166.43,166.43,166.43,166.43,0,0
2740.N,D,20170421,000000,166.74,166.74,166.74,166.74,0,0
2740.N,D,20170424,000000,166.99,166.99,166.99,166.99,0,0
2740.N,D,20170425,000000,167.34,167.34,167.34,167.34,0,0
2740.N,D,20170426,000000,167.26,167.26,167.26,167.26,0,0
2740.N,D,20170427,000000,167.19,167.19,167.19,167.19,0,0
2740.N,D,20170428,000000,166.91,166.91,166.91,166.91,0,0
2740.N,D,20170502,000000,167.9,167.9,167.9,167.9,0,0
2740.N,D,20170504,000000,167.47,167.47,167.47,167.47,0,0
2740.N,D,20170505,000000,168.05,168.05,168.05,168.05,0,0
2740.N,D,20170508,000000,168.13,168.13,168.13,168.13,0,0
2740.N,D,20170509,000000,168.1,168.1,168.1,168.1,0,0
2740.N,D,20170510,000000,168.59,168.59,168.59,168.59,0,0
2740.N,D,20170511,000000,168.51,168.51,168.51,168.51,0,0
2740.N,D,20170512,000000,168.06,168.06,168.06,168.06,0,0
2740.N,D,20170515,000000,168.53,168.53,168.53,168.53,0,0
2740.N,D,20170516,000000,168.04,168.04,168.04,168.04,0,0
2740.N,D,20170517,000000,167.14,167.14,167.14,167.14,0,0
2740.N,D,20170518,000000,166.33,166.33,166.33,166.33,0,0
2740.N,D,20170519,000000,167.08,167.08,167.08,167.08,0,0
2740.N,D,20170522,000000,167.17,167.17,167.17,167.17,0,0
2740.N,D,20170523,000000,167.56,167.56,167.56,167.56,0,0
2740.N,D,20170524,000000,167.87,167.87,167.87,167.87,0,0
2740.N,D,20170525,000000,168.33,168.33,168.33,168.33,0,0
2740.N,D,20170529,000000,167.9,167.9,167.9,167.9,0,0
2740.N,D,20170530,000000,167.87,167.87,167.87,167.87,0,0
2740.N,D,20170531,000000,167.33,167.33,167.33,167.33,0,0
2740.N,D,20170601,000000,167.65,167.65,167.65,167.65,0,0
2740.N,D,20170602,000000,168.11,168.11,168.11,168.11,0,0
2740.N,D,20170605,000000,168.09,168.09,168.09,168.09,0,0
2740.N,D,20170606,000000,167.98,167.98,167.98,167.98,0,0
2740.N,D,20170607,000000,168.01,168.01,168.01,168.01,0,0
2740.N,D,20170608,000000,168.28,168.28,168.28,168.28,0,0
2740.N,D,20170609,000000,169.02,169.02,169.02,169.02,0,0
2740.N,D,20170612,000000,170.22,170.22,170.22,170.22,0,0
2740.N,D,20170613,000000,168.99,168.99,168.99,168.99,0,0
2740.N,D,20170614,000000,168.95,168.95,168.95,168.95,0,0
2740.N,D,20170616,000000,168.83,168.83,168.83,168.83,0,0
2740.N,D,20170619,000000,169.72,169.72,169.72,169.72,0,0
2740.N,D,20170620,000000,169.37,169.37,169.37,169.37,0,0
2740.N,D,20170621,000000,169.19,169.19,169.19,169.19,0,0
2740.N,D,20170622,000000,169.15,169.15,169.15,169.15,0,0
2740.N,D,20170623,000000,169.3,169.3,169.3,169.3,0,0
2740.N,D,20170626,000000,169.53,169.53,169.53,169.53,0,0
2740.N,D,20170627,000000,168.83,168.83,168.83,168.83,0,0
2740.N,D,20170628,000000,168.09,168.09,168.09,168.09,0,0
2740.N,D,20170629,000000,166.8,166.8,166.8,166.8,0,0
2740.N,D,20170630,000000,166.57,166.57,166.57,166.57,0,0
2740.N,D,20170703,000000,167.53,167.53,167.53,167.53,0,0
2740.N,D,20170704,000000,167.48,167.48,167.48,167.48,0,0
2740.N,D,20170705,000000,167.45,167.45,167.45,167.45,0,0
2740.N,D,20170706,000000,166.41,166.41,166.41,166.41,0,0
2740.N,D,20170707,000000,166.28,166.28,166.28,166.28,0,0
2740.N,D,20170710,000000,166.61,166.61,166.61,166.61,0,0
2740.N,D,20170711,000000,166.39,166.39,166.39,166.39,0,0
2740.N,D,20170712,000000,167.35,167.35,167.35,167.35,0,0
2740.N,D,20170713,000000,167.51,167.51,167.51,167.51,0,0
2740.N,D,20170714,000000,167.63,167.63,167.63,167.63,0,0
2740.N,D,20170717,000000,167.76,167.76,167.76,167.76,0,0
2740.N,D,20170718,000000,167.16,167.16,167.16,167.16,0,0
2740.N,D,20170719,000000,167.9,167.9,167.9,167.9,0,0
2740.N,D,20170720,000000,167.45,167.45,167.45,167.45,0,0
2740.N,D,20170721,000000,167.18,167.18,167.18,167.18,0,0
2740.N,D,20170724,000000,167.16,167.16,167.16,167.16,0,0
2740.N,D,20170725,000000,167.39,167.39,167.39,167.39,0,0
2740.N,D,20170726,000000,167.58,167.58,167.58,167.58,0,0
2740.N,D,20170727,000000,167.55,167.55,167.55,167.55,0,0
2740.N,D,20170728,000000,166.99,166.99,166.99,166.99,0,0
2740.N,D,20170731,000000,166.64,166.64,166.64,166.64,0,0
2740.N,D,20170801,000000,166.52,166.52,166.52,166.52,0,0
2740.N,D,20170802,000000,166.42,166.42,166.42,166.42,0,0
2740.N,D,20170803,000000,166.27,166.27,166.27,166.27,0,0
2740.N,D,20170804,000000,167.2,167.2,167.2,167.2,0,0
2740.N,D,20170807,000000,166.97,166.97,166.97,166.97,0,0
2740.N,D,20170808,000000,167.24,167.24,167.24,167.24,0,0
2740.N,D,20170809,000000,166.56,166.56,166.56,166.56,0,0
2740.N,D,20170810,000000,165.57,165.57,165.57,165.57,0,0
2740.N,D,20170811,000000,164.96,164.96,164.96,164.96,0,0
2740.N,D,20170814,000000,165.76,165.76,165.76,165.76,0,0
2740.N,D,20170816,000000,166.39,166.39,166.39,166.39,0,0
2740.N,D,20170817,000000,165.91,165.91,165.91,165.91,0,0
2740.N,D,20170818,000000,165.37,165.37,165.37,165.37,0,0
2740.N,D,20170821,000000,165.04,165.04,165.04,165.04,0,0
2740.N,D,20170822,000000,165.53,165.53,165.53,165.53,0,0
2740.N,D,20170823,000000,165.32,165.32,165.32,165.32,0,0
2740.N,D,20170824,000000,165.71,165.71,165.71,165.71,0,0
2740.N,D,20170825,000000,165.41,165.41,165.41,165.41,0,0
2740.N,D,20170828,000000,164.99,164.99,164.99,164.99,0,0
2740.N,D,20170829,000000,164.45,164.45,164.45,164.45,0,0
2740.N,D,20170830,000000,165.29,165.29,165.29,165.29,0,0
2740.N,D,20170831,000000,166.04,166.04,166.04,166.04,0,0
2740.N,D,20170901,000000,166.54,166.54,166.54,166.54,0,0
2740.N,D,20170904,000000,166.17,166.17,166.17,166.17,0,0
2740.N,D,20170905,000000,165.94,165.94,165.94,165.94,0,0
2740.N,D,20170906,000000,165.99,165.99,165.99,165.99,0,0
2740.N,D,20170907,000000,165.87,165.87,165.87,165.87,0,0
2740.N,D,20170908,000000,165.96,165.96,165.96,165.96,0,0
2740.N,D,20170911,000000,166.72,166.72,166.72,166.72,0,0
2740.N,D,20170912,000000,166.92,166.92,166.92,166.92,0,0
2740.N,D,20170913,000000,166.94,166.94,166.94,166.94,0,0
2740.N,D,20170914,000000,167.01,167.01,167.01,167.01,0,0
2740.N,D,20170915,000000,166.57,166.57,166.57,166.57,0,0
2740.N,D,20170918,000000,166.97,166.97,166.97,166.97,0,0
2740.N,D,20170919,000000,166.57,166.57,166.57,166.57,0,0
2740.N,D,20170920,000000,166.45,166.45,166.45,166.45,0,0
2740.N,D,20170921,000000,166.73,166.73,166.73,166.73,0,0
2740.N,D,20170922,000000,166.49,166.49,166.49,166.49,0,0
2740.N,D,20170925,000000,166.23,166.23,166.23,166.23,0,0
2740.N,D,20170926,000000,166.63,166.63,166.63,166.63,0,0
2740.N,D,20170927,000000,166.99,166.99,166.99,166.99,0,0
2740.N,D,20170928,000000,166.9,166.9,166.9,166.9,0,0
2740.N,D,20170929,000000,167.26,167.26,167.26,167.26,0,0
2740.N,D,20171002,000000,167.55,167.55,167.55,167.55,0,0
2740.N,D,20171003,000000,168.07,168.07,168.07,168.07,0,0
2740.N,D,20171004,000000,168.26,168.26,168.26,168.26,0,0
2740.N,D,20171005,000000,169.01,169.01,169.01,169.01,0,0
2740.N,D,20171006,000000,168.64,168.64,168.64,168.64,0,0
2740.N,D,20171009,000000,168.5,168.5,168.5,168.5,0,0
2740.N,D,20171010,000000,168.34,168.34,168.34,168.34,0,0
2740.N,D,20171011,000000,168.38,168.38,168.38,168.38,0,0
2740.N,D,20171012,000000,168.53,168.53,168.53,168.53,0,0
2740.N,D,20171013,000000,168.74,168.74,168.74,168.74,0,0
2740.N,D,20171016,000000,169.12,169.12,169.12,169.12,0,0
2740.N,D,20171017,000000,169.38,169.38,169.38,169.38,0,0
2740.N,D,20171018,000000,169.57,169.57,169.57,169.57,0,0
2740.N,D,20171019,000000,168.77,168.77,168.77,168.77,0,0
2740.N,D,20171020,000000,169.64,169.64,169.64,169.64,0,0
2740.N,D,20171023,000000,169.61,169.61,169.61,169.61,0,0
2740.N,D,20171024,000000,169.51,169.51,169.51,169.51,0,0
2740.N,D,20171025,000000,168.97,168.97,168.97,168.97,0,0
2740.N,D,20171026,000000,169.32,169.32,169.32,169.32,0,0
2740.N,D,20171027,000000,170.53,170.53,170.53,170.53,0,0
2740.N,D,20171030,000000,170.71,170.71,170.71,170.71,0,0
2740.N,D,20171031,000000,170.91,170.91,170.91,170.91,0,0
2740.N,D,20171102,000000,171.6,171.6,171.6,171.6,0,0
2740.N,D,20171103,000000,172.07,172.07,172.07,172.07,0,0
2740.N,D,20171106,000000,172.73,172.73,172.73,172.73,0,0
2740.N,D,20171107,000000,172.75,172.75,172.75,172.75,0,0
2740.N,D,20171108,000000,172.92,172.92,172.92,172.92,0,0
2740.N,D,20171109,000000,171.98,171.98,171.98,171.98,0,0
2740.N,D,20171110,000000,171.31,171.31,171.31,171.31,0,0
2740.N,D,20171112,000000,171.98,171.98,171.98,171.98,0,0
2740.N,D,20171113,000000,170.92,170.92,170.92,170.92,0,0
2740.N,D,20171116,000000,170.12,170.12,170.12,170.12,0,0
2740.N,D,20171117,000000,169.97,169.97,169.97,169.97,0,0
2740.N,D,20171120,000000,170.29,170.29,170.29,170.29,0,0
2740.N,D,20171121,000000,171.16,171.16,171.16,171.16,0,0
2740.N,D,20171122,000000,171.04,171.04,171.04,171.04,0,0
2740.N,D,20171123,000000,170.83,170.83,170.83,170.83,0,0
2740.N,D,20171124,000000,170.81,170.81,170.81,170.81,0,0
2740.N,D,20171127,000000,170.34,170.34,170.34,170.34,0,0
2740.N,D,20171128,000000,170.87,170.87,170.87,170.87,0,0
2740.N,D,20171129,000000,170.9,170.9,170.9,170.9,0,0
2740.N,D,20171130,000000,170.86,170.86,170.86,170.86,0,0
2740.N,D,20171201,000000,170.39,170.39,170.39,170.39,0,0
2740.N,D,20171205,000000,170.69,170.69,170.69,170.69,0,0
2740.N,D,20171207,000000,170.98,170.98,170.98,170.98,0,0
2740.N,D,20171208,000000,171.74,171.74,171.74,171.74,0,0
2740.N,D,20171212,000000,172.3,172.3,172.3,172.3,0,0
2740.N,D,20171213,000000,172.47,172.47,172.47,172.47,0,0
2740.N,D,20171214,000000,172.13,172.13,172.13,172.13,0,0
2740.N,D,20171215,000000,171.81,171.81,171.81,171.81,0,0
2740.N,D,20171218,000000,173.33,173.33,173.33,173.33,0,0
2740.N,D,20171219,000000,172.83,172.83,172.83,172.83,0,0
2740.N,D,20171220,000000,172.25,172.25,172.25,172.25,0,0
2740.N,D,20171221,000000,172.36,172.36,172.36,172.36,0,0
2740.N,D,20171222,000000,172.49,172.49,172.49,172.49,0,0
2740.N,D,20171227,000000,172.75,172.75,172.75,172.75,0,0
2740.N,D,20171228,000000,172.47,172.47,172.47,172.47,0,0
2740.N,D,20171229,000000,172.06,172.06,172.06,172.06,0,0
2740.N,D,20180103,000000,172.83,172.83,172.83,172.83,0,0
2740.N,D,20180104,000000,173.74,173.74,173.74,173.74,0,0
2740.N,D,20180105,000000,174.49,174.49,174.49,174.49,0,0
2740.N,D,20180108,000000,174.93,174.93,174.93,174.93,0,0
2740.N,D,20180109,000000,175.45,175.45,175.45,175.45,0,0
2740.N,D,20180110,000000,174.8,174.8,174.8,174.8,0,0
2740.N,D,20180111,000000,174.46,174.46,174.46,174.46,0,0
2740.N,D,20180112,000000,174.26,174.26,174.26,174.26,0,0
2740.N,D,20180115,000000,173.95,173.95,173.95,173.95,0,0
2740.N,D,20180116,000000,174.07,174.07,174.07,174.07,0,0
2740.N,D,20180117,000000,173.9,173.9,173.9,173.9,0,0
2740.N,D,20180118,000000,173.57,173.57,173.57,173.57,0,0
2740.N,D,20180119,000000,174.18,174.18,174.18,174.18,0,0
2740.N,D,20180122,000000,174.33,174.33,174.33,174.33,0,0
2740.N,D,20180123,000000,174.92,174.92,174.92,174.92,0,0
2740.N,D,20180124,000000,174.43,174.43,174.43,174.43,0,0
2740.N,D,20180125,000000,173.65,173.65,173.65,173.65,0,0
2740.N,D,20180126,000000,174.03,174.03,174.03,174.03,0,0
2740.N,D,20180129,000000,173.92,173.92,173.92,173.92,0,0
2740.N,D,20180130,000000,172.71,172.71,172.71,172.71,0,0
2740.N,D,20180131,000000,172.81,172.81,172.81,172.81,0,0
2740.N,D,20180201,000000,172.76,172.76,172.76,172.76,0,0
2740.N,D,20180202,000000,171.62,171.62,171.62,171.62,0,0
2740.N,D,20180205,000000,169.83,169.83,169.83,169.83,0,0
2740.N,D,20180206,000000,167.9,167.9,167.9,167.9,0,0
2740.N,D,20180207,000000,168.82,168.82,168.82,168.82,0,0
2740.N,D,20180208,000000,167.12,167.12,167.12,167.12,0,0
2740.N,D,20180209,000000,165.9,165.9,165.9,165.9,0,0
2740.N,D,20180212,000000,166.99,166.99,166.99,166.99,0,0
2740.N,D,20180213,000000,166.58,166.58,166.58,166.58,0,0
2740.N,D,20180214,000000,167.23,167.23,167.23,167.23,0,0
2740.N,D,20180215,000000,167.9,167.9,167.9,167.9,0,0
2740.N,D,20180216,000000,168.46,168.46,168.46,168.46,0,0
2740.N,D,20180219,000000,169.05,169.05,169.05,169.05,0,0
2740.N,D,20180220,000000,169.28,169.28,169.28,169.28,0,0
2740.N,D,20180221,000000,169.41,169.41,169.41,169.41,0,0
2740.N,D,20180222,000000,169.1,169.1,169.1,169.1,0,0
2740.N,D,20180223,000000,169.88,169.88,169.88,169.88,0,0
2740.N,D,20180226,000000,170.91,170.91,170.91,170.91,0,0
2740.N,D,20180227,000000,170.71,170.71,170.71,170.71,0,0
2740.N,D,20180228,000000,170.2,170.2,170.2,170.2,0,0
2740.N,D,20180301,000000,169.39,169.39,169.39,169.39,0,0
2740.N,D,20180302,000000,167.76,167.76,167.76,167.76,0,0
2740.N,D,20180305,000000,167.91,167.91,167.91,167.91,0,0
2740.N,D,20180306,000000,167.71,167.71,167.71,167.71,0,0
2740.N,D,20180307,000000,167.63,167.63,167.63,167.63,0,0
2740.N,D,20180308,000000,168.3,168.3,168.3,168.3,0,0
2740.N,D,20180309,000000,168.98,168.98,168.98,168.98,0,0
2740.N,D,20180312,000000,169.46,169.46,169.46,169.46,0,0
2740.N,D,20180313,000000,169.08,169.08,169.08,169.08,0,0
2740.N,D,20180314,000000,169.1,169.1,169.1,169.1,0,0
2740.N,D,20180315,000000,169.4,169.4,169.4,169.4,0,0
2740.N,D,20180316,000000,169.67,169.67,169.67,169.67,0,0
2740.N,D,20180319,000000,168.88,168.88,168.88,168.88,0,0
2740.N,D,20180320,000000,169.15,169.15,169.15,169.15,0,0
2740.N,D,20180321,000000,168.85,168.85,168.85,168.85,0,0
2740.N,D,20180322,000000,168.29,168.29,168.29,168.29,0,0
2740.N,D,20180323,000000,167.15,167.15,167.15,167.15,0,0
2740.N,D,20180326,000000,167.56,167.56,167.56,167.56,0,0
2740.N,D,20180327,000000,167.59,167.59,167.59,167.59,0,0
2740.N,D,20180328,000000,167.66,167.66,167.66,167.66,0,0
2740.N,D,20180329,000000,168.14,168.14,168.14,168.14,0,0
2740.N,D,20180403,000000,167.9,167.9,167.9,167.9,0,0
2740.N,D,20180404,000000,167.82,167.82,167.82,167.82,0,0
2740.N,D,20180405,000000,168.38,168.38,168.38,168.38,0,0
2740.N,D,20180406,000000,167.67,167.67,167.67,167.67,0,0
2740.N,D,20180409,000000,167.57,167.57,167.57,167.57,0,0
2740.N,D,20180410,000000,167.96,167.96,167.96,167.96,0,0
2740.N,D,20180411,000000,167.86,167.86,167.86,167.86,0,0
2740.N,D,20180412,000000,167.9,167.9,167.9,167.9,0,0
2740.N,D,20180413,000000,167.81,167.81,167.81,167.81,0,0
2740.N,D,20180416,000000,167.65,167.65,167.65,167.65,0,0
2740.N,D,20180417,000000,168.24,168.24,168.24,168.24,0,0
2740.N,D,20180418,000000,168.55,168.55,168.55,168.55,0,0
2740.N,D,20180419,000000,167.95,167.95,167.95,167.95,0,0
2740.N,D,20180420,000000,167.59,167.59,167.59,167.59,0,0
2740.N,D,20180423,000000,167.43,167.43,167.43,167.43,0,0
2740.N,D,20180424,000000,167.17,167.17,167.17,167.17,0,0
2740.N,D,20180425,000000,166.77,166.77,166.77,166.77,0,0
2740.N,D,20180426,000000,167.46,167.46,167.46,167.46,0,0
2740.N,D,20180427,000000,167.97,167.97,167.97,167.97,0,0
2740.N,D,20180430,000000,168.3,168.3,168.3,168.3,0,0
2740.N,D,20180502,000000,168.1,168.1,168.1,168.1,0,0
2740.N,D,20180504,000000,168.45,168.45,168.45,168.45,0,0
2740.N,D,20180507,000000,168.71,168.71,168.71,168.71,0,0
2740.N,D,20180508,000000,168.79,168.79,168.79,168.79,0,0
2740.N,D,20180509,000000,169.17,169.17,169.17,169.17,0,0
2740.N,D,20180510,000000,169.84,169.84,169.84,169.84,0,0
2740.N,D,20180511,000000,169.93,169.93,169.93,169.93,0,0
2740.N,D,20180514,000000,169.63,169.63,169.63,169.63,0,0
2740.N,D,20180515,000000,169.18,169.18,169.18,169.18,0,0
2740.N,D,20180516,000000,169.5,169.5,169.5,169.5,0,0
2740.N,D,20180517,000000,169.06,169.06,169.06,169.06,0,0
2740.N,D,20180518,000000,169,169,169,169,0,0
2740.N,D,20180521,000000,169.22,169.22,169.22,169.22,0,0
2740.N,D,20180522,000000,169.18,169.18,169.18,169.18,0,0
2740.N,D,20180523,000000,169.01,169.01,169.01,169.01,0,0
2740.N,D,20180524,000000,169.11,169.11,169.11,169.11,0,0
2740.N,D,20180525,000000,169.44,169.44,169.44,169.44,0,0
2740.N,D,20180528,000000,169.42,169.42,169.42,169.42,0,0
2740.N,D,20180529,000000,169.27,169.27,169.27,169.27,0,0
2740.N,D,20180530,000000,170,170,170,170,0,0
2740.N,D,20180601,000000,170.26,170.26,170.26,170.26,0,0
2740.N,D,20180604,000000,170.71,170.71,170.71,170.71,0,0
2740.N,D,20180605,000000,170.71,170.71,170.71,170.71,0,0
2740.N,D,20180606,000000,170.63,170.63,170.63,170.63,0,0
2740.N,D,20180607,000000,170.14,170.14,170.14,170.14,0,0
2740.N,D,20180608,000000,170.47,170.47,170.47,170.47,0,0
2740.N,D,20180611,000000,170.54,170.54,170.54,170.54,0,0
2740.N,D,20180612,000000,170.63,170.63,170.63,170.63,0,0
2740.N,D,20180613,000000,170.68,170.68,170.68,170.68,0,0
2740.N,D,20180614,000000,171.23,171.23,171.23,171.23,0,0
2740.N,D,20180615,000000,171.16,171.16,171.16,171.16,0,0
2740.N,D,20180618,000000,171.01,171.01,171.01,171.01,0,0
2740.N,D,20180619,000000,170.55,170.55,170.55,170.55,0,0
2740.N,D,20180620,000000,170.86,170.86,170.86,170.86,0,0
2740.N,D,20180621,000000,170.05,170.05,170.05,170.05,0,0
2740.N,D,20180622,000000,170.51,170.51,170.51,170.51,0,0
2740.N,D,20180625,000000,168.99,168.99,168.99,168.99,0,0
2740.N,D,20180626,000000,169.29,169.29,169.29,169.29,0,0
2740.N,D,20180627,000000,169.2,169.2,169.2,169.2,0,0
2740.N,D,20180628,000000,169.24,169.24,169.24,169.24,0,0
2740.N,D,20180629,000000,169.2,169.2,169.2,169.2,0,0
2740.N,D,20180702,000000,169.35,169.35,169.35,169.35,0,0
2740.N,D,20180703,000000,169.31,169.31,169.31,169.31,0,0
2740.N,D,20180704,000000,169.11,169.11,169.11,169.11,0,0
2740.N,D,20180705,000000,169.55,169.55,169.55,169.55,0,0
2740.N,D,20180706,000000,169.94,169.94,169.94,169.94,0,0
2740.N,D,20180709,000000,170.72,170.72,170.72,170.72,0,0
2740.N,D,20180710,000000,171.16,171.16,171.16,171.16,0,0
2740.N,D,20180711,000000,170.3,170.3,170.3,170.3,0,0
2740.N,D,20180712,000000,170.98,170.98,170.98,170.98,0,0
2740.N,D,20180713,000000,171.34,171.34,171.34,171.34,0,0
2740.N,D,20180716,000000,170.76,170.76,170.76,170.76,0,0
2740.N,D,20180717,000000,171.02,171.02,171.02,171.02,0,0
2740.N,D,20180718,000000,171.28,171.28,171.28,171.28,0,0
2740.N,D,20180719,000000,171.24,171.24,171.24,171.24,0,0
2740.N,D,20180720,000000,170.92,170.92,170.92,170.92,0,0
2740.N,D,20180723,000000,170.78,170.78,170.78,170.78,0,0
2740.N,D,20180724,000000,171.26,171.26,171.26,171.26,0,0
2740.N,D,20180725,000000,171.94,171.94,171.94,171.94,0,0
2740.N,D,20180726,000000,172.08,172.08,172.08,172.08,0,0
2740.N,D,20180727,000000,171.6,171.6,171.6,171.6,0,0
2740.N,D,20180730,000000,170.99,170.99,170.99,170.99,0,0
2740.N,D,20180731,000000,171.62,171.62,171.62,171.62,0,0
2740.N,D,20180801,000000,171.08,171.08,171.08,171.08,0,0
2740.N,D,20180802,000000,171.14,171.14,171.14,171.14,0,0
2740.N,D,20180803,000000,171.44,171.44,171.44,171.44,0,0
2740.N,D,20180806,000000,171.75,171.75,171.75,171.75,0,0
2740.N,D,20180807,000000,172.09,172.09,172.09,172.09,0,0
2740.N,D,20180808,000000,171.76,171.76,171.76,171.76,0,0
2740.N,D,20180809,000000,171.59,171.59,171.59,171.59,0,0
2740.N,D,20180810,000000,170.68,170.68,170.68,170.68,0,0
2740.N,D,20180813,000000,169.42,169.42,169.42,169.42,0,0
2740.N,D,20180814,000000,170.21,170.21,170.21,170.21,0,0
2740.N,D,20180816,000000,169.77,169.77,169.77,169.77,0,0
2740.N,D,20180817,000000,169.62,169.62,169.62,169.62,0,0
2740.N,D,20180820,000000,169.99,169.99,169.99,169.99,0,0
2740.N,D,20180821,000000,169.84,169.84,169.84,169.84,0,0
2740.N,D,20180822,000000,169.46,169.46,169.46,169.46,0,0
2740.N,D,20180823,000000,169.38,169.38,169.38,169.38,0,0
2740.N,D,20180824,000000,169.39,169.39,169.39,169.39,0,0
2740.N,D,20180827,000000,169.81,169.81,169.81,169.81,0,0
2740.N,D,20180828,000000,169.61,169.61,169.61,169.61,0,0
2740.N,D,20180829,000000,169.81,169.81,169.81,169.81,0,0
2740.N,D,20180830,000000,169.28,169.28,169.28,169.28,0,0
2740.N,D,20180831,000000,169.34,169.34,169.34,169.34,0,0
2740.N,D,20180903,000000,169.28,169.28,169.28,169.28,0,0
2740.N,D,20180904,000000,169.16,169.16,169.16,169.16,0,0
2740.N,D,20180905,000000,168.48,168.48,168.48,168.48,0,0
2740.N,D,20180906,000000,168.43,168.43,168.43,168.43,0,0
2740.N,D,20180907,000000,168.73,168.73,168.73,168.73,0,0
2740.N,D,20180910,000000,168.47,168.47,168.47,168.47,0,0
2740.N,D,20180911,000000,168.63,168.63,168.63,168.63,0,0
2740.N,D,20180912,000000,168.73,168.73,168.73,168.73,0,0
2740.N,D,20180913,000000,168.76,168.76,168.76,168.76,0,0
2740.N,D,20180914,000000,168.86,168.86,168.86,168.86,0,0
2740.N,D,20180917,000000,168.4,168.4,168.4,168.4,0,0
2740.N,D,20180918,000000,168.34,168.34,168.34,168.34,0,0
2740.N,D,20180919,000000,168.56,168.56,168.56,168.56,0,0
2740.N,D,20180920,000000,168.9,168.9,168.9,168.9,0,0
2740.N,D,20180921,000000,169.27,169.27,169.27,169.27,0,0
2740.N,D,20180924,000000,168.58,168.58,168.58,168.58,0,0
2740.N,D,20180925,000000,168.5,168.5,168.5,168.5,0,0
2740.N,D,20180926,000000,168.93,168.93,168.93,168.93,0,0
2740.N,D,20180927,000000,169.1,169.1,169.1,169.1,0,0
2740.N,D,20180928,000000,169.32,169.32,169.32,169.32,0,0
2740.N,D,20181001,000000,169.77,169.77,169.77,169.77,0,0
2740.N,D,20181002,000000,169.6,169.6,169.6,169.6,0,0
2740.N,D,20181003,000000,169.79,169.79,169.79,169.79,0,0
2740.N,D,20181004,000000,169.03,169.03,169.03,169.03,0,0
2740.N,D,20181005,000000,168.5,168.5,168.5,168.5,0,0
2740.N,D,20181008,000000,168.15,168.15,168.15,168.15,0,0
2740.N,D,20181009,000000,167.84,167.84,167.84,167.84,0,0
2740.N,D,20181010,000000,166.62,166.62,166.62,166.62,0,0
2740.N,D,20181011,000000,165.24,165.24,165.24,165.24,0,0
2740.N,D,20181012,000000,165.88,165.88,165.88,165.88,0,0
2740.N,D,20181015,000000,165.86,165.86,165.86,165.86,0,0
2740.N,D,20181016,000000,166.2,166.2,166.2,166.2,0,0
2740.N,D,20181017,000000,166.48,166.48,166.48,166.48,0,0
2740.N,D,20181019,000000,165.7,165.7,165.7,165.7,0,0
2740.N,D,20181022,000000,165.69,165.69,165.69,165.69,0,0
2740.N,D,20181023,000000,165.16,165.16,165.16,165.16,0,0
2740.N,D,20181024,000000,164.5,164.5,164.5,164.5,0,0
2740.N,D,20181025,000000,164.75,164.75,164.75,164.75,0,0
2740.N,D,20181026,000000,164.72,164.72,164.72,164.72,0,0
2740.N,D,20181029,000000,164.61,164.61,164.61,164.61,0,0
2740.N,D,20181030,000000,165.15,165.15,165.15,165.15,0,0
2740.N,D,20181031,000000,166,166,166,166,0,0
2740.N,D,20181102,000000,166.42,166.42,166.42,166.42,0,0
2740.N,D,20181105,000000,166.19,166.19,166.19,166.19,0,0
2740.N,D,20181106,000000,166.67,166.67,166.67,166.67,0,0
2740.N,D,20181107,000000,167.31,167.31,167.31,167.31,0,0
2740.N,D,20181108,000000,167.47,167.47,167.47,167.47,0,0
2740.N,D,20181109,000000,167.04,167.04,167.04,167.04,0,0
2740.N,D,20181113,000000,165.75,165.75,165.75,165.75,0,0
2740.N,D,20181114,000000,165.23,165.23,165.23,165.23,0,0
2740.N,D,20181115,000000,166.22,166.22,166.22,166.22,0,0
2740.N,D,20181116,000000,166,166,166,166,0,0
2740.N,D,20181119,000000,165.03,165.03,165.03,165.03,0,0
2740.N,D,20181120,000000,163.99,163.99,163.99,163.99,0,0
2740.N,D,20181121,000000,164.23,164.23,164.23,164.23,0,0
2740.N,D,20181122,000000,164.44,164.44,164.44,164.44,0,0
2740.N,D,20181123,000000,164.16,164.16,164.16,164.16,0,0
2740.N,D,20181126,000000,164.54,164.54,164.54,164.54,0,0
2740.N,D,20181127,000000,164.83,164.83,164.83,164.83,0,0
2740.N,D,20181128,000000,165.93,165.93,165.93,165.93,0,0
2740.N,D,20181129,000000,166.05,166.05,166.05,166.05,0,0
2740.N,D,20181130,000000,166.51,166.51,166.51,166.51,0,0
2740.N,D,20181203,000000,166.76,166.76,166.76,166.76,0,0
2740.N,D,20181204,000000,165.79,165.79,165.79,165.79,0,0
2740.N,D,20181205,000000,165.86,165.86,165.86,165.86,0,0
2740.N,D,20181206,000000,165.77,165.77,165.77,165.77,0,0
2740.N,D,20181207,000000,164.99,164.99,164.99,164.99,0,0
2740.N,D,20181210,000000,164.93,164.93,164.93,164.93,0,0
2740.N,D,20181211,000000,164.74,164.74,164.74,164.74,0,0
2740.N,D,20181212,000000,164.55,164.55,164.55,164.55,0,0
2740.N,D,20181213,000000,164.64,164.64,164.64,164.64,0,0
2740.N,D,20181214,000000,164.38,164.38,164.38,164.38,0,0
2740.N,D,20181217,000000,163.85,163.85,163.85,163.85,0,0
2740.N,D,20181218,000000,163.26,163.26,163.26,163.26,0,0
2740.N,D,20181219,000000,163.22,163.22,163.22,163.22,0,0
2740.N,D,20181220,000000,162.89,162.89,162.89,162.89,0,0
2740.N,D,20181221,000000,162.16,162.16,162.16,162.16,0,0
2740.N,D,20181227,000000,162.36,162.36,162.36,162.36,0,0
2740.N,D,20181228,000000,162.53,162.53,162.53,162.53,0,0
2740.N,D,20190102,000000,162.7,162.7,162.7,162.7,0,0
2740.N,D,20190103,000000,162.17,162.17,162.17,162.17,0,0
2740.N,D,20190104,000000,163.35,163.35,163.35,163.35,0,0
2740.N,D,20190107,000000,163.53,163.53,163.53,163.53,0,0
2740.N,D,20190108,000000,163.49,163.49,163.49,163.49,0,0
2740.N,D,20190109,000000,163.89,163.89,163.89,163.89,0,0
2740.N,D,20190110,000000,163.93,163.93,163.93,163.93,0,0
2740.N,D,20190111,000000,164,164,164,164,0,0
2740.N,D,20190114,000000,164.04,164.04,164.04,164.04,0,0
2740.N,D,20190115,000000,164.33,164.33,164.33,164.33,0,0
2740.N,D,20190116,000000,164.57,164.57,164.57,164.57,0,0
2740.N,D,20190117,000000,164.67,164.67,164.67,164.67,0,0
2740.N,D,20190118,000000,164.97,164.97,164.97,164.97,0,0
2740.N,D,20190121,000000,165.14,165.14,165.14,165.14,0,0
2740.N,D,20190122,000000,164.68,164.68,164.68,164.68,0,0
2740.N,D,20190123,000000,164.72,164.72,164.72,164.72,0,0
2740.N,D,20190124,000000,164.91,164.91,164.91,164.91,0,0
2740.N,D,20190125,000000,165.24,165.24,165.24,165.24,0,0
2740.N,D,20190128,000000,165.12,165.12,165.12,165.12,0,0
2740.N,D,20190129,000000,165.2,165.2,165.2,165.2,0,0
2740.N,D,20190130,000000,165.44,165.44,165.44,165.44,0,0
2740.N,D,20190131,000000,165.73,165.73,165.73,165.73,0,0
2740.N,D,20190205,000000,165.99,165.99,165.99,165.99,0,0
2740.N,D,20190206,000000,166.18,166.18,166.18,166.18,0,0
2740.N,D,20190207,000000,166.01,166.01,166.01,166.01,0,0
2740.N,D,20190208,000000,165.93,165.93,165.93,165.93,0,0
2740.N,D,20190211,000000,166.13,166.13,166.13,166.13,0,0
2740.N,D,20190212,000000,166.36,166.36,166.36,166.36,0,0
2740.N,D,20190213,000000,166.57,166.57,166.57,166.57,0,0
2740.N,D,20190214,000000,166.6,166.6,166.6,166.6,0,0
2740.N,D,20190215,000000,166.58,166.58,166.58,166.58,0,0
2740.N,D,20190218,000000,166.66,166.66,166.66,166.66,0,0
2740.N,D,20190219,000000,166.59,166.59,166.59,166.59,0,0
2740.N,D,20190220,000000,166.83,166.83,166.83,166.83,0,0
2740.N,D,20190221,000000,166.93,166.93,166.93,166.93,0,0
2740.N,D,20190222,000000,167.2,167.2,167.2,167.2,0,0
2740.N,D,20190225,000000,167.55,167.55,167.55,167.55,0,0
2740.N,D,20190226,000000,167.19,167.19,167.19,167.19,0,0
2740.N,D,20190227,000000,167.03,167.03,167.03,167.03,0,0
2740.N,D,20190228,000000,166.67,166.67,166.67,166.67,0,0
2740.N,D,20190301,000000,166.69,166.69,166.69,166.69,0,0
2740.N,D,20190304,000000,166.78,166.78,166.78,166.78,0,0
2740.N,D,20190305,000000,167.1,167.1,167.1,167.1,0,0
2740.N,D,20190306,000000,167,167,167,167,0,0
2740.N,D,20190307,000000,166.71,166.71,166.71,166.71,0,0
2740.N,D,20190308,000000,166.17,166.17,166.17,166.17,0,0
2740.N,D,20190311,000000,167.2,167.2,167.2,167.2,0,0
2740.N,D,20190312,000000,167.63,167.63,167.63,167.63,0,0
2740.N,D,20190313,000000,167.98,167.98,167.98,167.98,0,0
2740.N,D,20190314,000000,167.92,167.92,167.92,167.92,0,0
2740.N,D,20190315,000000,168.1,168.1,168.1,168.1,0,0
2740.N,D,20190318,000000,168.57,168.57,168.57,168.57,0,0
2740.N,D,20190319,000000,169.09,169.09,169.09,169.09,0,0
2740.N,D,20190320,000000,168.61,168.61,168.61,168.61,0,0
2740.N,D,20190321,000000,168.89,168.89,168.89,168.89,0,0
2740.N,D,20190322,000000,167.23,167.23,167.23,167.23,0,0
2740.N,D,20190325,000000,167.01,167.01,167.01,167.01,0,0
2740.N,D,20190326,000000,167.27,167.27,167.27,167.27,0,0
2740.N,D,20190327,000000,167.06,167.06,167.06,167.06,0,0
2740.N,D,20190328,000000,167.36,167.36,167.36,167.36,0,0
2740.N,D,20190329,000000,168.12,168.12,168.12,168.12,0,0
2740.N,D,20190401,000000,169.34,169.34,169.34,169.34,0,0
2740.N,D,20190402,000000,169.25,169.25,169.25,169.25,0,0
2740.N,D,20190403,000000,169.55,169.55,169.55,169.55,0,0
2740.N,D,20190404,000000,169.18,169.18,169.18,169.18,0,0
2740.N,D,20190405,000000,169.56,169.56,169.56,169.56,0,0
2740.N,D,20190408,000000,169.52,169.52,169.52,169.52,0,0
2740.N,D,20190409,000000,168.98,168.98,168.98,168.98,0,0
2740.N,D,20190410,000000,169.44,169.44,169.44,169.44,0,0
2740.N,D,20190411,000000,169.33,169.33,169.33,169.33,0,0
2740.N,D,20190412,000000,169.82,169.82,169.82,169.82,0,0
2740.N,D,20190415,000000,169.54,169.54,169.54,169.54,0,0
2740.N,D,20190416,000000,169.73,169.73,169.73,169.73,0,0
2740.N,D,20190417,000000,169.58,169.58,169.58,169.58,0,0
2740.N,D,20190418,000000,169.65,169.65,169.65,169.65,0,0
2740.N,D,20190423,000000,170.48,170.48,170.48,170.48,0,0
2740.N,D,20190424,000000,170.01,170.01,170.01,170.01,0,0
2740.N,D,20190425,000000,169.69,169.69,169.69,169.69,0,0
2740.N,D,20190426,000000,169.93,169.93,169.93,169.93,0,0
2740.N,D,20190429,000000,170.27,170.27,170.27,170.27,0,0
2740.N,D,20190430,000000,170,170,170,170,0,0
2740.N,D,20190502,000000,169.32,169.32,169.32,169.32,0,0
2740.N,D,20190506,000000,169.32,169.32,169.32,169.32,0,0
2740.N,D,20190507,000000,167.53,167.53,167.53,167.53,0,0
2740.N,D,20190508,000000,167.79,167.79,167.79,167.79,0,0
2740.N,D,20190509,000000,166.92,166.92,166.92,166.92,0,0
2740.N,D,20190510,000000,167.23,167.23,167.23,167.23,0,0
2740.N,D,20190513,000000,165.28,165.28,165.28,165.28,0,0
2740.N,D,20190514,000000,166.47,166.47,166.47,166.47,0,0
2740.N,D,20190515,000000,166.6,166.6,166.6,166.6,0,0
2740.N,D,20190516,000000,167.9,167.9,167.9,167.9,0,0
2740.N,D,20190517,000000,167.48,167.48,167.48,167.48,0,0
2740.N,D,20190520,000000,166.89,166.89,166.89,166.89,0,0
2740.N,D,20190521,000000,167.74,167.74,167.74,167.74,0,0
2740.N,D,20190522,000000,167.59,167.59,167.59,167.59,0,0
2740.N,D,20190523,000000,166.7,166.7,166.7,166.7,0,0
2740.N,D,20190524,000000,167.35,167.35,167.35,167.35,0,0
2740.N,D,20190527,000000,167.15,167.15,167.15,167.15,0,0
2740.N,D,20190528,000000,166.67,166.67,166.67,166.67,0,0
2740.N,D,20190529,000000,166.46,166.46,166.46,166.46,0,0
2740.N,D,20190530,000000,166.18,166.18,166.18,166.18,0,0
2740.N,D,20190531,000000,165.95,165.95,165.95,165.95,0,0
2740.N,D,20190603,000000,166.14,166.14,166.14,166.14,0,0
2740.N,D,20190604,000000,166.26,166.26,166.26,166.26,0,0
2740.N,D,20190605,000000,166.59,166.59,166.59,166.59,0,0
2740.N,D,20190606,000000,166.7,166.7,166.7,166.7,0,0
2740.N,D,20190607,000000,166.86,166.86,166.86,166.86,0,0
2740.N,D,20190610,000000,166.79,166.79,166.79,166.79,0,0
2740.N,D,20190611,000000,166.84,166.84,166.84,166.84,0,0
2740.N,D,20190612,000000,166.8,166.8,166.8,166.8,0,0
2740.N,D,20190613,000000,167.18,167.18,167.18,167.18,0,0
2740.N,D,20190614,000000,167.17,167.17,167.17,167.17,0,0
2740.N,D,20190617,000000,167.17,167.17,167.17,167.17,0,0
2740.N,D,20190618,000000,168.08,168.08,168.08,168.08,0,0
2740.N,D,20190619,000000,168.1,168.1,168.1,168.1,0,0
2740.N,D,20190621,000000,168.64,168.64,168.64,168.64,0,0
2740.N,D,20190624,000000,168.64,168.64,168.64,168.64,0,0
2740.N,D,20190625,000000,168.41,168.41,168.41,168.41,0,0
2740.N,D,20190626,000000,167.97,167.97,167.97,167.97,0,0
2740.N,D,20190627,000000,168.08,168.08,168.08,168.08,0,0
2740.N,D,20190628,000000,168.35,168.35,168.35,168.35,0,0
2740.N,D,20190701,000000,168.97,168.97,168.97,168.97,0,0
2740.N,D,20190702,000000,169.75,169.75,169.75,169.75,0,0
2740.N,D,20190703,000000,170.82,170.82,170.82,170.82,0,0
2740.N,D,20190704,000000,170.94,170.94,170.94,170.94,0,0
2740.N,D,20190705,000000,170.1,170.1,170.1,170.1,0,0
2740.N,D,20190708,000000,169.65,169.65,169.65,169.65,0,0
2740.N,D,20190709,000000,169.6,169.6,169.6,169.6,0,0
2740.N,D,20190710,000000,169.65,169.65,169.65,169.65,0,0
2740.N,D,20190711,000000,169.4,169.4,169.4,169.4,0,0
2740.N,D,20190712,000000,169.08,169.08,169.08,169.08,0,0
2740.N,D,20190715,000000,169.34,169.34,169.34,169.34,0,0
2740.N,D,20190716,000000,169.49,169.49,169.49,169.49,0,0
2740.N,D,20190717,000000,169.57,169.57,169.57,169.57,0,0
2740.N,D,20190718,000000,169.86,169.86,169.86,169.86,0,0
2740.N,D,20190719,000000,169.84,169.84,169.84,169.84,0,0
2740.N,D,20190722,000000,170.11,170.11,170.11,170.11,0,0
2740.N,D,20190723,000000,170.97,170.97,170.97,170.97,0,0
2740.N,D,20190724,000000,171.49,171.49,171.49,171.49,0,0
2740.N,D,20190725,000000,171.34,171.34,171.34,171.34,0,0
2740.N,D,20190726,000000,171.61,171.61,171.61,171.61,0,0
2740.N,D,20190729,000000,171.61,171.61,171.61,171.61,0,0
2740.N,D,20190730,000000,171.41,171.41,171.41,171.41,0,0
2740.N,D,20190731,000000,171.12,171.12,171.12,171.12,0,0
2740.N,D,20190801,000000,171.09,171.09,171.09,171.09,0,0
2740.N,D,20190802,000000,171.11,171.11,171.11,171.11,0,0
2740.N,D,20190805,000000,170.15,170.15,170.15,170.15,0,0
2740.N,D,20190806,000000,170.55,170.55,170.55,170.55,0,0
2740.N,D,20190807,000000,171.19,171.19,171.19,171.19,0,0
2740.N,D,20190808,000000,171.39,171.39,171.39,171.39,0,0
2740.N,D,20190809,000000,171.3,171.3,171.3,171.3,0,0
2740.N,D,20190812,000000,170.96,170.96,170.96,170.96,0,0
2740.N,D,20190813,000000,171.53,171.53,171.53,171.53,0,0
2740.N,D,20190814,000000,171.05,171.05,171.05,171.05,0,0
2740.N,D,20190816,000000,171.88,171.88,171.88,171.88,0,0
2740.N,D,20190819,000000,171.93,171.93,171.93,171.93,0,0
2740.N,D,20190820,000000,171.81,171.81,171.81,171.81,0,0
2740.N,D,20190821,000000,171.99,171.99,171.99,171.99,0,0
2740.N,D,20190822,000000,171.8,171.8,171.8,171.8,0,0
2740.N,D,20190823,000000,170.89,170.89,170.89,170.89,0,0
2740.N,D,20190826,000000,171.38,171.38,171.38,171.38,0,0
2740.N,D,20190827,000000,171.79,171.79,171.79,171.79,0,0
2740.N,D,20190828,000000,172.42,172.42,172.42,172.42,0,0
2740.N,D,20190829,000000,172.75,172.75,172.75,172.75,0,0
2740.N,D,20190830,000000,172.77,172.77,172.77,172.77,0,0
2740.N,D,20190902,000000,173.01,173.01,173.01,173.01,0,0
2740.N,D,20190903,000000,173.15,173.15,173.15,173.15,0,0
2740.N,D,20190904,000000,173.32,173.32,173.32,173.32,0,0
2740.N,D,20190905,000000,172.86,172.86,172.86,172.86,0,0
2740.N,D,20190906,000000,173.04,173.04,173.04,173.04,0,0
2740.N,D,20190909,000000,172.24,172.24,172.24,172.24,0,0
2740.N,D,20190910,000000,171.86,171.86,171.86,171.86,0,0
2740.N,D,20190911,000000,172.34,172.34,172.34,172.34,0,0
2740.N,D,20190912,000000,172.75,172.75,172.75,172.75,0,0
2740.N,D,20190913,000000,172.18,172.18,172.18,172.18,0,0
2740.N,D,20190916,000000,172.45,172.45,172.45,172.45,0,0
2740.N,D,20190917,000000,172.29,172.29,172.29,172.29,0,0
2740.N,D,20190918,000000,172.42,172.42,172.42,172.42,0,0
2740.N,D,20190919,000000,172.62,172.62,172.62,172.62,0,0
2740.N,D,20190920,000000,172.8,172.8,172.8,172.8,0,0
2740.N,D,20190923,000000,172.93,172.93,172.93,172.93,0,0
2740.N,D,20190924,000000,172.7,172.7,172.7,172.7,0,0
2740.N,D,20190925,000000,172.6,172.6,172.6,172.6,0,0
2740.N,D,20190926,000000,172.81,172.81,172.81,172.81,0,0
2740.N,D,20190927,000000,172.62,172.62,172.62,172.62,0,0
2740.N,D,20190930,000000,172.92,172.92,172.92,172.92,0,0
2740.N,D,20191001,000000,172.35,172.35,172.35,172.35,0,0
2740.N,D,20191002,000000,171.3,171.3,171.3,171.3,0,0
2740.N,D,20191003,000000,171.52,171.52,171.52,171.52,0,0
2740.N,D,20191004,000000,172.15,172.15,172.15,172.15,0,0
2740.N,D,20191007,000000,171.86,171.86,171.86,171.86,0,0
2740.N,D,20191008,000000,171.34,171.34,171.34,171.34,0,0
2740.N,D,20191009,000000,171.54,171.54,171.54,171.54,0,0
2740.N,D,20191010,000000,171.36,171.36,171.36,171.36,0,0
2740.N,D,20191011,000000,171.58,171.58,171.58,171.58,0,0
2740.N,D,20191014,000000,171.65,171.65,171.65,171.65,0,0
2740.N,D,20191015,000000,172.14,172.14,172.14,172.14,0,0
2740.N,D,20191016,000000,172.13,172.13,172.13,172.13,0,0
2740.N,D,20191017,000000,171.8,171.8,171.8,171.8,0,0
2740.N,D,20191018,000000,171.55,171.55,171.55,171.55,0,0
2740.N,D,20191021,000000,171.8,171.8,171.8,171.8,0,0
2740.N,D,20191022,000000,171.84,171.84,171.84,171.84,0,0
2740.N,D,20191023,000000,171.89,171.89,171.89,171.89,0,0
2740.N,D,20191024,000000,172.4,172.4,172.4,172.4,0,0
2740.N,D,20191025,000000,172.66,172.66,172.66,172.66,0,0
2740.N,D,20191028,000000,172.92,172.92,172.92,172.92,0,0
2740.N,D,20191029,000000,172.73,172.73,172.73,172.73,0,0
2740.N,D,20191030,000000,172.88,172.88,172.88,172.88,0,0
2740.N,D,20191031,000000,172.48,172.48,172.48,172.48,0,0
2740.N,D,20191104,000000,173.26,173.26,173.26,173.26,0,0
2740.N,D,20191105,000000,173.62,173.62,173.62,173.62,0,0
2740.N,D,20191106,000000,173.7,173.7,173.7,173.7,0,0
2740.N,D,20191107,000000,174.13,174.13,174.13,174.13,0,0
2740.N,D,20191108,000000,174.16,174.16,174.16,174.16,0,0
2740.N,D,20191112,000000,174.29,174.29,174.29,174.29,0,0
2740.N,D,20191113,000000,174.12,174.12,174.12,174.12,0,0
2740.N,D,20191114,000000,174.08,174.08,174.08,174.08,0,0
2740.N,D,20191115,000000,174.48,174.48,174.48,174.48,0,0
2740.N,D,20191118,000000,174.52,174.52,174.52,174.52,0,0
2740.N,D,20191119,000000,174.53,174.53,174.53,174.53,0,0
2740.N,D,20191120,000000,174.26,174.26,174.26,174.26,0,0
2740.N,D,20191121,000000,173.75,173.75,173.75,173.75,0,0
2740.N,D,20191122,000000,174.24,174.24,174.24,174.24,0,0
2740.N,D,20191125,000000,175.05,175.05,175.05,175.05,0,0
2740.N,D,20191126,000000,175.39,175.39,175.39,175.39,0,0
2740.N,D,20191127,000000,175.79,175.79,175.79,175.79,0,0
2740.N,D,20191128,000000,175.73,175.73,175.73,175.73,0,0
2740.N,D,20191129,000000,175.15,175.15,175.15,175.15,0,0
2740.N,D,20191202,000000,174.04,174.04,174.04,174.04,0,0
2740.N,D,20191203,000000,173.58,173.58,173.58,173.58,0,0
2740.N,D,20191204,000000,173.97,173.97,173.97,173.97,0,0
2740.N,D,20191205,000000,174.11,174.11,174.11,174.11,0,0
2740.N,D,20191206,000000,175.01,175.01,175.01,175.01,0,0
2740.N,D,20191209,000000,174.66,174.66,174.66,174.66,0,0
2740.N,D,20191210,000000,174.46,174.46,174.46,174.46,0,0
2740.N,D,20191211,000000,174.78,174.78,174.78,174.78,0,0
2740.N,D,20191212,000000,174.88,174.88,174.88,174.88,0,0
2740.N,D,20191213,000000,175.48,175.48,175.48,175.48,0,0
2740.N,D,20191216,000000,176.05,176.05,176.05,176.05,0,0
2740.N,D,20191217,000000,176.01,176.01,176.01,176.01,0,0
2740.N,D,20191218,000000,176.05,176.05,176.05,176.05,0,0
2740.N,D,20191219,000000,176.37,176.37,176.37,176.37,0,0
2740.N,D,20191220,000000,176.86,176.86,176.86,176.86,0,0
2740.N,D,20191223,000000,176.78,176.78,176.78,176.78,0,0
2740.N,D,20191227,000000,176.74,176.74,176.74,176.74,0,0
2740.N,D,20191230,000000,176.04,176.04,176.04,176.04,0,0
2740.N,D,20200102,000000,176.65,176.65,176.65,176.65,0,0
2740.N,D,20200103,000000,176.36,176.36,176.36,176.36,0,0
2740.N,D,20200107,000000,176.1,176.1,176.1,176.1,0,0
2740.N,D,20200108,000000,176.48,176.48,176.48,176.48,0,0
2740.N,D,20200109,000000,177.13,177.13,177.13,177.13,0,0
2740.N,D,20200110,000000,177.09,177.09,177.09,177.09,0,0
2740.N,D,20200113,000000,177.4,177.4,177.4,177.4,0,0
2740.N,D,20200114,000000,177.49,177.49,177.49,177.49,0,0
2740.N,D,20200115,000000,177.48,177.48,177.48,177.48,0,0
2740.N,D,20200116,000000,178.06,178.06,178.06,178.06,0,0
2740.N,D,20200117,000000,178.79,178.79,178.79,178.79,0,0
2740.N,D,20200120,000000,178.84,178.84,178.84,178.84,0,0
2740.N,D,20200121,000000,178.41,178.41,178.41,178.41,0,0
2740.N,D,20200122,000000,178.79,178.79,178.79,178.79,0,0
2740.N,D,20200123,000000,178.79,178.79,178.79,178.79,0,0
2740.N,D,20200124,000000,178.49,178.49,178.49,178.49,0,0
2740.N,D,20200127,000000,176.99,176.99,176.99,176.99,0,0
2740.N,D,20200128,000000,177.98,177.98,177.98,177.98,0,0
2740.N,D,20200129,000000,177.82,177.82,177.82,177.82,0,0
2740.N,D,20200130,000000,177.5,177.5,177.5,177.5,0,0
2740.N,D,20200131,000000,175.98,175.98,175.98,175.98,0,0
2740.N,D,20200203,000000,176.6,176.6,176.6,176.6,0,0
2740.N,D,20200204,000000,177.96,177.96,177.96,177.96,0,0
2740.N,D,20200205,000000,178.89,178.89,178.89,178.89,0,0
2740.N,D,20200206,000000,179.38,179.38,179.38,179.38,0,0
2740.N,D,20200207,000000,179.15,179.15,179.15,179.15,0,0
2740.N,D,20200210,000000,179.87,179.87,179.87,179.87,0,0
2740.N,D,20200211,000000,180.24,180.24,180.24,180.24,0,0
2740.N,D,20200212,000000,180.88,180.88,180.88,180.88,0,0
2740.N,D,20200213,000000,181.27,181.27,181.27,181.27,0,0
2740.N,D,20200214,000000,181.59,181.59,181.59,181.59,0,0
2740.N,D,20200217,000000,181.69,181.69,181.69,181.69,0,0
2740.N,D,20200218,000000,181.38,181.38,181.38,181.38,0,0
2740.N,D,20200219,000000,182.18,182.18,182.18,182.18,0,0
2740.N,D,20200220,000000,181.76,181.76,181.76,181.76,0,0
2740.N,D,20200221,000000,180.56,180.56,180.56,180.56,0,0
2740.N,D,20200224,000000,177.63,177.63,177.63,177.63,0,0
2740.N,D,20200225,000000,175.85,175.85,175.85,175.85,0,0
2740.N,D,20200226,000000,175.57,175.57,175.57,175.57,0,0
2740.N,D,20200227,000000,172.3,172.3,172.3,172.3,0,0
2740.N,D,20200228,000000,171.3,171.3,171.3,171.3,0,0
2740.N,D,20200302,000000,173.24,173.24,173.24,173.24,0,0
2740.N,D,20200303,000000,172.72,172.72,172.72,172.72,0,0
2740.N,D,20200304,000000,175.41,175.41,175.41,175.41,0,0
2740.N,D,20200305,000000,173.93,173.93,173.93,173.93,0,0
2740.N,D,20200306,000000,172.81,172.81,172.81,172.81,0,0
2740.N,D,20200309,000000,169.69,169.69,169.69,169.69,0,0
2740.N,D,20200310,000000,169.69,169.69,169.69,169.69,0,0
2740.N,D,20200311,000000,167.45,167.45,167.45,167.45,0,0
2740.N,D,20200312,000000,162.95,162.95,162.95,162.95,0,0
2740.N,D,20200313,000000,163.92,163.92,163.92,163.92,0,0
2740.N,D,20200316,000000,159.91,159.91,159.91,159.91,0,0
2740.N,D,20200317,000000,160.46,160.46,160.46,160.46,0,0
2740.N,D,20200318,000000,156.96,156.96,156.96,156.96,0,0
2740.N,D,20200319,000000,157.07,157.07,157.07,157.07,0,0
2740.N,D,20200320,000000,156.3,156.3,156.3,156.3,0,0
2740.N,D,20200323,000000,154.4,154.4,154.4,154.4,0,0
2740.N,D,20200324,000000,158.14,158.14,158.14,158.14,0,0
2740.N,D,20200325,000000,159.78,159.78,159.78,159.78,0,0
2740.N,D,20200326,000000,162.15,162.15,162.15,162.15,0,0
2740.N,D,20200327,000000,161.57,161.57,161.57,161.57,0,0
2740.N,D,20200330,000000,162.49,162.49,162.49,162.49,0,0
2740.N,D,20200331,000000,162.01,162.01,162.01,162.01,0,0
2740.N,D,20200401,000000,161.21,161.21,161.21,161.21,0,0
2740.N,D,20200402,000000,161.31,161.31,161.31,161.31,0,0
2740.N,D,20200403,000000,161.01,161.01,161.01,161.01,0,0
2740.N,D,20200406,000000,161.99,161.99,161.99,161.99,0,0
2740.N,D,20200407,000000,161.48,161.48,161.48,161.48,0,0
2740.N,D,20200408,000000,162.11,162.11,162.11,162.11,0,0
2740.N,D,20200409,000000,163.43,163.43,163.43,163.43,0,0
2740.N,D,20200414,000000,164.7,164.7,164.7,164.7,0,0
2740.N,D,20200415,000000,164.21,164.21,164.21,164.21,0,0
2740.N,D,20200416,000000,164.84,164.84,164.84,164.84,0,0
2740.N,D,20200417,000000,165.7,165.7,165.7,165.7,0,0
2740.N,D,20200420,000000,165.13,165.13,165.13,165.13,0,0
2740.N,D,20200421,000000,163.56,163.56,163.56,163.56,0,0
2740.N,D,20200422,000000,164.21,164.21,164.21,164.21,0,0
2740.N,D,20200423,000000,164.35,164.35,164.35,164.35,0,0
2740.N,D,20200424,000000,164.62,164.62,164.62,164.62,0,0
2740.N,D,20200427,000000,164.93,164.93,164.93,164.93,0,0
2740.N,D,20200428,000000,164.71,164.71,164.71,164.71,0,0
2740.N,D,20200429,000000,165.91,165.91,165.91,165.91,0,0
2740.N,D,20200430,000000,165.69,165.69,165.69,165.69,0,0
2740.N,D,20200504,000000,164.36,164.36,164.36,164.36,0,0
2740.N,D,20200505,000000,165.21,165.21,165.21,165.21,0,0
2740.N,D,20200506,000000,165.04,165.04,165.04,165.04,0,0
2740.N,D,20200507,000000,165.68,165.68,165.68,165.68,0,0
2740.N,D,20200508,000000,166.13,166.13,166.13,166.13,0,0
2740.N,D,20200511,000000,166.42,166.42,166.42,166.42,0,0
2740.N,D,20200512,000000,165.72,165.72,165.72,165.72,0,0
2740.N,D,20200513,000000,165.17,165.17,165.17,165.17,0,0
2740.N,D,20200514,000000,165.36,165.36,165.36,165.36,0,0
2740.N,D,20200515,000000,165.45,165.45,165.45,165.45,0,0
2740.N,D,20200518,000000,166.15,166.15,166.15,166.15,0,0
2740.N,D,20200519,000000,165.83,165.83,165.83,165.83,0,0
2740.N,D,20200520,000000,166.71,166.71,166.71,166.71,0,0
2740.N,D,20200521,000000,166.59,166.59,166.59,166.59,0,0
2740.N,D,20200522,000000,166.31,166.31,166.31,166.31,0,0
2740.N,D,20200525,000000,166.56,166.56,166.56,166.56,0,0
2740.N,D,20200526,000000,166.79,166.79,166.79,166.79,0,0
2740.N,D,20200527,000000,167.55,167.55,167.55,167.55,0,0
2740.N,D,20200528,000000,167.52,167.52,167.52,167.52,0,0
2740.N,D,20200529,000000,167.66,167.66,167.66,167.66,0,0
2740.N,D,20200601,000000,167.98,167.98,167.98,167.98,0,0
2740.N,D,20200602,000000,168.54,168.54,168.54,168.54,0,0
2740.N,D,20200603,000000,169.08,169.08,169.08,169.08,0,0
2740.N,D,20200604,000000,168.39,168.39,168.39,168.39,0,0
2740.N,D,20200605,000000,169.43,169.43,169.43,169.43,0,0
2740.N,D,20200608,000000,169.78,169.78,169.78,169.78,0,0
2740.N,D,20200609,000000,169.08,169.08,169.08,169.08,0,0
2740.N,D,20200610,000000,169.08,169.08,169.08,169.08,0,0
2740.N,D,20200612,000000,167.34,167.34,167.34,167.34,0,0
2740.N,D,20200615,000000,167.11,167.11,167.11,167.11,0,0
2740.N,D,20200616,000000,168.39,168.39,168.39,168.39,0,0
2740.N,D,20200617,000000,168.42,168.42,168.42,168.42,0,0
2740.N,D,20200618,000000,168.46,168.46,168.46,168.46,0,0
2740.N,D,20200619,000000,168.79,168.79,168.79,168.79,0,0
2740.N,D,20200622,000000,168.55,168.55,168.55,168.55,0,0
2740.N,D,20200623,000000,168.72,168.72,168.72,168.72,0,0
2740.N,D,20200624,000000,167.63,167.63,167.63,167.63,0,0
2740.N,D,20200625,000000,168.34,168.34,168.34,168.34,0,0
2740.N,D,20200626,000000,167.75,167.75,167.75,167.75,0,0
2740.N,D,20200629,000000,167.73,167.73,167.73,167.73,0,0
2740.N,D,20200630,000000,168.37,168.37,168.37,168.37,0,0
2740.N,D,20200701,000000,168.14,168.14,168.14,168.14,0,0
2740.N,D,20200702,000000,169.06,169.06,169.06,169.06,0,0
2740.N,D,20200703,000000,169.09,169.09,169.09,169.09,0,0
2740.N,D,20200706,000000,170.31,170.31,170.31,170.31,0,0
2740.N,D,20200707,000000,170.24,170.24,170.24,170.24,0,0
2740.N,D,20200708,000000,170.57,170.57,170.57,170.57,0,0
2740.N,D,20200709,000000,171.03,171.03,171.03,171.03,0,0
2740.N,D,20200710,000000,171.01,171.01,171.01,171.01,0,0
2740.N,D,20200713,000000,170.58,170.58,170.58,170.58,0,0
2740.N,D,20200714,000000,170.75,170.75,170.75,170.75,0,0
2740.N,D,20200715,000000,171.37,171.37,171.37,171.37,0,0
2740.N,D,20200716,000000,171.08,171.08,171.08,171.08,0,0
2740.N,D,20200717,000000,171.3,171.3,171.3,171.3,0,0
2740.N,D,20200720,000000,171.91,171.91,171.91,171.91,0,0
2740.N,D,20200721,000000,172.26,172.26,172.26,172.26,0,0
2740.N,D,20200722,000000,171.31,171.31,171.31,171.31,0,0
2740.N,D,20200723,000000,171.12,171.12,171.12,171.12,0,0
2740.N,D,20200724,000000,170.97,170.97,170.97,170.97,0,0
2740.N,D,20200727,000000,170.69,170.69,170.69,170.69,0,0
2740.N,D,20200728,000000,169.52,169.52,169.52,169.52,0,0
2740.N,D,20200729,000000,170.09,170.09,170.09,170.09,0,0
2740.N,D,20200730,000000,169.83,169.83,169.83,169.83,0,0
2740.N,D,20200731,000000,170.45,170.45,170.45,170.45,0,0
2740.N,D,20200803,000000,169.56,169.56,169.56,169.56,0,0
2740.N,D,20200804,000000,170.05,170.05,170.05,170.05,0,0
2740.N,D,20200805,000000,171.48,171.48,171.48,171.48,0,0
2740.N,D,20200806,000000,170.44,170.44,170.44,170.44,0,0
2740.N,D,20200807,000000,170.23,170.23,170.23,170.23,0,0
2740.N,D,20200810,000000,170.07,170.07,170.07,170.07,0,0
2740.N,D,20200811,000000,171.91,171.91,171.91,171.91,0,0
2740.N,D,20200812,000000,172.81,172.81,172.81,172.81,0,0
2740.N,D,20200813,000000,173.45,173.45,173.45,173.45,0,0
2740.N,D,20200814,000000,172.11,172.11,172.11,172.11,0,0
2740.N,D,20200817,000000,171.3,171.3,171.3,171.3,0,0
2740.N,D,20200818,000000,171.55,171.55,171.55,171.55,0,0
2740.N,D,20200819,000000,171.38,171.38,171.38,171.38,0,0
2740.N,D,20200820,000000,170.03,170.03,170.03,170.03,0,0
2740.N,D,20200821,000000,169.93,169.93,169.93,169.93,0,0
2740.N,D,20200824,000000,170.49,170.49,170.49,170.49,0,0
2740.N,D,20200825,000000,172.02,172.02,172.02,172.02,0,0
2740.N,D,20200826,000000,171.93,171.93,171.93,171.93,0,0
2740.N,D,20200827,000000,172.1,172.1,172.1,172.1,0,0
2740.N,D,20200828,000000,170.76,170.76,170.76,170.76,0,0
2740.N,D,20200831,000000,170.41,170.41,170.41,170.41,0,0
2740.N,D,20200901,000000,169.31,169.31,169.31,169.31,0,0
2740.N,D,20200902,000000,168.68,168.68,168.68,168.68,0,0
2740.N,D,20200903,000000,167.72,167.72,167.72,167.72,0,0
2740.N,D,20200904,000000,168.34,168.34,168.34,168.34,0,0
2740.N,D,20200907,000000,167.07,167.07,167.07,167.07,0,0
2740.N,D,20200908,000000,166.18,166.18,166.18,166.18,0,0
2740.N,D,20200909,000000,167.52,167.52,167.52,167.52,0,0
2740.N,D,20200910,000000,167.23,167.23,167.23,167.23,0,0
2740.N,D,20200911,000000,166.87,166.87,166.87,166.87,0,0
2740.N,D,20200914,000000,167.34,167.34,167.34,167.34,0,0
2740.N,D,20200915,000000,167.51,167.51,167.51,167.51,0,0
2740.N,D,20200916,000000,167.44,167.44,167.44,167.44,0,0
2740.N,D,20200917,000000,166.78,166.78,166.78,166.78,0,0
2740.N,D,20200918,000000,166.27,166.27,166.27,166.27,0,0
2740.N,D,20200921,000000,165.13,165.13,165.13,165.13,0,0
2740.N,D,20200922,000000,165.31,165.31,165.31,165.31,0,0
2740.N,D,20200923,000000,165.03,165.03,165.03,165.03,0,0
2740.N,D,20200924,000000,164.37,164.37,164.37,164.37,0,0
2740.N,D,20200925,000000,164.76,164.76,164.76,164.76,0,0
2740.N,D,20200928,000000,164.79,164.79,164.79,164.79,0,0
2740.N,D,20200929,000000,165.05,165.05,165.05,165.05,0,0
2740.N,D,20200930,000000,165.84,165.84,165.84,165.84,0,0
2740.N,D,20201001,000000,165.87,165.87,165.87,165.87,0,0
2740.N,D,20201002,000000,166.25,166.25,166.25,166.25,0,0
2740.N,D,20201005,000000,166.9,166.9,166.9,166.9,0,0
2740.N,D,20201006,000000,165.76,165.76,165.76,165.76,0,0
2740.N,D,20201007,000000,165.95,165.95,165.95,165.95,0,0
2740.N,D,20201008,000000,165.22,165.22,165.22,165.22,0,0
2740.N,D,20201009,000000,165.49,165.49,165.49,165.49,0,0
2740.N,D,20201012,000000,165.12,165.12,165.12,165.12,0,0
2740.N,D,20201013,000000,164.78,164.78,164.78,164.78,0,0
2740.N,D,20201014,000000,164.16,164.16,164.16,164.16,0,0
2740.N,D,20201015,000000,162.92,162.92,162.92,162.92,0,0
