<TICKER>,<PER>,<DATE>,<TIME>,<OPEN>,<HIGH>,<LOW>,<CLOSE>,<VOL>,<OPENINT>
3699.N,D,20140828,000000,116.83,116.83,116.83,116.83,0,0
3699.N,D,20140829,000000,117.18,117.18,117.18,117.18,0,0
3699.N,D,20140901,000000,117.65,117.65,117.65,117.65,0,0
3699.N,D,20140902,000000,117.42,117.42,117.42,117.42,0,0
3699.N,D,20140903,000000,118.6,118.6,118.6,118.6,0,0
3699.N,D,20140904,000000,118.59,118.59,118.59,118.59,0,0
3699.N,D,20140905,000000,119.25,119.25,119.25,119.25,0,0
3699.N,D,20140908,000000,119.33,119.33,119.33,119.33,0,0
3699.N,D,20140909,000000,118.68,118.68,118.68,118.68,0,0
3699.N,D,20140910,000000,117.59,117.59,117.59,117.59,0,0
3699.N,D,20140911,000000,117.98,117.98,117.98,117.98,0,0
3699.N,D,20140912,000000,117.58,117.58,117.58,117.58,0,0
3699.N,D,20140915,000000,117.13,117.13,117.13,117.13,0,0
3699.N,D,20140916,000000,116.22,116.22,116.22,116.22,0,0
3699.N,D,20140917,000000,116.82,116.82,116.82,116.82,0,0
3699.N,D,20140918,000000,116.72,116.72,116.72,116.72,0,0
3699.N,D,20140919,000000,117.59,117.59,117.59,117.59,0,0
3699.N,D,20140922,000000,117.03,117.03,117.03,117.03,0,0
3699.N,D,20140923,000000,116.46,116.46,116.46,116.46,0,0
3699.N,D,20140924,000000,116.47,116.47,116.47,116.47,0,0
3699.N,D,20140925,000000,115.77,115.77,115.77,115.77,0,0
3699.N,D,20140926,000000,115.16,115.16,115.16,115.16,0,0
3699.N,D,20140929,000000,114.86,114.86,114.86,114.86,0,0
3699.N,D,20140930,000000,114.73,114.73,114.73,114.73,0,0
3699.N,D,20141001,000000,114.74,114.74,114.74,114.74,0,0
3699.N,D,20141003,000000,114.36,114.36,114.36,114.36,0,0
3699.N,D,20141006,000000,114.73,114.73,114.73,114.73,0,0
3699.N,D,20141007,000000,114.8,114.8,114.8,114.8,0,0
3699.N,D,20141008,000000,113.94,113.94,113.94,113.94,0,0
3699.N,D,20141009,000000,114.64,114.64,114.64,114.64,0,0
3699.N,D,20141010,000000,112.92,112.92,112.92,112.92,0,0
3699.N,D,20141013,000000,110.71,110.71,110.71,110.71,0,0
3699.N,D,20141014,000000,110.36,110.36,110.36,110.36,0,0
3699.N,D,20141015,000000,109.58,109.58,109.58,109.58,0,0
3699.N,D,20141016,000000,108.13,108.13,108.13,108.13,0,0
3699.N,D,20141017,000000,108.65,108.65,108.65,108.65,0,0
3699.N,D,20141020,000000,109.85,109.85,109.85,109.85,0,0
3699.N,D,20141021,000000,110.22,110.22,110.22,110.22,0,0
3699.N,D,20141022,000000,111.64,111.64,111.64,111.64,0,0
3699.N,D,20141023,000000,111.32,111.32,111.32,111.32,0,0
3699.N,D,20141024,000000,111.08,111.08,111.08,111.08,0,0
3699.N,D,20141027,000000,110.04,110.04,110.04,110.04,0,0
3699.N,D,20141028,000000,111.36,111.36,111.36,111.36,0,0
3699.N,D,20141029,000000,112.84,112.84,112.84,112.84,0,0
3699.N,D,20141030,000000,112.42,112.42,112.42,112.42,0,0
3699.N,D,20141031,000000,112.95,112.95,112.95,112.95,0,0
3699.N,D,20141103,000000,113.16,113.16,113.16,113.16,0,0
3699.N,D,20141104,000000,113.78,113.78,113.78,113.78,0,0
3699.N,D,20141105,000000,113.32,113.32,113.32,113.32,0,0
3699.N,D,20141106,000000,112.04,112.04,112.04,112.04,0,0
3699.N,D,20141107,000000,111.84,111.84,111.84,111.84,0,0
3699.N,D,20141110,000000,111.87,111.87,111.87,111.87,0,0
3699.N,D,20141111,000000,111.73,111.73,111.73,111.73,0,0
3699.N,D,20141112,000000,111.73,111.73,111.73,111.73,0,0
3699.N,D,20141113,000000,111.7,111.7,111.7,111.7,0,0
3699.N,D,20141114,000000,110.86,110.86,110.86,110.86,0,0
3699.N,D,20141117,000000,111.08,111.08,111.08,111.08,0,0
3699.N,D,20141118,000000,111.4,111.4,111.4,111.4,0,0
3699.N,D,20141119,000000,111.73,111.73,111.73,111.73,0,0
3699.N,D,20141120,000000,111.51,111.51,111.51,111.51,0,0
3699.N,D,20141121,000000,111.52,111.52,111.52,111.52,0,0
3699.N,D,20141124,000000,111.9,111.9,111.9,111.9,0,0
3699.N,D,20141125,000000,112.21,112.21,112.21,112.21,0,0
3699.N,D,20141126,000000,112.39,112.39,112.39,112.39,0,0
3699.N,D,20141127,000000,112.59,112.59,112.59,112.59,0,0
3699.N,D,20141128,000000,112.06,112.06,112.06,112.06,0,0
3699.N,D,20141201,000000,111.39,111.39,111.39,111.39,0,0
3699.N,D,20141202,000000,110.7,110.7,110.7,110.7,0,0
3699.N,D,20141203,000000,111.76,111.76,111.76,111.76,0,0
3699.N,D,20141204,000000,111.85,111.85,111.85,111.85,0,0
3699.N,D,20141205,000000,112.19,112.19,112.19,112.19,0,0
3699.N,D,20141208,000000,111.8,111.8,111.8,111.8,0,0
3699.N,D,20141209,000000,110.32,110.32,110.32,110.32,0,0
3699.N,D,20141210,000000,110,110,110,110,0,0
3699.N,D,20141211,000000,109.06,109.06,109.06,109.06,0,0
3699.N,D,20141212,000000,108.65,108.65,108.65,108.65,0,0
3699.N,D,20141215,000000,108.2,108.2,108.2,108.2,0,0
3699.N,D,20141216,000000,107.24,107.24,107.24,107.24,0,0
3699.N,D,20141217,000000,106.58,106.58,106.58,106.58,0,0
3699.N,D,20141218,000000,107.55,107.55,107.55,107.55,0,0
3699.N,D,20141219,000000,107.78,107.78,107.78,107.78,0,0
3699.N,D,20141222,000000,108.5,108.5,108.5,108.5,0,0
3699.N,D,20141223,000000,108.1,108.1,108.1,108.1,0,0
3699.N,D,20141229,000000,108.58,108.58,108.58,108.58,0,0
3699.N,D,20141230,000000,108.6,108.6,108.6,108.6,0,0
3699.N,D,20141231,000000,109.25,109.25,109.25,109.25,0,0
3699.N,D,20150102,000000,108.63,108.63,108.63,108.63,0,0
3699.N,D,20150105,000000,108.48,108.48,108.48,108.48,0,0
3699.N,D,20150106,000000,107.67,107.67,107.67,107.67,0,0
3699.N,D,20150107,000000,107.98,107.98,107.98,107.98,0,0
3699.N,D,20150108,000000,108.95,108.95,108.95,108.95,0,0
3699.N,D,20150109,000000,109.5,109.5,109.5,109.5,0,0
3699.N,D,20150112,000000,109.64,109.64,109.64,109.64,0,0
3699.N,D,20150113,000000,109.62,109.62,109.62,109.62,0,0
3699.N,D,20150114,000000,109.6,109.6,109.6,109.6,0,0
3699.N,D,20150115,000000,109.55,109.55,109.55,109.55,0,0
3699.N,D,20150116,000000,108.89,108.89,108.89,108.89,0,0
3699.N,D,20150119,000000,109.19,109.19,109.19,109.19,0,0
3699.N,D,20150120,000000,109.95,109.95,109.95,109.95,0,0
3699.N,D,20150121,000000,110.39,110.39,110.39,110.39,0,0
3699.N,D,20150122,000000,110.81,110.81,110.81,110.81,0,0
3699.N,D,20150123,000000,111.45,111.45,111.45,111.45,0,0
3699.N,D,20150126,000000,111.17,111.17,111.17,111.17,0,0
3699.N,D,20150127,000000,111.93,111.93,111.93,111.93,0,0
3699.N,D,20150128,000000,112.2,112.2,112.2,112.2,0,0
3699.N,D,20150129,000000,111.15,111.15,111.15,111.15,0,0
3699.N,D,20150130,000000,110.07,110.07,110.07,110.07,0,0
3699.N,D,20150202,000000,109.79,109.79,109.79,109.79,0,0
3699.N,D,20150203,000000,110.42,110.42,110.42,110.42,0,0
3699.N,D,20150204,000000,110.72,110.72,110.72,110.72,0,0
3699.N,D,20150205,000000,110.85,110.85,110.85,110.85,0,0
3699.N,D,20150206,000000,110.63,110.63,110.63,110.63,0,0
3699.N,D,20150209,000000,109.41,109.41,109.41,109.41,0,0
3699.N,D,20150210,000000,109.58,109.58,109.58,109.58,0,0
3699.N,D,20150211,000000,110.16,110.16,110.16,110.16,0,0
3699.N,D,20150212,000000,110.83,110.83,110.83,110.83,0,0
3699.N,D,20150213,000000,111.7,111.7,111.7,111.7,0,0
3699.N,D,20150216,000000,111.52,111.52,111.52,111.52,0,0
3699.N,D,20150217,000000,111.05,111.05,111.05,111.05,0,0
3699.N,D,20150218,000000,111.03,111.03,111.03,111.03,0,0
3699.N,D,20150220,000000,111.09,111.09,111.09,111.09,0,0
3699.N,D,20150223,000000,110.63,110.63,110.63,110.63,0,0
3699.N,D,20150224,000000,111.25,111.25,111.25,111.25,0,0
3699.N,D,20150225,000000,111.9,111.9,111.9,111.9,0,0
3699.N,D,20150226,000000,111.8,111.8,111.8,111.8,0,0
3699.N,D,20150227,000000,111.93,111.93,111.93,111.93,0,0
3699.N,D,20150302,000000,111.44,111.44,111.44,111.44,0,0
3699.N,D,20150303,000000,111.68,111.68,111.68,111.68,0,0
3699.N,D,20150304,000000,110.88,110.88,110.88,110.88,0,0
3699.N,D,20150305,000000,110.55,110.55,110.55,110.55,0,0
3699.N,D,20150306,000000,110.16,110.16,110.16,110.16,0,0
3699.N,D,20150309,000000,109.21,109.21,109.21,109.21,0,0
3699.N,D,20150310,000000,108.59,108.59,108.59,108.59,0,0
3699.N,D,20150311,000000,107.85,107.85,107.85,107.85,0,0
3699.N,D,20150312,000000,108.68,108.68,108.68,108.68,0,0
3699.N,D,20150313,000000,107.85,107.85,107.85,107.85,0,0
3699.N,D,20150316,000000,107.19,107.19,107.19,107.19,0,0
3699.N,D,20150317,000000,107.35,107.35,107.35,107.35,0,0
3699.N,D,20150318,000000,107.76,107.76,107.76,107.76,0,0
3699.N,D,20150319,000000,108.36,108.36,108.36,108.36,0,0
3699.N,D,20150320,000000,108.45,108.45,108.45,108.45,0,0
3699.N,D,20150323,000000,108.86,108.86,108.86,108.86,0,0
3699.N,D,20150324,000000,109.04,109.04,109.04,109.04,0,0
3699.N,D,20150325,000000,108.96,108.96,108.96,108.96,0,0
3699.N,D,20150326,000000,107.79,107.79,107.79,107.79,0,0
3699.N,D,20150327,000000,107.78,107.78,107.78,107.78,0,0
3699.N,D,20150330,000000,107.94,107.94,107.94,107.94,0,0
3699.N,D,20150331,000000,108.64,108.64,108.64,108.64,0,0
3699.N,D,20150401,000000,109.35,109.35,109.35,109.35,0,0
3699.N,D,20150402,000000,110.12,110.12,110.12,110.12,0,0
3699.N,D,20150407,000000,111.7,111.7,111.7,111.7,0,0
3699.N,D,20150408,000000,112.32,112.32,112.32,112.32,0,0
3699.N,D,20150409,000000,112.23,112.23,112.23,112.23,0,0
3699.N,D,20150410,000000,112.05,112.05,112.05,112.05,0,0
3699.N,D,20150413,000000,111.86,111.86,111.86,111.86,0,0
3699.N,D,20150414,000000,111.98,111.98,111.98,111.98,0,0
3699.N,D,20150415,000000,111.67,111.67,111.67,111.67,0,0
3699.N,D,20150416,000000,112.52,112.52,112.52,112.52,0,0
3699.N,D,20150417,000000,112.68,112.68,112.68,112.68,0,0
3699.N,D,20150420,000000,111.21,111.21,111.21,111.21,0,0
3699.N,D,20150421,000000,110.92,110.92,110.92,110.92,0,0
3699.N,D,20150422,000000,111.14,111.14,111.14,111.14,0,0
3699.N,D,20150423,000000,111.36,111.36,111.36,111.36,0,0
3699.N,D,20150424,000000,111.82,111.82,111.82,111.82,0,0
3699.N,D,20150427,000000,112.86,112.86,112.86,112.86,0,0
3699.N,D,20150428,000000,112.83,112.83,112.83,112.83,0,0
3699.N,D,20150429,000000,112.65,112.65,112.65,112.65,0,0
3699.N,D,20150430,000000,112.21,112.21,112.21,112.21,0,0
3699.N,D,20150504,000000,111.79,111.79,111.79,111.79,0,0
3699.N,D,20150505,000000,111.87,111.87,111.87,111.87,0,0
3699.N,D,20150506,000000,111.57,111.57,111.57,111.57,0,0
3699.N,D,20150507,000000,109.63,109.63,109.63,109.63,0,0
3699.N,D,20150508,000000,110.62,110.62,110.62,110.62,0,0
3699.N,D,20150511,000000,111.24,111.24,111.24,111.24,0,0
3699.N,D,20150512,000000,111.2,111.2,111.2,111.2,0,0
3699.N,D,20150513,000000,112.32,112.32,112.32,112.32,0,0
3699.N,D,20150514,000000,112.43,112.43,112.43,112.43,0,0
3699.N,D,20150515,000000,112.44,112.44,112.44,112.44,0,0
3699.N,D,20150518,000000,113.78,113.78,113.78,113.78,0,0
3699.N,D,20150519,000000,114.05,114.05,114.05,114.05,0,0
3699.N,D,20150520,000000,114.14,114.14,114.14,114.14,0,0
3699.N,D,20150521,000000,113.97,113.97,113.97,113.97,0,0
3699.N,D,20150522,000000,114.68,114.68,114.68,114.68,0,0
3699.N,D,20150525,000000,114.36,114.36,114.36,114.36,0,0
3699.N,D,20150526,000000,113.53,113.53,113.53,113.53,0,0
3699.N,D,20150527,000000,112.9,112.9,112.9,112.9,0,0
3699.N,D,20150528,000000,113.06,113.06,113.06,113.06,0,0
3699.N,D,20150529,000000,113.21,113.21,113.21,113.21,0,0
3699.N,D,20150601,000000,113.16,113.16,113.16,113.16,0,0
3699.N,D,20150602,000000,112.47,112.47,112.47,112.47,0,0
3699.N,D,20150603,000000,112.2,112.2,112.2,112.2,0,0
3699.N,D,20150604,000000,110.77,110.77,110.77,110.77,0,0
3699.N,D,20150605,000000,111.11,111.11,111.11,111.11,0,0
3699.N,D,20150608,000000,110.6,110.6,110.6,110.6,0,0
3699.N,D,20150609,000000,109.83,109.83,109.83,109.83,0,0
3699.N,D,20150610,000000,110.8,110.8,110.8,110.8,0,0
3699.N,D,20150611,000000,110.89,110.89,110.89,110.89,0,0
3699.N,D,20150612,000000,111.2,111.2,111.2,111.2,0,0
3699.N,D,20150615,000000,111.12,111.12,111.12,111.12,0,0
3699.N,D,20150616,000000,110.02,110.02,110.02,110.02,0,0
3699.N,D,20150617,000000,110.61,110.61,110.61,110.61,0,0
3699.N,D,20150618,000000,111.73,111.73,111.73,111.73,0,0
3699.N,D,20150619,000000,111.54,111.54,111.54,111.54,0,0
3699.N,D,20150622,000000,112.2,112.2,112.2,112.2,0,0
3699.N,D,20150623,000000,111.98,111.98,111.98,111.98,0,0
3699.N,D,20150624,000000,112.33,112.33,112.33,112.33,0,0
3699.N,D,20150625,000000,111.95,111.95,111.95,111.95,0,0
3699.N,D,20150626,000000,111.37,111.37,111.37,111.37,0,0
3699.N,D,20150629,000000,109.6,109.6,109.6,109.6,0,0
3699.N,D,20150630,000000,110.7,110.7,110.7,110.7,0,0
3699.N,D,20150701,000000,111.31,111.31,111.31,111.31,0,0
3699.N,D,20150702,000000,111.08,111.08,111.08,111.08,0,0
3699.N,D,20150703,000000,110.23,110.23,110.23,110.23,0,0
3699.N,D,20150706,000000,108.94,108.94,108.94,108.94,0,0
3699.N,D,20150707,000000,107.84,107.84,107.84,107.84,0,0
3699.N,D,20150708,000000,105.51,105.51,105.51,105.51,0,0
3699.N,D,20150709,000000,106.98,106.98,106.98,106.98,0,0
3699.N,D,20150710,000000,108.29,108.29,108.29,108.29,0,0
3699.N,D,20150713,000000,109.19,109.19,109.19,109.19,0,0
3699.N,D,20150714,000000,109.57,109.57,109.57,109.57,0,0
3699.N,D,20150715,000000,109.33,109.33,109.33,109.33,0,0
3699.N,D,20150716,000000,109.16,109.16,109.16,109.16,0,0
3699.N,D,20150717,000000,109.44,109.44,109.44,109.44,0,0
3699.N,D,20150720,000000,108.76,108.76,108.76,108.76,0,0
3699.N,D,20150721,000000,108.23,108.23,108.23,108.23,0,0
3699.N,D,20150722,000000,108.01,108.01,108.01,108.01,0,0
3699.N,D,20150723,000000,107.86,107.86,107.86,107.86,0,0
3699.N,D,20150724,000000,107.01,107.01,107.01,107.01,0,0
3699.N,D,20150727,000000,104.78,104.78,104.78,104.78,0,0
3699.N,D,20150728,000000,104.73,104.73,104.73,104.73,0,0
3699.N,D,20150729,000000,105.53,105.53,105.53,105.53,0,0
3699.N,D,20150730,000000,105.8,105.8,105.8,105.8,0,0
3699.N,D,20150731,000000,106.49,106.49,106.49,106.49,0,0
3699.N,D,20150803,000000,105.85,105.85,105.85,105.85,0,0
3699.N,D,20150804,000000,105.52,105.52,105.52,105.52,0,0
3699.N,D,20150805,000000,106.32,106.32,106.32,106.32,0,0
3699.N,D,20150806,000000,106.1,106.1,106.1,106.1,0,0
3699.N,D,20150807,000000,105.75,105.75,105.75,105.75,0,0
3699.N,D,20150810,000000,106.21,106.21,106.21,106.21,0,0
3699.N,D,20150811,000000,105.37,105.37,105.37,105.37,0,0
3699.N,D,20150812,000000,104.16,104.16,104.16,104.16,0,0
3699.N,D,20150813,000000,103.79,103.79,103.79,103.79,0,0
3699.N,D,20150814,000000,104.69,104.69,104.69,104.69,0,0
3699.N,D,20150817,000000,104,104,104,104,0,0
3699.N,D,20150818,000000,103.1,103.1,103.1,103.1,0,0
3699.N,D,20150819,000000,103.07,103.07,103.07,103.07,0,0
3699.N,D,20150820,000000,101.71,101.71,101.71,101.71,0,0
3699.N,D,20150821,000000,99.06,99.06,99.06,99.06,0,0
3699.N,D,20150824,000000,93.54,93.54,93.54,93.54,0,0
3699.N,D,20150825,000000,95.13,95.13,95.13,95.13,0,0
3699.N,D,20150826,000000,95.02,95.02,95.02,95.02,0,0
3699.N,D,20150827,000000,97.18,97.18,97.18,97.18,0,0
3699.N,D,20150828,000000,98.75,98.75,98.75,98.75,0,0
3699.N,D,20150831,000000,98.68,98.68,98.68,98.68,0,0
3699.N,D,20150901,000000,97.74,97.74,97.74,97.74,0,0
3699.N,D,20150902,000000,97.36,97.36,97.36,97.36,0,0
3699.N,D,20150903,000000,97.72,97.72,97.72,97.72,0,0
3699.N,D,20150904,000000,96.81,96.81,96.81,96.81,0,0
3699.N,D,20150907,000000,96.08,96.08,96.08,96.08,0,0
3699.N,D,20150908,000000,96.96,96.96,96.96,96.96,0,0
3699.N,D,20150909,000000,98.45,98.45,98.45,98.45,0,0
3699.N,D,20150910,000000,98.75,98.75,98.75,98.75,0,0
3699.N,D,20150911,000000,98.46,98.46,98.46,98.46,0,0
3699.N,D,20150914,000000,98.38,98.38,98.38,98.38,0,0
3699.N,D,20150915,000000,98.4,98.4,98.4,98.4,0,0
3699.N,D,20150916,000000,99.44,99.44,99.44,99.44,0,0
3699.N,D,20150917,000000,100.16,100.16,100.16,100.16,0,0
3699.N,D,20150918,000000,101.04,101.04,101.04,101.04,0,0
3699.N,D,20150921,000000,99.62,99.62,99.62,99.62,0,0
3699.N,D,20150922,000000,99.31,99.31,99.31,99.31,0,0
3699.N,D,20150923,000000,98,98,98,98,0,0
3699.N,D,20150924,000000,97.08,97.08,97.08,97.08,0,0
3699.N,D,20150925,000000,97.38,97.38,97.38,97.38,0,0
3699.N,D,20150928,000000,96.62,96.62,96.62,96.62,0,0
3699.N,D,20150929,000000,95.24,95.24,95.24,95.24,0,0
3699.N,D,20150930,000000,96.8,96.8,96.8,96.8,0,0
3699.N,D,20151001,000000,98.13,98.13,98.13,98.13,0,0
3699.N,D,20151002,000000,98.36,98.36,98.36,98.36,0,0
3699.N,D,20151005,000000,99.68,99.68,99.68,99.68,0,0
3699.N,D,20151006,000000,99.87,99.87,99.87,99.87,0,0
3699.N,D,20151007,000000,100.59,100.59,100.59,100.59,0,0
3699.N,D,20151008,000000,99.96,99.96,99.96,99.96,0,0
3699.N,D,20151009,000000,101.22,101.22,101.22,101.22,0,0
3699.N,D,20151012,000000,101.83,101.83,101.83,101.83,0,0
3699.N,D,20151013,000000,100.96,100.96,100.96,100.96,0,0
3699.N,D,20151014,000000,101.23,101.23,101.23,101.23,0,0
3699.N,D,20151015,000000,102,102,102,102,0,0
3699.N,D,20151016,000000,101.95,101.95,101.95,101.95,0,0
3699.N,D,20151019,000000,102.04,102.04,102.04,102.04,0,0
3699.N,D,20151020,000000,102.22,102.22,102.22,102.22,0,0
3699.N,D,20151021,000000,101.6,101.6,101.6,101.6,0,0
3699.N,D,20151022,000000,101.29,101.29,101.29,101.29,0,0
3699.N,D,20151023,000000,102,102,102,102,0,0
3699.N,D,20151026,000000,102.73,102.73,102.73,102.73,0,0
3699.N,D,20151027,000000,101.98,101.98,101.98,101.98,0,0
3699.N,D,20151028,000000,101.92,101.92,101.92,101.92,0,0
3699.N,D,20151029,000000,100.68,100.68,100.68,100.68,0,0
3699.N,D,20151030,000000,101.09,101.09,101.09,101.09,0,0
3699.N,D,20151102,000000,101.48,101.48,101.48,101.48,0,0
3699.N,D,20151103,000000,102.08,102.08,102.08,102.08,0,0
3699.N,D,20151104,000000,103,103,103,103,0,0
3699.N,D,20151105,000000,102.59,102.59,102.59,102.59,0,0
3699.N,D,20151106,000000,101.5,101.5,101.5,101.5,0,0
3699.N,D,20151109,000000,100.76,100.76,100.76,100.76,0,0
3699.N,D,20151110,000000,100.11,100.11,100.11,100.11,0,0
3699.N,D,20151111,000000,100.58,100.58,100.58,100.58,0,0
3699.N,D,20151112,000000,100.82,100.82,100.82,100.82,0,0
3699.N,D,20151113,000000,100.17,100.17,100.17,100.17,0,0
3699.N,D,20151116,000000,98.97,98.97,98.97,98.97,0,0
3699.N,D,20151117,000000,99.57,99.57,99.57,99.57,0,0
3699.N,D,20151118,000000,99.76,99.76,99.76,99.76,0,0
3699.N,D,20151119,000000,101.11,101.11,101.11,101.11,0,0
3699.N,D,20151120,000000,101.64,101.64,101.64,101.64,0,0
3699.N,D,20151123,000000,101.7,101.7,101.7,101.7,0,0
3699.N,D,20151124,000000,101.44,101.44,101.44,101.44,0,0
3699.N,D,20151125,000000,101.19,101.19,101.19,101.19,0,0
3699.N,D,20151126,000000,101.27,101.27,101.27,101.27,0,0
3699.N,D,20151127,000000,100.91,100.91,100.91,100.91,0,0
3699.N,D,20151130,000000,100.02,100.02,100.02,100.02,0,0
3699.N,D,20151201,000000,100.43,100.43,100.43,100.43,0,0
3699.N,D,20151202,000000,100.75,100.75,100.75,100.75,0,0
3699.N,D,20151203,000000,101.03,101.03,101.03,101.03,0,0
3699.N,D,20151204,000000,100.64,100.64,100.64,100.64,0,0
3699.N,D,20151207,000000,101.18,101.18,101.18,101.18,0,0
3699.N,D,20151208,000000,99.48,99.48,99.48,99.48,0,0
3699.N,D,20151209,000000,98.47,98.47,98.47,98.47,0,0
3699.N,D,20151210,000000,98.68,98.68,98.68,98.68,0,0
3699.N,D,20151211,000000,97.57,97.57,97.57,97.57,0,0
3699.N,D,20151214,000000,96.86,96.86,96.86,96.86,0,0
3699.N,D,20151215,000000,97.85,97.85,97.85,97.85,0,0
3699.N,D,20151216,000000,98.22,98.22,98.22,98.22,0,0
3699.N,D,20151217,000000,99.58,99.58,99.58,99.58,0,0
3699.N,D,20151218,000000,99.26,99.26,99.26,99.26,0,0
3699.N,D,20151221,000000,99.41,99.41,99.41,99.41,0,0
3699.N,D,20151222,000000,99.29,99.29,99.29,99.29,0,0
3699.N,D,20151223,000000,99.84,99.84,99.84,99.84,0,0
3699.N,D,20151228,000000,99.86,99.86,99.86,99.86,0,0
3699.N,D,20151229,000000,100.24,100.24,100.24,100.24,0,0
3699.N,D,20151230,000000,100.35,100.35,100.35,100.35,0,0
3699.N,D,20151231,000000,100.71,100.71,100.71,100.71,0,0
3699.N,D,20160104,000000,98.86,98.86,98.86,98.86,0,0
3699.N,D,20160105,000000,98.59,98.59,98.59,98.59,0,0
3699.N,D,20160106,000000,98.06,98.06,98.06,98.06,0,0
3699.N,D,20160107,000000,95.91,95.91,95.91,95.91,0,0
3699.N,D,20160108,000000,95.94,95.94,95.94,95.94,0,0
3699.N,D,20160111,000000,94.47,94.47,94.47,94.47,0,0
3699.N,D,20160112,000000,93.66,93.66,93.66,93.66,0,0
3699.N,D,20160113,000000,94.25,94.25,94.25,94.25,0,0
3699.N,D,20160114,000000,92.92,92.92,92.92,92.92,0,0
3699.N,D,20160115,000000,92.46,92.46,92.46,92.46,0,0
3699.N,D,20160118,000000,91.02,91.02,91.02,91.02,0,0
3699.N,D,20160119,000000,91.72,91.72,91.72,91.72,0,0
3699.N,D,20160120,000000,89.95,89.95,89.95,89.95,0,0
3699.N,D,20160121,000000,89.61,89.61,89.61,89.61,0,0
3699.N,D,20160122,000000,91.25,91.25,91.25,91.25,0,0
3699.N,D,20160125,000000,92.39,92.39,92.39,92.39,0,0
3699.N,D,20160126,000000,91.76,91.76,91.76,91.76,0,0
3699.N,D,20160127,000000,92.14,92.14,92.14,92.14,0,0
3699.N,D,20160128,000000,92.4,92.4,92.4,92.4,0,0
3699.N,D,20160129,000000,93.9,93.9,93.9,93.9,0,0
3699.N,D,20160201,000000,94.8,94.8,94.8,94.8,0,0
3699.N,D,20160202,000000,94.2,94.2,94.2,94.2,0,0
3699.N,D,20160203,000000,93.05,93.05,93.05,93.05,0,0
3699.N,D,20160204,000000,94.22,94.22,94.22,94.22,0,0
3699.N,D,20160205,000000,94.73,94.73,94.73,94.73,0,0
3699.N,D,20160210,000000,93.05,93.05,93.05,93.05,0,0
3699.N,D,20160211,000000,92.66,92.66,92.66,92.66,0,0
3699.N,D,20160212,000000,90.59,90.59,90.59,90.59,0,0
3699.N,D,20160215,000000,92.25,92.25,92.25,92.25,0,0
3699.N,D,20160216,000000,92.36,92.36,92.36,92.36,0,0
3699.N,D,20160217,000000,92.09,92.09,92.09,92.09,0,0
3699.N,D,20160218,000000,93.24,93.24,93.24,93.24,0,0
3699.N,D,20160219,000000,93.12,93.12,93.12,93.12,0,0
3699.N,D,20160222,000000,93.62,93.62,93.62,93.62,0,0
3699.N,D,20160223,000000,93.35,93.35,93.35,93.35,0,0
3699.N,D,20160224,000000,92.36,92.36,92.36,92.36,0,0
3699.N,D,20160225,000000,92.53,92.53,92.53,92.53,0,0
3699.N,D,20160226,000000,93.6,93.6,93.6,93.6,0,0
3699.N,D,20160229,000000,93.77,93.77,93.77,93.77,0,0
3699.N,D,20160301,000000,94.84,94.84,94.84,94.84,0,0
3699.N,D,20160302,000000,95.83,95.83,95.83,95.83,0,0
3699.N,D,20160303,000000,96.62,96.62,96.62,96.62,0,0
3699.N,D,20160304,000000,97.21,97.21,97.21,97.21,0,0
3699.N,D,20160307,000000,96.74,96.74,96.74,96.74,0,0
3699.N,D,20160308,000000,96.67,96.67,96.67,96.67,0,0
3699.N,D,20160309,000000,96.97,96.97,96.97,96.97,0,0
3699.N,D,20160310,000000,97.83,97.83,97.83,97.83,0,0
3699.N,D,20160311,000000,98.12,98.12,98.12,98.12,0,0
3699.N,D,20160314,000000,98.57,98.57,98.57,98.57,0,0
3699.N,D,20160315,000000,97.4,97.4,97.4,97.4,0,0
3699.N,D,20160316,000000,97.6,97.6,97.6,97.6,0,0
3699.N,D,20160317,000000,99.6,99.6,99.6,99.6,0,0
3699.N,D,20160318,000000,100.65,100.65,100.65,100.65,0,0
3699.N,D,20160321,000000,100.8,100.8,100.8,100.8,0,0
3699.N,D,20160322,000000,100.49,100.49,100.49,100.49,0,0
3699.N,D,20160323,000000,100.45,100.45,100.45,100.45,0,0
3699.N,D,20160324,000000,100.09,100.09,100.09,100.09,0,0
3699.N,D,20160329,000000,99.51,99.51,99.51,99.51,0,0
3699.N,D,20160330,000000,101.15,101.15,101.15,101.15,0,0
3699.N,D,20160331,000000,101.94,101.94,101.94,101.94,0,0
3699.N,D,20160401,000000,101.11,101.11,101.11,101.11,0,0
3699.N,D,20160404,000000,101.09,101.09,101.09,101.09,0,0
3699.N,D,20160405,000000,100.27,100.27,100.27,100.27,0,0
3699.N,D,20160406,000000,99.89,99.89,99.89,99.89,0,0
3699.N,D,20160407,000000,100.41,100.41,100.41,100.41,0,0
3699.N,D,20160408,000000,101.03,101.03,101.03,101.03,0,0
3699.N,D,20160411,000000,101.79,101.79,101.79,101.79,0,0
3699.N,D,20160412,000000,101.79,101.79,101.79,101.79,0,0
3699.N,D,20160413,000000,102.25,102.25,102.25,102.25,0,0
3699.N,D,20160414,000000,102.51,102.51,102.51,102.51,0,0
3699.N,D,20160415,000000,102.46,102.46,102.46,102.46,0,0
3699.N,D,20160418,000000,102.6,102.6,102.6,102.6,0,0
3699.N,D,20160419,000000,103.77,103.77,103.77,103.77,0,0
3699.N,D,20160420,000000,103.4,103.4,103.4,103.4,0,0
3699.N,D,20160421,000000,103.59,103.59,103.59,103.59,0,0
3699.N,D,20160422,000000,102.48,102.48,102.48,102.48,0,0
3699.N,D,20160425,000000,102,102,102,102,0,0
3699.N,D,20160426,000000,102.03,102.03,102.03,102.03,0,0
3699.N,D,20160427,000000,102.37,102.37,102.37,102.37,0,0
3699.N,D,20160428,000000,102.17,102.17,102.17,102.17,0,0
3699.N,D,20160429,000000,102.37,102.37,102.37,102.37,0,0
3699.N,D,20160502,000000,102.3909,102.3909,102.3909,102.3909,0,0
3699.N,D,20160503,000000,102.5368,102.5368,102.5368,102.5368,0,0
3699.N,D,20160504,000000,101.6784,101.6784,101.6784,101.6784,0,0
3699.N,D,20160505,000000,101.5765,101.5765,101.5765,101.5765,0,0
3699.N,D,20160506,000000,100.8729,100.8729,100.8729,100.8729,0,0
3699.N,D,20160509,000000,100.7221,100.7221,100.7221,100.7221,0,0
3699.N,D,20160510,000000,100.67,100.67,100.67,100.67,0,0
3699.N,D,20160511,000000,101.6238,101.6238,101.6238,101.6238,0,0
3699.N,D,20160512,000000,101.5839,101.5839,101.5839,101.5839,0,0
3699.N,D,20160513,000000,101.3176,101.3176,101.3176,101.3176,0,0
3699.N,D,20160516,000000,101.2367,101.2367,101.2367,101.2367,0,0
3699.N,D,20160517,000000,101.9141,101.9141,101.9141,101.9141,0,0
3699.N,D,20160518,000000,101.2997,101.2997,101.2997,101.2997,0,0
3699.N,D,20160519,000000,100.2202,100.2202,100.2202,100.2202,0,0
3699.N,D,20160520,000000,100.9552,100.9552,100.9552,100.9552,0,0
3699.N,D,20160523,000000,101.386,101.386,101.386,101.386,0,0
3699.N,D,20160524,000000,101.5848,101.5848,101.5848,101.5848,0,0
3699.N,D,20160525,000000,102.3955,102.3955,102.3955,102.3955,0,0
3699.N,D,20160526,000000,102.6998,102.6998,102.6998,102.6998,0,0
3699.N,D,20160527,000000,102.9962,102.9962,102.9962,102.9962,0,0
3699.N,D,20160530,000000,103.1367,103.1367,103.1367,103.1367,0,0
3699.N,D,20160531,000000,103.8746,103.8746,103.8746,103.8746,0,0
3699.N,D,20160601,000000,103.6865,103.6865,103.6865,103.6865,0,0
3699.N,D,20160602,000000,103.5048,103.5048,103.5048,103.5048,0,0
3699.N,D,20160603,000000,103.6819,103.6819,103.6819,103.6819,0,0
3699.N,D,20160606,000000,104.8253,104.8253,104.8253,104.8253,0,0
3699.N,D,20160607,000000,106.153,106.153,106.153,106.153,0,0
3699.N,D,20160608,000000,106.9673,106.9673,106.9673,106.9673,0,0
3699.N,D,20160609,000000,106.5626,106.5626,106.5626,106.5626,0,0
3699.N,D,20160610,000000,105.7104,105.7104,105.7104,105.7104,0,0
3699.N,D,20160613,000000,104.2973,104.2973,104.2973,104.2973,0,0
3699.N,D,20160614,000000,104.1183,104.1183,104.1183,104.1183,0,0
3699.N,D,20160615,000000,104.1444,104.1444,104.1444,104.1444,0,0
3699.N,D,20160616,000000,103.1303,103.1303,103.1303,103.1303,0,0
3699.N,D,20160617,000000,103.9468,103.9468,103.9468,103.9468,0,0
3699.N,D,20160620,000000,104.7643,104.7643,104.7643,104.7643,0,0
3699.N,D,20160621,000000,105.6361,105.6361,105.6361,105.6361,0,0
3699.N,D,20160622,000000,105.917,105.917,105.917,105.917,0,0
3699.N,D,20160623,000000,106.0899,106.0899,106.0899,106.0899,0,0
3699.N,D,20160624,000000,101.5102,101.5102,101.5102,101.5102,0,0
3699.N,D,20160627,000000,102.7106,102.7106,102.7106,102.7106,0,0
3699.N,D,20160628,000000,103.0134,103.0134,103.0134,103.0134,0,0
3699.N,D,20160629,000000,104.7031,104.7031,104.7031,104.7031,0,0
3699.N,D,20160630,000000,105.5149,105.5149,105.5149,105.5149,0,0
3699.N,D,20160701,000000,105.9804,105.9804,105.9804,105.9804,0,0
3699.N,D,20160704,000000,106.45,106.45,106.45,106.45,0,0
3699.N,D,20160705,000000,105.9811,105.9811,105.9811,105.9811,0,0
3699.N,D,20160706,000000,105.0115,105.0115,105.0115,105.0115,0,0
3699.N,D,20160707,000000,105.6235,105.6235,105.6235,105.6235,0,0
3699.N,D,20160708,000000,105.2448,105.2448,105.2448,105.2448,0,0
3699.N,D,20160711,000000,106.7259,106.7259,106.7259,106.7259,0,0
3699.N,D,20160712,000000,107.856,107.856,107.856,107.856,0,0
3699.N,D,20160713,000000,108.3264,108.3264,108.3264,108.3264,0,0
3699.N,D,20160714,000000,108.7172,108.7172,108.7172,108.7172,0,0
3699.N,D,20160715,000000,109.0049,109.0049,109.0049,109.0049,0,0
3699.N,D,20160718,000000,108.815,108.815,108.815,108.815,0,0
3699.N,D,20160719,000000,109.2713,109.2713,109.2713,109.2713,0,0
3699.N,D,20160720,000000,109.4052,109.4052,109.4052,109.4052,0,0
3699.N,D,20160721,000000,109.8256,109.8256,109.8256,109.8256,0,0
3699.N,D,20160722,000000,109.2934,109.2934,109.2934,109.2934,0,0
3699.N,D,20160725,000000,108.9902,108.9902,108.9902,108.9902,0,0
3699.N,D,20160726,000000,108.814,108.814,108.814,108.814,0,0
3699.N,D,20160727,000000,109.3866,109.3866,109.3866,109.3866,0,0
3699.N,D,20160728,000000,110.6609,110.6609,110.6609,110.6609,0,0
3699.N,D,20160729,000000,110.7284,110.7284,110.7284,110.7284,0,0
3699.N,D,20160801,000000,111.4002,111.4002,111.4002,111.4002,0,0
3699.N,D,20160802,000000,111.4366,111.4366,111.4366,111.4366,0,0
3699.N,D,20160803,000000,110.4909,110.4909,110.4909,110.4909,0,0
3699.N,D,20160804,000000,111.1029,111.1029,111.1029,111.1029,0,0
3699.N,D,20160805,000000,112.1072,112.1072,112.1072,112.1072,0,0
3699.N,D,20160808,000000,112.6545,112.6545,112.6545,112.6545,0,0
3699.N,D,20160809,000000,112.9653,112.9653,112.9653,112.9653,0,0
3699.N,D,20160810,000000,113.7713,113.7713,113.7713,113.7713,0,0
3699.N,D,20160811,000000,113.8154,113.8154,113.8154,113.8154,0,0
3699.N,D,20160812,000000,114.2863,114.2863,114.2863,114.2863,0,0
3699.N,D,20160815,000000,114.373,114.373,114.373,114.373,0,0
3699.N,D,20160816,000000,115.1025,115.1025,115.1025,115.1025,0,0
3699.N,D,20160817,000000,114.3128,114.3128,114.3128,114.3128,0,0
3699.N,D,20160818,000000,115.1792,115.1792,115.1792,115.1792,0,0
3699.N,D,20160819,000000,114.5075,114.5075,114.5075,114.5075,0,0
3699.N,D,20160822,000000,114.3707,114.3707,114.3707,114.3707,0,0
3699.N,D,20160823,000000,114.3553,114.3553,114.3553,114.3553,0,0
3699.N,D,20160824,000000,113.7988,113.7988,113.7988,113.7988,0,0
3699.N,D,20160825,000000,113.9934,113.9934,113.9934,113.9934,0,0
3699.N,D,20160826,000000,114.5461,114.5461,114.5461,114.5461,0,0
3699.N,D,20160829,000000,113.4407,113.4407,113.4407,113.4407,0,0
3699.N,D,20160830,000000,114.1395,114.1395,114.1395,114.1395,0,0
3699.N,D,20160831,000000,114.1292,114.1292,114.1292,114.1292,0,0
3699.N,D,20160901,000000,114.0835,114.0835,114.0835,114.0835,0,0
3699.N,D,20160902,000000,114.5593,114.5593,114.5593,114.5593,0,0
3699.N,D,20160905,000000,115.069,115.069,115.069,115.069,0,0
3699.N,D,20160906,000000,115.8428,115.8428,115.8428,115.8428,0,0
3699.N,D,20160907,000000,116.4343,116.4343,116.4343,116.4343,0,0
3699.N,D,20160908,000000,116.5905,116.5905,116.5905,116.5905,0,0
3699.N,D,20160909,000000,115.0755,115.0755,115.0755,115.0755,0,0
3699.N,D,20160912,000000,112.6192,112.6192,112.6192,112.6192,0,0
3699.N,D,20160913,000000,112.7038,112.7038,112.7038,112.7038,0,0
3699.N,D,20160914,000000,112.1451,112.1451,112.1451,112.1451,0,0
3699.N,D,20160915,000000,112.2126,112.2126,112.2126,112.2126,0,0
3699.N,D,20160916,000000,112.5176,112.5176,112.5176,112.5176,0,0
3699.N,D,20160919,000000,113.4063,113.4063,113.4063,113.4063,0,0
3699.N,D,20160920,000000,113.4307,113.4307,113.4307,113.4307,0,0
3699.N,D,20160921,000000,114.088,114.088,114.088,114.088,0,0
3699.N,D,20160922,000000,115.7859,115.7859,115.7859,115.7859,0,0
3699.N,D,20160923,000000,115.8946,115.8946,115.8946,115.8946,0,0
3699.N,D,20160926,000000,114.761,114.761,114.761,114.761,0,0
3699.N,D,20160927,000000,115.1964,115.1964,115.1964,115.1964,0,0
3699.N,D,20160928,000000,115.5325,115.5325,115.5325,115.5325,0,0
3699.N,D,20160929,000000,116.0422,116.0422,116.0422,116.0422,0,0
3699.N,D,20160930,000000,115.2113,115.2113,115.2113,115.2113,0,0
3699.N,D,20161003,000000,116.0604,116.0604,116.0604,116.0604,0,0
3699.N,D,20161004,000000,116.2703,116.2703,116.2703,116.2703,0,0
3699.N,D,20161005,000000,116.2307,116.2307,116.2307,116.2307,0,0
3699.N,D,20161006,000000,116.0132,116.0132,116.0132,116.0132,0,0
3699.N,D,20161007,000000,115.7264,115.7264,115.7264,115.7264,0,0
3699.N,D,20161010,000000,115.66,115.66,115.66,115.66,0,0
3699.N,D,20161011,000000,114.6931,114.6931,114.6931,114.6931,0,0
3699.N,D,20161012,000000,114.6487,114.6487,114.6487,114.6487,0,0
3699.N,D,20161013,000000,113.2334,113.2334,113.2334,113.2334,0,0
3699.N,D,20161014,000000,113.6466,113.6466,113.6466,113.6466,0,0
3699.N,D,20161017,000000,113.6368,113.6368,113.6368,113.6368,0,0
3699.N,D,20161018,000000,114.6976,114.6976,114.6976,114.6976,0,0
3699.N,D,20161019,000000,114.889,114.889,114.889,114.889,0,0
3699.N,D,20161020,000000,114.8517,114.8517,114.8517,114.8517,0,0
3699.N,D,20161021,000000,114.3156,114.3156,114.3156,114.3156,0,0
3699.N,D,20161024,000000,115.0238,115.0238,115.0238,115.0238,0,0
3699.N,D,20161025,000000,115.4394,115.4394,115.4394,115.4394,0,0
3699.N,D,20161026,000000,114.5484,114.5484,114.5484,114.5484,0,0
3699.N,D,20161027,000000,114.521,114.521,114.521,114.521,0,0
3699.N,D,20161028,000000,114.3209,114.3209,114.3209,114.3209,0,0
3699.N,D,20161031,000000,114.0334,114.0334,114.0334,114.0334,0,0
3699.N,D,20161101,000000,114.1624,114.1624,114.1624,114.1624,0,0
3699.N,D,20161102,000000,112.981,112.981,112.981,112.981,0,0
3699.N,D,20161103,000000,112.6519,112.6519,112.6519,112.6519,0,0
3699.N,D,20161104,000000,111.5682,111.5682,111.5682,111.5682,0,0
3699.N,D,20161107,000000,112.6214,112.6214,112.6214,112.6214,0,0
3699.N,D,20161108,000000,113.7718,113.7718,113.7718,113.7718,0,0
3699.N,D,20161109,000000,111.5989,111.5989,111.5989,111.5989,0,0
3699.N,D,20161110,000000,112.2196,112.2196,112.2196,112.2196,0,0
3699.N,D,20161111,000000,109.2848,109.2848,109.2848,109.2848,0,0
3699.N,D,20161114,000000,107.7991,107.7991,107.7991,107.7991,0,0
3699.N,D,20161115,000000,107.1538,107.1538,107.1538,107.1538,0,0
3699.N,D,20161116,000000,107.7881,107.7881,107.7881,107.7881,0,0
3699.N,D,20161117,000000,108.0406,108.0406,108.0406,108.0406,0,0
3699.N,D,20161118,000000,107.701,107.701,107.701,107.701,0,0
3699.N,D,20161121,000000,107.4778,107.4778,107.4778,107.4778,0,0
3699.N,D,20161122,000000,108.0292,108.0292,108.0292,108.0292,0,0
3699.N,D,20161123,000000,107.5449,107.5449,107.5449,107.5449,0,0
3699.N,D,20161124,000000,107.3565,107.3565,107.3565,107.3565,0,0
3699.N,D,20161125,000000,107.6423,107.6423,107.6423,107.6423,0,0
3699.N,D,20161128,000000,108.2026,108.2026,108.2026,108.2026,0,0
3699.N,D,20161129,000000,108.4984,108.4984,108.4984,108.4984,0,0
3699.N,D,20161130,000000,109.4869,109.4869,109.4869,109.4869,0,0
3699.N,D,20161201,000000,109.4517,109.4517,109.4517,109.4517,0,0
3699.N,D,20161202,000000,108.6858,108.6858,108.6858,108.6858,0,0
3699.N,D,20161205,000000,108.4322,108.4322,108.4322,108.4322,0,0
3699.N,D,20161206,000000,109.3715,109.3715,109.3715,109.3715,0,0
3699.N,D,20161207,000000,109.5974,109.5974,109.5974,109.5974,0,0
3699.N,D,20161208,000000,110.8636,110.8636,110.8636,110.8636,0,0
3699.N,D,20161209,000000,110.6236,110.6236,110.6236,110.6236,0,0
3699.N,D,20161212,000000,110.2824,110.2824,110.2824,110.2824,0,0
3699.N,D,20161213,000000,110.8012,110.8012,110.8012,110.8012,0,0
3699.N,D,20161214,000000,111.2251,111.2251,111.2251,111.2251,0,0
3699.N,D,20161215,000000,109.8865,109.8865,109.8865,109.8865,0,0
3699.N,D,20161216,000000,109.7305,109.7305,109.7305,109.7305,0,0
3699.N,D,20161219,000000,109.2738,109.2738,109.2738,109.2738,0,0
3699.N,D,20161220,000000,108.7322,108.7322,108.7322,108.7322,0,0
3699.N,D,20161221,000000,108.8864,108.8864,108.8864,108.8864,0,0
3699.N,D,20161222,000000,108.1349,108.1349,108.1349,108.1349,0,0
3699.N,D,20161223,000000,108.2277,108.2277,108.2277,108.2277,0,0
3699.N,D,20161227,000000,107.8858,107.8858,107.8858,107.8858,0,0
3699.N,D,20161228,000000,108.3246,108.3246,108.3246,108.3246,0,0
3699.N,D,20161229,000000,108.9294,108.9294,108.9294,108.9294,0,0
3699.N,D,20161230,000000,110.0103,110.0103,110.0103,110.0103,0,0
3699.N,D,20170102,000000,109.9152,109.9152,109.9152,109.9152,0,0
3699.N,D,20170103,000000,110.2928,110.2928,110.2928,110.2928,0,0
3699.N,D,20170104,000000,110.745,110.745,110.745,110.745,0,0
3699.N,D,20170105,000000,111.652,111.652,111.652,111.652,0,0
3699.N,D,20170106,000000,112.0057,112.0057,112.0057,112.0057,0,0
3699.N,D,20170109,000000,111.4486,111.4486,111.4486,111.4486,0,0
3699.N,D,20170110,000000,111.9274,111.9274,111.9274,111.9274,0,0
3699.N,D,20170111,000000,111.7727,111.7727,111.7727,111.7727,0,0
3699.N,D,20170112,000000,112.8604,112.8604,112.8604,112.8604,0,0
3699.N,D,20170113,000000,112.5898,112.5898,112.5898,112.5898,0,0
3699.N,D,20170116,000000,112.0842,112.0842,112.0842,112.0842,0,0
3699.N,D,20170117,000000,112.8381,112.8381,112.8381,112.8381,0,0
3699.N,D,20170118,000000,112.228,112.228,112.228,112.228,0,0
3699.N,D,20170119,000000,111.9253,111.9253,111.9253,111.9253,0,0
3699.N,D,20170120,000000,111.8687,111.8687,111.8687,111.8687,0,0
3699.N,D,20170123,000000,112.294,112.294,112.294,112.294,0,0
3699.N,D,20170124,000000,113.0513,113.0513,113.0513,113.0513,0,0
3699.N,D,20170125,000000,113.5757,113.5757,113.5757,113.5757,0,0
3699.N,D,20170126,000000,113.7,113.7,113.7,113.7,0,0
3699.N,D,20170127,000000,113.3884,113.3884,113.3884,113.3884,0,0
3699.N,D,20170130,000000,113.5871,113.5871,113.5871,113.5871,0,0
3699.N,D,20170131,000000,113.7385,113.7385,113.7385,113.7385,0,0
3699.N,D,20170201,000000,113.9524,113.9524,113.9524,113.9524,0,0
3699.N,D,20170202,000000,114.3237,114.3237,114.3237,114.3237,0,0
3699.N,D,20170203,000000,114.4459,114.4459,114.4459,114.4459,0,0
3699.N,D,20170206,000000,115.2938,115.2938,115.2938,115.2938,0,0
3699.N,D,20170207,000000,114.6928,114.6928,114.6928,114.6928,0,0
3699.N,D,20170208,000000,115.4484,115.4484,115.4484,115.4484,0,0
3699.N,D,20170209,000000,116.0295,116.0295,116.0295,116.0295,0,0
3699.N,D,20170210,000000,117.1439,117.1439,117.1439,117.1439,0,0
3699.N,D,20170213,000000,117.1409,117.1409,117.1409,117.1409,0,0
3699.N,D,20170214,000000,117.6051,117.6051,117.6051,117.6051,0,0
3699.N,D,20170215,000000,117.0394,117.0394,117.0394,117.0394,0,0
3699.N,D,20170216,000000,117.9917,117.9917,117.9917,117.9917,0,0
3699.N,D,20170217,000000,117.352,117.352,117.352,117.352,0,0
3699.N,D,20170220,000000,117.9322,117.9322,117.9322,117.9322,0,0
3699.N,D,20170221,000000,117.6087,117.6087,117.6087,117.6087,0,0
3699.N,D,20170222,000000,118.4273,118.4273,118.4273,118.4273,0,0
3699.N,D,20170223,000000,118.8178,118.8178,118.8178,118.8178,0,0
3699.N,D,20170224,000000,118.5302,118.5302,118.5302,118.5302,0,0
3699.N,D,20170227,000000,118.3492,118.3492,118.3492,118.3492,0,0
3699.N,D,20170228,000000,117.9945,117.9945,117.9945,117.9945,0,0
3699.N,D,20170301,000000,117.7373,117.7373,117.7373,117.7373,0,0
3699.N,D,20170302,000000,117.7576,117.7576,117.7576,117.7576,0,0
3699.N,D,20170303,000000,117.1894,117.1894,117.1894,117.1894,0,0
3699.N,D,20170306,000000,118.0668,118.0668,118.0668,118.0668,0,0
3699.N,D,20170307,000000,118.15,118.15,118.15,118.15,0,0
3699.N,D,20170308,000000,117.6778,117.6778,117.6778,117.6778,0,0
3699.N,D,20170309,000000,117.2197,117.2197,117.2197,117.2197,0,0
3699.N,D,20170310,000000,117.9127,117.9127,117.9127,117.9127,0,0
3699.N,D,20170313,000000,118.1873,118.1873,118.1873,118.1873,0,0
3699.N,D,20170314,000000,118.2464,118.2464,118.2464,118.2464,0,0
3699.N,D,20170315,000000,119.0401,119.0401,119.0401,119.0401,0,0
3699.N,D,20170316,000000,120.7908,120.7908,120.7908,120.7908,0,0
3699.N,D,20170317,000000,121.2955,121.2955,121.2955,121.2955,0,0
3699.N,D,20170320,000000,121.2221,121.2221,121.2221,121.2221,0,0
3699.N,D,20170321,000000,121.9142,121.9142,121.9142,121.9142,0,0
3699.N,D,20170322,000000,120.1824,120.1824,120.1824,120.1824,0,0
3699.N,D,20170323,000000,120.8525,120.8525,120.8525,120.8525,0,0
3699.N,D,20170324,000000,120.9437,120.9437,120.9437,120.9437,0,0
3699.N,D,20170327,000000,120.7822,120.7822,120.7822,120.7822,0,0
3699.N,D,20170328,000000,120.4502,120.4502,120.4502,120.4502,0,0
3699.N,D,20170329,000000,120.8556,120.8556,120.8556,120.8556,0,0
3699.N,D,20170330,000000,121.4915,121.4915,121.4915,121.4915,0,0
3699.N,D,20170331,000000,121.3925,121.3925,121.3925,121.3925,0,0
3699.N,D,20170403,000000,121.7707,121.7707,121.7707,121.7707,0,0
3699.N,D,20170404,000000,121.5974,121.5974,121.5974,121.5974,0,0
3699.N,D,20170405,000000,121.8339,121.8339,121.8339,121.8339,0,0
3699.N,D,20170406,000000,121.3768,121.3768,121.3768,121.3768,0,0
3699.N,D,20170407,000000,121.0721,121.0721,121.0721,121.0721,0,0
3699.N,D,20170410,000000,120.5719,120.5719,120.5719,120.5719,0,0
3699.N,D,20170411,000000,121.3995,121.3995,121.3995,121.3995,0,0
3699.N,D,20170412,000000,121.1102,121.1102,121.1102,121.1102,0,0
3699.N,D,20170413,000000,121.6693,121.6693,121.6693,121.6693,0,0
3699.N,D,20170418,000000,121.6075,121.6075,121.6075,121.6075,0,0
3699.N,D,20170419,000000,121.3593,121.3593,121.3593,121.3593,0,0
3699.N,D,20170420,000000,121.8607,121.8607,121.8607,121.8607,0,0
3699.N,D,20170421,000000,122.6892,122.6892,122.6892,122.6892,0,0
3699.N,D,20170424,000000,122.8271,122.8271,122.8271,122.8271,0,0
3699.N,D,20170425,000000,123.4248,123.4248,123.4248,123.4248,0,0
3699.N,D,20170426,000000,124.2715,124.2715,124.2715,124.2715,0,0
3699.N,D,20170427,000000,124.1863,124.1863,124.1863,124.1863,0,0
3699.N,D,20170428,000000,123.9962,123.9962,123.9962,123.9962,0,0
3699.N,D,20170502,000000,125.0464,125.0464,125.0464,125.0464,0,0
3699.N,D,20170503,000000,125.1201,125.1201,125.1201,125.1201,0,0
3699.N,D,20170504,000000,124.9277,124.9277,124.9277,124.9277,0,0
3699.N,D,20170505,000000,124.4179,124.4179,124.4179,124.4179,0,0
3699.N,D,20170508,000000,124.9561,124.9561,124.9561,124.9561,0,0
3699.N,D,20170509,000000,124.9381,124.9381,124.9381,124.9381,0,0
3699.N,D,20170510,000000,126.1096,126.1096,126.1096,126.1096,0,0
3699.N,D,20170511,000000,126.3656,126.3656,126.3656,126.3656,0,0
3699.N,D,20170512,000000,126.1731,126.1731,126.1731,126.1731,0,0
3699.N,D,20170515,000000,126.6207,126.6207,126.6207,126.6207,0,0
3699.N,D,20170516,000000,126.6482,126.6482,126.6482,126.6482,0,0
3699.N,D,20170517,000000,126.2981,126.2981,126.2981,126.2981,0,0
3699.N,D,20170518,000000,124.5432,124.5432,124.5432,124.5432,0,0
3699.N,D,20170519,000000,124.3482,124.3482,124.3482,124.3482,0,0
3699.N,D,20170522,000000,125.0291,125.0291,125.0291,125.0291,0,0
3699.N,D,20170523,000000,124.7899,124.7899,124.7899,124.7899,0,0
3699.N,D,20170524,000000,125.271,125.271,125.271,125.271,0,0
3699.N,D,20170525,000000,125.4566,125.4566,125.4566,125.4566,0,0
3699.N,D,20170526,000000,125.4252,125.4252,125.4252,125.4252,0,0
3699.N,D,20170529,000000,125.5471,125.5471,125.5471,125.5471,0,0
3699.N,D,20170530,000000,125.362,125.362,125.362,125.362,0,0
3699.N,D,20170531,000000,125.4867,125.4867,125.4867,125.4867,0,0
3699.N,D,20170601,000000,125.28,125.28,125.28,125.28,0,0
3699.N,D,20170602,000000,126.1669,126.1669,126.1669,126.1669,0,0
3699.N,D,20170605,000000,126.5924,126.5924,126.5924,126.5924,0,0
3699.N,D,20170606,000000,126.4267,126.4267,126.4267,126.4267,0,0
3699.N,D,20170607,000000,126.84,126.84,126.84,126.84,0,0
3699.N,D,20170608,000000,127.2848,127.2848,127.2848,127.2848,0,0
3699.N,D,20170609,000000,127.0325,127.0325,127.0325,127.0325,0,0
3699.N,D,20170612,000000,126.1079,126.1079,126.1079,126.1079,0,0
3699.N,D,20170613,000000,126.2994,126.2994,126.2994,126.2994,0,0
3699.N,D,20170614,000000,127.3074,127.3074,127.3074,127.3074,0,0
3699.N,D,20170615,000000,125.9655,125.9655,125.9655,125.9655,0,0
3699.N,D,20170616,000000,125.8469,125.8469,125.8469,125.8469,0,0
3699.N,D,20170619,000000,125.6447,125.6447,125.6447,125.6447,0,0
3699.N,D,20170620,000000,125.1595,125.1595,125.1595,125.1595,0,0
3699.N,D,20170621,000000,125.2245,125.2245,125.2245,125.2245,0,0
3699.N,D,20170622,000000,125.6945,125.6945,125.6945,125.6945,0,0
3699.N,D,20170623,000000,126.1557,126.1557,126.1557,126.1557,0,0
3699.N,D,20170626,000000,126.5347,126.5347,126.5347,126.5347,0,0
3699.N,D,20170627,000000,126.6301,126.6301,126.6301,126.6301,0,0
3699.N,D,20170628,000000,125.6932,125.6932,125.6932,125.6932,0,0
3699.N,D,20170629,000000,126.0298,126.0298,126.0298,126.0298,0,0
3699.N,D,20170630,000000,126.3819,126.3819,126.3819,126.3819,0,0
3699.N,D,20170703,000000,126.3779,126.3779,126.3779,126.3779,0,0
3699.N,D,20170704,000000,125.9421,125.9421,125.9421,125.9421,0,0
3699.N,D,20170705,000000,125.7039,125.7039,125.7039,125.7039,0,0
3699.N,D,20170706,000000,125.8169,125.8169,125.8169,125.8169,0,0
3699.N,D,20170707,000000,125.3806,125.3806,125.3806,125.3806,0,0
3699.N,D,20170710,000000,125.5002,125.5002,125.5002,125.5002,0,0
3699.N,D,20170711,000000,125.7506,125.7506,125.7506,125.7506,0,0
3699.N,D,20170712,000000,126.6099,126.6099,126.6099,126.6099,0,0
3699.N,D,20170713,000000,127.7724,127.7724,127.7724,127.7724,0,0
3699.N,D,20170714,000000,128.8249,128.8249,128.8249,128.8249,0,0
3699.N,D,20170717,000000,129.3379,129.3379,129.3379,129.3379,0,0
3699.N,D,20170718,000000,129.8209,129.8209,129.8209,129.8209,0,0
3699.N,D,20170719,000000,130.1047,130.1047,130.1047,130.1047,0,0
3699.N,D,20170720,000000,130.2613,130.2613,130.2613,130.2613,0,0
3699.N,D,20170721,000000,130.0357,130.0357,130.0357,130.0357,0,0
3699.N,D,20170724,000000,130.2759,130.2759,130.2759,130.2759,0,0
3699.N,D,20170725,000000,130.3361,130.3361,130.3361,130.3361,0,0
3699.N,D,20170726,000000,129.9738,129.9738,129.9738,129.9738,0,0
3699.N,D,20170727,000000,130.7843,130.7843,130.7843,130.7843,0,0
3699.N,D,20170728,000000,130.1881,130.1881,130.1881,130.1881,0,0
3699.N,D,20170731,000000,129.9962,129.9962,129.9962,129.9962,0,0
3699.N,D,20170801,000000,130.217,130.217,130.217,130.217,0,0
3699.N,D,20170802,000000,130.2343,130.2343,130.2343,130.2343,0,0
3699.N,D,20170803,000000,129.4596,129.4596,129.4596,129.4596,0,0
3699.N,D,20170804,000000,129.0295,129.0295,129.0295,129.0295,0,0
3699.N,D,20170807,000000,129.4303,129.4303,129.4303,129.4303,0,0
3699.N,D,20170808,000000,129.5321,129.5321,129.5321,129.5321,0,0
3699.N,D,20170809,000000,128.381,128.381,128.381,128.381,0,0
3699.N,D,20170810,000000,127.8502,127.8502,127.8502,127.8502,0,0
3699.N,D,20170811,000000,126.3241,126.3241,126.3241,126.3241,0,0
3699.N,D,20170814,000000,126.3802,126.3802,126.3802,126.3802,0,0
3699.N,D,20170815,000000,126.3752,126.3752,126.3752,126.3752,0,0
3699.N,D,20170816,000000,126.7202,126.7202,126.7202,126.7202,0,0
3699.N,D,20170817,000000,127.0575,127.0575,127.0575,127.0575,0,0
3699.N,D,20170818,000000,127.1149,127.1149,127.1149,127.1149,0,0
3699.N,D,20170821,000000,127.1526,127.1526,127.1526,127.1526,0,0
3699.N,D,20170822,000000,127.3808,127.3808,127.3808,127.3808,0,0
3699.N,D,20170823,000000,127.8855,127.8855,127.8855,127.8855,0,0
3699.N,D,20170824,000000,128.6145,128.6145,128.6145,128.6145,0,0
3699.N,D,20170825,000000,128.8362,128.8362,128.8362,128.8362,0,0
3699.N,D,20170828,000000,129.0095,129.0095,129.0095,129.0095,0,0
3699.N,D,20170829,000000,128.2178,128.2178,128.2178,128.2178,0,0
3699.N,D,20170830,000000,128.7938,128.7938,128.7938,128.7938,0,0
3699.N,D,20170831,000000,129.148,129.148,129.148,129.148,0,0
3699.N,D,20170901,000000,129.6113,129.6113,129.6113,129.6113,0,0
3699.N,D,20170904,000000,129.0447,129.0447,129.0447,129.0447,0,0
3699.N,D,20170905,000000,129.2931,129.2931,129.2931,129.2931,0,0
3699.N,D,20170906,000000,128.9391,128.9391,128.9391,128.9391,0,0
3699.N,D,20170907,000000,130.5359,130.5359,130.5359,130.5359,0,0
3699.N,D,20170908,000000,129.9964,129.9964,129.9964,129.9964,0,0
3699.N,D,20170911,000000,129.9056,129.9056,129.9056,129.9056,0,0
3699.N,D,20170912,000000,130.3654,130.3654,130.3654,130.3654,0,0
3699.N,D,20170913,000000,130.5338,130.5338,130.5338,130.5338,0,0
3699.N,D,20170914,000000,130.3745,130.3745,130.3745,130.3745,0,0
3699.N,D,20170915,000000,131.0802,131.0802,131.0802,131.0802,0,0
3699.N,D,20170918,000000,131.2144,131.2144,131.2144,131.2144,0,0
3699.N,D,20170919,000000,131.0223,131.0223,131.0223,131.0223,0,0
3699.N,D,20170920,000000,131.4707,131.4707,131.4707,131.4707,0,0
3699.N,D,20170921,000000,131.3921,131.3921,131.3921,131.3921,0,0
3699.N,D,20170922,000000,130.3416,130.3416,130.3416,130.3416,0,0
3699.N,D,20170925,000000,129.0114,129.0114,129.0114,129.0114,0,0
3699.N,D,20170926,000000,128.8907,128.8907,128.8907,128.8907,0,0
3699.N,D,20170927,000000,128.3256,128.3256,128.3256,128.3256,0,0
3699.N,D,20170928,000000,129.1277,129.1277,129.1277,129.1277,0,0
3699.N,D,20170929,000000,129.479,129.479,129.479,129.479,0,0
3699.N,D,20171002,000000,129.5665,129.5665,129.5665,129.5665,0,0
3699.N,D,20171003,000000,129.8679,129.8679,129.8679,129.8679,0,0
3699.N,D,20171004,000000,130.4135,130.4135,130.4135,130.4135,0,0
3699.N,D,20171005,000000,130.8274,130.8274,130.8274,130.8274,0,0
3699.N,D,20171006,000000,130.6626,130.6626,130.6626,130.6626,0,0
3699.N,D,20171009,000000,130.6888,130.6888,130.6888,130.6888,0,0
3699.N,D,20171010,000000,132.2932,132.2932,132.2932,132.2932,0,0
3699.N,D,20171011,000000,132.5025,132.5025,132.5025,132.5025,0,0
3699.N,D,20171012,000000,133.0925,133.0925,133.0925,133.0925,0,0
3699.N,D,20171013,000000,132.9858,132.9858,132.9858,132.9858,0,0
3699.N,D,20171016,000000,133.0252,133.0252,133.0252,133.0252,0,0
3699.N,D,20171017,000000,131.8541,131.8541,131.8541,131.8541,0,0
3699.N,D,20171018,000000,132.8072,132.8072,132.8072,132.8072,0,0
3699.N,D,20171019,000000,132.8027,132.8027,132.8027,132.8027,0,0
3699.N,D,20171020,000000,132.5633,132.5633,132.5633,132.5633,0,0
3699.N,D,20171023,000000,132.6682,132.6682,132.6682,132.6682,0,0
3699.N,D,20171024,000000,132.5811,132.5811,132.5811,132.5811,0,0
3699.N,D,20171025,000000,132.9747,132.9747,132.9747,132.9747,0,0
3699.N,D,20171026,000000,133.0218,133.0218,133.0218,133.0218,0,0
3699.N,D,20171027,000000,132.0203,132.0203,132.0203,132.0203,0,0
3699.N,D,20171030,000000,133.1091,133.1091,133.1091,133.1091,0,0
3699.N,D,20171031,000000,133.6986,133.6986,133.6986,133.6986,0,0
3699.N,D,20171101,000000,134.3329,134.3329,134.3329,134.3329,0,0
3699.N,D,20171102,000000,134.0505,134.0505,134.0505,134.0505,0,0
3699.N,D,20171103,000000,134.6135,134.6135,134.6135,134.6135,0,0
3699.N,D,20171106,000000,134.3406,134.3406,134.3406,134.3406,0,0
3699.N,D,20171107,000000,134.3069,134.3069,134.3069,134.3069,0,0
3699.N,D,20171108,000000,133.7683,133.7683,133.7683,133.7683,0,0
3699.N,D,20171109,000000,134.127,134.127,134.127,134.127,0,0
3699.N,D,20171110,000000,134.295,134.295,134.295,134.295,0,0
3699.N,D,20171113,000000,134.2009,134.2009,134.2009,134.2009,0,0
3699.N,D,20171114,000000,134.2539,134.2539,134.2539,134.2539,0,0
3699.N,D,20171115,000000,133.3934,133.3934,133.3934,133.3934,0,0
3699.N,D,20171116,000000,133.7476,133.7476,133.7476,133.7476,0,0
3699.N,D,20171117,000000,134.0696,134.0696,134.0696,134.0696,0,0
3699.N,D,20171120,000000,134.7357,134.7357,134.7357,134.7357,0,0
3699.N,D,20171121,000000,134.9378,134.9378,134.9378,134.9378,0,0
3699.N,D,20171122,000000,135.3051,135.3051,135.3051,135.3051,0,0
3699.N,D,20171123,000000,135.509,135.509,135.509,135.509,0,0
3699.N,D,20171124,000000,135.8588,135.8588,135.8588,135.8588,0,0
3699.N,D,20171127,000000,135.5141,135.5141,135.5141,135.5141,0,0
3699.N,D,20171128,000000,136.2915,136.2915,136.2915,136.2915,0,0
3699.N,D,20171129,000000,136.3729,136.3729,136.3729,136.3729,0,0
3699.N,D,20171130,000000,135.0302,135.0302,135.0302,135.0302,0,0
3699.N,D,20171201,000000,135.4567,135.4567,135.4567,135.4567,0,0
3699.N,D,20171204,000000,135.9659,135.9659,135.9659,135.9659,0,0
3699.N,D,20171205,000000,136.0209,136.0209,136.0209,136.0209,0,0
3699.N,D,20171206,000000,134.6235,134.6235,134.6235,134.6235,0,0
3699.N,D,20171207,000000,134.128,134.128,134.128,134.128,0,0
3699.N,D,20171208,000000,134.4904,134.4904,134.4904,134.4904,0,0
3699.N,D,20171211,000000,135.0144,135.0144,135.0144,135.0144,0,0
3699.N,D,20171212,000000,134.2788,134.2788,134.2788,134.2788,0,0
3699.N,D,20171213,000000,134.9344,134.9344,134.9344,134.9344,0,0
3699.N,D,20171214,000000,134.5738,134.5738,134.5738,134.5738,0,0
3699.N,D,20171215,000000,135.2644,135.2644,135.2644,135.2644,0,0
3699.N,D,20171218,000000,136.2102,136.2102,136.2102,136.2102,0,0
3699.N,D,20171219,000000,137.1711,137.1711,137.1711,137.1711,0,0
3699.N,D,20171220,000000,137.3318,137.3318,137.3318,137.3318,0,0
3699.N,D,20171221,000000,137.2771,137.2771,137.2771,137.2771,0,0
3699.N,D,20171222,000000,138.2016,138.2016,138.2016,138.2016,0,0
3699.N,D,20171227,000000,138.8693,138.8693,138.8693,138.8693,0,0
3699.N,D,20171228,000000,140.317,140.317,140.317,140.317,0,0
3699.N,D,20171229,000000,140.8718,140.8718,140.8718,140.8718,0,0
3699.N,D,20180102,000000,141.3729,141.3729,141.3729,141.3729,0,0
3699.N,D,20180103,000000,141.8487,141.8487,141.8487,141.8487,0,0
3699.N,D,20180104,000000,141.4713,141.4713,141.4713,141.4713,0,0
3699.N,D,20180105,000000,142.268,142.268,142.268,142.268,0,0
3699.N,D,20180108,000000,141.9747,141.9747,141.9747,141.9747,0,0
3699.N,D,20180109,000000,141.6011,141.6011,141.6011,141.6011,0,0
3699.N,D,20180110,000000,141.7589,141.7589,141.7589,141.7589,0,0
3699.N,D,20180111,000000,141.7111,141.7111,141.7111,141.7111,0,0
3699.N,D,20180112,000000,142.1131,142.1131,142.1131,142.1131,0,0
3699.N,D,20180115,000000,143.058,143.058,143.058,143.058,0,0
3699.N,D,20180116,000000,143.324,143.324,143.324,143.324,0,0
3699.N,D,20180117,000000,143.545,143.545,143.545,143.545,0,0
3699.N,D,20180118,000000,143.95,143.95,143.95,143.95,0,0
3699.N,D,20180119,000000,144.575,144.575,144.575,144.575,0,0
3699.N,D,20180122,000000,145.059,145.059,145.059,145.059,0,0
3699.N,D,20180123,000000,146.006,146.006,146.006,146.006,0,0
3699.N,D,20180124,000000,147.231,147.231,147.231,147.231,0,0
3699.N,D,20180125,000000,147.913,147.913,147.913,147.913,0,0
3699.N,D,20180126,000000,147.376,147.376,147.376,147.376,0,0
3699.N,D,20180129,000000,146.354,146.354,146.354,146.354,0,0
3699.N,D,20180130,000000,145.762,145.762,145.762,145.762,0,0
3699.N,D,20180131,000000,146.056,146.056,146.056,146.056,0,0
3699.N,D,20180201,000000,145.894,145.894,145.894,145.894,0,0
3699.N,D,20180202,000000,144.467,144.467,144.467,144.467,0,0
3699.N,D,20180205,000000,142.429,142.429,142.429,142.429,0,0
3699.N,D,20180206,000000,139.223,139.223,139.223,139.223,0,0
3699.N,D,20180207,000000,139.87,139.87,139.87,139.87,0,0
3699.N,D,20180208,000000,139.918,139.918,139.918,139.918,0,0
3699.N,D,20180209,000000,137.574,137.574,137.574,137.574,0,0
3699.N,D,20180212,000000,138.17,138.17,138.17,138.17,0,0
3699.N,D,20180213,000000,138.511,138.511,138.511,138.511,0,0
3699.N,D,20180214,000000,139.15,139.15,139.15,139.15,0,0
3699.N,D,20180215,000000,141.157,141.157,141.157,141.157,0,0
3699.N,D,20180219,000000,141.546,141.546,141.546,141.546,0,0
3699.N,D,20180220,000000,140.614,140.614,140.614,140.614,0,0
3699.N,D,20180221,000000,142.038,142.038,142.038,142.038,0,0
3699.N,D,20180222,000000,141.72,141.72,141.72,141.72,0,0
3699.N,D,20180223,000000,143.609,143.609,143.609,143.609,0,0
3699.N,D,20180226,000000,144.049,144.049,144.049,144.049,0,0
3699.N,D,20180227,000000,143.475,143.475,143.475,143.475,0,0
3699.N,D,20180228,000000,142.382,142.382,142.382,142.382,0,0
3699.N,D,20180301,000000,142.166,142.166,142.166,142.166,0,0
3699.N,D,20180305,000000,140.676,140.676,140.676,140.676,0,0
3699.N,D,20180306,000000,142.548,142.548,142.548,142.548,0,0
3699.N,D,20180307,000000,142.052,142.052,142.052,142.052,0,0
3699.N,D,20180308,000000,142.905,142.905,142.905,142.905,0,0
3699.N,D,20180309,000000,143.824,143.824,143.824,143.824,0,0
3699.N,D,20180312,000000,144.993,144.993,144.993,144.993,0,0
3699.N,D,20180313,000000,145.284,145.284,145.284,145.284,0,0
3699.N,D,20180314,000000,143.437,143.437,143.437,143.437,0,0
3699.N,D,20180315,000000,143.146,143.146,143.146,143.146,0,0
3699.N,D,20180316,000000,142.656,142.656,142.656,142.656,0,0
3699.N,D,20180319,000000,141.661,141.661,141.661,141.661,0,0
3699.N,D,20180320,000000,141.187,141.187,141.187,141.187,0,0
3699.N,D,20180321,000000,141.433,141.433,141.433,141.433,0,0
3699.N,D,20180322,000000,141.189,141.189,141.189,141.189,0,0
3699.N,D,20180323,000000,139.186,139.186,139.186,139.186,0,0
3699.N,D,20180326,000000,139.602,139.602,139.602,139.602,0,0
3699.N,D,20180327,000000,140.578,140.578,140.578,140.578,0,0
3699.N,D,20180328,000000,139.246,139.246,139.246,139.246,0,0
3699.N,D,20180329,000000,139.808,139.808,139.808,139.808,0,0
3699.N,D,20180403,000000,140.723,140.723,140.723,140.723,0,0
3699.N,D,20180404,000000,139.587,139.587,139.587,139.587,0,0
3699.N,D,20180405,000000,140.693,140.693,140.693,140.693,0,0
3699.N,D,20180406,000000,140.718,140.718,140.718,140.718,0,0
3699.N,D,20180409,000000,140.013,140.013,140.013,140.013,0,0
3699.N,D,20180410,000000,139.696,139.696,139.696,139.696,0,0
3699.N,D,20180411,000000,140.137,140.137,140.137,140.137,0,0
3699.N,D,20180412,000000,140.435,140.435,140.435,140.435,0,0
3699.N,D,20180413,000000,140.799,140.799,140.799,140.799,0,0
3699.N,D,20180416,000000,140.461,140.461,140.461,140.461,0,0
3699.N,D,20180417,000000,139.686,139.686,139.686,139.686,0,0
3699.N,D,20180418,000000,140.719,140.719,140.719,140.719,0,0
3699.N,D,20180419,000000,140.981,140.981,140.981,140.981,0,0
3699.N,D,20180420,000000,140.104,140.104,140.104,140.104,0,0
3699.N,D,20180423,000000,139.172,139.172,139.172,139.172,0,0
3699.N,D,20180424,000000,138.921,138.921,138.921,138.921,0,0
3699.N,D,20180425,000000,137.943,137.943,137.943,137.943,0,0
3699.N,D,20180426,000000,137.504,137.504,137.504,137.504,0,0
3699.N,D,20180427,000000,137.847,137.847,137.847,137.847,0,0
3699.N,D,20180430,000000,138.676,138.676,138.676,138.676,0,0
3699.N,D,20180502,000000,137.991,137.991,137.991,137.991,0,0
3699.N,D,20180503,000000,136.93,136.93,136.93,136.93,0,0
3699.N,D,20180504,000000,136.151,136.151,136.151,136.151,0,0
3699.N,D,20180507,000000,135.915,135.915,135.915,135.915,0,0
3699.N,D,20180508,000000,135.704,135.704,135.704,135.704,0,0
3699.N,D,20180509,000000,136.146,136.146,136.146,136.146,0,0
3699.N,D,20180510,000000,136.77,136.77,136.77,136.77,0,0
3699.N,D,20180511,000000,137.296,137.296,137.296,137.296,0,0
3699.N,D,20180514,000000,136.863,136.863,136.863,136.863,0,0
3699.N,D,20180515,000000,135.17,135.17,135.17,135.17,0,0
3699.N,D,20180516,000000,135.842,135.842,135.842,135.842,0,0
3699.N,D,20180517,000000,136.062,136.062,136.062,136.062,0,0
3699.N,D,20180518,000000,135.196,135.196,135.196,135.196,0,0
3699.N,D,20180521,000000,135.137,135.137,135.137,135.137,0,0
3699.N,D,20180522,000000,135.135,135.135,135.135,135.135,0,0
3699.N,D,20180523,000000,134.748,134.748,134.748,134.748,0,0
3699.N,D,20180524,000000,134.994,134.994,134.994,134.994,0,0
3699.N,D,20180525,000000,134.612,134.612,134.612,134.612,0,0
3699.N,D,20180528,000000,134.876,134.876,134.876,134.876,0,0
3699.N,D,20180529,000000,133.43,133.43,133.43,133.43,0,0
3699.N,D,20180530,000000,133.049,133.049,133.049,133.049,0,0
3699.N,D,20180531,000000,134.236,134.236,134.236,134.236,0,0
3699.N,D,20180601,000000,134.364,134.364,134.364,134.364,0,0
3699.N,D,20180604,000000,135.404,135.404,135.404,135.404,0,0
3699.N,D,20180605,000000,135.787,135.787,135.787,135.787,0,0
3699.N,D,20180606,000000,136.255,136.255,136.255,136.255,0,0
3699.N,D,20180607,000000,136.594,136.594,136.594,136.594,0,0
3699.N,D,20180608,000000,135.34,135.34,135.34,135.34,0,0
3699.N,D,20180611,000000,135.925,135.925,135.925,135.925,0,0
3699.N,D,20180612,000000,135.635,135.635,135.635,135.635,0,0
3699.N,D,20180613,000000,135.559,135.559,135.559,135.559,0,0
3699.N,D,20180614,000000,135.245,135.245,135.245,135.245,0,0
3699.N,D,20180615,000000,133.86,133.86,133.86,133.86,0,0
3699.N,D,20180618,000000,132.626,132.626,132.626,132.626,0,0
3699.N,D,20180619,000000,130.457,130.457,130.457,130.457,0,0
3699.N,D,20180620,000000,131.602,131.602,131.602,131.602,0,0
3699.N,D,20180621,000000,130.523,130.523,130.523,130.523,0,0
3699.N,D,20180622,000000,130.612,130.612,130.612,130.612,0,0
3699.N,D,20180625,000000,129.951,129.951,129.951,129.951,0,0
3699.N,D,20180626,000000,129.262,129.262,129.262,129.262,0,0
3699.N,D,20180627,000000,128.389,128.389,128.389,128.389,0,0
3699.N,D,20180628,000000,127.144,127.144,127.144,127.144,0,0
3699.N,D,20180629,000000,129.036,129.036,129.036,129.036,0,0
3699.N,D,20180702,000000,128.387,128.387,128.387,128.387,0,0
3699.N,D,20180703,000000,128.228,128.228,128.228,128.228,0,0
3699.N,D,20180704,000000,127.862,127.862,127.862,127.862,0,0
3699.N,D,20180705,000000,127.459,127.459,127.459,127.459,0,0
3699.N,D,20180706,000000,128.265,128.265,128.265,128.265,0,0
3699.N,D,20180709,000000,130.175,130.175,130.175,130.175,0,0
3699.N,D,20180710,000000,129.958,129.958,129.958,129.958,0,0
3699.N,D,20180711,000000,128.629,128.629,128.629,128.629,0,0
3699.N,D,20180712,000000,128.963,128.963,128.963,128.963,0,0
3699.N,D,20180713,000000,129.645,129.645,129.645,129.645,0,0
3699.N,D,20180716,000000,130.199,130.199,130.199,130.199,0,0
3699.N,D,20180717,000000,129.888,129.888,129.888,129.888,0,0
3699.N,D,20180718,000000,129.451,129.451,129.451,129.451,0,0
3699.N,D,20180719,000000,128.52,128.52,128.52,128.52,0,0
3699.N,D,20180720,000000,129.147,129.147,129.147,129.147,0,0
3699.N,D,20180723,000000,128.82,128.82,128.82,128.82,0,0
3699.N,D,20180724,000000,129.694,129.694,129.694,129.694,0,0
3699.N,D,20180725,000000,130.147,130.147,130.147,130.147,0,0
3699.N,D,20180726,000000,130.413,130.413,130.413,130.413,0,0
3699.N,D,20180727,000000,130.69,130.69,130.69,130.69,0,0
3699.N,D,20180731,000000,130.365,130.365,130.365,130.365,0,0
3699.N,D,20180801,000000,130.967,130.967,130.967,130.967,0,0
3699.N,D,20180802,000000,128.889,128.889,128.889,128.889,0,0
3699.N,D,20180803,000000,128.517,128.517,128.517,128.517,0,0
3699.N,D,20180806,000000,127.985,127.985,127.985,127.985,0,0
3699.N,D,20180807,000000,128.631,128.631,128.631,128.631,0,0
3699.N,D,20180808,000000,128.237,128.237,128.237,128.237,0,0
3699.N,D,20180809,000000,128.156,128.156,128.156,128.156,0,0
3699.N,D,20180810,000000,126.76,126.76,126.76,126.76,0,0
3699.N,D,20180813,000000,124.877,124.877,124.877,124.877,0,0
3699.N,D,20180814,000000,124.702,124.702,124.702,124.702,0,0
3699.N,D,20180815,000000,123.321,123.321,123.321,123.321,0,0
3699.N,D,20180816,000000,122.857,122.857,122.857,122.857,0,0
3699.N,D,20180817,000000,122.925,122.925,122.925,122.925,0,0
3699.N,D,20180820,000000,123.029,123.029,123.029,123.029,0,0
3699.N,D,20180821,000000,124.284,124.284,124.284,124.284,0,0
3699.N,D,20180822,000000,123.195,123.195,123.195,123.195,0,0
3699.N,D,20180823,000000,123.229,123.229,123.229,123.229,0,0
3699.N,D,20180824,000000,123.014,123.014,123.014,123.014,0,0
3699.N,D,20180827,000000,124.157,124.157,124.157,124.157,0,0
3699.N,D,20180828,000000,124.814,124.814,124.814,124.814,0,0
3699.N,D,20180829,000000,124.508,124.508,124.508,124.508,0,0
3699.N,D,20180830,000000,124.368,124.368,124.368,124.368,0,0
3699.N,D,20180831,000000,123.449,123.449,123.449,123.449,0,0
3699.N,D,20180903,000000,123.392,123.392,123.392,123.392,0,0
3699.N,D,20180904,000000,122.684,122.684,122.684,122.684,0,0
3699.N,D,20180905,000000,120.984,120.984,120.984,120.984,0,0
3699.N,D,20180906,000000,120.358,120.358,120.358,120.358,0,0
3699.N,D,20180907,000000,120.122,120.122,120.122,120.122,0,0
3699.N,D,20180910,000000,119.324,119.324,119.324,119.324,0,0
3699.N,D,20180911,000000,118.222,118.222,118.222,118.222,0,0
3699.N,D,20180912,000000,118.081,118.081,118.081,118.081,0,0
3699.N,D,20180913,000000,119.626,119.626,119.626,119.626,0,0
3699.N,D,20180914,000000,119.874,119.874,119.874,119.874,0,0
3699.N,D,20180917,000000,119.262,119.262,119.262,119.262,0,0
3699.N,D,20180918,000000,119.345,119.345,119.345,119.345,0,0
3699.N,D,20180919,000000,119.682,119.682,119.682,119.682,0,0
3699.N,D,20180920,000000,120.613,120.613,120.613,120.613,0,0
3699.N,D,20180921,000000,121.484,121.484,121.484,121.484,0,0
3699.N,D,20180925,000000,121.353,121.353,121.353,121.353,0,0
3699.N,D,20180926,000000,121.571,121.571,121.571,121.571,0,0
3699.N,D,20180927,000000,121.551,121.551,121.551,121.551,0,0
3699.N,D,20180928,000000,121.564,121.564,121.564,121.564,0,0
3699.N,D,20181001,000000,121.31,121.31,121.31,121.31,0,0
3699.N,D,20181002,000000,120.225,120.225,120.225,120.225,0,0
3699.N,D,20181003,000000,120.008,120.008,120.008,120.008,0,0
3699.N,D,20181004,000000,118.208,118.208,118.208,118.208,0,0
3699.N,D,20181005,000000,117.215,117.215,117.215,117.215,0,0
3699.N,D,20181008,000000,116.488,116.488,116.488,116.488,0,0
3699.N,D,20181009,000000,115.714,115.714,115.714,115.714,0,0
3699.N,D,20181010,000000,116.246,116.246,116.246,116.246,0,0
3699.N,D,20181011,000000,113.102,113.102,113.102,113.102,0,0
3699.N,D,20181012,000000,114.091,114.091,114.091,114.091,0,0
3699.N,D,20181015,000000,113.941,113.941,113.941,113.941,0,0
3699.N,D,20181016,000000,114.194,114.194,114.194,114.194,0,0
3699.N,D,20181017,000000,114.984,114.984,114.984,114.984,0,0
3699.N,D,20181018,000000,114.573,114.573,114.573,114.573,0,0
3699.N,D,20181019,000000,114.688,114.688,114.688,114.688,0,0
3699.N,D,20181022,000000,115.225,115.225,115.225,115.225,0,0
3699.N,D,20181023,000000,113.629,113.629,113.629,113.629,0,0
3699.N,D,20181024,000000,113.683,113.683,113.683,113.683,0,0
3699.N,D,20181025,000000,111.931,111.931,111.931,111.931,0,0
3699.N,D,20181026,000000,111.047,111.047,111.047,111.047,0,0
3699.N,D,20181029,000000,110.434,110.434,110.434,110.434,0,0
3699.N,D,20181030,000000,109.993,109.993,109.993,109.993,0,0
3699.N,D,20181031,000000,111.192,111.192,111.192,111.192,0,0
3699.N,D,20181101,000000,112.758,112.758,112.758,112.758,0,0
3699.N,D,20181102,000000,115.742,115.742,115.742,115.742,0,0
3699.N,D,20181105,000000,114.778,114.778,114.778,114.778,0,0
3699.N,D,20181106,000000,114.415,114.415,114.415,114.415,0,0
3699.N,D,20181107,000000,114.796,114.796,114.796,114.796,0,0
3699.N,D,20181108,000000,115.212,115.212,115.212,115.212,0,0
3699.N,D,20181109,000000,114.154,114.154,114.154,114.154,0,0
3699.N,D,20181112,000000,113.099,113.099,113.099,113.099,0,0
3699.N,D,20181113,000000,112.689,112.689,112.689,112.689,0,0
3699.N,D,20181114,000000,112.89,112.89,112.89,112.89,0,0
3699.N,D,20181115,000000,113.836,113.836,113.836,113.836,0,0
3699.N,D,20181116,000000,114.399,114.399,114.399,114.399,0,0
3699.N,D,20181119,000000,115.045,115.045,115.045,115.045,0,0
3699.N,D,20181120,000000,113.54,113.54,113.54,113.54,0,0
3699.N,D,20181121,000000,113.711,113.711,113.711,113.711,0,0
3699.N,D,20181122,000000,113.787,113.787,113.787,113.787,0,0
3699.N,D,20181123,000000,112.903,112.903,112.903,112.903,0,0
3699.N,D,20181126,000000,113.191,113.191,113.191,113.191,0,0
3699.N,D,20181127,000000,113.482,113.482,113.482,113.482,0,0
3699.N,D,20181128,000000,114.429,114.429,114.429,114.429,0,0
3699.N,D,20181129,000000,115.551,115.551,115.551,115.551,0,0
3699.N,D,20181130,000000,115.434,115.434,115.434,115.434,0,0
3699.N,D,20181203,000000,117.828,117.828,117.828,117.828,0,0
3699.N,D,20181204,000000,117.743,117.743,117.743,117.743,0,0
3699.N,D,20181205,000000,116.281,116.281,116.281,116.281,0,0
3699.N,D,20181206,000000,114.045,114.045,114.045,114.045,0,0
3699.N,D,20181207,000000,114.478,114.478,114.478,114.478,0,0
3699.N,D,20181210,000000,112.425,112.425,112.425,112.425,0,0
3699.N,D,20181211,000000,112.82,112.82,112.82,112.82,0,0
3699.N,D,20181212,000000,114.204,114.204,114.204,114.204,0,0
3699.N,D,20181213,000000,114.616,114.616,114.616,114.616,0,0
3699.N,D,20181214,000000,113.797,113.797,113.797,113.797,0,0
3699.N,D,20181217,000000,113.526,113.526,113.526,113.526,0,0
3699.N,D,20181218,000000,113.003,113.003,113.003,113.003,0,0
3699.N,D,20181219,000000,113.593,113.593,113.593,113.593,0,0
3699.N,D,20181220,000000,113.325,113.325,113.325,113.325,0,0
3699.N,D,20181221,000000,112.54,112.54,112.54,112.54,0,0
3699.N,D,20181227,000000,112.165,112.165,112.165,112.165,0,0
3699.N,D,20181228,000000,113.113,113.113,113.113,113.113,0,0
3699.N,D,20190102,000000,113.258,113.258,113.258,113.258,0,0
3699.N,D,20190103,000000,113.032,113.032,113.032,113.032,0,0
3699.N,D,20190104,000000,113.455,113.455,113.455,113.455,0,0
3699.N,D,20190107,000000,115.234,115.234,115.234,115.234,0,0
3699.N,D,20190108,000000,115.019,115.019,115.019,115.019,0,0
3699.N,D,20190109,000000,116.653,116.653,116.653,116.653,0,0
3699.N,D,20190110,000000,117.641,117.641,117.641,117.641,0,0
3699.N,D,20190111,000000,117.792,117.792,117.792,117.792,0,0
3699.N,D,20190114,000000,117.397,117.397,117.397,117.397,0,0
3699.N,D,20190115,000000,118.095,118.095,118.095,118.095,0,0
3699.N,D,20190116,000000,118.493,118.493,118.493,118.493,0,0
3699.N,D,20190117,000000,118.162,118.162,118.162,118.162,0,0
3699.N,D,20190118,000000,119.357,119.357,119.357,119.357,0,0
3699.N,D,20190121,000000,119.081,119.081,119.081,119.081,0,0
3699.N,D,20190122,000000,118.832,118.832,118.832,118.832,0,0
3699.N,D,20190123,000000,118.764,118.764,118.764,118.764,0,0
3699.N,D,20190124,000000,119.434,119.434,119.434,119.434,0,0
3699.N,D,20190125,000000,120.541,120.541,120.541,120.541,0,0
3699.N,D,20190128,000000,120.452,120.452,120.452,120.452,0,0
3699.N,D,20190129,000000,120.341,120.341,120.341,120.341,0,0
3699.N,D,20190130,000000,120.404,120.404,120.404,120.404,0,0
3699.N,D,20190131,000000,121.423,121.423,121.423,121.423,0,0
3699.N,D,20190201,000000,121.869,121.869,121.869,121.869,0,0
3699.N,D,20190207,000000,121.914,121.914,121.914,121.914,0,0
3699.N,D,20190208,000000,121.166,121.166,121.166,121.166,0,0
3699.N,D,20190211,000000,120.979,120.979,120.979,120.979,0,0
3699.N,D,20190212,000000,121.724,121.724,121.724,121.724,0,0
3699.N,D,20190213,000000,122.369,122.369,122.369,122.369,0,0
3699.N,D,20190214,000000,122.051,122.051,122.051,122.051,0,0
3699.N,D,20190215,000000,121.803,121.803,121.803,121.803,0,0
3699.N,D,20190218,000000,122.808,122.808,122.808,122.808,0,0
3699.N,D,20190219,000000,122.245,122.245,122.245,122.245,0,0
3699.N,D,20190220,000000,123.899,123.899,123.899,123.899,0,0
3699.N,D,20190221,000000,123.946,123.946,123.946,123.946,0,0
3699.N,D,20190222,000000,123.747,123.747,123.747,123.747,0,0
3699.N,D,20190225,000000,125.269,125.269,125.269,125.269,0,0
3699.N,D,20190226,000000,124.46,124.46,124.46,124.46,0,0
3699.N,D,20190227,000000,125.278,125.278,125.278,125.278,0,0
3699.N,D,20190228,000000,124.351,124.351,124.351,124.351,0,0
3699.N,D,20190301,000000,124.575,124.575,124.575,124.575,0,0
3699.N,D,20190304,000000,125.424,125.424,125.424,125.424,0,0
3699.N,D,20190305,000000,125.464,125.464,125.464,125.464,0,0
3699.N,D,20190306,000000,125.427,125.427,125.427,125.427,0,0
3699.N,D,20190307,000000,124.421,124.421,124.421,124.421,0,0
3699.N,D,20190308,000000,122.845,122.845,122.845,122.845,0,0
3699.N,D,20190311,000000,124.651,124.651,124.651,124.651,0,0
3699.N,D,20190312,000000,126.308,126.308,126.308,126.308,0,0
3699.N,D,20190313,000000,126.438,126.438,126.438,126.438,0,0
3699.N,D,20190314,000000,125.954,125.954,125.954,125.954,0,0
3699.N,D,20190315,000000,126.977,126.977,126.977,126.977,0,0
3699.N,D,20190318,000000,128.057,128.057,128.057,128.057,0,0
3699.N,D,20190319,000000,128.239,128.239,128.239,128.239,0,0
3699.N,D,20190320,000000,128.271,128.271,128.271,128.271,0,0
3699.N,D,20190321,000000,128.758,128.758,128.758,128.758,0,0
3699.N,D,20190322,000000,128.271,128.271,128.271,128.271,0,0
3699.N,D,20190325,000000,126.726,126.726,126.726,126.726,0,0
3699.N,D,20190326,000000,127.282,127.282,127.282,127.282,0,0
3699.N,D,20190327,000000,127.118,127.118,127.118,127.118,0,0
3699.N,D,20190328,000000,126.155,126.155,126.155,126.155,0,0
3699.N,D,20190329,000000,128.229,128.229,128.229,128.229,0,0
3699.N,D,20190401,000000,129.359,129.359,129.359,129.359,0,0
3699.N,D,20190402,000000,129.885,129.885,129.885,129.885,0,0
3699.N,D,20190403,000000,130.402,130.402,130.402,130.402,0,0
3699.N,D,20190404,000000,129.966,129.966,129.966,129.966,0,0
3699.N,D,20190405,000000,130.256,130.256,130.256,130.256,0,0
3699.N,D,20190408,000000,130.083,130.083,130.083,130.083,0,0
3699.N,D,20190409,000000,130.851,130.851,130.851,130.851,0,0
3699.N,D,20190410,000000,131.193,131.193,131.193,131.193,0,0
3699.N,D,20190411,000000,130.891,130.891,130.891,130.891,0,0
3699.N,D,20190412,000000,130.876,130.876,130.876,130.876,0,0
3699.N,D,20190415,000000,130.599,130.599,130.599,130.599,0,0
3699.N,D,20190416,000000,130.785,130.785,130.785,130.785,0,0
3699.N,D,20190417,000000,131.563,131.563,131.563,131.563,0,0
3699.N,D,20190418,000000,131.161,131.161,131.161,131.161,0,0
3699.N,D,20190423,000000,130.653,130.653,130.653,130.653,0,0
3699.N,D,20190424,000000,130.361,130.361,130.361,130.361,0,0
3699.N,D,20190425,000000,129.693,129.693,129.693,129.693,0,0
3699.N,D,20190426,000000,129.827,129.827,129.827,129.827,0,0
3699.N,D,20190429,000000,130.218,130.218,130.218,130.218,0,0
3699.N,D,20190430,000000,129.979,129.979,129.979,129.979,0,0
3699.N,D,20190502,000000,130.606,130.606,130.606,130.606,0,0
3699.N,D,20190503,000000,130.346,130.346,130.346,130.346,0,0
3699.N,D,20190506,000000,128.001,128.001,128.001,128.001,0,0
3699.N,D,20190507,000000,128.036,128.036,128.036,128.036,0,0
3699.N,D,20190508,000000,126.815,126.815,126.815,126.815,0,0
3699.N,D,20190509,000000,124.46,124.46,124.46,124.46,0,0
3699.N,D,20190510,000000,125.481,125.481,125.481,125.481,0,0
3699.N,D,20190513,000000,124.048,124.048,124.048,124.048,0,0
3699.N,D,20190514,000000,122.389,122.389,122.389,122.389,0,0
3699.N,D,20190515,000000,123.78,123.78,123.78,123.78,0,0
3699.N,D,20190516,000000,123.465,123.465,123.465,123.465,0,0
3699.N,D,20190517,000000,122.355,122.355,122.355,122.355,0,0
3699.N,D,20190520,000000,122.487,122.487,122.487,122.487,0,0
3699.N,D,20190521,000000,122.798,122.798,122.798,122.798,0,0
3699.N,D,20190522,000000,123.626,123.626,123.626,123.626,0,0
3699.N,D,20190523,000000,122.124,122.124,122.124,122.124,0,0
3699.N,D,20190524,000000,122.185,122.185,122.185,122.185,0,0
3699.N,D,20190527,000000,122.633,122.633,122.633,122.633,0,0
3699.N,D,20190528,000000,122.892,122.892,122.892,122.892,0,0
3699.N,D,20190529,000000,122.648,122.648,122.648,122.648,0,0
3699.N,D,20190530,000000,122.809,122.809,122.809,122.809,0,0
3699.N,D,20190531,000000,123.712,123.712,123.712,123.712,0,0
3699.N,D,20190603,000000,124.885,124.885,124.885,124.885,0,0
3699.N,D,20190604,000000,124.028,124.028,124.028,124.028,0,0
3699.N,D,20190605,000000,124.549,124.549,124.549,124.549,0,0
3699.N,D,20190606,000000,123.86,123.86,123.86,123.86,0,0
3699.N,D,20190607,000000,124.09,124.09,124.09,124.09,0,0
3699.N,D,20190610,000000,125.321,125.321,125.321,125.321,0,0
3699.N,D,20190611,000000,126.571,126.571,126.571,126.571,0,0
3699.N,D,20190612,000000,126.114,126.114,126.114,126.114,0,0
3699.N,D,20190613,000000,125.847,125.847,125.847,125.847,0,0
3699.N,D,20190614,000000,125.385,125.385,125.385,125.385,0,0
3699.N,D,20190617,000000,124.847,124.847,124.847,124.847,0,0
3699.N,D,20190618,000000,125.949,125.949,125.949,125.949,0,0
3699.N,D,20190619,000000,127.489,127.489,127.489,127.489,0,0
3699.N,D,20190620,000000,129.505,129.505,129.505,129.505,0,0
3699.N,D,20190621,000000,129.033,129.033,129.033,129.033,0,0
3699.N,D,20190624,000000,129.118,129.118,129.118,129.118,0,0
3699.N,D,20190625,000000,129.537,129.537,129.537,129.537,0,0
3699.N,D,20190626,000000,129.561,129.561,129.561,129.561,0,0
3699.N,D,20190627,000000,130.722,130.722,130.722,130.722,0,0
3699.N,D,20190628,000000,131.104,131.104,131.104,131.104,0,0
3699.N,D,20190701,000000,132.344,132.344,132.344,132.344,0,0
3699.N,D,20190702,000000,132.411,132.411,132.411,132.411,0,0
3699.N,D,20190703,000000,131.88,131.88,131.88,131.88,0,0
3699.N,D,20190704,000000,132.245,132.245,132.245,132.245,0,0
3699.N,D,20190705,000000,131.717,131.717,131.717,131.717,0,0
3699.N,D,20190708,000000,130.263,130.263,130.263,130.263,0,0
3699.N,D,20190709,000000,129.625,129.625,129.625,129.625,0,0
3699.N,D,20190710,000000,131.161,131.161,131.161,131.161,0,0
3699.N,D,20190711,000000,131.938,131.938,131.938,131.938,0,0
3699.N,D,20190712,000000,131.811,131.811,131.811,131.811,0,0
3699.N,D,20190715,000000,132.343,132.343,132.343,132.343,0,0
3699.N,D,20190716,000000,132.237,132.237,132.237,132.237,0,0
3699.N,D,20190717,000000,131.756,131.756,131.756,131.756,0,0
3699.N,D,20190718,000000,131.548,131.548,131.548,131.548,0,0
3699.N,D,20190719,000000,132.183,132.183,132.183,132.183,0,0
3699.N,D,20190722,000000,131.698,131.698,131.698,131.698,0,0
3699.N,D,20190723,000000,132.003,132.003,132.003,132.003,0,0
3699.N,D,20190724,000000,131.853,131.853,131.853,131.853,0,0
3699.N,D,20190725,000000,132.45,132.45,132.45,132.45,0,0
3699.N,D,20190726,000000,131.856,131.856,131.856,131.856,0,0
3699.N,D,20190729,000000,131.298,131.298,131.298,131.298,0,0
3699.N,D,20190730,000000,130.802,130.802,130.802,130.802,0,0
3699.N,D,20190731,000000,130.896,130.896,130.896,130.896,0,0
3699.N,D,20190801,000000,129.292,129.292,129.292,129.292,0,0
3699.N,D,20190802,000000,126.847,126.847,126.847,126.847,0,0
3699.N,D,20190805,000000,123.481,123.481,123.481,123.481,0,0
3699.N,D,20190806,000000,123.055,123.055,123.055,123.055,0,0
3699.N,D,20190807,000000,122.868,122.868,122.868,122.868,0,0
3699.N,D,20190808,000000,124.812,124.812,124.812,124.812,0,0
3699.N,D,20190809,000000,124.373,124.373,124.373,124.373,0,0
3699.N,D,20190812,000000,124.003,124.003,124.003,124.003,0,0
3699.N,D,20190813,000000,122.662,122.662,122.662,122.662,0,0
3699.N,D,20190814,000000,123.241,123.241,123.241,123.241,0,0
3699.N,D,20190815,000000,122.178,122.178,122.178,122.178,0,0
3699.N,D,20190816,000000,123.273,123.273,123.273,123.273,0,0
3699.N,D,20190819,000000,124.691,124.691,124.691,124.691,0,0
3699.N,D,20190820,000000,124.315,124.315,124.315,124.315,0,0
3699.N,D,20190821,000000,125.239,125.239,125.239,125.239,0,0
3699.N,D,20190822,000000,124.774,124.774,124.774,124.774,0,0
3699.N,D,20190823,000000,123.805,123.805,123.805,123.805,0,0
3699.N,D,20190826,000000,122.536,122.536,122.536,122.536,0,0
3699.N,D,20190827,000000,122.96,122.96,122.96,122.96,0,0
3699.N,D,20190828,000000,122.574,122.574,122.574,122.574,0,0
3699.N,D,20190829,000000,123.842,123.842,123.842,123.842,0,0
3699.N,D,20190830,000000,125.414,125.414,125.414,125.414,0,0
3699.N,D,20190902,000000,125.82,125.82,125.82,125.82,0,0
3699.N,D,20190903,000000,124.447,124.447,124.447,124.447,0,0
3699.N,D,20190904,000000,125.274,125.274,125.274,125.274,0,0
3699.N,D,20190905,000000,126.606,126.606,126.606,126.606,0,0
3699.N,D,20190906,000000,127.298,127.298,127.298,127.298,0,0
3699.N,D,20190909,000000,127.431,127.431,127.431,127.431,0,0
3699.N,D,20190910,000000,126.815,126.815,126.815,126.815,0,0
3699.N,D,20190911,000000,127.468,127.468,127.468,127.468,0,0
3699.N,D,20190912,000000,128.694,128.694,128.694,128.694,0,0
3699.N,D,20190913,000000,129.36,129.36,129.36,129.36,0,0
3699.N,D,20190916,000000,128.73,128.73,128.73,128.73,0,0
3699.N,D,20190917,000000,127.913,127.913,127.913,127.913,0,0
3699.N,D,20190918,000000,129.017,129.017,129.017,129.017,0,0
3699.N,D,20190919,000000,128.539,128.539,128.539,128.539,0,0
3699.N,D,20190920,000000,129.553,129.553,129.553,129.553,0,0
3699.N,D,20190923,000000,129.446,129.446,129.446,129.446,0,0
3699.N,D,20190924,000000,129.088,129.088,129.088,129.088,0,0
3699.N,D,20190925,000000,128.47,128.47,128.47,128.47,0,0
3699.N,D,20190926,000000,128.987,128.987,128.987,128.987,0,0
3699.N,D,20190927,000000,128.435,128.435,128.435,128.435,0,0
3699.N,D,20190930,000000,127.617,127.617,127.617,127.617,0,0
3699.N,D,20191001,000000,127.664,127.664,127.664,127.664,0,0
3699.N,D,20191002,000000,126.834,126.834,126.834,126.834,0,0
3699.N,D,20191003,000000,126.692,126.692,126.692,126.692,0,0
3699.N,D,20191004,000000,127.607,127.607,127.607,127.607,0,0
3699.N,D,20191007,000000,128.033,128.033,128.033,128.033,0,0
3699.N,D,20191008,000000,126.789,126.789,126.789,126.789,0,0
3699.N,D,20191009,000000,127.045,127.045,127.045,127.045,0,0
3699.N,D,20191010,000000,127.792,127.792,127.792,127.792,0,0
3699.N,D,20191011,000000,129.225,129.225,129.225,129.225,0,0
3699.N,D,20191014,000000,129.645,129.645,129.645,129.645,0,0
3699.N,D,20191015,000000,129.689,129.689,129.689,129.689,0,0
3699.N,D,20191016,000000,129.552,129.552,129.552,129.552,0,0
3699.N,D,20191017,000000,130.457,130.457,130.457,130.457,0,0
3699.N,D,20191018,000000,130.618,130.618,130.618,130.618,0,0
3699.N,D,20191021,000000,130.99,130.99,130.99,130.99,0,0
3699.N,D,20191022,000000,130.791,130.791,130.791,130.791,0,0
3699.N,D,20191023,000000,130.567,130.567,130.567,130.567,0,0
3699.N,D,20191024,000000,131.322,131.322,131.322,131.322,0,0
3699.N,D,20191029,000000,132.447,132.447,132.447,132.447,0,0
3699.N,D,20191030,000000,132.364,132.364,132.364,132.364,0,0
3699.N,D,20191031,000000,132.477,132.477,132.477,132.477,0,0
3699.N,D,20191101,000000,133.199,133.199,133.199,133.199,0,0
3699.N,D,20191104,000000,134.022,134.022,134.022,134.022,0,0
3699.N,D,20191105,000000,133.973,133.973,133.973,133.973,0,0
3699.N,D,20191106,000000,133.587,133.587,133.587,133.587,0,0
3699.N,D,20191107,000000,133.732,133.732,133.732,133.732,0,0
3699.N,D,20191108,000000,133.198,133.198,133.198,133.198,0,0
3699.N,D,20191111,000000,131.381,131.381,131.381,131.381,0,0
3699.N,D,20191112,000000,131.547,131.547,131.547,131.547,0,0
3699.N,D,20191113,000000,131.021,131.021,131.021,131.021,0,0
3699.N,D,20191114,000000,131.101,131.101,131.101,131.101,0,0
3699.N,D,20191115,000000,131.947,131.947,131.947,131.947,0,0
3699.N,D,20191118,000000,131.81,131.81,131.81,131.81,0,0
3699.N,D,20191119,000000,132.421,132.421,132.421,132.421,0,0
3699.N,D,20191120,000000,132.562,132.562,132.562,132.562,0,0
3699.N,D,20191121,000000,131.115,131.115,131.115,131.115,0,0
3699.N,D,20191122,000000,131.394,131.394,131.394,131.394,0,0
3699.N,D,20191125,000000,132.52,132.52,132.52,132.52,0,0
3699.N,D,20191126,000000,131.077,131.077,131.077,131.077,0,0
3699.N,D,20191127,000000,131.451,131.451,131.451,131.451,0,0
3699.N,D,20191128,000000,131.406,131.406,131.406,131.406,0,0
3699.N,D,20191129,000000,131.242,131.242,131.242,131.242,0,0
3699.N,D,20191202,000000,130.994,130.994,130.994,130.994,0,0
3699.N,D,20191203,000000,130.126,130.126,130.126,130.126,0,0
3699.N,D,20191204,000000,131.075,131.075,131.075,131.075,0,0
3699.N,D,20191205,000000,131.264,131.264,131.264,131.264,0,0
3699.N,D,20191206,000000,132.115,132.115,132.115,132.115,0,0
3699.N,D,20191209,000000,131.761,131.761,131.761,131.761,0,0
3699.N,D,20191210,000000,131.337,131.337,131.337,131.337,0,0
3699.N,D,20191211,000000,131.947,131.947,131.947,131.947,0,0
3699.N,D,20191212,000000,132.807,132.807,132.807,132.807,0,0
3699.N,D,20191213,000000,134.337,134.337,134.337,134.337,0,0
3699.N,D,20191216,000000,135.27,135.27,135.27,135.27,0,0
3699.N,D,20191217,000000,136.193,136.193,136.193,136.193,0,0
3699.N,D,20191218,000000,136.415,136.415,136.415,136.415,0,0
3699.N,D,20191219,000000,136.208,136.208,136.208,136.208,0,0
3699.N,D,20191220,000000,136.006,136.006,136.006,136.006,0,0
3699.N,D,20191223,000000,136.619,136.619,136.619,136.619,0,0
3699.N,D,20191227,000000,137.828,137.828,137.828,137.828,0,0
3699.N,D,20191230,000000,138.691,138.691,138.691,138.691,0,0
3699.N,D,20191231,000000,138.844,138.844,138.844,138.844,0,0
3699.N,D,20200102,000000,139.1,139.1,139.1,139.1,0,0
3699.N,D,20200103,000000,138.699,138.699,138.699,138.699,0,0
3699.N,D,20200106,000000,137.739,137.739,137.739,137.739,0,0
3699.N,D,20200107,000000,137.909,137.909,137.909,137.909,0,0
3699.N,D,20200108,000000,137.984,137.984,137.984,137.984,0,0
3699.N,D,20200109,000000,140.418,140.418,140.418,140.418,0,0
3699.N,D,20200110,000000,141.348,141.348,141.348,141.348,0,0
3699.N,D,20200113,000000,142.462,142.462,142.462,142.462,0,0
3699.N,D,20200114,000000,141.978,141.978,141.978,141.978,0,0
3699.N,D,20200115,000000,141.523,141.523,141.523,141.523,0,0
3699.N,D,20200116,000000,142.071,142.071,142.071,142.071,0,0
3699.N,D,20200117,000000,142.415,142.415,142.415,142.415,0,0
3699.N,D,20200120,000000,142.418,142.418,142.418,142.418,0,0
3699.N,D,20200121,000000,141.033,141.033,141.033,141.033,0,0
3699.N,D,20200122,000000,141.358,141.358,141.358,141.358,0,0
3699.N,D,20200123,000000,140.566,140.566,140.566,140.566,0,0
3699.N,D,20200124,000000,140.628,140.628,140.628,140.628,0,0
3699.N,D,20200128,000000,138.08,138.08,138.08,138.08,0,0
3699.N,D,20200129,000000,138.633,138.633,138.633,138.633,0,0
3699.N,D,20200130,000000,135.795,135.795,135.795,135.795,0,0
3699.N,D,20200131,000000,135.019,135.019,135.019,135.019,0,0
3699.N,D,20200203,000000,133.146,133.146,133.146,133.146,0,0
3699.N,D,20200204,000000,135.525,135.525,135.525,135.525,0,0
3699.N,D,20200205,000000,137.229,137.229,137.229,137.229,0,0
3699.N,D,20200206,000000,136.636,136.636,136.636,136.636,0,0
3699.N,D,20200207,000000,135.054,135.054,135.054,135.054,0,0
3699.N,D,20200210,000000,133.97,133.97,133.97,133.97,0,0
3699.N,D,20200211,000000,134.567,134.567,134.567,134.567,0,0
3699.N,D,20200212,000000,135.695,135.695,135.695,135.695,0,0
3699.N,D,20200213,000000,136.113,136.113,136.113,136.113,0,0
3699.N,D,20200214,000000,135.668,135.668,135.668,135.668,0,0
3699.N,D,20200217,000000,135.763,135.763,135.763,135.763,0,0
3699.N,D,20200218,000000,134.728,134.728,134.728,134.728,0,0
3699.N,D,20200219,000000,135.56,135.56,135.56,135.56,0,0
3699.N,D,20200220,000000,134.851,134.851,134.851,134.851,0,0
3699.N,D,20200221,000000,133.63,133.63,133.63,133.63,0,0
3699.N,D,20200224,000000,130.141,130.141,130.141,130.141,0,0
3699.N,D,20200225,000000,130.015,130.015,130.015,130.015,0,0
3699.N,D,20200226,000000,127.718,127.718,127.718,127.718,0,0
3699.N,D,20200227,000000,126.289,126.289,126.289,126.289,0,0
3699.N,D,20200228,000000,122.287,122.287,122.287,122.287,0,0
3699.N,D,20200302,000000,122.743,122.743,122.743,122.743,0,0
3699.N,D,20200303,000000,124.692,124.692,124.692,124.692,0,0
3699.N,D,20200304,000000,125.377,125.377,125.377,125.377,0,0
3699.N,D,20200305,000000,124.539,124.539,124.539,124.539,0,0
3699.N,D,20200306,000000,120.522,120.522,120.522,120.522,0,0
3699.N,D,20200309,000000,112.6994,112.6994,112.6994,112.6994,0,0
3699.N,D,20200310,000000,114.3557,114.3557,114.3557,114.3557,0,0
3699.N,D,20200311,000000,114.06,114.06,114.06,114.06,0,0
3699.N,D,20200312,000000,105.739,105.739,105.739,105.739,0,0
3699.N,D,20200313,000000,105.5932,105.5932,105.5932,105.5932,0,0
3699.N,D,20200316,000000,97.6584,97.6584,97.6584,97.6584,0,0
3699.N,D,20200317,000000,95.0619,95.0619,95.0619,95.0619,0,0
3699.N,D,20200318,000000,92.87,92.87,92.87,92.87,0,0
3699.N,D,20200319,000000,87.2484,87.2484,87.2484,87.2484,0,0
3699.N,D,20200320,000000,91.4723,91.4723,91.4723,91.4723,0,0
3699.N,D,20200323,000000,87.2327,87.2327,87.2327,87.2327,0,0
3699.N,D,20200324,000000,90.7955,90.7955,90.7955,90.7955,0,0
3699.N,D,20200325,000000,92.6091,92.6091,92.6091,92.6091,0,0
3699.N,D,20200326,000000,97.2935,97.2935,97.2935,97.2935,0,0
3699.N,D,20200327,000000,95.11,95.11,95.11,95.11,0,0
3699.N,D,20200330,000000,95.4136,95.4136,95.4136,95.4136,0,0
3699.N,D,20200331,000000,95.115,95.115,95.115,95.115,0,0
3699.N,D,20200401,000000,93.3716,93.3716,93.3716,93.3716,0,0
3699.N,D,20200402,000000,93.6303,93.6303,93.6303,93.6303,0,0
3699.N,D,20200403,000000,94.2982,94.2982,94.2982,94.2982,0,0
3699.N,D,20200406,000000,95.7783,95.7783,95.7783,95.7783,0,0
3699.N,D,20200407,000000,99.898,99.898,99.898,99.898,0,0
3699.N,D,20200408,000000,99.6181,99.6181,99.6181,99.6181,0,0
3699.N,D,20200409,000000,102.2849,102.2849,102.2849,102.2849,0,0
3699.N,D,20200414,000000,102.4631,102.4631,102.4631,102.4631,0,0
3699.N,D,20200415,000000,101.975,101.975,101.975,101.975,0,0
3699.N,D,20200416,000000,102.742,102.742,102.742,102.742,0,0
3699.N,D,20200417,000000,104.166,104.166,104.166,104.166,0,0
3699.N,D,20200420,000000,102.8796,102.8796,102.8796,102.8796,0,0
3699.N,D,20200421,000000,100.5829,100.5829,100.5829,100.5829,0,0
3699.N,D,20200422,000000,103.3964,103.3964,103.3964,103.3964,0,0
3699.N,D,20200423,000000,104.5374,104.5374,104.5374,104.5374,0,0
3699.N,D,20200424,000000,104.3665,104.3665,104.3665,104.3665,0,0
3699.N,D,20200427,000000,105.5676,105.5676,105.5676,105.5676,0,0
3699.N,D,20200428,000000,107.915,107.915,107.915,107.915,0,0
3699.N,D,20200429,000000,109.2627,109.2627,109.2627,109.2627,0,0
3699.N,D,20200430,000000,108.5095,108.5095,108.5095,108.5095,0,0
3699.N,D,20200504,000000,105.3226,105.3226,105.3226,105.3226,0,0
3699.N,D,20200505,000000,107.3871,107.3871,107.3871,107.3871,0,0
3699.N,D,20200506,000000,106.6749,106.6749,106.6749,106.6749,0,0
3699.N,D,20200507,000000,108.2448,108.2448,108.2448,108.2448,0,0
3699.N,D,20200508,000000,109.368,109.368,109.368,109.368,0,0
3699.N,D,20200511,000000,109.1116,109.1116,109.1116,109.1116,0,0
3699.N,D,20200512,000000,109.237,109.237,109.237,109.237,0,0
3699.N,D,20200513,000000,108.5601,108.5601,108.5601,108.5601,0,0
3699.N,D,20200514,000000,106.8644,106.8644,106.8644,106.8644,0,0
3699.N,D,20200515,000000,107.3791,107.3791,107.3791,107.3791,0,0
3699.N,D,20200518,000000,108.7609,108.7609,108.7609,108.7609,0,0
3699.N,D,20200519,000000,109.7582,109.7582,109.7582,109.7582,0,0
3699.N,D,20200520,000000,111.0432,111.0432,111.0432,111.0432,0,0
3699.N,D,20200521,000000,111.4169,111.4169,111.4169,111.4169,0,0
3699.N,D,20200522,000000,109.9086,109.9086,109.9086,109.9086,0,0
3699.N,D,20200525,000000,110.9419,110.9419,110.9419,110.9419,0,0
3699.N,D,20200526,000000,112.7255,112.7255,112.7255,112.7255,0,0
3699.N,D,20200527,000000,112.4117,112.4117,112.4117,112.4117,0,0
3699.N,D,20200528,000000,112.8166,112.8166,112.8166,112.8166,0,0
3699.N,D,20200529,000000,113.3735,113.3735,113.3735,113.3735,0,0
3699.N,D,20200601,000000,114.6864,114.6864,114.6864,114.6864,0,0
3699.N,D,20200602,000000,117.0863,117.0863,117.0863,117.0863,0,0
3699.N,D,20200603,000000,118.9384,118.9384,118.9384,118.9384,0,0
3699.N,D,20200604,000000,119.4582,119.4582,119.4582,119.4582,0,0
3699.N,D,20200605,000000,120.8974,120.8974,120.8974,120.8974,0,0
3699.N,D,20200608,000000,121.2521,121.2521,121.2521,121.2521,0,0
3699.N,D,20200609,000000,121.1895,121.1895,121.1895,121.1895,0,0
3699.N,D,20200610,000000,121.9292,121.9292,121.9292,121.9292,0,0
3699.N,D,20200611,000000,119.9003,119.9003,119.9003,119.9003,0,0
3699.N,D,20200612,000000,119.3533,119.3533,119.3533,119.3533,0,0
3699.N,D,20200615,000000,116.8914,116.8914,116.8914,116.8914,0,0
3699.N,D,20200616,000000,120.3773,120.3773,120.3773,120.3773,0,0
3699.N,D,20200617,000000,120.1866,120.1866,120.1866,120.1866,0,0
3699.N,D,20200618,000000,120.508,120.508,120.508,120.508,0,0
3699.N,D,20200619,000000,121.1194,121.1194,121.1194,121.1194,0,0
3699.N,D,20200622,000000,120.8406,120.8406,120.8406,120.8406,0,0
3699.N,D,20200623,000000,122.4415,122.4415,122.4415,122.4415,0,0
3699.N,D,20200624,000000,122.4176,122.4176,122.4176,122.4176,0,0
3699.N,D,20200625,000000,120.8706,120.8706,120.8706,120.8706,0,0
3699.N,D,20200626,000000,121.1286,121.1286,121.1286,121.1286,0,0
3699.N,D,20200629,000000,120.4767,120.4767,120.4767,120.4767,0,0
3699.N,D,20200630,000000,120.6851,120.6851,120.6851,120.6851,0,0
3699.N,D,20200701,000000,121.9053,121.9053,121.9053,121.9053,0,0
3699.N,D,20200702,000000,123.9304,123.9304,123.9304,123.9304,0,0
3699.N,D,20200703,000000,123.9028,123.9028,123.9028,123.9028,0,0
3699.N,D,20200706,000000,126.0233,126.0233,126.0233,126.0233,0,0
3699.N,D,20200707,000000,125.6738,125.6738,125.6738,125.6738,0,0
3699.N,D,20200708,000000,125.4715,125.4715,125.4715,125.4715,0,0
3699.N,D,20200709,000000,127.1896,127.1896,127.1896,127.1896,0,0
3699.N,D,20200710,000000,125.7126,125.7126,125.7126,125.7126,0,0
3699.N,D,20200713,000000,126.3235,126.3235,126.3235,126.3235,0,0
3699.N,D,20200714,000000,124.5399,124.5399,124.5399,124.5399,0,0
3699.N,D,20200715,000000,126.929,126.929,126.929,126.929,0,0
3699.N,D,20200716,000000,124.9718,124.9718,124.9718,124.9718,0,0
3699.N,D,20200717,000000,125.6613,125.6613,125.6613,125.6613,0,0
3699.N,D,20200720,000000,126.1233,126.1233,126.1233,126.1233,0,0
3699.N,D,20200721,000000,128.0515,128.0515,128.0515,128.0515,0,0
3699.N,D,20200722,000000,128.7465,128.7465,128.7465,128.7465,0,0
3699.N,D,20200723,000000,128.7386,128.7386,128.7386,128.7386,0,0
3699.N,D,20200724,000000,127.1629,127.1629,127.1629,127.1629,0,0
3699.N,D,20200727,000000,128.4735,128.4735,128.4735,128.4735,0,0
3699.N,D,20200728,000000,129.5568,129.5568,129.5568,129.5568,0,0
3699.N,D,20200729,000000,130.1193,130.1193,130.1193,130.1193,0,0
3699.N,D,20200730,000000,129.8017,129.8017,129.8017,129.8017,0,0
3699.N,D,20200731,000000,129.9964,129.9964,129.9964,129.9964,0,0
3699.N,D,20200803,000000,129.6228,129.6228,129.6228,129.6228,0,0
3699.N,D,20200804,000000,130.1905,130.1905,130.1905,130.1905,0,0
3699.N,D,20200805,000000,132.2887,132.2887,132.2887,132.2887,0,0
3699.N,D,20200806,000000,133.0134,133.0134,133.0134,133.0134,0,0
3699.N,D,20200807,000000,133.1298,133.1298,133.1298,133.1298,0,0
3699.N,D,20200810,000000,131.6516,131.6516,131.6516,131.6516,0,0
3699.N,D,20200811,000000,132.1121,132.1121,132.1121,132.1121,0,0
3699.N,D,20200812,000000,131.4912,131.4912,131.4912,131.4912,0,0
3699.N,D,20200813,000000,131.7826,131.7826,131.7826,131.7826,0,0
3699.N,D,20200814,000000,131.601,131.601,131.601,131.601,0,0
3699.N,D,20200817,000000,132.2793,132.2793,132.2793,132.2793,0,0
3699.N,D,20200818,000000,132.3795,132.3795,132.3795,132.3795,0,0
3699.N,D,20200819,000000,132.7709,132.7709,132.7709,132.7709,0,0
3699.N,D,20200820,000000,130.1122,130.1122,130.1122,130.1122,0,0
3699.N,D,20200821,000000,131.6599,131.6599,131.6599,131.6599,0,0
3699.N,D,20200824,000000,134.686,134.686,134.686,134.686,0,0
3699.N,D,20200825,000000,134.1202,134.1202,134.1202,134.1202,0,0
3699.N,D,20200826,000000,133.7268,133.7268,133.7268,133.7268,0,0
3699.N,D,20200827,000000,133.2179,133.2179,133.2179,133.2179,0,0
3699.N,D,20200828,000000,133.9463,133.9463,133.9463,133.9463,0,0
3699.N,D,20200831,000000,133.1613,133.1613,133.1613,133.1613,0,0
3699.N,D,20200901,000000,133.9553,133.9553,133.9553,133.9553,0,0
3699.N,D,20200902,000000,135.41,135.41,135.41,135.41,0,0
3699.N,D,20200903,000000,134.9673,134.9673,134.9673,134.9673,0,0
3699.N,D,20200904,000000,133.5149,133.5149,133.5149,133.5149,0,0
3699.N,D,20200907,000000,132.3668,132.3668,132.3668,132.3668,0,0
3699.N,D,20200908,000000,130.5996,130.5996,130.5996,130.5996,0,0
3699.N,D,20200909,000000,131.4578,131.4578,131.4578,131.4578,0,0
3699.N,D,20200910,000000,132.5409,132.5409,132.5409,132.5409,0,0
3699.N,D,20200911,000000,132.0887,132.0887,132.0887,132.0887,0,0
3699.N,D,20200914,000000,133.0202,133.0202,133.0202,133.0202,0,0
3699.N,D,20200915,000000,134.8021,134.8021,134.8021,134.8021,0,0
3699.N,D,20200916,000000,135.2222,135.2222,135.2222,135.2222,0,0
3699.N,D,20200917,000000,134.7276,134.7276,134.7276,134.7276,0,0
3699.N,D,20200918,000000,135.953,135.953,135.953,135.953,0,0
3699.N,D,20200921,000000,131.9067,131.9067,131.9067,131.9067,0,0
3699.N,D,20200922,000000,131.6306,131.6306,131.6306,131.6306,0,0
3699.N,D,20200923,000000,131.5771,131.5771,131.5771,131.5771,0,0
3699.N,D,20200924,000000,128.5232,128.5232,128.5232,128.5232,0,0
3699.N,D,20200925,000000,129.2099,129.2099,129.2099,129.2099,0,0
3699.N,D,20200928,000000,131.6868,131.6868,131.6868,131.6868,0,0
3699.N,D,20200929,000000,131.3319,131.3319,131.3319,131.3319,0,0
3699.N,D,20200930,000000,132.0528,132.0528,132.0528,132.0528,0,0
3699.N,D,20201005,000000,133.495,133.495,133.495,133.495,0,0
3699.N,D,20201006,000000,134.871,134.871,134.871,134.871,0,0
3699.N,D,20201007,000000,135.0877,135.0877,135.0877,135.0877,0,0
3699.N,D,20201008,000000,136.0017,136.0017,136.0017,136.0017,0,0
3699.N,D,20201009,000000,136.817,136.817,136.817,136.817,0,0
3699.N,D,20201012,000000,137.1082,137.1082,137.1082,137.1082,0,0
3699.N,D,20201013,000000,136.5558,136.5558,136.5558,136.5558,0,0
3699.N,D,20201014,000000,136.7941,136.7941,136.7941,136.7941,0,0
3699.N,D,20201015,000000,134.7308,134.7308,134.7308,134.7308,0,0
3699.N,D,20201016,000000,136.279,136.279,136.279,136.279,0,0
