<TICKER>,<PER>,<DATE>,<TIME>,<OPEN>,<HIGH>,<LOW>,<CLOSE>,<VOL>,<OPENINT>
41855.N,D,20200429,000000,94.99,94.99,94.99,94.99,0,0
41855.N,D,20200430,000000,95.75,95.75,95.75,95.75,0,0
41855.N,D,20200504,000000,95.66,95.66,95.66,95.66,0,0
41855.N,D,20200505,000000,95.06,95.06,95.06,95.06,0,0
41855.N,D,20200506,000000,95.25,95.25,95.25,95.25,0,0
41855.N,D,20200507,000000,95.03,95.03,95.03,95.03,0,0
41855.N,D,20200508,000000,95.37,95.37,95.37,95.37,0,0
41855.N,D,20200511,000000,95.69,95.69,95.69,95.69,0,0
41855.N,D,20200512,000000,95.75,95.75,95.75,95.75,0,0
41855.N,D,20200513,000000,95.81,95.81,95.81,95.81,0,0
41855.N,D,20200514,000000,95.4,95.4,95.4,95.4,0,0
41855.N,D,20200515,000000,95.17,95.17,95.17,95.17,0,0
41855.N,D,20200518,000000,95.38,95.38,95.38,95.38,0,0
41855.N,D,20200519,000000,96.33,96.33,96.33,96.33,0,0
41855.N,D,20200520,000000,96.4,96.4,96.4,96.4,0,0
41855.N,D,20200521,000000,96.81,96.81,96.81,96.81,0,0
41855.N,D,20200522,000000,96.76,96.76,96.76,96.76,0,0
41855.N,D,20200525,000000,96.7,96.7,96.7,96.7,0,0
41855.N,D,20200526,000000,96.99,96.99,96.99,96.99,0,0
41855.N,D,20200527,000000,97.55,97.55,97.55,97.55,0,0
41855.N,D,20200528,000000,97.86,97.86,97.86,97.86,0,0
41855.N,D,20200529,000000,97.93,97.93,97.93,97.93,0,0
41855.N,D,20200601,000000,97.92,97.92,97.92,97.92,0,0
41855.N,D,20200602,000000,98.3,98.3,98.3,98.3,0,0
41855.N,D,20200603,000000,98.67,98.67,98.67,98.67,0,0
41855.N,D,20200604,000000,99.14,99.14,99.14,99.14,0,0
41855.N,D,20200605,000000,99.29,99.29,99.29,99.29,0,0
41855.N,D,20200608,000000,99.99,99.99,99.99,99.99,0,0
41855.N,D,20200609,000000,100.14,100.14,100.14,100.14,0,0
41855.N,D,20200610,000000,100.07,100.07,100.07,100.07,0,0
41855.N,D,20200612,000000,100.04,100.04,100.04,100.04,0,0
41855.N,D,20200615,000000,98.98,98.98,98.98,98.98,0,0
41855.N,D,20200616,000000,98.8,98.8,98.8,98.8,0,0
41855.N,D,20200617,000000,99.46,99.46,99.46,99.46,0,0
41855.N,D,20200618,000000,99.45,99.45,99.45,99.45,0,0
41855.N,D,20200619,000000,99.52,99.52,99.52,99.52,0,0
41855.N,D,20200622,000000,99.6,99.6,99.6,99.6,0,0
41855.N,D,20200623,000000,99.67,99.67,99.67,99.67,0,0
41855.N,D,20200624,000000,99.9,99.9,99.9,99.9,0,0
41855.N,D,20200625,000000,99.32,99.32,99.32,99.32,0,0
41855.N,D,20200626,000000,99.4,99.4,99.4,99.4,0,0
41855.N,D,20200629,000000,99.02,99.02,99.02,99.02,0,0
41855.N,D,20200630,000000,99.1,99.1,99.1,99.1,0,0
41855.N,D,20200701,000000,99.2,99.2,99.2,99.2,0,0
41855.N,D,20200702,000000,99.52,99.52,99.52,99.52,0,0
41855.N,D,20200703,000000,100,100,100,100,0,0
41855.N,D,20200706,000000,100.03,100.03,100.03,100.03,0,0
41855.N,D,20200707,000000,100.36,100.36,100.36,100.36,0,0
41855.N,D,20200708,000000,100.08,100.08,100.08,100.08,0,0
41855.N,D,20200709,000000,100.06,100.06,100.06,100.06,0,0
41855.N,D,20200710,000000,100.03,100.03,100.03,100.03,0,0
41855.N,D,20200713,000000,100.13,100.13,100.13,100.13,0,0
41855.N,D,20200714,000000,100.1,100.1,100.1,100.1,0,0
41855.N,D,20200715,000000,100.1,100.1,100.1,100.1,0,0
41855.N,D,20200716,000000,100.46,100.46,100.46,100.46,0,0
41855.N,D,20200717,000000,100.49,100.49,100.49,100.49,0,0
41855.N,D,20200720,000000,100.63,100.63,100.63,100.63,0,0
41855.N,D,20200721,000000,101.01,101.01,101.01,101.01,0,0
41855.N,D,20200722,000000,101.01,101.01,101.01,101.01,0,0
41855.N,D,20200723,000000,101.09,101.09,101.09,101.09,0,0
41855.N,D,20200724,000000,100.8,100.8,100.8,100.8,0,0
41855.N,D,20200727,000000,100.69,100.69,100.69,100.69,0,0
41855.N,D,20200728,000000,100.88,100.88,100.88,100.88,0,0
41855.N,D,20200729,000000,100.84,100.84,100.84,100.84,0,0
41855.N,D,20200730,000000,100.84,100.84,100.84,100.84,0,0
41855.N,D,20200731,000000,100.38,100.38,100.38,100.38,0,0
41855.N,D,20200803,000000,100.55,100.55,100.55,100.55,0,0
41855.N,D,20200804,000000,100.93,100.93,100.93,100.93,0,0
41855.N,D,20200805,000000,101.12,101.12,101.12,101.12,0,0
41855.N,D,20200806,000000,101.34,101.34,101.34,101.34,0,0
41855.N,D,20200807,000000,101.3,101.3,101.3,101.3,0,0
41855.N,D,20200810,000000,101.32,101.32,101.32,101.32,0,0
41855.N,D,20200811,000000,101.42,101.42,101.42,101.42,0,0
41855.N,D,20200812,000000,101.56,101.56,101.56,101.56,0,0
41855.N,D,20200813,000000,101.77,101.77,101.77,101.77,0,0
41855.N,D,20200814,000000,101.76,101.76,101.76,101.76,0,0
41855.N,D,20200817,000000,101.61,101.61,101.61,101.61,0,0
41855.N,D,20200818,000000,101.65,101.65,101.65,101.65,0,0
41855.N,D,20200819,000000,101.5,101.5,101.5,101.5,0,0
41855.N,D,20200820,000000,101.43,101.43,101.43,101.43,0,0
41855.N,D,20200821,000000,101.24,101.24,101.24,101.24,0,0
41855.N,D,20200824,000000,101.33,101.33,101.33,101.33,0,0
41855.N,D,20200825,000000,101.58,101.58,101.58,101.58,0,0
41855.N,D,20200826,000000,101.47,101.47,101.47,101.47,0,0
41855.N,D,20200827,000000,101.75,101.75,101.75,101.75,0,0
41855.N,D,20200828,000000,101.7,101.7,101.7,101.7,0,0
41855.N,D,20200831,000000,101.6,101.6,101.6,101.6,0,0
41855.N,D,20200901,000000,101.42,101.42,101.42,101.42,0,0
41855.N,D,20200902,000000,101.46,101.46,101.46,101.46,0,0
41855.N,D,20200903,000000,101.75,101.75,101.75,101.75,0,0
41855.N,D,20200904,000000,101.23,101.23,101.23,101.23,0,0
41855.N,D,20200907,000000,100.98,100.98,100.98,100.98,0,0
41855.N,D,20200908,000000,100.99,100.99,100.99,100.99,0,0
41855.N,D,20200909,000000,100.47,100.47,100.47,100.47,0,0
41855.N,D,20200910,000000,100.93,100.93,100.93,100.93,0,0
41855.N,D,20200911,000000,100.73,100.73,100.73,100.73,0,0
41855.N,D,20200914,000000,100.78,100.78,100.78,100.78,0,0
41855.N,D,20200915,000000,100.76,100.76,100.76,100.76,0,0
41855.N,D,20200916,000000,100.77,100.77,100.77,100.77,0,0
41855.N,D,20200917,000000,100.68,100.68,100.68,100.68,0,0
41855.N,D,20200918,000000,100.56,100.56,100.56,100.56,0,0
41855.N,D,20200921,000000,100.26,100.26,100.26,100.26,0,0
41855.N,D,20200922,000000,99.53,99.53,99.53,99.53,0,0
41855.N,D,20200923,000000,99.6,99.6,99.6,99.6,0,0
41855.N,D,20200924,000000,99.13,99.13,99.13,99.13,0,0
41855.N,D,20200925,000000,99,99,99,99,0,0
41855.N,D,20200928,000000,99.41,99.41,99.41,99.41,0,0
41855.N,D,20200929,000000,99.97,99.97,99.97,99.97,0,0
41855.N,D,20200930,000000,99.83,99.83,99.83,99.83,0,0
41855.N,D,20201001,000000,99.81,99.81,99.81,99.81,0,0
41855.N,D,20201002,000000,99.85,99.85,99.85,99.85,0,0
41855.N,D,20201005,000000,99.82,99.82,99.82,99.82,0,0
41855.N,D,20201006,000000,100.27,100.27,100.27,100.27,0,0
41855.N,D,20201007,000000,100.21,100.21,100.21,100.21,0,0
41855.N,D,20201008,000000,100.37,100.37,100.37,100.37,0,0
41855.N,D,20201009,000000,100.39,100.39,100.39,100.39,0,0
41855.N,D,20201012,000000,100.41,100.41,100.41,100.41,0,0
41855.N,D,20201013,000000,100.53,100.53,100.53,100.53,0,0
41855.N,D,20201014,000000,100.38,100.38,100.38,100.38,0,0
41855.N,D,20201015,000000,100.32,100.32,100.32,100.32,0,0
