<TICKER>,<PER>,<DATE>,<TIME>,<OPEN>,<HIGH>,<LOW>,<CLOSE>,<VOL>,<OPENINT>
FLPPU20,D,20200323,000000,4612.08,4612.08,4612.08,4612.08,5,5
FLPPU20,D,20200324,000000,5212.13,5212.13,5212.13,5212.13,1,6
FLPPU20,D,20200325,000000,5067.50,5067.50,5067.50,5067.50,1,7
FLPPU20,D,20200326,000000,5232.65,5265.96,5232.65,5265.96,8,3
FLPPU20,D,20200521,000000,6079.18,6079.18,6079.18,6079.18,11,11
FLPPU20,D,20200603,000000,6999.00,6999.00,6999.00,6999.00,1,12
FLPPU20,D,20200604,000000,7249.00,7249.00,7160.00,7160.00,3,12
FLPPU20,D,20200605,000000,7660.00,7690.00,7545.00,7690.00,15,9
FLPPU20,D,20200608,000000,7710.00,7865.00,7525.00,7645.00,9,12
FLPPU20,D,20200609,000000,7710.00,7710.00,7500.00,7500.00,11,17
FLPPU20,D,20200610,000000,7500.00,7550.00,7500.00,7530.00,7,23
FLPPU20,D,20200612,000000,7200.10,7410.00,7200.00,7200.00,18,13
FLPPU20,D,20200615,000000,7100.00,7100.00,6800.00,6835.00,9,19
FLPPU20,D,20200616,000000,7050.00,7050.00,6995.00,7044.00,7,23
FLPPU20,D,20200617,000000,7240.00,7240.00,6850.00,6850.00,9,21
FLPPU20,D,20200618,000000,6944.00,6944.00,6700.00,6735.00,72,87
FLPPU20,D,20200619,000000,6799.00,6799.00,6611.34,6650.00,42,129
FLPPU20,D,20200622,000000,6690.00,6765.00,6690.00,6765.00,24,144
FLPPU20,D,20200623,000000,6815.00,7000.00,6725.00,6725.00,35,147
FLPPU20,D,20200624,000000,6800.00,6850.00,6599.00,6599.00,9,149
FLPPU20,D,20200625,000000,6750.00,6870.32,6400.00,6535.00,35,154
FLPPU20,D,20200626,000000,6445.00,6445.00,6260.25,6260.25,8,156
FLPPU20,D,20200629,000000,6222.25,6222.25,6150.00,6160.00,38,152
FLPPU20,D,20200630,000000,6114.00,6119.75,6000.00,6001.00,15,158
FLPPU20,D,20200701,000000,6160.00,6188.75,6061.00,6061.00,12,165
FLPPU20,D,20200702,000000,6175.00,6210.00,6100.00,6100.00,29,143
FLPPU20,D,20200703,000000,6194.75,6399.00,6194.75,6297.66,19,148
FLPPU20,D,20200706,000000,6660.00,6660.00,6400.00,6474.97,9,150
FLPPU20,D,20200707,000000,6474.97,6574.75,6415.80,6415.80,3,151
FLPPU20,D,20200708,000000,6550.00,6595.00,6505.00,6505.00,25,174
FLPPU20,D,20200709,000000,6596.00,6719.00,6596.00,6650.01,12,182
FLPPU20,D,20200710,000000,6550.01,6609.00,6550.01,6602.96,9,184
FLPPU20,D,20200713,000000,6800.00,6800.00,6515.00,6515.00,7,183
FLPPU20,D,20200714,000000,6510.00,6510.00,6291.00,6291.00,42,155
FLPPU20,D,20200715,000000,6330.00,6420.00,6330.00,6400.00,13,161
FLPPU20,D,20200716,000000,6425.00,6454.75,6336.60,6336.60,16,169
FLPPU20,D,20200717,000000,6385.00,6420.00,6366.00,6366.00,3,170
FLPPU20,D,20200720,000000,6480.00,6530.00,6454.00,6460.00,28,162
FLPPU20,D,20200721,000000,6560.00,6714.00,6461.00,6461.00,21,160
FLPPU20,D,20200722,000000,6495.00,6507.00,6435.00,6439.90,16,165
FLPPU20,D,20200723,000000,6537.00,6537.00,6225.00,6225.00,12,167
FLPPU20,D,20200724,000000,6131.00,6220.00,6105.00,6170.00,10,170
FLPPU20,D,20200727,000000,6200.00,6295.00,6140.00,6211.11,9,171
FLPPU20,D,20200728,000000,6225.00,6500.00,6225.00,6410.00,22,177
FLPPU20,D,20200729,000000,6500.00,6900.00,6500.00,6900.00,27,180
FLPPU20,D,20200730,000000,6920.00,7045.00,6781.00,6781.00,92,175
FLPPU20,D,20200731,000000,6900.00,6950.00,6825.00,6850.00,37,192
FLPPU20,D,20200803,000000,6820.00,7120.00,6810.00,7100.00,37,192
FLPPU20,D,20200804,000000,7300.00,7335.00,7217.01,7217.01,31,216
FLPPU20,D,20200805,000000,7215.00,7325.00,7215.00,7300.00,21,211
FLPPU20,D,20200806,000000,7300.00,7300.00,7150.00,7150.00,14,198
FLPPU20,D,20200807,000000,7100.00,7100.00,6867.00,7020.00,32,175
FLPPU20,D,20200810,000000,7000.00,7100.00,6915.00,7100.00,10,183
FLPPU20,D,20200811,000000,7235.00,7250.00,7235.00,7250.00,10,192
FLPPU20,D,20200812,000000,7300.00,7300.00,7300.00,7300.00,1,192
FLPPU20,D,20200813,000000,7350.00,7400.00,7345.00,7350.00,8,197
FLPPU20,D,20200814,000000,7250.00,7418.00,7200.00,7418.00,5,196
FLPPU20,D,20200817,000000,7360.00,7480.00,7280.00,7280.00,14,199
FLPPU20,D,20200818,000000,7400.00,7400.00,7280.00,7280.00,6,204
FLPPU20,D,20200819,000000,7285.00,7345.00,7110.00,7110.00,15,196
FLPPU20,D,20200820,000000,7100,7100,7070,7070,9,187
FLPPU20,D,20200821,000000,7120.00,7300.00,7105.00,7230.00,31,192
FLPPU20,D,20200824,000000,7300.00,7300.00,7050.00,7100.00,17,182
FLPPU20,D,20200825,000000,7220.00,7230.00,7130.00,7130.00,13,188
FLPPU20,D,20200826,000000,7130.00,7130.00,7090.00,7090.00,2,186
FLPPU20,D,20200827,000000,7150.00,7245.00,7090.00,7090.00,10,183
FLPPU20,D,20200828,000000,7195.00,7195.00,7155.00,7155.00,3,185
FLPPU20,D,20200831,000000,7225.00,7250.00,7090.00,7240.00,31,184
FLPPU20,D,20200901,000000,7115.00,7164.00,7095.00,7144.00,10,188
FLPPU20,D,20200902,000000,7170.00,7170.00,7125.00,7125.00,4,188
FLPPU20,D,20200903,000000,7190.00,7300.00,7190.00,7300.00,7,192
FLPPU20,D,20200904,000000,7260.00,7260.00,7100.00,7100.00,7,188
FLPPU20,D,20200907,000000,7331.93,7331.93,7331.93,7331.93,2,187
FLPPU20,D,20200908,000000,7211.00,7260.00,7165.00,7170.00,25,183
FLPPU20,D,20200909,000000,7220.00,7330.00,7220.00,7330.00,13,174
FLPPU20,D,20200911,000000,7195.00,7195.00,7180.00,7180.00,2,173
FLPPU20,D,20200914,000000,7110.00,7110.00,6847.00,6847.00,14,161
FLPPU20,D,20200915,000000,6730.00,6730.00,6695.00,6695.00,6,157
FLPPU20,D,20200916,000000,6720.00,6890.00,6720.00,6845.00,18,154
FLPPU20,D,20200917,000000,6805.00,6815.00,6770.00,6810.00,20,134
FLPPU20,D,20200918,000000,7020.00,7030.00,7015.00,7030.00,4,133
