<TICKER>,<PER>,<DATE>,<TIME>,<OPEN>,<HIGH>,<LOW>,<CLOSE>,<VOL>,<OPENINT>
CEEPLUS_PB,D,20190906,000000,1.299,1.304,1.296,1.299,0,0
CEEPLUS_PB,D,20190909,000000,1.299,1.32,1.299,1.32,0,0
CEEPLUS_PB,D,20190910,000000,1.32,1.334,1.317,1.328,0,0
CEEPLUS_PB,D,20190911,000000,1.315,1.32,1.308,1.312,0,0
CEEPLUS_PB,D,20190912,000000,1.312,1.322,1.305,1.307,0,0
CEEPLUS_PB,D,20190913,000000,1.307,1.317,1.301,1.317,0,0
CEEPLUS_PB,D,20190916,000000,1.317,1.322,1.311,1.322,0,0
CEEPLUS_PB,D,20190917,000000,1.322,1.327,1.316,1.323,0,0
CEEPLUS_PB,D,20190918,000000,1.323,1.34,1.323,1.336,0,0
CEEPLUS_PB,D,20190919,000000,1.336,1.34,1.326,1.331,0,0
CEEPLUS_PB,D,20190920,000000,1.331,1.333,1.307,1.319,0,0
CEEPLUS_PB,D,20190923,000000,1.319,1.322,1.303,1.309,0,0
CEEPLUS_PB,D,20190924,000000,1.309,1.318,1.309,1.311,0,0
CEEPLUS_PB,D,20190925,000000,1.311,1.311,1.295,1.298,0,0
CEEPLUS_PB,D,20190926,000000,1.298,1.305,1.295,1.304,0,0
CEEPLUS_PB,D,20190927,000000,1.304,1.308,1.299,1.302,0,0
CEEPLUS_PB,D,20190930,000000,1.302,1.303,1.284,1.286,0,0
CEEPLUS_PB,D,20191001,000000,1.286,1.289,1.271,1.271,0,0
CEEPLUS_PB,D,20191002,000000,1.271,1.271,1.246,1.247,0,0
CEEPLUS_PB,D,20191003,000000,1.247,1.257,1.242,1.253,0,0
CEEPLUS_PB,D,20191004,000000,1.253,1.265,1.253,1.258,0,0
CEEPLUS_PB,D,20191007,000000,1.258,1.264,1.256,1.262,0,0
CEEPLUS_PB,D,20191008,000000,1.262,1.272,1.261,1.272,0,0
CEEPLUS_PB,D,20191009,000000,1.272,1.276,1.268,1.272,0,0
CEEPLUS_PB,D,20191010,000000,1.272,1.277,1.268,1.272,0,0
CEEPLUS_PB,D,20191011,000000,1.27,1.282,1.27,1.28,0,0
CEEPLUS_PB,D,20191014,000000,1.28,1.281,1.276,1.281,0,0
CEEPLUS_PB,D,20191015,000000,1.281,1.285,1.278,1.281,0,0
CEEPLUS_PB,D,20191016,000000,1.281,1.286,1.281,1.283,0,0
CEEPLUS_PB,D,20191017,000000,1.283,1.286,1.28,1.286,0,0
CEEPLUS_PB,D,20191018,000000,1.286,1.288,1.275,1.277,0,0
CEEPLUS_PB,D,20191021,000000,1.277,1.284,1.277,1.284,0,0
CEEPLUS_PB,D,20191022,000000,1.284,1.29,1.282,1.288,0,0
CEEPLUS_PB,D,20191023,000000,1.288,1.288,1.282,1.285,0,0
CEEPLUS_PB,D,20191024,000000,1.285,1.294,1.285,1.292,0,0
CEEPLUS_PB,D,20191025,000000,1.292,1.295,1.275,1.275,0,0
CEEPLUS_PB,D,20191028,000000,1.275,1.283,1.275,1.282,0,0
CEEPLUS_PB,D,20191029,000000,1.282,1.284,1.277,1.28,0,0
CEEPLUS_PB,D,20191030,000000,1.28,1.283,1.273,1.274,0,0
CEEPLUS_PB,D,20191031,000000,1.274,1.277,1.261,1.261,0,0
CEEPLUS_PB,D,20191104,000000,1.261,1.285,1.261,1.283,0,0
CEEPLUS_PB,D,20191105,000000,1.283,1.29,1.282,1.287,0,0
CEEPLUS_PB,D,20191106,000000,1.287,1.29,1.284,1.284,0,0
CEEPLUS_PB,D,20191107,000000,1.284,1.293,1.284,1.29,0,0
CEEPLUS_PB,D,20191108,000000,1.29,1.291,1.286,1.286,0,0
CEEPLUS_PB,D,20191112,000000,1.286,1.298,1.286,1.294,0,0
CEEPLUS_PB,D,20191113,000000,1.294,1.348,1.285,1.348,0,0
CEEPLUS_PB,D,20191114,000000,1.348,1.353,1.345,1.347,0,0
CEEPLUS_PB,D,20191115,000000,1.347,1.351,1.274,1.274,0,0
CEEPLUS_PB,D,20191118,000000,1.274,1.283,1.274,1.281,0,0
CEEPLUS_PB,D,20191119,000000,1.281,1.281,1.272,1.274,0,0
CEEPLUS_PB,D,20191120,000000,1.274,1.274,1.259,1.263,0,0
CEEPLUS_PB,D,20191121,000000,1.263,1.263,1.251,1.251,0,0
CEEPLUS_PB,D,20191122,000000,1.251,1.257,1.248,1.248,0,0
CEEPLUS_PB,D,20191125,000000,1.248,1.256,1.246,1.256,0,0
CEEPLUS_PB,D,20191126,000000,1.256,1.259,1.252,1.256,0,0
CEEPLUS_PB,D,20191127,000000,1.256,1.26,1.25,1.25,0,0
CEEPLUS_PB,D,20191128,000000,1.25,1.259,1.243,1.259,0,0
CEEPLUS_PB,D,20191129,000000,1.259,1.263,1.255,1.262,0,0
CEEPLUS_PB,D,20191202,000000,1.262,1.271,1.259,1.267,0,0
CEEPLUS_PB,D,20191203,000000,1.267,1.267,1.254,1.256,0,0
CEEPLUS_PB,D,20191204,000000,1.256,1.263,1.251,1.253,0,0
CEEPLUS_PB,D,20191205,000000,1.253,1.259,1.253,1.259,0,0
CEEPLUS_PB,D,20191206,000000,1.259,1.26,1.25,1.255,0,0
CEEPLUS_PB,D,20191209,000000,1.255,1.257,1.252,1.255,0,0
CEEPLUS_PB,D,20191210,000000,1.255,1.258,1.245,1.249,0,0
CEEPLUS_PB,D,20191211,000000,1.249,1.254,1.245,1.254,0,0
CEEPLUS_PB,D,20191212,000000,1.254,1.266,1.254,1.266,0,0
CEEPLUS_PB,D,20191213,000000,1.266,1.273,1.266,1.269,0,0
CEEPLUS_PB,D,20191216,000000,1.269,1.272,1.264,1.267,0,0
CEEPLUS_PB,D,20191217,000000,1.267,1.271,1.263,1.271,0,0
CEEPLUS_PB,D,20191218,000000,1.271,1.271,1.261,1.263,0,0
CEEPLUS_PB,D,20191219,000000,1.263,1.264,1.256,1.261,0,0
CEEPLUS_PB,D,20191220,000000,1.261,1.262,1.256,1.259,0,0
CEEPLUS_PB,D,20191223,000000,1.259,1.263,1.258,1.262,0,0
CEEPLUS_PB,D,20191227,000000,1.262,1.279,1.262,1.277,0,0
CEEPLUS_PB,D,20191230,000000,1.276,1.281,1.273,1.273,0,0
CEEPLUS_PB,D,20200102,000000,1.273,1.297,1.273,1.296,0,0
CEEPLUS_PB,D,20200103,000000,1.296,1.296,1.285,1.295,0,0
CEEPLUS_PB,D,20200107,000000,1.295,1.307,1.295,1.304,0,0
CEEPLUS_PB,D,20200108,000000,1.304,1.304,1.287,1.289,0,0
CEEPLUS_PB,D,20200109,000000,1.289,1.304,1.289,1.298,0,0
CEEPLUS_PB,D,20200110,000000,1.298,1.307,1.298,1.306,0,0
CEEPLUS_PB,D,20200113,000000,1.306,1.316,1.306,1.316,0,0
CEEPLUS_PB,D,20200114,000000,1.316,1.322,1.314,1.322,0,0
CEEPLUS_PB,D,20200115,000000,1.322,1.325,1.316,1.316,0,0
CEEPLUS_PB,D,20200116,000000,1.316,1.326,1.316,1.324,0,0
CEEPLUS_PB,D,20200117,000000,1.324,1.324,1.319,1.323,0,0
CEEPLUS_PB,D,20200120,000000,1.323,1.33,1.322,1.327,0,0
CEEPLUS_PB,D,20200121,000000,1.327,1.327,1.32,1.32,0,0
CEEPLUS_PB,D,20200122,000000,1.32,1.327,1.313,1.314,0,0
CEEPLUS_PB,D,20200123,000000,1.314,1.315,1.308,1.308,0,0
CEEPLUS_PB,D,20200124,000000,1.308,1.322,1.308,1.317,0,0
CEEPLUS_PB,D,20200127,000000,1.317,1.317,1.289,1.291,0,0
CEEPLUS_PB,D,20200128,000000,1.291,1.297,1.285,1.295,0,0
CEEPLUS_PB,D,20200129,000000,1.295,1.302,1.291,1.295,0,0
CEEPLUS_PB,D,20200130,000000,1.295,1.295,1.284,1.284,0,0
CEEPLUS_PB,D,20200131,000000,1.284,1.285,1.276,1.281,0,0
CEEPLUS_PB,D,20200203,000000,1.281,1.282,1.271,1.279,0,0
CEEPLUS_PB,D,20200204,000000,1.279,1.289,1.279,1.285,0,0
CEEPLUS_PB,D,20200205,000000,1.285,1.304,1.285,1.301,0,0
CEEPLUS_PB,D,20200206,000000,1.301,1.308,1.298,1.298,0,0
CEEPLUS_PB,D,20200207,000000,1.298,1.302,1.297,1.299,0,0
CEEPLUS_PB,D,20200210,000000,1.299,1.304,1.292,1.295,0,0
CEEPLUS_PB,D,20200211,000000,1.295,1.303,1.295,1.303,0,0
CEEPLUS_PB,D,20200212,000000,1.303,1.311,1.303,1.309,0,0
CEEPLUS_PB,D,20200213,000000,1.309,1.309,1.295,1.303,0,0
CEEPLUS_PB,D,20200214,000000,1.303,1.307,1.301,1.303,0,0
CEEPLUS_PB,D,20200217,000000,1.303,1.308,1.303,1.305,0,0
CEEPLUS_PB,D,20200218,000000,1.305,1.305,1.3,1.301,0,0
CEEPLUS_PB,D,20200219,000000,1.301,1.303,1.288,1.295,0,0
CEEPLUS_PB,D,20200220,000000,1.295,1.297,1.284,1.284,0,0
CEEPLUS_PB,D,20200221,000000,1.284,1.287,1.279,1.282,0,0
CEEPLUS_PB,D,20200224,000000,1.282,1.282,1.225,1.226,0,0
CEEPLUS_PB,D,20200225,000000,1.226,1.226,1.194,1.196,0,0
CEEPLUS_PB,D,20200226,000000,1.196,1.196,1.167,1.189,0,0
CEEPLUS_PB,D,20200227,000000,1.189,1.189,1.115,1.115,0,0
CEEPLUS_PB,D,20200228,000000,1.115,1.115,1.041,1.081,0,0
CEEPLUS_PB,D,20200302,000000,1.081,1.117,1.081,1.109,0,0
CEEPLUS_PB,D,20200303,000000,1.109,1.155,1.109,1.155,0,0
CEEPLUS_PB,D,20200304,000000,1.155,1.155,1.142,1.142,0,0
CEEPLUS_PB,D,20200305,000000,1.142,1.157,1.128,1.129,0,0
CEEPLUS_PB,D,20200306,000000,1.129,1.129,1.096,1.101,0,0
CEEPLUS_PB,D,20200309,000000,1.101,1.101,1.006,1.013,0,0
CEEPLUS_PB,D,20200310,000000,1.013,1.034,1.005,1.009,0,0
CEEPLUS_PB,D,20200311,000000,1.009,1.014,0.947,0.951,0,0
CEEPLUS_PB,D,20200312,000000,0.951,0.951,0.819,0.819,0,0
CEEPLUS_PB,D,20200313,000000,0.819,0.838,0.819,0.838,0,0
CEEPLUS_PB,D,20200316,000000,0.838,0.842,0.784,0.842,0,0
CEEPLUS_PB,D,20200317,000000,0.842,0.886,0.842,0.885,0,0
CEEPLUS_PB,D,20200318,000000,0.885,0.907,0.874,0.883,0,0
CEEPLUS_PB,D,20200319,000000,0.883,0.905,0.883,0.901,0,0
CEEPLUS_PB,D,20200320,000000,0.901,0.941,0.897,0.898,0,0
CEEPLUS_PB,D,20200323,000000,0.898,0.898,0.864,0.864,0,0
CEEPLUS_PB,D,20200324,000000,0.864,0.893,0.864,0.867,0,0
CEEPLUS_PB,D,20200325,000000,0.867,0.899,0.859,0.872,0,0
CEEPLUS_PB,D,20200326,000000,0.872,0.886,0.869,0.882,0,0
CEEPLUS_PB,D,20200327,000000,0.939,0.947,0.931,0.937,0,0
CEEPLUS_PB,D,20200330,000000,0.937,0.941,0.92,0.933,0,0
CEEPLUS_PB,D,20200331,000000,0.933,0.952,0.933,0.947,0,0
CEEPLUS_PB,D,20200401,000000,0.947,0.947,0.931,0.934,0,0
CEEPLUS_PB,D,20200402,000000,0.934,0.937,0.927,0.937,0,0
CEEPLUS_PB,D,20200403,000000,0.937,0.946,0.932,0.946,0,0
CEEPLUS_PB,D,20200406,000000,0.946,1,0.946,1,0,0
CEEPLUS_PB,D,20200407,000000,0.985,1.025,0.985,0.996,0,0
CEEPLUS_PB,D,20200408,000000,0.996,1.005,0.991,0.997,0,0
CEEPLUS_PB,D,20200409,000000,0.997,1.017,0.997,1.016,0,0
CEEPLUS_PB,D,20200414,000000,1.016,1.073,1.016,1.073,0,0
CEEPLUS_PB,D,20200415,000000,1.073,1.088,1.047,1.047,0,0
CEEPLUS_PB,D,20200416,000000,1.047,1.059,1.047,1.051,0,0
CEEPLUS_PB,D,20200417,000000,1.051,1.071,1.051,1.065,0,0
CEEPLUS_PB,D,20200420,000000,1.065,1.074,1.059,1.067,0,0
CEEPLUS_PB,D,20200421,000000,1.067,1.067,1.023,1.03,0,0
CEEPLUS_PB,D,20200422,000000,1.03,1.049,1.021,1.049,0,0
CEEPLUS_PB,D,20200423,000000,1.049,1.068,1.048,1.067,0,0
CEEPLUS_PB,D,20200424,000000,1.067,1.067,1.054,1.061,0,0
CEEPLUS_PB,D,20200427,000000,1.061,1.074,1.057,1.061,0,0
CEEPLUS_PB,D,20200428,000000,1.061,1.069,1.055,1.057,0,0
CEEPLUS_PB,D,20200429,000000,1.057,1.079,1.057,1.079,0,0
CEEPLUS_PB,D,20200430,000000,1.078,1.09,1.074,1.08,0,0
CEEPLUS_PB,D,20200504,000000,1.08,1.08,1.06,1.063,0,0
CEEPLUS_PB,D,20200505,000000,1.065,1.075,1.062,1.065,0,0
CEEPLUS_PB,D,20200506,000000,1.065,1.065,1.045,1.047,0,0
CEEPLUS_PB,D,20200507,000000,1.047,1.06,1.047,1.057,0,0
CEEPLUS_PB,D,20200508,000000,1.057,1.066,1.057,1.061,0,0
CEEPLUS_PB,D,20200511,000000,1.061,1.069,1.053,1.058,0,0
CEEPLUS_PB,D,20200512,000000,1.058,1.076,1.058,1.075,0,0
CEEPLUS_PB,D,20200513,000000,1.075,1.078,1.063,1.063,0,0
CEEPLUS_PB,D,20200514,000000,1.063,1.063,1.035,1.039,0,0
CEEPLUS_PB,D,20200515,000000,1.039,1.052,1.039,1.041,0,0
CEEPLUS_PB,D,20200518,000000,1.041,1.061,1.041,1.061,0,0
CEEPLUS_PB,D,20200519,000000,1.061,1.07,1.061,1.07,0,0
CEEPLUS_PB,D,20200520,000000,1.07,1.086,1.07,1.086,0,0
CEEPLUS_PB,D,20200521,000000,1.086,1.093,1.086,1.086,0,0
CEEPLUS_PB,D,20200522,000000,1.086,1.086,1.074,1.084,0,0
CEEPLUS_PB,D,20200525,000000,1.084,1.097,1.084,1.097,0,0
CEEPLUS_PB,D,20200526,000000,1.097,1.123,1.097,1.117,0,0
CEEPLUS_PB,D,20200527,000000,1.117,1.139,1.116,1.118,0,0
CEEPLUS_PB,D,20200528,000000,1.118,1.138,1.111,1.119,0,0
CEEPLUS_PB,D,20200529,000000,1.119,1.125,1.115,1.121,0,0
CEEPLUS_PB,D,20200601,000000,1.121,1.145,1.121,1.145,0,0
CEEPLUS_PB,D,20200602,000000,1.145,1.158,1.145,1.158,0,0
CEEPLUS_PB,D,20200603,000000,1.158,1.187,1.158,1.185,0,0
CEEPLUS_PB,D,20200604,000000,1.185,1.198,1.185,1.197,0,0
CEEPLUS_PB,D,20200605,000000,1.196,1.221,1.196,1.217,0,0
CEEPLUS_PB,D,20200608,000000,1.217,1.225,1.2,1.21,0,0
CEEPLUS_PB,D,20200609,000000,1.21,1.213,1.195,1.209,0,0
CEEPLUS_PB,D,20200610,000000,1.209,1.217,1.205,1.216,0,0
CEEPLUS_PB,D,20200612,000000,1.216,1.216,1.17,1.197,0,0
CEEPLUS_PB,D,20200615,000000,1.197,1.197,1.172,1.177,0,0
CEEPLUS_PB,D,20200616,000000,1.177,1.208,1.177,1.202,0,0
CEEPLUS_PB,D,20200617,000000,1.202,1.214,1.198,1.206,0,0
CEEPLUS_PB,D,20200618,000000,1.206,1.211,1.202,1.205,0,0
CEEPLUS_PB,D,20200619,000000,1.204,1.211,1.199,1.203,0,0
CEEPLUS_PB,D,20200622,000000,1.203,1.214,1.199,1.212,0,0
CEEPLUS_PB,D,20200623,000000,1.212,1.237,1.212,1.229,0,0
CEEPLUS_PB,D,20200624,000000,1.229,1.235,1.211,1.211,0,0
CEEPLUS_PB,D,20200625,000000,1.211,1.213,1.199,1.213,0,0
CEEPLUS_PB,D,20200626,000000,1.213,1.219,1.193,1.193,0,0
CEEPLUS_PB,D,20200629,000000,1.193,1.203,1.191,1.203,0,0
CEEPLUS_PB,D,20200630,000000,1.203,1.224,1.184,1.224,0,0
CEEPLUS_PB,D,20200701,000000,1.224,1.238,1.217,1.237,0,0
CEEPLUS_PB,D,20200702,000000,1.582,1.633,1.582,1.633,0,0
CEEPLUS_PB,D,20200703,000000,1.633,1.644,1.633,1.644,0,0
CEEPLUS_PB,D,20200706,000000,1.644,1.671,1.644,1.671,0,0
CEEPLUS_PB,D,20200707,000000,1.671,1.674,1.659,1.661,0,0
CEEPLUS_PB,D,20200708,000000,1.661,1.664,1.653,1.663,0,0
CEEPLUS_PB,D,20200709,000000,1.663,1.677,1.663,1.668,0,0
CEEPLUS_PB,D,20200710,000000,1.668,1.671,1.653,1.671,0,0
CEEPLUS_PB,D,20200713,000000,1.671,1.687,1.671,1.686,0,0
CEEPLUS_PB,D,20200714,000000,1.686,1.686,1.663,1.665,0,0
CEEPLUS_PB,D,20200715,000000,1.665,1.688,1.665,1.688,0,0
CEEPLUS_PB,D,20200716,000000,1.688,1.692,1.679,1.69,0,0
CEEPLUS_PB,D,20200717,000000,1.689,1.698,1.684,1.698,0,0
CEEPLUS_PB,D,20200720,000000,1.698,1.745,1.698,1.745,0,0
CEEPLUS_PB,D,20200721,000000,1.744,1.791,1.744,1.78,0,0
CEEPLUS_PB,D,20200722,000000,1.78,1.794,1.78,1.784,0,0
CEEPLUS_PB,D,20200723,000000,1.784,1.797,1.767,1.767,0,0
CEEPLUS_PB,D,20200724,000000,1.767,1.767,1.739,1.763,0,0
CEEPLUS_PB,D,20200727,000000,1.762,1.793,1.762,1.793,0,0
CEEPLUS_PB,D,20200728,000000,1.793,1.816,1.793,1.802,0,0
CEEPLUS_PB,D,20200729,000000,1.802,1.803,1.774,1.781,0,0
CEEPLUS_PB,D,20200730,000000,1.781,1.784,1.666,1.669,0,0
CEEPLUS_PB,D,20200731,000000,1.669,1.728,1.669,1.725,0,0
CEEPLUS_PB,D,20200803,000000,1.725,1.773,1.725,1.772,0,0
CEEPLUS_PB,D,20200804,000000,1.772,1.791,1.756,1.769,0,0
CEEPLUS_PB,D,20200805,000000,1.769,1.785,1.769,1.785,0,0
CEEPLUS_PB,D,20200806,000000,1.785,1.79,1.747,1.749,0,0
CEEPLUS_PB,D,20200807,000000,1.749,1.751,1.707,1.733,0,0
CEEPLUS_PB,D,20200810,000000,1.733,1.749,1.733,1.738,0,0
CEEPLUS_PB,D,20200811,000000,1.738,1.75,1.73,1.748,0,0
CEEPLUS_PB,D,20200812,000000,1.748,1.748,1.717,1.731,0,0
CEEPLUS_PB,D,20200813,000000,1.731,1.77,1.731,1.765,0,0
CEEPLUS_PB,D,20200814,000000,1.765,1.772,1.756,1.767,0,0
CEEPLUS_PB,D,20200817,000000,1.767,1.787,1.767,1.787,0,0
CEEPLUS_PB,D,20200818,000000,1.787,1.791,1.766,1.768,0,0
CEEPLUS_PB,D,20200819,000000,1.768,1.771,1.757,1.763,0,0
CEEPLUS_PB,D,20200820,000000,1.763,1.763,1.74,1.75,0,0
CEEPLUS_PB,D,20200821,000000,1.75,1.753,1.737,1.743,0,0
CEEPLUS_PB,D,20200824,000000,1.743,1.761,1.743,1.76,0,0
CEEPLUS_PB,D,20200825,000000,1.76,1.762,1.737,1.737,0,0
CEEPLUS_PB,D,20200826,000000,1.737,1.74,1.727,1.74,0,0
CEEPLUS_PB,D,20200827,000000,1.74,1.748,1.732,1.745,0,0
CEEPLUS_PB,D,20200828,000000,1.745,1.749,1.736,1.74,0,0
CEEPLUS_PB,D,20200831,000000,1.74,1.744,1.72,1.724,0,0
CEEPLUS_PB,D,20200901,000000,1.724,1.728,1.682,1.686,0,0
CEEPLUS_PB,D,20200902,000000,1.686,1.708,1.686,1.707,0,0
CEEPLUS_PB,D,20200903,000000,1.707,1.723,1.688,1.69,0,0
CEEPLUS_PB,D,20200904,000000,1.69,1.69,1.661,1.661,0,0
CEEPLUS_PB,D,20200907,000000,1.661,1.671,1.653,1.657,0,0
CEEPLUS_PB,D,20200908,000000,1.657,1.664,1.566,1.583,0,0
CEEPLUS_PB,D,20200909,000000,1.583,1.639,1.575,1.638,0,0
CEEPLUS_PB,D,20200910,000000,1.638,1.646,1.619,1.632,0,0
CEEPLUS_PB,D,20200911,000000,1.631,1.638,1.631,1.638,0,0
CEEPLUS_PB,D,20200914,000000,1.638,1.644,1.634,1.634,0,0
CEEPLUS_PB,D,20200915,000000,1.645,1.649,1.636,1.641,0,0
CEEPLUS_PB,D,20200916,000000,1.641,1.647,1.63,1.635,0,0
CEEPLUS_PB,D,20200917,000000,1.635,1.635,1.617,1.628,0,0
CEEPLUS_PB,D,20200918,000000,1.628,1.644,1.628,1.643,0,0
CEEPLUS_PB,D,20200921,000000,1.643,1.65,1.599,1.599,0,0
CEEPLUS_PB,D,20200922,000000,1.599,1.623,1.599,1.618,0,0
CEEPLUS_PB,D,20200923,000000,1.618,1.628,1.607,1.607,0,0
CEEPLUS_PB,D,20200924,000000,1.607,1.607,1.572,1.579,0,0
CEEPLUS_PB,D,20200925,000000,1.579,1.596,1.573,1.596,0,0
CEEPLUS_PB,D,20200928,000000,1.596,1.638,1.596,1.638,0,0
CEEPLUS_PB,D,20200929,000000,1.638,1.642,1.634,1.639,0,0
CEEPLUS_PB,D,20200930,000000,1.639,1.643,1.629,1.643,0,0
CEEPLUS_PB,D,20201001,000000,1.643,1.65,1.631,1.637,0,0
CEEPLUS_PB,D,20201002,000000,1.637,1.637,1.617,1.624,0,0
CEEPLUS_PB,D,20201005,000000,1.624,1.655,1.624,1.654,0,0
CEEPLUS_PB,D,20201006,000000,1.654,1.676,1.654,1.659,0,0
CEEPLUS_PB,D,20201007,000000,1.659,1.666,1.653,1.665,0,0
CEEPLUS_PB,D,20201008,000000,1.665,1.674,1.652,1.657,0,0
CEEPLUS_PB,D,20201009,000000,1.657,1.661,1.626,1.638,0,0
CEEPLUS_PB,D,20201012,000000,1.638,1.648,1.633,1.633,0,0
CEEPLUS_PB,D,20201013,000000,1.633,1.635,1.612,1.616,0,0
CEEPLUS_PB,D,20201014,000000,1.615,1.62,1.6,1.603,0,0
CEEPLUS_PB,D,20201015,000000,1.603,1.603,1.552,1.565,0,0
CEEPLUS_PB,D,20201016,000000,1.565,1.585,1.557,1.585,0,0
