<TICKER>,<PER>,<DATE>,<TIME>,<OPEN>,<HIGH>,<LOW>,<CLOSE>,<VOL>,<OPENINT>
1476.N,D,20160201,000000,92.08,92.08,92.08,92.08,0,0
1476.N,D,20160202,000000,91.53,91.53,91.53,91.53,0,0
1476.N,D,20160203,000000,91.54,91.54,91.54,91.54,0,0
1476.N,D,20160204,000000,92.86,92.86,92.86,92.86,0,0
1476.N,D,20160205,000000,92.77,92.77,92.77,92.77,0,0
1476.N,D,20160208,000000,91.01,91.01,91.01,91.01,0,0
1476.N,D,20160209,000000,90.26,90.26,90.26,90.26,0,0
1476.N,D,20160210,000000,90.25,90.25,90.25,90.25,0,0
1476.N,D,20160211,000000,89.18,89.18,89.18,89.18,0,0
1476.N,D,20160212,000000,89.43,89.43,89.43,89.43,0,0
1476.N,D,20160215,000000,90.17,90.17,90.17,90.17,0,0
1476.N,D,20160216,000000,90.27,90.27,90.27,90.27,0,0
1476.N,D,20160217,000000,91.43,91.43,91.43,91.43,0,0
1476.N,D,20160218,000000,91.2,91.2,91.2,91.2,0,0
1476.N,D,20160219,000000,91.02,91.02,91.02,91.02,0,0
1476.N,D,20160222,000000,92.12,92.12,92.12,92.12,0,0
1476.N,D,20160223,000000,92.25,92.25,92.25,92.25,0,0
1476.N,D,20160224,000000,91.14,91.14,91.14,91.14,0,0
1476.N,D,20160225,000000,91.81,91.81,91.81,91.81,0,0
1476.N,D,20160226,000000,91.94,91.94,91.94,91.94,0,0
1476.N,D,20160229,000000,91.97,91.97,91.97,91.97,0,0
1476.N,D,20160301,000000,92.25,92.25,92.25,92.25,0,0
1476.N,D,20160302,000000,92.18,92.18,92.18,92.18,0,0
1476.N,D,20160303,000000,92.77,92.77,92.77,92.77,0,0
1476.N,D,20160304,000000,92.97,92.97,92.97,92.97,0,0
1476.N,D,20160307,000000,93.38,93.38,93.38,93.38,0,0
1476.N,D,20160308,000000,93.28,93.28,93.28,93.28,0,0
1476.N,D,20160309,000000,93.39,93.39,93.39,93.39,0,0
1476.N,D,20160310,000000,93.46,93.46,93.46,93.46,0,0
1476.N,D,20160311,000000,94.06,94.06,94.06,94.06,0,0
1476.N,D,20160314,000000,94.43,94.43,94.43,94.43,0,0
1476.N,D,20160315,000000,93.85,93.85,93.85,93.85,0,0
1476.N,D,20160316,000000,94.14,94.14,94.14,94.14,0,0
1476.N,D,20160318,000000,96.23,96.23,96.23,96.23,0,0
1476.N,D,20160321,000000,96.24,96.24,96.24,96.24,0,0
1476.N,D,20160322,000000,95.59,95.59,95.59,95.59,0,0
1476.N,D,20160323,000000,94.13,94.13,94.13,94.13,0,0
1476.N,D,20160324,000000,94.08,94.08,94.08,94.08,0,0
1476.N,D,20160329,000000,94.65,94.65,94.65,94.65,0,0
1476.N,D,20160330,000000,95.69,95.69,95.69,95.69,0,0
1476.N,D,20160331,000000,95.97,95.97,95.97,95.97,0,0
1476.N,D,20160401,000000,95.44,95.44,95.44,95.44,0,0
1476.N,D,20160404,000000,95.75,95.75,95.75,95.75,0,0
1476.N,D,20160405,000000,94.84,94.84,94.84,94.84,0,0
1476.N,D,20160406,000000,94.44,94.44,94.44,94.44,0,0
1476.N,D,20160407,000000,94.39,94.39,94.39,94.39,0,0
1476.N,D,20160408,000000,95.42,95.42,95.42,95.42,0,0
1476.N,D,20160411,000000,95.52,95.52,95.52,95.52,0,0
1476.N,D,20160412,000000,95.6,95.6,95.6,95.6,0,0
1476.N,D,20160413,000000,96.91,96.91,96.91,96.91,0,0
1476.N,D,20160414,000000,97.4,97.4,97.4,97.4,0,0
1476.N,D,20160415,000000,97.36,97.36,97.36,97.36,0,0
1476.N,D,20160418,000000,97.57,97.57,97.57,97.57,0,0
1476.N,D,20160419,000000,98.02,98.02,98.02,98.02,0,0
1476.N,D,20160420,000000,97.91,97.91,97.91,97.91,0,0
1476.N,D,20160421,000000,98.11,98.11,98.11,98.11,0,0
1476.N,D,20160422,000000,99.01,99.01,99.01,99.01,0,0
1476.N,D,20160425,000000,99.3,99.3,99.3,99.3,0,0
1476.N,D,20160426,000000,99.5,99.5,99.5,99.5,0,0
1476.N,D,20160427,000000,99.61,99.61,99.61,99.61,0,0
1476.N,D,20160428,000000,99.67,99.67,99.67,99.67,0,0
1476.N,D,20160429,000000,99.92,99.92,99.92,99.92,0,0
1476.N,D,20160502,000000,98.8,98.8,98.8,98.8,0,0
1476.N,D,20160504,000000,96.25,96.25,96.25,96.25,0,0
1476.N,D,20160505,000000,95.51,95.51,95.51,95.51,0,0
1476.N,D,20160506,000000,95.85,95.85,95.85,95.85,0,0
1476.N,D,20160509,000000,95.78,95.78,95.78,95.78,0,0
1476.N,D,20160510,000000,95.61,95.61,95.61,95.61,0,0
1476.N,D,20160511,000000,95.17,95.17,95.17,95.17,0,0
1476.N,D,20160512,000000,95.41,95.41,95.41,95.41,0,0
1476.N,D,20160513,000000,94.84,94.84,94.84,94.84,0,0
1476.N,D,20160516,000000,94.75,94.75,94.75,94.75,0,0
1476.N,D,20160517,000000,94.64,94.64,94.64,94.64,0,0
1476.N,D,20160518,000000,94.91,94.91,94.91,94.91,0,0
1476.N,D,20160519,000000,94.02,94.02,94.02,94.02,0,0
1476.N,D,20160520,000000,94.6,94.6,94.6,94.6,0,0
1476.N,D,20160523,000000,94.92,94.92,94.92,94.92,0,0
1476.N,D,20160524,000000,96.34,96.34,96.34,96.34,0,0
1476.N,D,20160525,000000,96.85,96.85,96.85,96.85,0,0
1476.N,D,20160527,000000,96.87,96.87,96.87,96.87,0,0
1476.N,D,20160530,000000,96.94,96.94,96.94,96.94,0,0
1476.N,D,20160531,000000,95.57,95.57,95.57,95.57,0,0
1476.N,D,20160601,000000,94.19,94.19,94.19,94.19,0,0
1476.N,D,20160602,000000,94.36,94.36,94.36,94.36,0,0
1476.N,D,20160603,000000,95.17,95.17,95.17,95.17,0,0
1476.N,D,20160606,000000,95.02,95.02,95.02,95.02,0,0
1476.N,D,20160607,000000,95.54,95.54,95.54,95.54,0,0
1476.N,D,20160608,000000,95.6,95.6,95.6,95.6,0,0
1476.N,D,20160609,000000,94.84,94.84,94.84,94.84,0,0
1476.N,D,20160610,000000,94.19,94.19,94.19,94.19,0,0
1476.N,D,20160613,000000,92.96,92.96,92.96,92.96,0,0
1476.N,D,20160614,000000,92.61,92.61,92.61,92.61,0,0
1476.N,D,20160615,000000,92.99,92.99,92.99,92.99,0,0
1476.N,D,20160616,000000,91.19,91.19,91.19,91.19,0,0
1476.N,D,20160617,000000,92.45,92.45,92.45,92.45,0,0
1476.N,D,20160620,000000,93.42,93.42,93.42,93.42,0,0
1476.N,D,20160621,000000,93.59,93.59,93.59,93.59,0,0
1476.N,D,20160622,000000,93.95,93.95,93.95,93.95,0,0
1476.N,D,20160623,000000,93.89,93.89,93.89,93.89,0,0
1476.N,D,20160624,000000,91.18,91.18,91.18,91.18,0,0
1476.N,D,20160627,000000,90.06,90.06,90.06,90.06,0,0
1476.N,D,20160628,000000,91.31,91.31,91.31,91.31,0,0
1476.N,D,20160629,000000,92.32,92.32,92.32,92.32,0,0
1476.N,D,20160630,000000,92.82,92.82,92.82,92.82,0,0
1476.N,D,20160701,000000,93.24,93.24,93.24,93.24,0,0
1476.N,D,20160704,000000,93.26,93.26,93.26,93.26,0,0
1476.N,D,20160705,000000,92.84,92.84,92.84,92.84,0,0
1476.N,D,20160706,000000,92.69,92.69,92.69,92.69,0,0
1476.N,D,20160707,000000,92.94,92.94,92.94,92.94,0,0
1476.N,D,20160708,000000,93.01,93.01,93.01,93.01,0,0
1476.N,D,20160711,000000,94.46,94.46,94.46,94.46,0,0
1476.N,D,20160712,000000,94.8,94.8,94.8,94.8,0,0
1476.N,D,20160713,000000,94.41,94.41,94.41,94.41,0,0
1476.N,D,20160714,000000,94.98,94.98,94.98,94.98,0,0
1476.N,D,20160715,000000,95.78,95.78,95.78,95.78,0,0
1476.N,D,20160718,000000,93.31,93.31,93.31,93.31,0,0
1476.N,D,20160719,000000,92.97,92.97,92.97,92.97,0,0
1476.N,D,20160720,000000,92.59,92.59,92.59,92.59,0,0
1476.N,D,20160721,000000,91.32,91.32,91.32,91.32,0,0
1476.N,D,20160722,000000,91.64,91.64,91.64,91.64,0,0
1476.N,D,20160725,000000,93.16,93.16,93.16,93.16,0,0
1476.N,D,20160726,000000,93.37,93.37,93.37,93.37,0,0
1476.N,D,20160727,000000,93.97,93.97,93.97,93.97,0,0
1476.N,D,20160728,000000,93.77,93.77,93.77,93.77,0,0
1476.N,D,20160729,000000,93.49,93.49,93.49,93.49,0,0
1476.N,D,20160801,000000,94.19,94.19,94.19,94.19,0,0
1476.N,D,20160802,000000,93.41,93.41,93.41,93.41,0,0
1476.N,D,20160803,000000,92.52,92.52,92.52,92.52,0,0
1476.N,D,20160804,000000,93.35,93.35,93.35,93.35,0,0
1476.N,D,20160805,000000,93.85,93.85,93.85,93.85,0,0
1476.N,D,20160808,000000,94.77,94.77,94.77,94.77,0,0
1476.N,D,20160809,000000,94.93,94.93,94.93,94.93,0,0
1476.N,D,20160810,000000,94.77,94.77,94.77,94.77,0,0
1476.N,D,20160811,000000,95.3,95.3,95.3,95.3,0,0
1476.N,D,20160812,000000,95.02,95.02,95.02,95.02,0,0
1476.N,D,20160816,000000,94.55,94.55,94.55,94.55,0,0
1476.N,D,20160817,000000,94.92,94.92,94.92,94.92,0,0
1476.N,D,20160818,000000,94.96,94.96,94.96,94.96,0,0
1476.N,D,20160819,000000,94.89,94.89,94.89,94.89,0,0
1476.N,D,20160822,000000,95.17,95.17,95.17,95.17,0,0
1476.N,D,20160823,000000,95.54,95.54,95.54,95.54,0,0
1476.N,D,20160824,000000,95.65,95.65,95.65,95.65,0,0
1476.N,D,20160825,000000,95.79,95.79,95.79,95.79,0,0
1476.N,D,20160826,000000,96.27,96.27,96.27,96.27,0,0
1476.N,D,20160829,000000,96.13,96.13,96.13,96.13,0,0
1476.N,D,20160830,000000,96.74,96.74,96.74,96.74,0,0
1476.N,D,20160831,000000,96.59,96.59,96.59,96.59,0,0
1476.N,D,20160901,000000,96.32,96.32,96.32,96.32,0,0
1476.N,D,20160902,000000,96.99,96.99,96.99,96.99,0,0
1476.N,D,20160905,000000,97.57,97.57,97.57,97.57,0,0
1476.N,D,20160906,000000,98.24,98.24,98.24,98.24,0,0
1476.N,D,20160907,000000,98.04,98.04,98.04,98.04,0,0
1476.N,D,20160908,000000,97.66,97.66,97.66,97.66,0,0
1476.N,D,20160909,000000,96.72,96.72,96.72,96.72,0,0
1476.N,D,20160912,000000,96.23,96.23,96.23,96.23,0,0
1476.N,D,20160913,000000,96.52,96.52,96.52,96.52,0,0
1476.N,D,20160914,000000,96.51,96.51,96.51,96.51,0,0
1476.N,D,20160915,000000,96.67,96.67,96.67,96.67,0,0
1476.N,D,20160916,000000,97.07,97.07,97.07,97.07,0,0
1476.N,D,20160919,000000,97.23,97.23,97.23,97.23,0,0
1476.N,D,20160920,000000,96.49,96.49,96.49,96.49,0,0
1476.N,D,20160921,000000,96.98,96.98,96.98,96.98,0,0
1476.N,D,20160922,000000,97.61,97.61,97.61,97.61,0,0
1476.N,D,20160923,000000,97.66,97.66,97.66,97.66,0,0
1476.N,D,20160926,000000,96.29,96.29,96.29,96.29,0,0
1476.N,D,20160927,000000,96.09,96.09,96.09,96.09,0,0
1476.N,D,20160928,000000,96.4,96.4,96.4,96.4,0,0
1476.N,D,20160929,000000,96.81,96.81,96.81,96.81,0,0
1476.N,D,20160930,000000,96.79,96.79,96.79,96.79,0,0
1476.N,D,20161003,000000,97.08,97.08,97.08,97.08,0,0
1476.N,D,20161004,000000,96.8,96.8,96.8,96.8,0,0
1476.N,D,20161005,000000,97,97,97,97,0,0
1476.N,D,20161006,000000,97.39,97.39,97.39,97.39,0,0
1476.N,D,20161007,000000,96.79,96.79,96.79,96.79,0,0
1476.N,D,20161010,000000,96.46,96.46,96.46,96.46,0,0
1476.N,D,20161011,000000,95.97,95.97,95.97,95.97,0,0
1476.N,D,20161012,000000,96.09,96.09,96.09,96.09,0,0
1476.N,D,20161013,000000,95.63,95.63,95.63,95.63,0,0
1476.N,D,20161014,000000,96.4,96.4,96.4,96.4,0,0
1476.N,D,20161017,000000,97.34,97.34,97.34,97.34,0,0
1476.N,D,20161018,000000,97.84,97.84,97.84,97.84,0,0
1476.N,D,20161019,000000,98.42,98.42,98.42,98.42,0,0
1476.N,D,20161020,000000,97.98,97.98,97.98,97.98,0,0
1476.N,D,20161021,000000,98.2,98.2,98.2,98.2,0,0
1476.N,D,20161024,000000,98.56,98.56,98.56,98.56,0,0
1476.N,D,20161025,000000,98.14,98.14,98.14,98.14,0,0
1476.N,D,20161026,000000,98.13,98.13,98.13,98.13,0,0
1476.N,D,20161027,000000,97.8,97.8,97.8,97.8,0,0
1476.N,D,20161028,000000,97.93,97.93,97.93,97.93,0,0
1476.N,D,20161031,000000,98.16,98.16,98.16,98.16,0,0
1476.N,D,20161102,000000,96.29,96.29,96.29,96.29,0,0
1476.N,D,20161103,000000,96.56,96.56,96.56,96.56,0,0
1476.N,D,20161104,000000,95.68,95.68,95.68,95.68,0,0
1476.N,D,20161107,000000,96.01,96.01,96.01,96.01,0,0
1476.N,D,20161108,000000,96.27,96.27,96.27,96.27,0,0
1476.N,D,20161109,000000,96.51,96.51,96.51,96.51,0,0
1476.N,D,20161110,000000,96.53,96.53,96.53,96.53,0,0
1476.N,D,20161114,000000,96.54,96.54,96.54,96.54,0,0
1476.N,D,20161115,000000,97.04,97.04,97.04,97.04,0,0
1476.N,D,20161116,000000,96.4,96.4,96.4,96.4,0,0
1476.N,D,20161117,000000,95.84,95.84,95.84,95.84,0,0
1476.N,D,20161118,000000,95.71,95.71,95.71,95.71,0,0
1476.N,D,20161121,000000,96.16,96.16,96.16,96.16,0,0
1476.N,D,20161122,000000,97.11,97.11,97.11,97.11,0,0
1476.N,D,20161123,000000,97.77,97.77,97.77,97.77,0,0
1476.N,D,20161124,000000,97.7,97.7,97.7,97.7,0,0
1476.N,D,20161125,000000,97.52,97.52,97.52,97.52,0,0
1476.N,D,20161128,000000,97.32,97.32,97.32,97.32,0,0
1476.N,D,20161129,000000,97.45,97.45,97.45,97.45,0,0
1476.N,D,20161130,000000,97.53,97.53,97.53,97.53,0,0
1476.N,D,20161201,000000,97.74,97.74,97.74,97.74,0,0
1476.N,D,20161202,000000,97.34,97.34,97.34,97.34,0,0
1476.N,D,20161205,000000,98.32,98.32,98.32,98.32,0,0
1476.N,D,20161206,000000,99.34,99.34,99.34,99.34,0,0
1476.N,D,20161207,000000,99.21,99.21,99.21,99.21,0,0
1476.N,D,20161208,000000,99.64,99.64,99.64,99.64,0,0
1476.N,D,20161209,000000,99.72,99.72,99.72,99.72,0,0
1476.N,D,20161212,000000,99.52,99.52,99.52,99.52,0,0
1476.N,D,20161213,000000,99.95,99.95,99.95,99.95,0,0
1476.N,D,20161214,000000,99.75,99.75,99.75,99.75,0,0
1476.N,D,20161215,000000,99.52,99.52,99.52,99.52,0,0
1476.N,D,20161216,000000,99.77,99.77,99.77,99.77,0,0
1476.N,D,20161219,000000,99.13,99.13,99.13,99.13,0,0
1476.N,D,20161220,000000,99.24,99.24,99.24,99.24,0,0
1476.N,D,20161221,000000,99.76,99.76,99.76,99.76,0,0
1476.N,D,20161222,000000,99.53,99.53,99.53,99.53,0,0
1476.N,D,20161223,000000,99.78,99.78,99.78,99.78,0,0
1476.N,D,20161227,000000,99.71,99.71,99.71,99.71,0,0
1476.N,D,20161228,000000,100.21,100.21,100.21,100.21,0,0
1476.N,D,20161229,000000,100.76,100.76,100.76,100.76,0,0
1476.N,D,20161230,000000,101.06,101.06,101.06,101.06,0,0
1476.N,D,20170102,000000,101.28,101.28,101.28,101.28,0,0
1476.N,D,20170103,000000,101.49,101.49,101.49,101.49,0,0
1476.N,D,20170105,000000,101.47,101.47,101.47,101.47,0,0
1476.N,D,20170109,000000,101.47,101.47,101.47,101.47,0,0
1476.N,D,20170110,000000,101.56,101.56,101.56,101.56,0,0
1476.N,D,20170111,000000,101.75,101.75,101.75,101.75,0,0
1476.N,D,20170112,000000,101.71,101.71,101.71,101.71,0,0
1476.N,D,20170113,000000,101.91,101.91,101.91,101.91,0,0
1476.N,D,20170116,000000,102.86,102.86,102.86,102.86,0,0
1476.N,D,20170117,000000,102.41,102.41,102.41,102.41,0,0
1476.N,D,20170118,000000,102.37,102.37,102.37,102.37,0,0
1476.N,D,20170119,000000,102.06,102.06,102.06,102.06,0,0
1476.N,D,20170120,000000,102.17,102.17,102.17,102.17,0,0
1476.N,D,20170123,000000,102.94,102.94,102.94,102.94,0,0
1476.N,D,20170124,000000,104.03,104.03,104.03,104.03,0,0
1476.N,D,20170125,000000,105.25,105.25,105.25,105.25,0,0
1476.N,D,20170126,000000,105.03,105.03,105.03,105.03,0,0
1476.N,D,20170127,000000,105.12,105.12,105.12,105.12,0,0
1476.N,D,20170130,000000,104.35,104.35,104.35,104.35,0,0
1476.N,D,20170131,000000,104.9,104.9,104.9,104.9,0,0
1476.N,D,20170206,000000,105.04,105.04,105.04,105.04,0,0
1476.N,D,20170207,000000,105.37,105.37,105.37,105.37,0,0
1476.N,D,20170210,000000,106.59,106.59,106.59,106.59,0,0
1476.N,D,20170215,000000,107.56,107.56,107.56,107.56,0,0
1476.N,D,20170216,000000,108.22,108.22,108.22,108.22,0,0
1476.N,D,20170220,000000,108.06,108.06,108.06,108.06,0,0
1476.N,D,20170221,000000,108.71,108.71,108.71,108.71,0,0
1476.N,D,20170222,000000,108.07,108.07,108.07,108.07,0,0
1476.N,D,20170223,000000,108.01,108.01,108.01,108.01,0,0
1476.N,D,20170224,000000,106.73,106.73,106.73,106.73,0,0
1476.N,D,20170227,000000,106.81,106.81,106.81,106.81,0,0
1476.N,D,20170228,000000,106.68,106.68,106.68,106.68,0,0
1476.N,D,20170301,000000,107.6,107.6,107.6,107.6,0,0
1476.N,D,20170302,000000,107.06,107.06,107.06,107.06,0,0
1476.N,D,20170303,000000,106.47,106.47,106.47,106.47,0,0
1476.N,D,20170306,000000,106.39,106.39,106.39,106.39,0,0
1476.N,D,20170307,000000,106.08,106.08,106.08,106.08,0,0
1476.N,D,20170308,000000,105.57,105.57,105.57,105.57,0,0
1476.N,D,20170309,000000,105.18,105.18,105.18,105.18,0,0
1476.N,D,20170310,000000,105.97,105.97,105.97,105.97,0,0
1476.N,D,20170313,000000,106.73,106.73,106.73,106.73,0,0
1476.N,D,20170314,000000,106.42,106.42,106.42,106.42,0,0
1476.N,D,20170315,000000,106.38,106.38,106.38,106.38,0,0
1476.N,D,20170316,000000,107.07,107.07,107.07,107.07,0,0
1476.N,D,20170317,000000,107.26,107.26,107.26,107.26,0,0
1476.N,D,20170320,000000,106.83,106.83,106.83,106.83,0,0
1476.N,D,20170321,000000,105.43,105.43,105.43,105.43,0,0
1476.N,D,20170322,000000,104.82,104.82,104.82,104.82,0,0
1476.N,D,20170323,000000,104.98,104.98,104.98,104.98,0,0
1476.N,D,20170324,000000,104.93,104.93,104.93,104.93,0,0
1476.N,D,20170327,000000,103.9,103.9,103.9,103.9,0,0
1476.N,D,20170328,000000,104.17,104.17,104.17,104.17,0,0
1476.N,D,20170329,000000,104.03,104.03,104.03,104.03,0,0
1476.N,D,20170330,000000,103.45,103.45,103.45,103.45,0,0
1476.N,D,20170331,000000,103.28,103.28,103.28,103.28,0,0
1476.N,D,20170403,000000,103.86,103.86,103.86,103.86,0,0
1476.N,D,20170404,000000,104.47,104.47,104.47,104.47,0,0
1476.N,D,20170405,000000,104.91,104.91,104.91,104.91,0,0
1476.N,D,20170406,000000,104.85,104.85,104.85,104.85,0,0
1476.N,D,20170407,000000,104.55,104.55,104.55,104.55,0,0
1476.N,D,20170410,000000,104.79,104.79,104.79,104.79,0,0
1476.N,D,20170411,000000,104.27,104.27,104.27,104.27,0,0
1476.N,D,20170412,000000,104.33,104.33,104.33,104.33,0,0
1476.N,D,20170413,000000,104.73,104.73,104.73,104.73,0,0
1476.N,D,20170418,000000,105.21,105.21,105.21,105.21,0,0
1476.N,D,20170419,000000,105.8,105.8,105.8,105.8,0,0
1476.N,D,20170420,000000,105.88,105.88,105.88,105.88,0,0
1476.N,D,20170421,000000,105.88,105.88,105.88,105.88,0,0
1476.N,D,20170424,000000,107.28,107.28,107.28,107.28,0,0
1476.N,D,20170425,000000,108.5,108.5,108.5,108.5,0,0
1476.N,D,20170426,000000,108.53,108.53,108.53,108.53,0,0
1476.N,D,20170427,000000,108.99,108.99,108.99,108.99,0,0
1476.N,D,20170428,000000,109.11,109.11,109.11,109.11,0,0
1476.N,D,20170502,000000,110.15,110.15,110.15,110.15,0,0
1476.N,D,20170504,000000,110.14,110.14,110.14,110.14,0,0
1476.N,D,20170505,000000,110.35,110.35,110.35,110.35,0,0
1476.N,D,20170508,000000,111.01,111.01,111.01,111.01,0,0
1476.N,D,20170509,000000,111.63,111.63,111.63,111.63,0,0
1476.N,D,20170510,000000,111.41,111.41,111.41,111.41,0,0
1476.N,D,20170511,000000,110.62,110.62,110.62,110.62,0,0
1476.N,D,20170512,000000,110.41,110.41,110.41,110.41,0,0
1476.N,D,20170515,000000,111.15,111.15,111.15,111.15,0,0
1476.N,D,20170516,000000,110.17,110.17,110.17,110.17,0,0
1476.N,D,20170517,000000,107.97,107.97,107.97,107.97,0,0
1476.N,D,20170518,000000,107.56,107.56,107.56,107.56,0,0
1476.N,D,20170519,000000,109.1,109.1,109.1,109.1,0,0
1476.N,D,20170522,000000,108.85,108.85,108.85,108.85,0,0
1476.N,D,20170523,000000,108.76,108.76,108.76,108.76,0,0
1476.N,D,20170524,000000,109.41,109.41,109.41,109.41,0,0
1476.N,D,20170525,000000,109.6,109.6,109.6,109.6,0,0
1476.N,D,20170526,000000,108.96,108.96,108.96,108.96,0,0
1476.N,D,20170529,000000,109.06,109.06,109.06,109.06,0,0
1476.N,D,20170530,000000,108.83,108.83,108.83,108.83,0,0
1476.N,D,20170531,000000,107.67,107.67,107.67,107.67,0,0
1476.N,D,20170601,000000,108.2,108.2,108.2,108.2,0,0
1476.N,D,20170602,000000,109.01,109.01,109.01,109.01,0,0
1476.N,D,20170605,000000,108.09,108.09,108.09,108.09,0,0
1476.N,D,20170606,000000,108.58,108.58,108.58,108.58,0,0
1476.N,D,20170607,000000,108.68,108.68,108.68,108.68,0,0
1476.N,D,20170608,000000,109.12,109.12,109.12,109.12,0,0
1476.N,D,20170609,000000,109.15,109.15,109.15,109.15,0,0
1476.N,D,20170612,000000,108.32,108.32,108.32,108.32,0,0
1476.N,D,20170613,000000,108.35,108.35,108.35,108.35,0,0
1476.N,D,20170614,000000,108.7,108.7,108.7,108.7,0,0
1476.N,D,20170616,000000,108.82,108.82,108.82,108.82,0,0
1476.N,D,20170619,000000,109.33,109.33,109.33,109.33,0,0
1476.N,D,20170620,000000,109.21,109.21,109.21,109.21,0,0
1476.N,D,20170621,000000,110.19,110.19,110.19,110.19,0,0
1476.N,D,20170622,000000,109.93,109.93,109.93,109.93,0,0
1476.N,D,20170623,000000,109.4,109.4,109.4,109.4,0,0
1476.N,D,20170626,000000,109.69,109.69,109.69,109.69,0,0
1476.N,D,20170627,000000,109.37,109.37,109.37,109.37,0,0
1476.N,D,20170628,000000,108.74,108.74,108.74,108.74,0,0
1476.N,D,20170629,000000,108.73,108.73,108.73,108.73,0,0
1476.N,D,20170630,000000,107.92,107.92,107.92,107.92,0,0
1476.N,D,20170703,000000,108.11,108.11,108.11,108.11,0,0
1476.N,D,20170704,000000,107.98,107.98,107.98,107.98,0,0
1476.N,D,20170705,000000,107.88,107.88,107.88,107.88,0,0
1476.N,D,20170706,000000,107.64,107.64,107.64,107.64,0,0
1476.N,D,20170707,000000,106.99,106.99,106.99,106.99,0,0
1476.N,D,20170710,000000,107.86,107.86,107.86,107.86,0,0
1476.N,D,20170711,000000,107.8,107.8,107.8,107.8,0,0
1476.N,D,20170712,000000,108.48,108.48,108.48,108.48,0,0
1476.N,D,20170713,000000,108.81,108.81,108.81,108.81,0,0
1476.N,D,20170714,000000,109.08,109.08,109.08,109.08,0,0
1476.N,D,20170717,000000,109.41,109.41,109.41,109.41,0,0
1476.N,D,20170718,000000,108.85,108.85,108.85,108.85,0,0
1476.N,D,20170719,000000,109.43,109.43,109.43,109.43,0,0
1476.N,D,20170720,000000,109.45,109.45,109.45,109.45,0,0
1476.N,D,20170721,000000,108.98,108.98,108.98,108.98,0,0
1476.N,D,20170724,000000,108.98,108.98,108.98,108.98,0,0
1476.N,D,20170725,000000,109.58,109.58,109.58,109.58,0,0
1476.N,D,20170726,000000,110.01,110.01,110.01,110.01,0,0
1476.N,D,20170727,000000,110.27,110.27,110.27,110.27,0,0
1476.N,D,20170728,000000,110.09,110.09,110.09,110.09,0,0
1476.N,D,20170731,000000,109.59,109.59,109.59,109.59,0,0
1476.N,D,20170801,000000,109.55,109.55,109.55,109.55,0,0
1476.N,D,20170802,000000,109.34,109.34,109.34,109.34,0,0
1476.N,D,20170803,000000,109.68,109.68,109.68,109.68,0,0
1476.N,D,20170804,000000,109.71,109.71,109.71,109.71,0,0
1476.N,D,20170807,000000,110.03,110.03,110.03,110.03,0,0
1476.N,D,20170808,000000,110.06,110.06,110.06,110.06,0,0
1476.N,D,20170809,000000,109.72,109.72,109.72,109.72,0,0
1476.N,D,20170810,000000,108.67,108.67,108.67,108.67,0,0
1476.N,D,20170811,000000,108.23,108.23,108.23,108.23,0,0
1476.N,D,20170814,000000,108.98,108.98,108.98,108.98,0,0
1476.N,D,20170816,000000,108.02,108.02,108.02,108.02,0,0
1476.N,D,20170817,000000,108.11,108.11,108.11,108.11,0,0
1476.N,D,20170818,000000,108.61,108.61,108.61,108.61,0,0
1476.N,D,20170821,000000,108.59,108.59,108.59,108.59,0,0
1476.N,D,20170822,000000,108.9,108.9,108.9,108.9,0,0
1476.N,D,20170823,000000,109.22,109.22,109.22,109.22,0,0
1476.N,D,20170824,000000,109.88,109.88,109.88,109.88,0,0
1476.N,D,20170825,000000,109.53,109.53,109.53,109.53,0,0
1476.N,D,20170828,000000,109.76,109.76,109.76,109.76,0,0
1476.N,D,20170829,000000,108.94,108.94,108.94,108.94,0,0
1476.N,D,20170830,000000,109.26,109.26,109.26,109.26,0,0
1476.N,D,20170831,000000,109.7,109.7,109.7,109.7,0,0
1476.N,D,20170901,000000,109.97,109.97,109.97,109.97,0,0
1476.N,D,20170904,000000,109.95,109.95,109.95,109.95,0,0
1476.N,D,20170905,000000,108.96,108.96,108.96,108.96,0,0
1476.N,D,20170906,000000,109.55,109.55,109.55,109.55,0,0
1476.N,D,20170907,000000,109.7,109.7,109.7,109.7,0,0
1476.N,D,20170908,000000,109.31,109.31,109.31,109.31,0,0
1476.N,D,20170911,000000,110.07,110.07,110.07,110.07,0,0
1476.N,D,20170912,000000,110.65,110.65,110.65,110.65,0,0
1476.N,D,20170913,000000,111.01,111.01,111.01,111.01,0,0
1476.N,D,20170914,000000,111.66,111.66,111.66,111.66,0,0
1476.N,D,20170915,000000,111.75,111.75,111.75,111.75,0,0
1476.N,D,20170918,000000,112.34,112.34,112.34,112.34,0,0
1476.N,D,20170919,000000,112.7,112.7,112.7,112.7,0,0
1476.N,D,20170920,000000,112.19,112.19,112.19,112.19,0,0
1476.N,D,20170921,000000,111.74,111.74,111.74,111.74,0,0
1476.N,D,20170922,000000,112.3,112.3,112.3,112.3,0,0
1476.N,D,20170925,000000,111.98,111.98,111.98,111.98,0,0
1476.N,D,20170926,000000,111.66,111.66,111.66,111.66,0,0
1476.N,D,20170927,000000,112.34,112.34,112.34,112.34,0,0
1476.N,D,20170928,000000,112.96,112.96,112.96,112.96,0,0
1476.N,D,20170929,000000,112.68,112.68,112.68,112.68,0,0
1476.N,D,20171002,000000,113.34,113.34,113.34,113.34,0,0
1476.N,D,20171003,000000,113.4,113.4,113.4,113.4,0,0
1476.N,D,20171004,000000,112.78,112.78,112.78,112.78,0,0
1476.N,D,20171005,000000,112.99,112.99,112.99,112.99,0,0
1476.N,D,20171006,000000,112.77,112.77,112.77,112.77,0,0
1476.N,D,20171009,000000,113.92,113.92,113.92,113.92,0,0
1476.N,D,20171010,000000,113.32,113.32,113.32,113.32,0,0
1476.N,D,20171011,000000,114.29,114.29,114.29,114.29,0,0
1476.N,D,20171012,000000,114.39,114.39,114.39,114.39,0,0
1476.N,D,20171013,000000,114.02,114.02,114.02,114.02,0,0
1476.N,D,20171016,000000,113.93,113.93,113.93,113.93,0,0
1476.N,D,20171017,000000,113.08,113.08,113.08,113.08,0,0
1476.N,D,20171018,000000,112.95,112.95,112.95,112.95,0,0
1476.N,D,20171019,000000,112.68,112.68,112.68,112.68,0,0
1476.N,D,20171020,000000,112.64,112.64,112.64,112.64,0,0
1476.N,D,20171023,000000,112.58,112.58,112.58,112.58,0,0
1476.N,D,20171024,000000,112.67,112.67,112.67,112.67,0,0
1476.N,D,20171025,000000,113.06,113.06,113.06,113.06,0,0
1476.N,D,20171026,000000,112.87,112.87,112.87,112.87,0,0
1476.N,D,20171027,000000,114.07,114.07,114.07,114.07,0,0
1476.N,D,20171030,000000,114.55,114.55,114.55,114.55,0,0
1476.N,D,20171031,000000,114.62,114.62,114.62,114.62,0,0
1476.N,D,20171102,000000,115.02,115.02,115.02,115.02,0,0
1476.N,D,20171103,000000,114.25,114.25,114.25,114.25,0,0
1476.N,D,20171106,000000,114.42,114.42,114.42,114.42,0,0
1476.N,D,20171107,000000,113.9,113.9,113.9,113.9,0,0
1476.N,D,20171108,000000,112.65,112.65,112.65,112.65,0,0
1476.N,D,20171109,000000,111.36,111.36,111.36,111.36,0,0
1476.N,D,20171110,000000,110.9,110.9,110.9,110.9,0,0
1476.N,D,20171113,000000,110.43,110.43,110.43,110.43,0,0
1476.N,D,20171114,000000,110.4,110.4,110.4,110.4,0,0
1476.N,D,20171115,000000,108.8,108.8,108.8,108.8,0,0
1476.N,D,20171116,000000,109.14,109.14,109.14,109.14,0,0
1476.N,D,20171117,000000,109.95,109.95,109.95,109.95,0,0
1476.N,D,20171120,000000,109.64,109.64,109.64,109.64,0,0
1476.N,D,20171121,000000,110.18,110.18,110.18,110.18,0,0
1476.N,D,20171122,000000,110.5,110.5,110.5,110.5,0,0
1476.N,D,20171123,000000,110.12,110.12,110.12,110.12,0,0
1476.N,D,20171124,000000,110.8,110.8,110.8,110.8,0,0
1476.N,D,20171127,000000,110.4,110.4,110.4,110.4,0,0
1476.N,D,20171129,000000,110.18,110.18,110.18,110.18,0,0
1476.N,D,20171130,000000,109.5,109.5,109.5,109.5,0,0
1476.N,D,20171201,000000,107.48,107.48,107.48,107.48,0,0
1476.N,D,20171204,000000,107.57,107.57,107.57,107.57,0,0
1476.N,D,20171205,000000,107.15,107.15,107.15,107.15,0,0
1476.N,D,20171206,000000,106.68,106.68,106.68,106.68,0,0
1476.N,D,20171207,000000,108.04,108.04,108.04,108.04,0,0
1476.N,D,20171208,000000,108.11,108.11,108.11,108.11,0,0
1476.N,D,20171211,000000,107.54,107.54,107.54,107.54,0,0
1476.N,D,20171212,000000,107.89,107.89,107.89,107.89,0,0
1476.N,D,20171213,000000,107.96,107.96,107.96,107.96,0,0
1476.N,D,20171214,000000,108.05,108.05,108.05,108.05,0,0
1476.N,D,20171215,000000,107.9,107.9,107.9,107.9,0,0
1476.N,D,20171218,000000,108.75,108.75,108.75,108.75,0,0
1476.N,D,20171219,000000,108.4,108.4,108.4,108.4,0,0
1476.N,D,20171220,000000,108.27,108.27,108.27,108.27,0,0
1476.N,D,20171221,000000,108.69,108.69,108.69,108.69,0,0
1476.N,D,20171222,000000,108.83,108.83,108.83,108.83,0,0
1476.N,D,20171227,000000,109.23,109.23,109.23,109.23,0,0
1476.N,D,20171228,000000,109.06,109.06,109.06,109.06,0,0
1476.N,D,20171229,000000,108.7,108.7,108.7,108.7,0,0
1476.N,D,20180103,000000,110.24,110.24,110.24,110.24,0,0
1476.N,D,20180104,000000,111.12,111.12,111.12,111.12,0,0
1476.N,D,20180105,000000,111.17,111.17,111.17,111.17,0,0
1476.N,D,20180108,000000,111.91,111.91,111.91,111.91,0,0
1476.N,D,20180109,000000,112.53,112.53,112.53,112.53,0,0
1476.N,D,20180110,000000,112,112,112,112,0,0
1476.N,D,20180111,000000,112.06,112.06,112.06,112.06,0,0
1476.N,D,20180112,000000,112.01,112.01,112.01,112.01,0,0
1476.N,D,20180115,000000,111.67,111.67,111.67,111.67,0,0
1476.N,D,20180116,000000,112.42,112.42,112.42,112.42,0,0
1476.N,D,20180117,000000,112.97,112.97,112.97,112.97,0,0
1476.N,D,20180118,000000,112.95,112.95,112.95,112.95,0,0
1476.N,D,20180119,000000,113.95,113.95,113.95,113.95,0,0
1476.N,D,20180122,000000,114.39,114.39,114.39,114.39,0,0
1476.N,D,20180123,000000,114.88,114.88,114.88,114.88,0,0
1476.N,D,20180124,000000,113.51,113.51,113.51,113.51,0,0
1476.N,D,20180125,000000,112.36,112.36,112.36,112.36,0,0
1476.N,D,20180126,000000,113.03,113.03,113.03,113.03,0,0
1476.N,D,20180129,000000,112.88,112.88,112.88,112.88,0,0
1476.N,D,20180130,000000,111.93,111.93,111.93,111.93,0,0
1476.N,D,20180131,000000,112.35,112.35,112.35,112.35,0,0
1476.N,D,20180201,000000,112.13,112.13,112.13,112.13,0,0
1476.N,D,20180202,000000,111.25,111.25,111.25,111.25,0,0
1476.N,D,20180205,000000,109.38,109.38,109.38,109.38,0,0
1476.N,D,20180206,000000,106.06,106.06,106.06,106.06,0,0
1476.N,D,20180207,000000,108.27,108.27,108.27,108.27,0,0
1476.N,D,20180208,000000,106.94,106.94,106.94,106.94,0,0
1476.N,D,20180209,000000,106.33,106.33,106.33,106.33,0,0
1476.N,D,20180212,000000,107.27,107.27,107.27,107.27,0,0
1476.N,D,20180213,000000,107.55,107.55,107.55,107.55,0,0
1476.N,D,20180214,000000,108.05,108.05,108.05,108.05,0,0
1476.N,D,20180215,000000,107.91,107.91,107.91,107.91,0,0
1476.N,D,20180216,000000,108.43,108.43,108.43,108.43,0,0
1476.N,D,20180219,000000,108.04,108.04,108.04,108.04,0,0
1476.N,D,20180220,000000,107.99,107.99,107.99,107.99,0,0
1476.N,D,20180221,000000,107.95,107.95,107.95,107.95,0,0
1476.N,D,20180222,000000,108.22,108.22,108.22,108.22,0,0
1476.N,D,20180223,000000,108.19,108.19,108.19,108.19,0,0
1476.N,D,20180226,000000,108.39,108.39,108.39,108.39,0,0
1476.N,D,20180227,000000,108.24,108.24,108.24,108.24,0,0
1476.N,D,20180228,000000,107.7,107.7,107.7,107.7,0,0
1476.N,D,20180301,000000,106.86,106.86,106.86,106.86,0,0
1476.N,D,20180302,000000,105.84,105.84,105.84,105.84,0,0
1476.N,D,20180305,000000,105.4,105.4,105.4,105.4,0,0
1476.N,D,20180306,000000,105.67,105.67,105.67,105.67,0,0
1476.N,D,20180307,000000,106.11,106.11,106.11,106.11,0,0
1476.N,D,20180308,000000,106.34,106.34,106.34,106.34,0,0
1476.N,D,20180309,000000,106.6,106.6,106.6,106.6,0,0
1476.N,D,20180312,000000,107.45,107.45,107.45,107.45,0,0
1476.N,D,20180313,000000,106.97,106.97,106.97,106.97,0,0
1476.N,D,20180314,000000,107.12,107.12,107.12,107.12,0,0
1476.N,D,20180315,000000,107.28,107.28,107.28,107.28,0,0
1476.N,D,20180316,000000,107.29,107.29,107.29,107.29,0,0
1476.N,D,20180319,000000,106.43,106.43,106.43,106.43,0,0
1476.N,D,20180320,000000,107.13,107.13,107.13,107.13,0,0
1476.N,D,20180321,000000,108.55,108.55,108.55,108.55,0,0
1476.N,D,20180322,000000,106.91,106.91,106.91,106.91,0,0
1476.N,D,20180323,000000,106.49,106.49,106.49,106.49,0,0
1476.N,D,20180326,000000,106.2,106.2,106.2,106.2,0,0
1476.N,D,20180327,000000,105.92,105.92,105.92,105.92,0,0
1476.N,D,20180328,000000,104.76,104.76,104.76,104.76,0,0
1476.N,D,20180329,000000,105.52,105.52,105.52,105.52,0,0
1476.N,D,20180403,000000,105.44,105.44,105.44,105.44,0,0
1476.N,D,20180404,000000,104.82,104.82,104.82,104.82,0,0
1476.N,D,20180405,000000,106.02,106.02,106.02,106.02,0,0
1476.N,D,20180406,000000,105.07,105.07,105.07,105.07,0,0
1476.N,D,20180409,000000,105.03,105.03,105.03,105.03,0,0
1476.N,D,20180410,000000,104.86,104.86,104.86,104.86,0,0
1476.N,D,20180411,000000,104.5,104.5,104.5,104.5,0,0
1476.N,D,20180412,000000,104.97,104.97,104.97,104.97,0,0
1476.N,D,20180413,000000,105.43,105.43,105.43,105.43,0,0
1476.N,D,20180416,000000,104.92,104.92,104.92,104.92,0,0
1476.N,D,20180417,000000,104.81,104.81,104.81,104.81,0,0
1476.N,D,20180418,000000,105.38,105.38,105.38,105.38,0,0
1476.N,D,20180419,000000,105.82,105.82,105.82,105.82,0,0
1476.N,D,20180420,000000,105.61,105.61,105.61,105.61,0,0
1476.N,D,20180423,000000,105.45,105.45,105.45,105.45,0,0
1476.N,D,20180424,000000,105.38,105.38,105.38,105.38,0,0
1476.N,D,20180425,000000,104.7,104.7,104.7,104.7,0,0
1476.N,D,20180426,000000,105.27,105.27,105.27,105.27,0,0
1476.N,D,20180427,000000,105.75,105.75,105.75,105.75,0,0
1476.N,D,20180430,000000,105.2,105.2,105.2,105.2,0,0
1476.N,D,20180502,000000,105.63,105.63,105.63,105.63,0,0
1476.N,D,20180504,000000,104.74,104.74,104.74,104.74,0,0
1476.N,D,20180507,000000,104.39,104.39,104.39,104.39,0,0
1476.N,D,20180508,000000,104.59,104.59,104.59,104.59,0,0
1476.N,D,20180509,000000,104.91,104.91,104.91,104.91,0,0
1476.N,D,20180510,000000,106.61,106.61,106.61,106.61,0,0
1476.N,D,20180511,000000,106.56,106.56,106.56,106.56,0,0
1476.N,D,20180514,000000,106.93,106.93,106.93,106.93,0,0
1476.N,D,20180515,000000,105.36,105.36,105.36,105.36,0,0
1476.N,D,20180516,000000,106.83,106.83,106.83,106.83,0,0
1476.N,D,20180517,000000,105.98,105.98,105.98,105.98,0,0
1476.N,D,20180518,000000,104.82,104.82,104.82,104.82,0,0
1476.N,D,20180521,000000,105.12,105.12,105.12,105.12,0,0
1476.N,D,20180522,000000,105.99,105.99,105.99,105.99,0,0
1476.N,D,20180523,000000,105.3,105.3,105.3,105.3,0,0
1476.N,D,20180524,000000,104.84,104.84,104.84,104.84,0,0
1476.N,D,20180525,000000,106.06,106.06,106.06,106.06,0,0
1476.N,D,20180528,000000,105.94,105.94,105.94,105.94,0,0
1476.N,D,20180529,000000,104.89,104.89,104.89,104.89,0,0
1476.N,D,20180530,000000,103.98,103.98,103.98,103.98,0,0
1476.N,D,20180601,000000,105.34,105.34,105.34,105.34,0,0
1476.N,D,20180604,000000,106.42,106.42,106.42,106.42,0,0
1476.N,D,20180605,000000,106.01,106.01,106.01,106.01,0,0
1476.N,D,20180606,000000,106.39,106.39,106.39,106.39,0,0
1476.N,D,20180607,000000,105.77,105.77,105.77,105.77,0,0
1476.N,D,20180608,000000,104.91,104.91,104.91,104.91,0,0
1476.N,D,20180611,000000,105.19,105.19,105.19,105.19,0,0
1476.N,D,20180612,000000,105.13,105.13,105.13,105.13,0,0
1476.N,D,20180613,000000,105.14,105.14,105.14,105.14,0,0
1476.N,D,20180614,000000,104.82,104.82,104.82,104.82,0,0
1476.N,D,20180615,000000,102.96,102.96,102.96,102.96,0,0
1476.N,D,20180618,000000,102.11,102.11,102.11,102.11,0,0
1476.N,D,20180619,000000,101.21,101.21,101.21,101.21,0,0
1476.N,D,20180620,000000,102.11,102.11,102.11,102.11,0,0
1476.N,D,20180621,000000,100.75,100.75,100.75,100.75,0,0
1476.N,D,20180622,000000,101.26,101.26,101.26,101.26,0,0
1476.N,D,20180625,000000,99.19,99.19,99.19,99.19,0,0
1476.N,D,20180626,000000,99.4,99.4,99.4,99.4,0,0
1476.N,D,20180627,000000,98.88,98.88,98.88,98.88,0,0
1476.N,D,20180628,000000,98.14,98.14,98.14,98.14,0,0
1476.N,D,20180629,000000,99.94,99.94,99.94,99.94,0,0
1476.N,D,20180702,000000,98.59,98.59,98.59,98.59,0,0
1476.N,D,20180703,000000,99.17,99.17,99.17,99.17,0,0
1476.N,D,20180704,000000,98.56,98.56,98.56,98.56,0,0
1476.N,D,20180705,000000,98.37,98.37,98.37,98.37,0,0
1476.N,D,20180706,000000,99.31,99.31,99.31,99.31,0,0
1476.N,D,20180709,000000,100.68,100.68,100.68,100.68,0,0
1476.N,D,20180710,000000,100.53,100.53,100.53,100.53,0,0
1476.N,D,20180711,000000,99.31,99.31,99.31,99.31,0,0
1476.N,D,20180712,000000,100.49,100.49,100.49,100.49,0,0
1476.N,D,20180713,000000,100.69,100.69,100.69,100.69,0,0
1476.N,D,20180716,000000,99.74,99.74,99.74,99.74,0,0
1476.N,D,20180717,000000,100.55,100.55,100.55,100.55,0,0
1476.N,D,20180718,000000,100.58,100.58,100.58,100.58,0,0
1476.N,D,20180719,000000,99.75,99.75,99.75,99.75,0,0
1476.N,D,20180720,000000,100.81,100.81,100.81,100.81,0,0
1476.N,D,20180723,000000,100.19,100.19,100.19,100.19,0,0
1476.N,D,20180724,000000,101.81,101.81,101.81,101.81,0,0
1476.N,D,20180725,000000,102.31,102.31,102.31,102.31,0,0
1476.N,D,20180726,000000,102.54,102.54,102.54,102.54,0,0
1476.N,D,20180727,000000,102.76,102.76,102.76,102.76,0,0
1476.N,D,20180730,000000,102.08,102.08,102.08,102.08,0,0
1476.N,D,20180731,000000,102.28,102.28,102.28,102.28,0,0
1476.N,D,20180801,000000,102.11,102.11,102.11,102.11,0,0
1476.N,D,20180802,000000,100.55,100.55,100.55,100.55,0,0
1476.N,D,20180803,000000,101.78,101.78,101.78,101.78,0,0
1476.N,D,20180806,000000,101.3,101.3,101.3,101.3,0,0
1476.N,D,20180807,000000,102.43,102.43,102.43,102.43,0,0
1476.N,D,20180808,000000,102,102,102,102,0,0
1476.N,D,20180809,000000,102.3,102.3,102.3,102.3,0,0
1476.N,D,20180810,000000,100.75,100.75,100.75,100.75,0,0
1476.N,D,20180813,000000,99.3,99.3,99.3,99.3,0,0
1476.N,D,20180814,000000,99.49,99.49,99.49,99.49,0,0
1476.N,D,20180816,000000,98.21,98.21,98.21,98.21,0,0
1476.N,D,20180817,000000,97.39,97.39,97.39,97.39,0,0
1476.N,D,20180820,000000,98.41,98.41,98.41,98.41,0,0
1476.N,D,20180821,000000,99.38,99.38,99.38,99.38,0,0
1476.N,D,20180822,000000,99.84,99.84,99.84,99.84,0,0
1476.N,D,20180823,000000,99.23,99.23,99.23,99.23,0,0
1476.N,D,20180824,000000,99.99,99.99,99.99,99.99,0,0
1476.N,D,20180827,000000,100.77,100.77,100.77,100.77,0,0
1476.N,D,20180828,000000,100.95,100.95,100.95,100.95,0,0
1476.N,D,20180829,000000,101.08,101.08,101.08,101.08,0,0
1476.N,D,20180830,000000,99.42,99.42,99.42,99.42,0,0
1476.N,D,20180831,000000,99.38,99.38,99.38,99.38,0,0
1476.N,D,20180903,000000,99.34,99.34,99.34,99.34,0,0
1476.N,D,20180904,000000,98.34,98.34,98.34,98.34,0,0
1476.N,D,20180905,000000,96.64,96.64,96.64,96.64,0,0
1476.N,D,20180906,000000,96.44,96.44,96.44,96.44,0,0
1476.N,D,20180907,000000,96.92,96.92,96.92,96.92,0,0
1476.N,D,20180910,000000,95.66,95.66,95.66,95.66,0,0
1476.N,D,20180911,000000,94.99,94.99,94.99,94.99,0,0
1476.N,D,20180912,000000,95.99,95.99,95.99,95.99,0,0
1476.N,D,20180913,000000,96.6,96.6,96.6,96.6,0,0
1476.N,D,20180914,000000,97.3,97.3,97.3,97.3,0,0
1476.N,D,20180917,000000,96.15,96.15,96.15,96.15,0,0
1476.N,D,20180918,000000,96.72,96.72,96.72,96.72,0,0
1476.N,D,20180919,000000,97.75,97.75,97.75,97.75,0,0
1476.N,D,20180920,000000,97.98,97.98,97.98,97.98,0,0
1476.N,D,20180921,000000,99.06,99.06,99.06,99.06,0,0
1476.N,D,20180924,000000,97.76,97.76,97.76,97.76,0,0
1476.N,D,20180925,000000,98.04,98.04,98.04,98.04,0,0
1476.N,D,20180926,000000,98.72,98.72,98.72,98.72,0,0
1476.N,D,20180927,000000,99.23,99.23,99.23,99.23,0,0
1476.N,D,20180928,000000,98.95,98.95,98.95,98.95,0,0
1476.N,D,20181001,000000,99.1,99.1,99.1,99.1,0,0
1476.N,D,20181002,000000,98.01,98.01,98.01,98.01,0,0
1476.N,D,20181003,000000,98.08,98.08,98.08,98.08,0,0
1476.N,D,20181004,000000,95.5,95.5,95.5,95.5,0,0
1476.N,D,20181005,000000,94.62,94.62,94.62,94.62,0,0
1476.N,D,20181008,000000,94.48,94.48,94.48,94.48,0,0
1476.N,D,20181009,000000,94.62,94.62,94.62,94.62,0,0
1476.N,D,20181010,000000,92.69,92.69,92.69,92.69,0,0
1476.N,D,20181011,000000,91.13,91.13,91.13,91.13,0,0
1476.N,D,20181012,000000,93.12,93.12,93.12,93.12,0,0
1476.N,D,20181015,000000,92.69,92.69,92.69,92.69,0,0
1476.N,D,20181016,000000,93.86,93.86,93.86,93.86,0,0
1476.N,D,20181017,000000,93.62,93.62,93.62,93.62,0,0
1476.N,D,20181018,000000,92.03,92.03,92.03,92.03,0,0
1476.N,D,20181019,000000,92.57,92.57,92.57,92.57,0,0
1476.N,D,20181022,000000,93.34,93.34,93.34,93.34,0,0
1476.N,D,20181023,000000,91.37,91.37,91.37,91.37,0,0
1476.N,D,20181024,000000,90.91,90.91,90.91,90.91,0,0
1476.N,D,20181025,000000,91.53,91.53,91.53,91.53,0,0
1476.N,D,20181026,000000,89.88,89.88,89.88,89.88,0,0
1476.N,D,20181029,000000,89.91,89.91,89.91,89.91,0,0
1476.N,D,20181030,000000,90.08,90.08,90.08,90.08,0,0
1476.N,D,20181031,000000,91.65,91.65,91.65,91.65,0,0
1476.N,D,20181102,000000,94.81,94.81,94.81,94.81,0,0
1476.N,D,20181105,000000,94.68,94.68,94.68,94.68,0,0
1476.N,D,20181106,000000,94.48,94.48,94.48,94.48,0,0
1476.N,D,20181107,000000,95.49,95.49,95.49,95.49,0,0
1476.N,D,20181108,000000,94.79,94.79,94.79,94.79,0,0
1476.N,D,20181109,000000,92.74,92.74,92.74,92.74,0,0
1476.N,D,20181113,000000,93.3,93.3,93.3,93.3,0,0
1476.N,D,20181114,000000,92.78,92.78,92.78,92.78,0,0
1476.N,D,20181115,000000,94.37,94.37,94.37,94.37,0,0
1476.N,D,20181116,000000,94.31,94.31,94.31,94.31,0,0
1476.N,D,20181119,000000,93.99,93.99,93.99,93.99,0,0
1476.N,D,20181120,000000,92.57,92.57,92.57,92.57,0,0
1476.N,D,20181121,000000,94.1,94.1,94.1,94.1,0,0
1476.N,D,20181122,000000,93.16,93.16,93.16,93.16,0,0
1476.N,D,20181123,000000,93.08,93.08,93.08,93.08,0,0
1476.N,D,20181126,000000,93.97,93.97,93.97,93.97,0,0
1476.N,D,20181127,000000,94.29,94.29,94.29,94.29,0,0
1476.N,D,20181128,000000,94.86,94.86,94.86,94.86,0,0
1476.N,D,20181129,000000,95.72,95.72,95.72,95.72,0,0
1476.N,D,20181130,000000,95.41,95.41,95.41,95.41,0,0
1476.N,D,20181203,000000,97.34,97.34,97.34,97.34,0,0
1476.N,D,20181204,000000,97.12,97.12,97.12,97.12,0,0
1476.N,D,20181205,000000,95.87,95.87,95.87,95.87,0,0
1476.N,D,20181206,000000,92.72,92.72,92.72,92.72,0,0
1476.N,D,20181207,000000,93.81,93.81,93.81,93.81,0,0
1476.N,D,20181210,000000,91.52,91.52,91.52,91.52,0,0
1476.N,D,20181211,000000,93.07,93.07,93.07,93.07,0,0
1476.N,D,20181212,000000,94.63,94.63,94.63,94.63,0,0
1476.N,D,20181213,000000,94.42,94.42,94.42,94.42,0,0
1476.N,D,20181214,000000,93.84,93.84,93.84,93.84,0,0
1476.N,D,20181217,000000,93.25,93.25,93.25,93.25,0,0
1476.N,D,20181218,000000,92.72,92.72,92.72,92.72,0,0
1476.N,D,20181219,000000,93.1,93.1,93.1,93.1,0,0
1476.N,D,20181220,000000,92.03,92.03,92.03,92.03,0,0
1476.N,D,20181221,000000,92.03,92.03,92.03,92.03,0,0
1476.N,D,20181227,000000,91.21,91.21,91.21,91.21,0,0
1476.N,D,20181228,000000,92.42,92.42,92.42,92.42,0,0
1476.N,D,20190102,000000,92.6,92.6,92.6,92.6,0,0
1476.N,D,20190103,000000,91.2,91.2,91.2,91.2,0,0
1476.N,D,20190104,000000,93.35,93.35,93.35,93.35,0,0
1476.N,D,20190107,000000,93.29,93.29,93.29,93.29,0,0
1476.N,D,20190108,000000,93.44,93.44,93.44,93.44,0,0
1476.N,D,20190109,000000,95.09,95.09,95.09,95.09,0,0
1476.N,D,20190110,000000,95.39,95.39,95.39,95.39,0,0
1476.N,D,20190111,000000,95.5,95.5,95.5,95.5,0,0
1476.N,D,20190114,000000,94.68,94.68,94.68,94.68,0,0
1476.N,D,20190115,000000,95.8,95.8,95.8,95.8,0,0
1476.N,D,20190116,000000,95.43,95.43,95.43,95.43,0,0
1476.N,D,20190117,000000,95.1,95.1,95.1,95.1,0,0
1476.N,D,20190118,000000,96.43,96.43,96.43,96.43,0,0
1476.N,D,20190121,000000,95.91,95.91,95.91,95.91,0,0
1476.N,D,20190122,000000,95.03,95.03,95.03,95.03,0,0
1476.N,D,20190123,000000,94.95,94.95,94.95,94.95,0,0
1476.N,D,20190124,000000,96.13,96.13,96.13,96.13,0,0
1476.N,D,20190125,000000,97.18,97.18,97.18,97.18,0,0
1476.N,D,20190128,000000,95.84,95.84,95.84,95.84,0,0
1476.N,D,20190129,000000,96.28,96.28,96.28,96.28,0,0
1476.N,D,20190130,000000,96.84,96.84,96.84,96.84,0,0
1476.N,D,20190131,000000,98.68,98.68,98.68,98.68,0,0
1476.N,D,20190201,000000,98.35,98.35,98.35,98.35,0,0
1476.N,D,20190204,000000,98.74,98.74,98.74,98.74,0,0
1476.N,D,20190205,000000,99.81,99.81,99.81,99.81,0,0
1476.N,D,20190206,000000,99.38,99.38,99.38,99.38,0,0
1476.N,D,20190207,000000,97.63,97.63,97.63,97.63,0,0
1476.N,D,20190208,000000,97.14,97.14,97.14,97.14,0,0
1476.N,D,20190211,000000,97.92,97.92,97.92,97.92,0,0
1476.N,D,20190212,000000,98.53,98.53,98.53,98.53,0,0
1476.N,D,20190213,000000,97.97,97.97,97.97,97.97,0,0
1476.N,D,20190214,000000,97.43,97.43,97.43,97.43,0,0
1476.N,D,20190215,000000,97.94,97.94,97.94,97.94,0,0
1476.N,D,20190218,000000,97.89,97.89,97.89,97.89,0,0
1476.N,D,20190219,000000,97.84,97.84,97.84,97.84,0,0
1476.N,D,20190220,000000,99.03,99.03,99.03,99.03,0,0
1476.N,D,20190221,000000,98.14,98.14,98.14,98.14,0,0
1476.N,D,20190222,000000,99.71,99.71,99.71,99.71,0,0
1476.N,D,20190225,000000,100.88,100.88,100.88,100.88,0,0
1476.N,D,20190226,000000,99.95,99.95,99.95,99.95,0,0
1476.N,D,20190227,000000,98.91,98.91,98.91,98.91,0,0
1476.N,D,20190228,000000,97.9,97.9,97.9,97.9,0,0
1476.N,D,20190301,000000,97.94,97.94,97.94,97.94,0,0
1476.N,D,20190304,000000,98.13,98.13,98.13,98.13,0,0
1476.N,D,20190305,000000,99.51,99.51,99.51,99.51,0,0
1476.N,D,20190306,000000,99.29,99.29,99.29,99.29,0,0
1476.N,D,20190307,000000,98.05,98.05,98.05,98.05,0,0
1476.N,D,20190308,000000,96.71,96.71,96.71,96.71,0,0
1476.N,D,20190311,000000,98.54,98.54,98.54,98.54,0,0
1476.N,D,20190312,000000,98.88,98.88,98.88,98.88,0,0
1476.N,D,20190313,000000,98.54,98.54,98.54,98.54,0,0
1476.N,D,20190314,000000,98.06,98.06,98.06,98.06,0,0
1476.N,D,20190315,000000,99.4,99.4,99.4,99.4,0,0
1476.N,D,20190318,000000,100.14,100.14,100.14,100.14,0,0
1476.N,D,20190319,000000,100.64,100.64,100.64,100.64,0,0
1476.N,D,20190320,000000,99.64,99.64,99.64,99.64,0,0
1476.N,D,20190321,000000,100.2,100.2,100.2,100.2,0,0
1476.N,D,20190322,000000,98.51,98.51,98.51,98.51,0,0
1476.N,D,20190325,000000,98.34,98.34,98.34,98.34,0,0
1476.N,D,20190326,000000,98.5,98.5,98.5,98.5,0,0
1476.N,D,20190327,000000,97.81,97.81,97.81,97.81,0,0
1476.N,D,20190328,000000,98.1,98.1,98.1,98.1,0,0
1476.N,D,20190329,000000,99.68,99.68,99.68,99.68,0,0
1476.N,D,20190401,000000,101.06,101.06,101.06,101.06,0,0
1476.N,D,20190402,000000,101.04,101.04,101.04,101.04,0,0
1476.N,D,20190403,000000,102.01,102.01,102.01,102.01,0,0
1476.N,D,20190404,000000,102.1,102.1,102.1,102.1,0,0
1476.N,D,20190405,000000,103.01,103.01,103.01,103.01,0,0
1476.N,D,20190408,000000,102.52,102.52,102.52,102.52,0,0
1476.N,D,20190409,000000,102.6,102.6,102.6,102.6,0,0
1476.N,D,20190410,000000,103.04,103.04,103.04,103.04,0,0
1476.N,D,20190411,000000,101.96,101.96,101.96,101.96,0,0
1476.N,D,20190412,000000,102.59,102.59,102.59,102.59,0,0
1476.N,D,20190415,000000,101.76,101.76,101.76,101.76,0,0
1476.N,D,20190416,000000,102.74,102.74,102.74,102.74,0,0
1476.N,D,20190417,000000,102.93,102.93,102.93,102.93,0,0
1476.N,D,20190418,000000,103.13,103.13,103.13,103.13,0,0
1476.N,D,20190423,000000,102.97,102.97,102.97,102.97,0,0
1476.N,D,20190424,000000,102.02,102.02,102.02,102.02,0,0
1476.N,D,20190425,000000,101.64,101.64,101.64,101.64,0,0
1476.N,D,20190426,000000,102.17,102.17,102.17,102.17,0,0
1476.N,D,20190429,000000,102.23,102.23,102.23,102.23,0,0
1476.N,D,20190430,000000,101.51,101.51,101.51,101.51,0,0
1476.N,D,20190502,000000,101.32,101.32,101.32,101.32,0,0
1476.N,D,20190506,000000,100.72,100.72,100.72,100.72,0,0
1476.N,D,20190507,000000,98.77,98.77,98.77,98.77,0,0
1476.N,D,20190508,000000,98.88,98.88,98.88,98.88,0,0
1476.N,D,20190509,000000,95.56,95.56,95.56,95.56,0,0
1476.N,D,20190510,000000,96.25,96.25,96.25,96.25,0,0
1476.N,D,20190513,000000,94.28,94.28,94.28,94.28,0,0
1476.N,D,20190514,000000,95.89,95.89,95.89,95.89,0,0
1476.N,D,20190515,000000,95.9,95.9,95.9,95.9,0,0
1476.N,D,20190516,000000,96.52,96.52,96.52,96.52,0,0
1476.N,D,20190517,000000,94.7,94.7,94.7,94.7,0,0
1476.N,D,20190520,000000,93.84,93.84,93.84,93.84,0,0
1476.N,D,20190521,000000,94.67,94.67,94.67,94.67,0,0
1476.N,D,20190522,000000,94.88,94.88,94.88,94.88,0,0
1476.N,D,20190523,000000,93.66,93.66,93.66,93.66,0,0
1476.N,D,20190524,000000,93.35,93.35,93.35,93.35,0,0
1476.N,D,20190527,000000,93.68,93.68,93.68,93.68,0,0
1476.N,D,20190528,000000,93.97,93.97,93.97,93.97,0,0
1476.N,D,20190529,000000,93.84,93.84,93.84,93.84,0,0
1476.N,D,20190530,000000,94.92,94.92,94.92,94.92,0,0
1476.N,D,20190531,000000,95.29,95.29,95.29,95.29,0,0
1476.N,D,20190603,000000,96.07,96.07,96.07,96.07,0,0
1476.N,D,20190604,000000,95.58,95.58,95.58,95.58,0,0
1476.N,D,20190605,000000,95,95,95,95,0,0
1476.N,D,20190606,000000,94.82,94.82,94.82,94.82,0,0
1476.N,D,20190607,000000,95.56,95.56,95.56,95.56,0,0
1476.N,D,20190610,000000,96.13,96.13,96.13,96.13,0,0
1476.N,D,20190611,000000,97.45,97.45,97.45,97.45,0,0
1476.N,D,20190612,000000,96.59,96.59,96.59,96.59,0,0
1476.N,D,20190613,000000,96.55,96.55,96.55,96.55,0,0
1476.N,D,20190614,000000,96.26,96.26,96.26,96.26,0,0
1476.N,D,20190617,000000,96.22,96.22,96.22,96.22,0,0
1476.N,D,20190618,000000,98.53,98.53,98.53,98.53,0,0
1476.N,D,20190619,000000,98.48,98.48,98.48,98.48,0,0
1476.N,D,20190621,000000,99.68,99.68,99.68,99.68,0,0
1476.N,D,20190624,000000,99.36,99.36,99.36,99.36,0,0
1476.N,D,20190625,000000,98.8,98.8,98.8,98.8,0,0
1476.N,D,20190626,000000,99.35,99.35,99.35,99.35,0,0
1476.N,D,20190627,000000,99.68,99.68,99.68,99.68,0,0
1476.N,D,20190628,000000,99.67,99.67,99.67,99.67,0,0
1476.N,D,20190701,000000,101.21,101.21,101.21,101.21,0,0
1476.N,D,20190702,000000,101.06,101.06,101.06,101.06,0,0
1476.N,D,20190703,000000,100.71,100.71,100.71,100.71,0,0
1476.N,D,20190704,000000,101.33,101.33,101.33,101.33,0,0
1476.N,D,20190705,000000,100.62,100.62,100.62,100.62,0,0
1476.N,D,20190708,000000,100.06,100.06,100.06,100.06,0,0
1476.N,D,20190709,000000,99.77,99.77,99.77,99.77,0,0
1476.N,D,20190710,000000,100.45,100.45,100.45,100.45,0,0
1476.N,D,20190711,000000,100.33,100.33,100.33,100.33,0,0
1476.N,D,20190712,000000,100.12,100.12,100.12,100.12,0,0
1476.N,D,20190715,000000,100.69,100.69,100.69,100.69,0,0
1476.N,D,20190716,000000,101.21,101.21,101.21,101.21,0,0
1476.N,D,20190717,000000,100.76,100.76,100.76,100.76,0,0
1476.N,D,20190718,000000,100.55,100.55,100.55,100.55,0,0
1476.N,D,20190719,000000,101.03,101.03,101.03,101.03,0,0
1476.N,D,20190722,000000,100.8,100.8,100.8,100.8,0,0
1476.N,D,20190723,000000,101,101,101,101,0,0
1476.N,D,20190724,000000,101.15,101.15,101.15,101.15,0,0
1476.N,D,20190725,000000,100.52,100.52,100.52,100.52,0,0
1476.N,D,20190726,000000,100.61,100.61,100.61,100.61,0,0
1476.N,D,20190729,000000,100.38,100.38,100.38,100.38,0,0
1476.N,D,20190730,000000,99.97,99.97,99.97,99.97,0,0
1476.N,D,20190731,000000,99.84,99.84,99.84,99.84,0,0
1476.N,D,20190801,000000,99.99,99.99,99.99,99.99,0,0
1476.N,D,20190802,000000,96.32,96.32,96.32,96.32,0,0
1476.N,D,20190805,000000,93.1,93.1,93.1,93.1,0,0
1476.N,D,20190806,000000,93.31,93.31,93.31,93.31,0,0
1476.N,D,20190807,000000,93.15,93.15,93.15,93.15,0,0
1476.N,D,20190808,000000,94.97,94.97,94.97,94.97,0,0
1476.N,D,20190809,000000,94.1,94.1,94.1,94.1,0,0
1476.N,D,20190812,000000,93.3,93.3,93.3,93.3,0,0
1476.N,D,20190813,000000,94.54,94.54,94.54,94.54,0,0
1476.N,D,20190814,000000,92.58,92.58,92.58,92.58,0,0
1476.N,D,20190816,000000,93.98,93.98,93.98,93.98,0,0
1476.N,D,20190819,000000,94.7,94.7,94.7,94.7,0,0
1476.N,D,20190820,000000,94.87,94.87,94.87,94.87,0,0
1476.N,D,20190821,000000,95.32,95.32,95.32,95.32,0,0
1476.N,D,20190822,000000,94.22,94.22,94.22,94.22,0,0
1476.N,D,20190823,000000,93.21,93.21,93.21,93.21,0,0
1476.N,D,20190826,000000,93.18,93.18,93.18,93.18,0,0
1476.N,D,20190827,000000,93.55,93.55,93.55,93.55,0,0
1476.N,D,20190828,000000,93.66,93.66,93.66,93.66,0,0
1476.N,D,20190829,000000,94.58,94.58,94.58,94.58,0,0
1476.N,D,20190830,000000,95.49,95.49,95.49,95.49,0,0
1476.N,D,20190902,000000,95.67,95.67,95.67,95.67,0,0
1476.N,D,20190903,000000,95.32,95.32,95.32,95.32,0,0
1476.N,D,20190904,000000,96.44,96.44,96.44,96.44,0,0
1476.N,D,20190905,000000,97.45,97.45,97.45,97.45,0,0
1476.N,D,20190906,000000,97.96,97.96,97.96,97.96,0,0
1476.N,D,20190909,000000,98.18,98.18,98.18,98.18,0,0
1476.N,D,20190910,000000,97.78,97.78,97.78,97.78,0,0
1476.N,D,20190911,000000,98.87,98.87,98.87,98.87,0,0
1476.N,D,20190912,000000,99.58,99.58,99.58,99.58,0,0
1476.N,D,20190913,000000,99.8,99.8,99.8,99.8,0,0
1476.N,D,20190916,000000,99.57,99.57,99.57,99.57,0,0
1476.N,D,20190917,000000,98.76,98.76,98.76,98.76,0,0
1476.N,D,20190918,000000,98.66,98.66,98.66,98.66,0,0
1476.N,D,20190919,000000,98.74,98.74,98.74,98.74,0,0
1476.N,D,20190920,000000,98.88,98.88,98.88,98.88,0,0
1476.N,D,20190923,000000,98.73,98.73,98.73,98.73,0,0
1476.N,D,20190924,000000,98,98,98,98,0,0
1476.N,D,20190925,000000,97.64,97.64,97.64,97.64,0,0
1476.N,D,20190926,000000,97.94,97.94,97.94,97.94,0,0
1476.N,D,20190927,000000,98.26,98.26,98.26,98.26,0,0
1476.N,D,20190930,000000,97.82,97.82,97.82,97.82,0,0
1476.N,D,20191001,000000,97.06,97.06,97.06,97.06,0,0
1476.N,D,20191002,000000,95.95,95.95,95.95,95.95,0,0
1476.N,D,20191003,000000,96.44,96.44,96.44,96.44,0,0
1476.N,D,20191004,000000,96.99,96.99,96.99,96.99,0,0
1476.N,D,20191007,000000,96.9,96.9,96.9,96.9,0,0
1476.N,D,20191008,000000,96.4,96.4,96.4,96.4,0,0
1476.N,D,20191009,000000,96.73,96.73,96.73,96.73,0,0
1476.N,D,20191010,000000,97.66,97.66,97.66,97.66,0,0
1476.N,D,20191011,000000,98.78,98.78,98.78,98.78,0,0
1476.N,D,20191014,000000,98.24,98.24,98.24,98.24,0,0
1476.N,D,20191015,000000,98.59,98.59,98.59,98.59,0,0
1476.N,D,20191016,000000,98.47,98.47,98.47,98.47,0,0
1476.N,D,20191017,000000,98.84,98.84,98.84,98.84,0,0
1476.N,D,20191018,000000,98.3,98.3,98.3,98.3,0,0
1476.N,D,20191021,000000,98.23,98.23,98.23,98.23,0,0
1476.N,D,20191022,000000,98.93,98.93,98.93,98.93,0,0
1476.N,D,20191023,000000,98.57,98.57,98.57,98.57,0,0
1476.N,D,20191024,000000,99.26,99.26,99.26,99.26,0,0
1476.N,D,20191025,000000,99.4,99.4,99.4,99.4,0,0
1476.N,D,20191028,000000,100.04,100.04,100.04,100.04,0,0
1476.N,D,20191029,000000,99.51,99.51,99.51,99.51,0,0
1476.N,D,20191030,000000,99.35,99.35,99.35,99.35,0,0
1476.N,D,20191031,000000,99,99,99,99,0,0
1476.N,D,20191104,000000,101.69,101.69,101.69,101.69,0,0
1476.N,D,20191105,000000,102.32,102.32,102.32,102.32,0,0
1476.N,D,20191106,000000,102.21,102.21,102.21,102.21,0,0
1476.N,D,20191107,000000,102.85,102.85,102.85,102.85,0,0
1476.N,D,20191108,000000,101.88,101.88,101.88,101.88,0,0
1476.N,D,20191112,000000,100.75,100.75,100.75,100.75,0,0
1476.N,D,20191113,000000,99.64,99.64,99.64,99.64,0,0
1476.N,D,20191114,000000,99.42,99.42,99.42,99.42,0,0
1476.N,D,20191115,000000,100.34,100.34,100.34,100.34,0,0
1476.N,D,20191118,000000,100.38,100.38,100.38,100.38,0,0
1476.N,D,20191119,000000,100.47,100.47,100.47,100.47,0,0
1476.N,D,20191120,000000,100.39,100.39,100.39,100.39,0,0
1476.N,D,20191121,000000,99.77,99.77,99.77,99.77,0,0
1476.N,D,20191122,000000,100.04,100.04,100.04,100.04,0,0
1476.N,D,20191125,000000,100.75,100.75,100.75,100.75,0,0
1476.N,D,20191126,000000,100.11,100.11,100.11,100.11,0,0
1476.N,D,20191127,000000,100.41,100.41,100.41,100.41,0,0
1476.N,D,20191128,000000,100.48,100.48,100.48,100.48,0,0
1476.N,D,20191129,000000,99.13,99.13,99.13,99.13,0,0
1476.N,D,20191202,000000,98.53,98.53,98.53,98.53,0,0
1476.N,D,20191203,000000,98.01,98.01,98.01,98.01,0,0
1476.N,D,20191204,000000,99.09,99.09,99.09,99.09,0,0
1476.N,D,20191205,000000,99.49,99.49,99.49,99.49,0,0
1476.N,D,20191206,000000,100.33,100.33,100.33,100.33,0,0
1476.N,D,20191209,000000,100.21,100.21,100.21,100.21,0,0
1476.N,D,20191210,000000,100.06,100.06,100.06,100.06,0,0
1476.N,D,20191211,000000,100.92,100.92,100.92,100.92,0,0
1476.N,D,20191212,000000,102.89,102.89,102.89,102.89,0,0
1476.N,D,20191213,000000,103.48,103.48,103.48,103.48,0,0
1476.N,D,20191216,000000,104.24,104.24,104.24,104.24,0,0
1476.N,D,20191217,000000,104.82,104.82,104.82,104.82,0,0
1476.N,D,20191218,000000,105.39,105.39,105.39,105.39,0,0
1476.N,D,20191219,000000,105.63,105.63,105.63,105.63,0,0
1476.N,D,20191220,000000,105.96,105.96,105.96,105.96,0,0
1476.N,D,20191223,000000,105.75,105.75,105.75,105.75,0,0
1476.N,D,20191227,000000,106.56,106.56,106.56,106.56,0,0
1476.N,D,20191230,000000,106.44,106.44,106.44,106.44,0,0
1476.N,D,20200102,000000,107.59,107.59,107.59,107.59,0,0
1476.N,D,20200103,000000,106.56,106.56,106.56,106.56,0,0
1476.N,D,20200107,000000,106.47,106.47,106.47,106.47,0,0
1476.N,D,20200108,000000,106.37,106.37,106.37,106.37,0,0
1476.N,D,20200110,000000,107.88,107.88,107.88,107.88,0,0
1476.N,D,20200113,000000,108.71,108.71,108.71,108.71,0,0
1476.N,D,20200114,000000,108.54,108.54,108.54,108.54,0,0
1476.N,D,20200115,000000,107.97,107.97,107.97,107.97,0,0
1476.N,D,20200116,000000,108.64,108.64,108.64,108.64,0,0
1476.N,D,20200117,000000,109.17,109.17,109.17,109.17,0,0
1476.N,D,20200120,000000,108.74,108.74,108.74,108.74,0,0
1476.N,D,20200121,000000,106.98,106.98,106.98,106.98,0,0
1476.N,D,20200122,000000,107.24,107.24,107.24,107.24,0,0
1476.N,D,20200123,000000,105.72,105.72,105.72,105.72,0,0
1476.N,D,20200124,000000,106.2,106.2,106.2,106.2,0,0
1476.N,D,20200127,000000,101.96,101.96,101.96,101.96,0,0
1476.N,D,20200128,000000,102.96,102.96,102.96,102.96,0,0
1476.N,D,20200129,000000,103.41,103.41,103.41,103.41,0,0
1476.N,D,20200130,000000,100.81,100.81,100.81,100.81,0,0
1476.N,D,20200131,000000,99.23,99.23,99.23,99.23,0,0
1476.N,D,20200203,000000,101.07,101.07,101.07,101.07,0,0
1476.N,D,20200204,000000,104.02,104.02,104.02,104.02,0,0
1476.N,D,20200205,000000,104.37,104.37,104.37,104.37,0,0
1476.N,D,20200206,000000,104.54,104.54,104.54,104.54,0,0
1476.N,D,20200207,000000,103.09,103.09,103.09,103.09,0,0
1476.N,D,20200210,000000,103.32,103.32,103.32,103.32,0,0
1476.N,D,20200211,000000,104.72,104.72,104.72,104.72,0,0
1476.N,D,20200212,000000,105.96,105.96,105.96,105.96,0,0
1476.N,D,20200213,000000,105.04,105.04,105.04,105.04,0,0
1476.N,D,20200214,000000,104.94,104.94,104.94,104.94,0,0
1476.N,D,20200217,000000,105.58,105.58,105.58,105.58,0,0
1476.N,D,20200218,000000,104.03,104.03,104.03,104.03,0,0
1476.N,D,20200219,000000,105.19,105.19,105.19,105.19,0,0
1476.N,D,20200220,000000,103.29,103.29,103.29,103.29,0,0
1476.N,D,20200221,000000,102.86,102.86,102.86,102.86,0,0
1476.N,D,20200224,000000,98.98,98.98,98.98,98.98,0,0
1476.N,D,20200225,000000,99.19,99.19,99.19,99.19,0,0
1476.N,D,20200226,000000,100.05,100.05,100.05,100.05,0,0
1476.N,D,20200227,000000,97.39,97.39,97.39,97.39,0,0
1476.N,D,20200228,000000,95.15,95.15,95.15,95.15,0,0
1476.N,D,20200302,000000,96.53,96.53,96.53,96.53,0,0
1476.N,D,20200303,000000,98.12,98.12,98.12,98.12,0,0
1476.N,D,20200304,000000,98.78,98.78,98.78,98.78,0,0
1476.N,D,20200305,000000,98.42,98.42,98.42,98.42,0,0
1476.N,D,20200306,000000,95.08,95.08,95.08,95.08,0,0
1476.N,D,20200309,000000,89.22,89.22,89.22,89.22,0,0
1476.N,D,20200310,000000,91.15,91.15,91.15,91.15,0,0
1476.N,D,20200311,000000,90.39,90.39,90.39,90.39,0,0
1476.N,D,20200312,000000,80.43,80.43,80.43,80.43,0,0
1476.N,D,20200313,000000,83.93,83.93,83.93,83.93,0,0
1476.N,D,20200316,000000,78.62,78.62,78.62,78.62,0,0
1476.N,D,20200317,000000,82.69,82.69,82.69,82.69,0,0
1476.N,D,20200318,000000,78.14,78.14,78.14,78.14,0,0
1476.N,D,20200319,000000,80.2,80.2,80.2,80.2,0,0
1476.N,D,20200320,000000,82.58,82.58,82.58,82.58,0,0
1476.N,D,20200323,000000,79.16,79.16,79.16,79.16,0,0
1476.N,D,20200324,000000,84.91,84.91,84.91,84.91,0,0
1476.N,D,20200325,000000,87.01,87.01,87.01,87.01,0,0
1476.N,D,20200326,000000,88.55,88.55,88.55,88.55,0,0
1476.N,D,20200327,000000,83.07,83.07,83.07,83.07,0,0
1476.N,D,20200330,000000,84.29,84.29,84.29,84.29,0,0
1476.N,D,20200331,000000,86.26,86.26,86.26,86.26,0,0
1476.N,D,20200401,000000,83.59,83.59,83.59,83.59,0,0
1476.N,D,20200402,000000,85.21,85.21,85.21,85.21,0,0
1476.N,D,20200403,000000,84.74,84.74,84.74,84.74,0,0
1476.N,D,20200406,000000,87.71,87.71,87.71,87.71,0,0
1476.N,D,20200407,000000,89.64,89.64,89.64,89.64,0,0
1476.N,D,20200408,000000,88.82,88.82,88.82,88.82,0,0
1476.N,D,20200409,000000,89.92,89.92,89.92,89.92,0,0
1476.N,D,20200414,000000,90.92,90.92,90.92,90.92,0,0
1476.N,D,20200415,000000,88.73,88.73,88.73,88.73,0,0
1476.N,D,20200416,000000,90.03,90.03,90.03,90.03,0,0
1476.N,D,20200417,000000,90.83,90.83,90.83,90.83,0,0
1476.N,D,20200420,000000,91.08,91.08,91.08,91.08,0,0
1476.N,D,20200421,000000,87.97,87.97,87.97,87.97,0,0
1476.N,D,20200422,000000,90.51,90.51,90.51,90.51,0,0
1476.N,D,20200423,000000,91.24,91.24,91.24,91.24,0,0
1476.N,D,20200424,000000,89.21,89.21,89.21,89.21,0,0
1476.N,D,20200427,000000,91.14,91.14,91.14,91.14,0,0
1476.N,D,20200428,000000,92.06,92.06,92.06,92.06,0,0
1476.N,D,20200429,000000,93.6,93.6,93.6,93.6,0,0
1476.N,D,20200430,000000,92.97,92.97,92.97,92.97,0,0
1476.N,D,20200504,000000,89.62,89.62,89.62,89.62,0,0
1476.N,D,20200505,000000,91.15,91.15,91.15,91.15,0,0
1476.N,D,20200506,000000,90.76,90.76,90.76,90.76,0,0
1476.N,D,20200507,000000,91.35,91.35,91.35,91.35,0,0
1476.N,D,20200508,000000,92.48,92.48,92.48,92.48,0,0
1476.N,D,20200511,000000,92.62,92.62,92.62,92.62,0,0
1476.N,D,20200512,000000,93.3,93.3,93.3,93.3,0,0
1476.N,D,20200513,000000,92.58,92.58,92.58,92.58,0,0
1476.N,D,20200514,000000,91.28,91.28,91.28,91.28,0,0
1476.N,D,20200515,000000,90.81,90.81,90.81,90.81,0,0
1476.N,D,20200518,000000,93.54,93.54,93.54,93.54,0,0
1476.N,D,20200519,000000,94.28,94.28,94.28,94.28,0,0
1476.N,D,20200520,000000,94.77,94.77,94.77,94.77,0,0
1476.N,D,20200521,000000,93.32,93.32,93.32,93.32,0,0
1476.N,D,20200522,000000,91.69,91.69,91.69,91.69,0,0
1476.N,D,20200525,000000,92.46,92.46,92.46,92.46,0,0
1476.N,D,20200526,000000,93.52,93.52,93.52,93.52,0,0
1476.N,D,20200527,000000,92.47,92.47,92.47,92.47,0,0
1476.N,D,20200528,000000,92.63,92.63,92.63,92.63,0,0
1476.N,D,20200529,000000,92.2,92.2,92.2,92.2,0,0
1476.N,D,20200601,000000,93.05,93.05,93.05,93.05,0,0
1476.N,D,20200602,000000,96.4,96.4,96.4,96.4,0,0
1476.N,D,20200603,000000,98.49,98.49,98.49,98.49,0,0
1476.N,D,20200604,000000,97.39,97.39,97.39,97.39,0,0
1476.N,D,20200605,000000,100.42,100.42,100.42,100.42,0,0
1476.N,D,20200608,000000,99.56,99.56,99.56,99.56,0,0
1476.N,D,20200609,000000,99.25,99.25,99.25,99.25,0,0
1476.N,D,20200610,000000,99.9,99.9,99.9,99.9,0,0
1476.N,D,20200612,000000,97.79,97.79,97.79,97.79,0,0
1476.N,D,20200615,000000,95.92,95.92,95.92,95.92,0,0
1476.N,D,20200616,000000,97.82,97.82,97.82,97.82,0,0
1476.N,D,20200617,000000,98.78,98.78,98.78,98.78,0,0
1476.N,D,20200618,000000,99.08,99.08,99.08,99.08,0,0
1476.N,D,20200619,000000,99.87,99.87,99.87,99.87,0,0
1476.N,D,20200622,000000,99.58,99.58,99.58,99.58,0,0
1476.N,D,20200623,000000,100.43,100.43,100.43,100.43,0,0
1476.N,D,20200624,000000,99.42,99.42,99.42,99.42,0,0
1476.N,D,20200625,000000,99.27,99.27,99.27,99.27,0,0
1476.N,D,20200626,000000,99.31,99.31,99.31,99.31,0,0
1476.N,D,20200629,000000,99.05,99.05,99.05,99.05,0,0
1476.N,D,20200630,000000,99.05,99.05,99.05,99.05,0,0
1476.N,D,20200701,000000,99.33,99.33,99.33,99.33,0,0
1476.N,D,20200702,000000,102.04,102.04,102.04,102.04,0,0
1476.N,D,20200703,000000,102.8,102.8,102.8,102.8,0,0
1476.N,D,20200706,000000,105.63,105.63,105.63,105.63,0,0
1476.N,D,20200707,000000,104.89,104.89,104.89,104.89,0,0
1476.N,D,20200708,000000,105.48,105.48,105.48,105.48,0,0
1476.N,D,20200709,000000,106.26,106.26,106.26,106.26,0,0
1476.N,D,20200710,000000,105.8,105.8,105.8,105.8,0,0
1476.N,D,20200713,000000,106.99,106.99,106.99,106.99,0,0
1476.N,D,20200714,000000,104.79,104.79,104.79,104.79,0,0
1476.N,D,20200715,000000,105.1,105.1,105.1,105.1,0,0
1476.N,D,20200716,000000,103.69,103.69,103.69,103.69,0,0
1476.N,D,20200717,000000,104.23,104.23,104.23,104.23,0,0
1476.N,D,20200720,000000,104.93,104.93,104.93,104.93,0,0
1476.N,D,20200721,000000,106.02,106.02,106.02,106.02,0,0
1476.N,D,20200722,000000,104.58,104.58,104.58,104.58,0,0
1476.N,D,20200723,000000,104.42,104.42,104.42,104.42,0,0
1476.N,D,20200724,000000,102.93,102.93,102.93,102.93,0,0
1476.N,D,20200727,000000,103.53,103.53,103.53,103.53,0,0
1476.N,D,20200728,000000,103.96,103.96,103.96,103.96,0,0
1476.N,D,20200729,000000,104.75,104.75,104.75,104.75,0,0
1476.N,D,20200730,000000,103.29,103.29,103.29,103.29,0,0
1476.N,D,20200731,000000,103.05,103.05,103.05,103.05,0,0
1476.N,D,20200803,000000,103.84,103.84,103.84,103.84,0,0
1476.N,D,20200804,000000,104.29,104.29,104.29,104.29,0,0
1476.N,D,20200805,000000,105.72,105.72,105.72,105.72,0,0
1476.N,D,20200806,000000,105.38,105.38,105.38,105.38,0,0
1476.N,D,20200807,000000,104.81,104.81,104.81,104.81,0,0
1476.N,D,20200810,000000,103.99,103.99,103.99,103.99,0,0
1476.N,D,20200811,000000,105.01,105.01,105.01,105.01,0,0
1476.N,D,20200812,000000,105.25,105.25,105.25,105.25,0,0
1476.N,D,20200813,000000,105.17,105.17,105.17,105.17,0,0
1476.N,D,20200814,000000,104.77,104.77,104.77,104.77,0,0
1476.N,D,20200817,000000,105.52,105.52,105.52,105.52,0,0
1476.N,D,20200818,000000,105.28,105.28,105.28,105.28,0,0
1476.N,D,20200819,000000,105.52,105.52,105.52,105.52,0,0
1476.N,D,20200820,000000,103.25,103.25,103.25,103.25,0,0
1476.N,D,20200821,000000,104.77,104.77,104.77,104.77,0,0
1476.N,D,20200824,000000,105.8,105.8,105.8,105.8,0,0
1476.N,D,20200825,000000,106.46,106.46,106.46,106.46,0,0
1476.N,D,20200826,000000,106.95,106.95,106.95,106.95,0,0
1476.N,D,20200827,000000,106.54,106.54,106.54,106.54,0,0
1476.N,D,20200828,000000,107.12,107.12,107.12,107.12,0,0
1476.N,D,20200831,000000,105.35,105.35,105.35,105.35,0,0
1476.N,D,20200901,000000,106.61,106.61,106.61,106.61,0,0
1476.N,D,20200902,000000,106.52,106.52,106.52,106.52,0,0
1476.N,D,20200903,000000,104.96,104.96,104.96,104.96,0,0
1476.N,D,20200904,000000,104.32,104.32,104.32,104.32,0,0
1476.N,D,20200907,000000,104.81,104.81,104.81,104.81,0,0
1476.N,D,20200908,000000,103.93,103.93,103.93,103.93,0,0
1476.N,D,20200909,000000,104.07,104.07,104.07,104.07,0,0
1476.N,D,20200910,000000,104.4,104.4,104.4,104.4,0,0
1476.N,D,20200911,000000,104.37,104.37,104.37,104.37,0,0
1476.N,D,20200914,000000,105.34,105.34,105.34,105.34,0,0
1476.N,D,20200915,000000,106.88,106.88,106.88,106.88,0,0
1476.N,D,20200916,000000,107.13,107.13,107.13,107.13,0,0
1476.N,D,20200917,000000,105.79,105.79,105.79,105.79,0,0
1476.N,D,20200918,000000,105.9,105.9,105.9,105.9,0,0
1476.N,D,20200921,000000,103.63,103.63,103.63,103.63,0,0
1476.N,D,20200922,000000,103.54,103.54,103.54,103.54,0,0
1476.N,D,20200923,000000,102.97,102.97,102.97,102.97,0,0
1476.N,D,20200924,000000,101.67,101.67,101.67,101.67,0,0
1476.N,D,20200925,000000,101.46,101.46,101.46,101.46,0,0
1476.N,D,20200929,000000,102.66,102.66,102.66,102.66,0,0
1476.N,D,20200930,000000,103.83,103.83,103.83,103.83,0,0
1476.N,D,20201001,000000,104.63,104.63,104.63,104.63,0,0
1476.N,D,20201002,000000,104.53,104.53,104.53,104.53,0,0
1476.N,D,20201005,000000,104.64,104.64,104.64,104.64,0,0
1476.N,D,20201006,000000,105.79,105.79,105.79,105.79,0,0
1476.N,D,20201007,000000,106.36,106.36,106.36,106.36,0,0
1476.N,D,20201008,000000,106.77,106.77,106.77,106.77,0,0
1476.N,D,20201009,000000,107.71,107.71,107.71,107.71,0,0
1476.N,D,20201012,000000,108.55,108.55,108.55,108.55,0,0
1476.N,D,20201013,000000,108.35,108.35,108.35,108.35,0,0
1476.N,D,20201014,000000,108.33,108.33,108.33,108.33,0,0
1476.N,D,20201015,000000,106.85,106.85,106.85,106.85,0,0
