<TICKER>,<PER>,<DATE>,<TIME>,<OPEN>,<HIGH>,<LOW>,<CLOSE>,<VOL>,<OPENINT>
3317.N,D,20140708,000000,100,100,100,100,0,0
3317.N,D,20140709,000000,100.01,100.01,100.01,100.01,0,0
3317.N,D,20140710,000000,100.01,100.01,100.01,100.01,0,0
3317.N,D,20140711,000000,99.49,99.49,99.49,99.49,0,0
3317.N,D,20140714,000000,99.51,99.51,99.51,99.51,0,0
3317.N,D,20140715,000000,100.23,100.23,100.23,100.23,0,0
3317.N,D,20140716,000000,99.75,99.75,99.75,99.75,0,0
3317.N,D,20140717,000000,100.51,100.51,100.51,100.51,0,0
3317.N,D,20140718,000000,99.96,99.96,99.96,99.96,0,0
3317.N,D,20140721,000000,100.14,100.14,100.14,100.14,0,0
3317.N,D,20140722,000000,99.86,99.86,99.86,99.86,0,0
3317.N,D,20140723,000000,100.84,100.84,100.84,100.84,0,0
3317.N,D,20140724,000000,100.92,100.92,100.92,100.92,0,0
3317.N,D,20140725,000000,101.24,101.24,101.24,101.24,0,0
3317.N,D,20140728,000000,100.68,100.68,100.68,100.68,0,0
3317.N,D,20140729,000000,100.57,100.57,100.57,100.57,0,0
3317.N,D,20140730,000000,100.76,100.76,100.76,100.76,0,0
3317.N,D,20140731,000000,100.48,100.48,100.48,100.48,0,0
3317.N,D,20140801,000000,99.33,99.33,99.33,99.33,0,0
3317.N,D,20140804,000000,98.33,98.33,98.33,98.33,0,0
3317.N,D,20140805,000000,98.75,98.75,98.75,98.75,0,0
3317.N,D,20140806,000000,98.88,98.88,98.88,98.88,0,0
3317.N,D,20140807,000000,98.4,98.4,98.4,98.4,0,0
3317.N,D,20140808,000000,97.95,97.95,97.95,97.95,0,0
3317.N,D,20140811,000000,97.75,97.75,97.75,97.75,0,0
3317.N,D,20140812,000000,98.67,98.67,98.67,98.67,0,0
3317.N,D,20140813,000000,98.36,98.36,98.36,98.36,0,0
3317.N,D,20140814,000000,99.14,99.14,99.14,99.14,0,0
3317.N,D,20140818,000000,99.12,99.12,99.12,99.12,0,0
3317.N,D,20140819,000000,100.07,100.07,100.07,100.07,0,0
3317.N,D,20140820,000000,100.39,100.39,100.39,100.39,0,0
3317.N,D,20140821,000000,100.55,100.55,100.55,100.55,0,0
3317.N,D,20140822,000000,100.98,100.98,100.98,100.98,0,0
3317.N,D,20140825,000000,100.85,100.85,100.85,100.85,0,0
3317.N,D,20140826,000000,101.63,101.63,101.63,101.63,0,0
3317.N,D,20140827,000000,102,102,102,102,0,0
3317.N,D,20140828,000000,102.02,102.02,102.02,102.02,0,0
3317.N,D,20140829,000000,101.62,101.62,101.62,101.62,0,0
3317.N,D,20140901,000000,101.93,101.93,101.93,101.93,0,0
3317.N,D,20140902,000000,102.09,102.09,102.09,102.09,0,0
3317.N,D,20140903,000000,101.95,101.95,101.95,101.95,0,0
3317.N,D,20140904,000000,102.44,102.44,102.44,102.44,0,0
3317.N,D,20140905,000000,103.05,103.05,103.05,103.05,0,0
3317.N,D,20140908,000000,102.61,102.61,102.61,102.61,0,0
3317.N,D,20140909,000000,102.63,102.63,102.63,102.63,0,0
3317.N,D,20140910,000000,102.22,102.22,102.22,102.22,0,0
3317.N,D,20140911,000000,102.19,102.19,102.19,102.19,0,0
3317.N,D,20140912,000000,102.19,102.19,102.19,102.19,0,0
3317.N,D,20140915,000000,102.09,102.09,102.09,102.09,0,0
3317.N,D,20140916,000000,101.8,101.8,101.8,101.8,0,0
3317.N,D,20140917,000000,102.04,102.04,102.04,102.04,0,0
3317.N,D,20140918,000000,102.14,102.14,102.14,102.14,0,0
3317.N,D,20140919,000000,102.75,102.75,102.75,102.75,0,0
3317.N,D,20140922,000000,102.8,102.8,102.8,102.8,0,0
3317.N,D,20140923,000000,102.01,102.01,102.01,102.01,0,0
3317.N,D,20140924,000000,101.58,101.58,101.58,101.58,0,0
3317.N,D,20140925,000000,101.87,101.87,101.87,101.87,0,0
3317.N,D,20140926,000000,100.93,100.93,100.93,100.93,0,0
3317.N,D,20140929,000000,101.04,101.04,101.04,101.04,0,0
3317.N,D,20140930,000000,100.93,100.93,100.93,100.93,0,0
3317.N,D,20141001,000000,101.12,101.12,101.12,101.12,0,0
3317.N,D,20141002,000000,100.38,100.38,100.38,100.38,0,0
3317.N,D,20141003,000000,98.8,98.8,98.8,98.8,0,0
3317.N,D,20141006,000000,100.04,100.04,100.04,100.04,0,0
3317.N,D,20141007,000000,100.16,100.16,100.16,100.16,0,0
3317.N,D,20141008,000000,99.41,99.41,99.41,99.41,0,0
3317.N,D,20141009,000000,98.45,98.45,98.45,98.45,0,0
3317.N,D,20141010,000000,98.67,98.67,98.67,98.67,0,0
3317.N,D,20141013,000000,97.36,97.36,97.36,97.36,0,0
3317.N,D,20141014,000000,96.8,96.8,96.8,96.8,0,0
3317.N,D,20141015,000000,96.78,96.78,96.78,96.78,0,0
3317.N,D,20141016,000000,94.68,94.68,94.68,94.68,0,0
3317.N,D,20141017,000000,94.61,94.61,94.61,94.61,0,0
3317.N,D,20141020,000000,96.34,96.34,96.34,96.34,0,0
3317.N,D,20141021,000000,96.32,96.32,96.32,96.32,0,0
3317.N,D,20141022,000000,97.89,97.89,97.89,97.89,0,0
3317.N,D,20141023,000000,98.56,98.56,98.56,98.56,0,0
3317.N,D,20141024,000000,98.77,98.77,98.77,98.77,0,0
3317.N,D,20141027,000000,98.9,98.9,98.9,98.9,0,0
3317.N,D,20141028,000000,98.63,98.63,98.63,98.63,0,0
3317.N,D,20141029,000000,99.33,99.33,99.33,99.33,0,0
3317.N,D,20141030,000000,99.82,99.82,99.82,99.82,0,0
3317.N,D,20141031,000000,100.19,100.19,100.19,100.19,0,0
3317.N,D,20141103,000000,101.57,101.57,101.57,101.57,0,0
3317.N,D,20141104,000000,101.54,101.54,101.54,101.54,0,0
3317.N,D,20141105,000000,100.77,100.77,100.77,100.77,0,0
3317.N,D,20141106,000000,101.61,101.61,101.61,101.61,0,0
3317.N,D,20141107,000000,101.69,101.69,101.69,101.69,0,0
3317.N,D,20141110,000000,101.56,101.56,101.56,101.56,0,0
3317.N,D,20141112,000000,102.26,102.26,102.26,102.26,0,0
3317.N,D,20141113,000000,101.95,101.95,101.95,101.95,0,0
3317.N,D,20141114,000000,102.06,102.06,102.06,102.06,0,0
3317.N,D,20141117,000000,102.19,102.19,102.19,102.19,0,0
3317.N,D,20141118,000000,102.1,102.1,102.1,102.1,0,0
3317.N,D,20141119,000000,102.83,102.83,102.83,102.83,0,0
3317.N,D,20141120,000000,102.54,102.54,102.54,102.54,0,0
3317.N,D,20141121,000000,102.74,102.74,102.74,102.74,0,0
3317.N,D,20141124,000000,103.78,103.78,103.78,103.78,0,0
3317.N,D,20141125,000000,103.91,103.91,103.91,103.91,0,0
3317.N,D,20141126,000000,103.99,103.99,103.99,103.99,0,0
3317.N,D,20141127,000000,104.1,104.1,104.1,104.1,0,0
3317.N,D,20141128,000000,104.31,104.31,104.31,104.31,0,0
3317.N,D,20141201,000000,104.22,104.22,104.22,104.22,0,0
3317.N,D,20141202,000000,103.53,103.53,103.53,103.53,0,0
3317.N,D,20141203,000000,104,104,104,104,0,0
3317.N,D,20141204,000000,104.27,104.27,104.27,104.27,0,0
3317.N,D,20141205,000000,103.84,103.84,103.84,103.84,0,0
3317.N,D,20141208,000000,104.55,104.55,104.55,104.55,0,0
3317.N,D,20141209,000000,104.16,104.16,104.16,104.16,0,0
3317.N,D,20141210,000000,102.62,102.62,102.62,102.62,0,0
3317.N,D,20141211,000000,102.44,102.44,102.44,102.44,0,0
3317.N,D,20141212,000000,102.47,102.47,102.47,102.47,0,0
3317.N,D,20141215,000000,100.6,100.6,100.6,100.6,0,0
3317.N,D,20141216,000000,99.1,99.1,99.1,99.1,0,0
3317.N,D,20141217,000000,100,100,100,100,0,0
3317.N,D,20141218,000000,99.86,99.86,99.86,99.86,0,0
3317.N,D,20141219,000000,102.18,102.18,102.18,102.18,0,0
3317.N,D,20141222,000000,102.78,102.78,102.78,102.78,0,0
3317.N,D,20141223,000000,103.23,103.23,103.23,103.23,0,0
3317.N,D,20141229,000000,103.9,103.9,103.9,103.9,0,0
3317.N,D,20141230,000000,103.91,103.91,103.91,103.91,0,0
3317.N,D,20150102,000000,103.47,103.47,103.47,103.47,0,0
3317.N,D,20150105,000000,102.74,102.74,102.74,102.74,0,0
3317.N,D,20150107,000000,100.63,100.63,100.63,100.63,0,0
3317.N,D,20150108,000000,101.54,101.54,101.54,101.54,0,0
3317.N,D,20150109,000000,103.71,103.71,103.71,103.71,0,0
3317.N,D,20150112,000000,102.99,102.99,102.99,102.99,0,0
3317.N,D,20150113,000000,102.75,102.75,102.75,102.75,0,0
3317.N,D,20150114,000000,103.81,103.81,103.81,103.81,0,0
3317.N,D,20150115,000000,102.12,102.12,102.12,102.12,0,0
3317.N,D,20150116,000000,103.18,103.18,103.18,103.18,0,0
3317.N,D,20150119,000000,103.58,103.58,103.58,103.58,0,0
3317.N,D,20150120,000000,103.85,103.85,103.85,103.85,0,0
3317.N,D,20150121,000000,104.04,104.04,104.04,104.04,0,0
3317.N,D,20150122,000000,104.84,104.84,104.84,104.84,0,0
3317.N,D,20150123,000000,105.68,105.68,105.68,105.68,0,0
3317.N,D,20150126,000000,106.75,106.75,106.75,106.75,0,0
3317.N,D,20150127,000000,106.89,106.89,106.89,106.89,0,0
3317.N,D,20150128,000000,106.05,106.05,106.05,106.05,0,0
3317.N,D,20150129,000000,106.09,106.09,106.09,106.09,0,0
3317.N,D,20150130,000000,105.3,105.3,105.3,105.3,0,0
3317.N,D,20150202,000000,104.93,104.93,104.93,104.93,0,0
3317.N,D,20150203,000000,104.98,104.98,104.98,104.98,0,0
3317.N,D,20150204,000000,105.65,105.65,105.65,105.65,0,0
3317.N,D,20150205,000000,106.29,106.29,106.29,106.29,0,0
3317.N,D,20150206,000000,106.5,106.5,106.5,106.5,0,0
3317.N,D,20150209,000000,106.67,106.67,106.67,106.67,0,0
3317.N,D,20150210,000000,105.85,105.85,105.85,105.85,0,0
3317.N,D,20150211,000000,106.16,106.16,106.16,106.16,0,0
3317.N,D,20150212,000000,106.39,106.39,106.39,106.39,0,0
3317.N,D,20150213,000000,107.09,107.09,107.09,107.09,0,0
3317.N,D,20150216,000000,107.72,107.72,107.72,107.72,0,0
3317.N,D,20150217,000000,107.67,107.67,107.67,107.67,0,0
3317.N,D,20150218,000000,107.72,107.72,107.72,107.72,0,0
3317.N,D,20150219,000000,108.09,108.09,108.09,108.09,0,0
3317.N,D,20150220,000000,108.49,108.49,108.49,108.49,0,0
3317.N,D,20150223,000000,108.32,108.32,108.32,108.32,0,0
3317.N,D,20150224,000000,108.75,108.75,108.75,108.75,0,0
3317.N,D,20150225,000000,109.21,109.21,109.21,109.21,0,0
3317.N,D,20150226,000000,109.14,109.14,109.14,109.14,0,0
3317.N,D,20150227,000000,109.41,109.41,109.41,109.41,0,0
3317.N,D,20150302,000000,109.44,109.44,109.44,109.44,0,0
3317.N,D,20150303,000000,109.47,109.47,109.47,109.47,0,0
3317.N,D,20150304,000000,108.87,108.87,108.87,108.87,0,0
3317.N,D,20150305,000000,109.01,109.01,109.01,109.01,0,0
3317.N,D,20150306,000000,109.66,109.66,109.66,109.66,0,0
3317.N,D,20150309,000000,109.16,109.16,109.16,109.16,0,0
3317.N,D,20150310,000000,108.79,108.79,108.79,108.79,0,0
3317.N,D,20150311,000000,107.69,107.69,107.69,107.69,0,0
3317.N,D,20150312,000000,108.34,108.34,108.34,108.34,0,0
3317.N,D,20150313,000000,108.83,108.83,108.83,108.83,0,0
3317.N,D,20150316,000000,108.67,108.67,108.67,108.67,0,0
3317.N,D,20150317,000000,109.58,109.58,109.58,109.58,0,0
3317.N,D,20150318,000000,109.43,109.43,109.43,109.43,0,0
3317.N,D,20150319,000000,109.54,109.54,109.54,109.54,0,0
3317.N,D,20150320,000000,110.11,110.11,110.11,110.11,0,0
3317.N,D,20150323,000000,110.63,110.63,110.63,110.63,0,0
3317.N,D,20150324,000000,110.57,110.57,110.57,110.57,0,0
3317.N,D,20150325,000000,110.51,110.51,110.51,110.51,0,0
3317.N,D,20150326,000000,109.49,109.49,109.49,109.49,0,0
3317.N,D,20150327,000000,108.74,108.74,108.74,108.74,0,0
3317.N,D,20150330,000000,108.87,108.87,108.87,108.87,0,0
3317.N,D,20150331,000000,110.01,110.01,110.01,110.01,0,0
3317.N,D,20150401,000000,109.85,109.85,109.85,109.85,0,0
3317.N,D,20150402,000000,109.84,109.84,109.84,109.84,0,0
3317.N,D,20150407,000000,110.83,110.83,110.83,110.83,0,0
3317.N,D,20150408,000000,111.25,111.25,111.25,111.25,0,0
3317.N,D,20150409,000000,111.21,111.21,111.21,111.21,0,0
3317.N,D,20150410,000000,111.86,111.86,111.86,111.86,0,0
3317.N,D,20150413,000000,112.46,112.46,112.46,112.46,0,0
3317.N,D,20150414,000000,112.54,112.54,112.54,112.54,0,0
3317.N,D,20150415,000000,111.9,111.9,111.9,111.9,0,0
3317.N,D,20150416,000000,112.16,112.16,112.16,112.16,0,0
3317.N,D,20150417,000000,111.87,111.87,111.87,111.87,0,0
3317.N,D,20150420,000000,110.36,110.36,110.36,110.36,0,0
3317.N,D,20150421,000000,110.97,110.97,110.97,110.97,0,0
3317.N,D,20150422,000000,111.3,111.3,111.3,111.3,0,0
3317.N,D,20150423,000000,111.53,111.53,111.53,111.53,0,0
3317.N,D,20150424,000000,111.45,111.45,111.45,111.45,0,0
3317.N,D,20150427,000000,111.67,111.67,111.67,111.67,0,0
3317.N,D,20150428,000000,112.01,112.01,112.01,112.01,0,0
3317.N,D,20150429,000000,111.21,111.21,111.21,111.21,0,0
3317.N,D,20150430,000000,110.11,110.11,110.11,110.11,0,0
3317.N,D,20150504,000000,109.61,109.61,109.61,109.61,0,0
3317.N,D,20150505,000000,110.22,110.22,110.22,110.22,0,0
3317.N,D,20150506,000000,109.1,109.1,109.1,109.1,0,0
3317.N,D,20150507,000000,108.28,108.28,108.28,108.28,0,0
3317.N,D,20150508,000000,108.14,108.14,108.14,108.14,0,0
3317.N,D,20150511,000000,109.96,109.96,109.96,109.96,0,0
3317.N,D,20150512,000000,110.02,110.02,110.02,110.02,0,0
3317.N,D,20150513,000000,109.18,109.18,109.18,109.18,0,0
3317.N,D,20150514,000000,109.26,109.26,109.26,109.26,0,0
3317.N,D,20150515,000000,109.94,109.94,109.94,109.94,0,0
3317.N,D,20150518,000000,109.94,109.94,109.94,109.94,0,0
3317.N,D,20150519,000000,110.37,110.37,110.37,110.37,0,0
3317.N,D,20150520,000000,111.28,111.28,111.28,111.28,0,0
3317.N,D,20150521,000000,111.46,111.46,111.46,111.46,0,0
3317.N,D,20150522,000000,111.78,111.78,111.78,111.78,0,0
3317.N,D,20150525,000000,111.8,111.8,111.8,111.8,0,0
3317.N,D,20150526,000000,111.68,111.68,111.68,111.68,0,0
3317.N,D,20150527,000000,110.89,110.89,110.89,110.89,0,0
3317.N,D,20150528,000000,111.49,111.49,111.49,111.49,0,0
3317.N,D,20150529,000000,111.07,111.07,111.07,111.07,0,0
3317.N,D,20150601,000000,110.32,110.32,110.32,110.32,0,0
3317.N,D,20150602,000000,110.44,110.44,110.44,110.44,0,0
3317.N,D,20150603,000000,109.91,109.91,109.91,109.91,0,0
3317.N,D,20150605,000000,109.06,109.06,109.06,109.06,0,0
3317.N,D,20150608,000000,108.7,108.7,108.7,108.7,0,0
3317.N,D,20150609,000000,108,108,108,108,0,0
3317.N,D,20150610,000000,107.59,107.59,107.59,107.59,0,0
3317.N,D,20150611,000000,108.83,108.83,108.83,108.83,0,0
3317.N,D,20150612,000000,109.15,109.15,109.15,109.15,0,0
3317.N,D,20150615,000000,108.61,108.61,108.61,108.61,0,0
3317.N,D,20150616,000000,107.66,107.66,107.66,107.66,0,0
3317.N,D,20150617,000000,108.01,108.01,108.01,108.01,0,0
3317.N,D,20150618,000000,107.94,107.94,107.94,107.94,0,0
3317.N,D,20150619,000000,108.46,108.46,108.46,108.46,0,0
3317.N,D,20150622,000000,108.46,108.46,108.46,108.46,0,0
3317.N,D,20150623,000000,109.72,109.72,109.72,109.72,0,0
3317.N,D,20150624,000000,110.26,110.26,110.26,110.26,0,0
3317.N,D,20150625,000000,110.06,110.06,110.06,110.06,0,0
3317.N,D,20150626,000000,109.94,109.94,109.94,109.94,0,0
3317.N,D,20150629,000000,109.53,109.53,109.53,109.53,0,0
3317.N,D,20150630,000000,107.55,107.55,107.55,107.55,0,0
3317.N,D,20150701,000000,107.07,107.07,107.07,107.07,0,0
3317.N,D,20150702,000000,107.9,107.9,107.9,107.9,0,0
3317.N,D,20150703,000000,107.64,107.64,107.64,107.64,0,0
3317.N,D,20150706,000000,107.28,107.28,107.28,107.28,0,0
3317.N,D,20150707,000000,106.37,106.37,106.37,106.37,0,0
3317.N,D,20150708,000000,105.22,105.22,105.22,105.22,0,0
3317.N,D,20150709,000000,104.99,104.99,104.99,104.99,0,0
3317.N,D,20150710,000000,106.4,106.4,106.4,106.4,0,0
3317.N,D,20150713,000000,107.62,107.62,107.62,107.62,0,0
3317.N,D,20150714,000000,108.9,108.9,108.9,108.9,0,0
3317.N,D,20150715,000000,109.24,109.24,109.24,109.24,0,0
3317.N,D,20150716,000000,109.47,109.47,109.47,109.47,0,0
3317.N,D,20150717,000000,110.45,110.45,110.45,110.45,0,0
3317.N,D,20150720,000000,110.5,110.5,110.5,110.5,0,0
3317.N,D,20150721,000000,110.68,110.68,110.68,110.68,0,0
3317.N,D,20150722,000000,110.09,110.09,110.09,110.09,0,0
3317.N,D,20150723,000000,109.77,109.77,109.77,109.77,0,0
3317.N,D,20150724,000000,109.52,109.52,109.52,109.52,0,0
3317.N,D,20150727,000000,108.72,108.72,108.72,108.72,0,0
3317.N,D,20150728,000000,106.97,106.97,106.97,106.97,0,0
3317.N,D,20150729,000000,107.39,107.39,107.39,107.39,0,0
3317.N,D,20150730,000000,108.49,108.49,108.49,108.49,0,0
3317.N,D,20150731,000000,108.46,108.46,108.46,108.46,0,0
3317.N,D,20150803,000000,108.8,108.8,108.8,108.8,0,0
3317.N,D,20150804,000000,108.82,108.82,108.82,108.82,0,0
3317.N,D,20150805,000000,108.84,108.84,108.84,108.84,0,0
3317.N,D,20150806,000000,109.75,109.75,109.75,109.75,0,0
3317.N,D,20150807,000000,108.9,108.9,108.9,108.9,0,0
3317.N,D,20150810,000000,108.25,108.25,108.25,108.25,0,0
3317.N,D,20150811,000000,109.23,109.23,109.23,109.23,0,0
3317.N,D,20150812,000000,107.99,107.99,107.99,107.99,0,0
3317.N,D,20150813,000000,106.07,106.07,106.07,106.07,0,0
3317.N,D,20150814,000000,107.05,107.05,107.05,107.05,0,0
3317.N,D,20150817,000000,107.07,107.07,107.07,107.07,0,0
3317.N,D,20150818,000000,107.21,107.21,107.21,107.21,0,0
3317.N,D,20150819,000000,107.27,107.27,107.27,107.27,0,0
3317.N,D,20150820,000000,105.88,105.88,105.88,105.88,0,0
3317.N,D,20150821,000000,104.55,104.55,104.55,104.55,0,0
3317.N,D,20150824,000000,101.94,101.94,101.94,101.94,0,0
3317.N,D,20150825,000000,98.04,98.04,98.04,98.04,0,0
3317.N,D,20150826,000000,100.56,100.56,100.56,100.56,0,0
3317.N,D,20150827,000000,98.29,98.29,98.29,98.29,0,0
3317.N,D,20150828,000000,101.64,101.64,101.64,101.64,0,0
3317.N,D,20150831,000000,101.89,101.89,101.89,101.89,0,0
3317.N,D,20150901,000000,101.72,101.72,101.72,101.72,0,0
3317.N,D,20150902,000000,99.38,99.38,99.38,99.38,0,0
3317.N,D,20150903,000000,99.27,99.27,99.27,99.27,0,0
3317.N,D,20150904,000000,101.18,101.18,101.18,101.18,0,0
3317.N,D,20150907,000000,99.15,99.15,99.15,99.15,0,0
3317.N,D,20150908,000000,99.22,99.22,99.22,99.22,0,0
3317.N,D,20150909,000000,100.07,100.07,100.07,100.07,0,0
3317.N,D,20150910,000000,101.28,101.28,101.28,101.28,0,0
3317.N,D,20150911,000000,100.33,100.33,100.33,100.33,0,0
3317.N,D,20150914,000000,99.79,99.79,99.79,99.79,0,0
3317.N,D,20150915,000000,99.74,99.74,99.74,99.74,0,0
3317.N,D,20150916,000000,100.31,100.31,100.31,100.31,0,0
3317.N,D,20150917,000000,101.54,101.54,101.54,101.54,0,0
3317.N,D,20150918,000000,101.7,101.7,101.7,101.7,0,0
3317.N,D,20150921,000000,100.63,100.63,100.63,100.63,0,0
3317.N,D,20150922,000000,100.91,100.91,100.91,100.91,0,0
3317.N,D,20150923,000000,99.08,99.08,99.08,99.08,0,0
3317.N,D,20150924,000000,99.06,99.06,99.06,99.06,0,0
3317.N,D,20150925,000000,97.91,97.91,97.91,97.91,0,0
3317.N,D,20150928,000000,99.6,99.6,99.6,99.6,0,0
3317.N,D,20150929,000000,97.65,97.65,97.65,97.65,0,0
3317.N,D,20150930,000000,97.05,97.05,97.05,97.05,0,0
3317.N,D,20151001,000000,98.5,98.5,98.5,98.5,0,0
3317.N,D,20151002,000000,98.44,98.44,98.44,98.44,0,0
3317.N,D,20151005,000000,98.93,98.93,98.93,98.93,0,0
3317.N,D,20151006,000000,101.66,101.66,101.66,101.66,0,0
3317.N,D,20151007,000000,101.65,101.65,101.65,101.65,0,0
3317.N,D,20151008,000000,101.88,101.88,101.88,101.88,0,0
3317.N,D,20151009,000000,101.96,101.96,101.96,101.96,0,0
3317.N,D,20151012,000000,102.52,102.52,102.52,102.52,0,0
3317.N,D,20151013,000000,102.38,102.38,102.38,102.38,0,0
3317.N,D,20151014,000000,102.12,102.12,102.12,102.12,0,0
3317.N,D,20151015,000000,101.36,101.36,101.36,101.36,0,0
3317.N,D,20151016,000000,102.21,102.21,102.21,102.21,0,0
3317.N,D,20151019,000000,103.41,103.41,103.41,103.41,0,0
3317.N,D,20151020,000000,103.53,103.53,103.53,103.53,0,0
3317.N,D,20151021,000000,103.3,103.3,103.3,103.3,0,0
3317.N,D,20151022,000000,103.17,103.17,103.17,103.17,0,0
3317.N,D,20151023,000000,104.41,104.41,104.41,104.41,0,0
3317.N,D,20151026,000000,105.7,105.7,105.7,105.7,0,0
3317.N,D,20151027,000000,105.74,105.74,105.74,105.74,0,0
3317.N,D,20151028,000000,105.1,105.1,105.1,105.1,0,0
3317.N,D,20151029,000000,105.98,105.98,105.98,105.98,0,0
3317.N,D,20151030,000000,105.76,105.76,105.76,105.76,0,0
3317.N,D,20151102,000000,105.62,105.62,105.62,105.62,0,0
3317.N,D,20151103,000000,105.82,105.82,105.82,105.82,0,0
3317.N,D,20151104,000000,106.4,106.4,106.4,106.4,0,0
3317.N,D,20151105,000000,106.47,106.47,106.47,106.47,0,0
3317.N,D,20151106,000000,106.35,106.35,106.35,106.35,0,0
3317.N,D,20151109,000000,106.12,106.12,106.12,106.12,0,0
3317.N,D,20151110,000000,105.23,105.23,105.23,105.23,0,0
3317.N,D,20151112,000000,105.66,105.66,105.66,105.66,0,0
3317.N,D,20151113,000000,104.77,104.77,104.77,104.77,0,0
3317.N,D,20151116,000000,103.67,103.67,103.67,103.67,0,0
3317.N,D,20151117,000000,103.6,103.6,103.6,103.6,0,0
3317.N,D,20151118,000000,105.33,105.33,105.33,105.33,0,0
3317.N,D,20151119,000000,105.24,105.24,105.24,105.24,0,0
3317.N,D,20151120,000000,105.79,105.79,105.79,105.79,0,0
3317.N,D,20151123,000000,106.18,106.18,106.18,106.18,0,0
3317.N,D,20151124,000000,106.19,106.19,106.19,106.19,0,0
3317.N,D,20151125,000000,105.41,105.41,105.41,105.41,0,0
3317.N,D,20151126,000000,106.11,106.11,106.11,106.11,0,0
3317.N,D,20151127,000000,106.54,106.54,106.54,106.54,0,0
3317.N,D,20151130,000000,106.02,106.02,106.02,106.02,0,0
3317.N,D,20151201,000000,105.92,105.92,105.92,105.92,0,0
3317.N,D,20151202,000000,106.3,106.3,106.3,106.3,0,0
3317.N,D,20151203,000000,106.45,106.45,106.45,106.45,0,0
3317.N,D,20151204,000000,104.84,104.84,104.84,104.84,0,0
3317.N,D,20151207,000000,104.51,104.51,104.51,104.51,0,0
3317.N,D,20151208,000000,104.72,104.72,104.72,104.72,0,0
3317.N,D,20151209,000000,103.8,103.8,103.8,103.8,0,0
3317.N,D,20151210,000000,103.2,103.2,103.2,103.2,0,0
3317.N,D,20151211,000000,102.9,102.9,102.9,102.9,0,0
3317.N,D,20151214,000000,101.11,101.11,101.11,101.11,0,0
3317.N,D,20151215,000000,100.37,100.37,100.37,100.37,0,0
3317.N,D,20151216,000000,102.46,102.46,102.46,102.46,0,0
3317.N,D,20151217,000000,102.78,102.78,102.78,102.78,0,0
3317.N,D,20151218,000000,103.58,103.58,103.58,103.58,0,0
3317.N,D,20151221,000000,102.4,102.4,102.4,102.4,0,0
3317.N,D,20151222,000000,101.85,101.85,101.85,101.85,0,0
3317.N,D,20151223,000000,102.16,102.16,102.16,102.16,0,0
3317.N,D,20151228,000000,103.84,103.84,103.84,103.84,0,0
3317.N,D,20151229,000000,103.17,103.17,103.17,103.17,0,0
3317.N,D,20151230,000000,104.36,104.36,104.36,104.36,0,0
3317.N,D,20160104,000000,103.53,103.53,103.53,103.53,0,0
3317.N,D,20160105,000000,101.05,101.05,101.05,101.05,0,0
3317.N,D,20160107,000000,100.75,100.75,100.75,100.75,0,0
3317.N,D,20160108,000000,99.02,99.02,99.02,99.02,0,0
3317.N,D,20160111,000000,97.88,97.88,97.88,97.88,0,0
3317.N,D,20160112,000000,97.01,97.01,97.01,97.01,0,0
3317.N,D,20160113,000000,97.47,97.47,97.47,97.47,0,0
3317.N,D,20160114,000000,97.57,97.57,97.57,97.57,0,0
3317.N,D,20160115,000000,96.48,96.48,96.48,96.48,0,0
3317.N,D,20160118,000000,94.16,94.16,94.16,94.16,0,0
3317.N,D,20160119,000000,94.31,94.31,94.31,94.31,0,0
3317.N,D,20160120,000000,95.11,95.11,95.11,95.11,0,0
3317.N,D,20160121,000000,92.12,92.12,92.12,92.12,0,0
3317.N,D,20160122,000000,94.08,94.08,94.08,94.08,0,0
3317.N,D,20160125,000000,95.61,95.61,95.61,95.61,0,0
3317.N,D,20160126,000000,95.42,95.42,95.42,95.42,0,0
3317.N,D,20160127,000000,95.6,95.6,95.6,95.6,0,0
3317.N,D,20160128,000000,96.28,96.28,96.28,96.28,0,0
3317.N,D,20160129,000000,95.21,95.21,95.21,95.21,0,0
3317.N,D,20160201,000000,97.23,97.23,97.23,97.23,0,0
3317.N,D,20160202,000000,97.49,97.49,97.49,97.49,0,0
3317.N,D,20160203,000000,96.21,96.21,96.21,96.21,0,0
3317.N,D,20160204,000000,95.14,95.14,95.14,95.14,0,0
3317.N,D,20160205,000000,95.58,95.58,95.58,95.58,0,0
3317.N,D,20160208,000000,94.75,94.75,94.75,94.75,0,0
3317.N,D,20160209,000000,92.37,92.37,92.37,92.37,0,0
3317.N,D,20160210,000000,91.68,91.68,91.68,91.68,0,0
3317.N,D,20160211,000000,92.77,92.77,92.77,92.77,0,0
3317.N,D,20160212,000000,90.34,90.34,90.34,90.34,0,0
3317.N,D,20160215,000000,91.81,91.81,91.81,91.81,0,0
3317.N,D,20160216,000000,93.8,93.8,93.8,93.8,0,0
3317.N,D,20160217,000000,93.7,93.7,93.7,93.7,0,0
3317.N,D,20160218,000000,95.37,95.37,95.37,95.37,0,0
3317.N,D,20160219,000000,95.49,95.49,95.49,95.49,0,0
3317.N,D,20160222,000000,95.08,95.08,95.08,95.08,0,0
3317.N,D,20160223,000000,96.39,96.39,96.39,96.39,0,0
3317.N,D,20160224,000000,95.34,95.34,95.34,95.34,0,0
3317.N,D,20160225,000000,94.21,94.21,94.21,94.21,0,0
3317.N,D,20160226,000000,95.38,95.38,95.38,95.38,0,0
3317.N,D,20160229,000000,96.4,96.4,96.4,96.4,0,0
3317.N,D,20160301,000000,96.64,96.64,96.64,96.64,0,0
3317.N,D,20160302,000000,97.53,97.53,97.53,97.53,0,0
3317.N,D,20160303,000000,97.88,97.88,97.88,97.88,0,0
3317.N,D,20160304,000000,97.98,97.98,97.98,97.98,0,0
3317.N,D,20160307,000000,98.7,98.7,98.7,98.7,0,0
3317.N,D,20160308,000000,98.45,98.45,98.45,98.45,0,0
3317.N,D,20160309,000000,97.69,97.69,97.69,97.69,0,0
3317.N,D,20160310,000000,98.04,98.04,98.04,98.04,0,0
3317.N,D,20160311,000000,97.18,97.18,97.18,97.18,0,0
3317.N,D,20160314,000000,98.85,98.85,98.85,98.85,0,0
3317.N,D,20160315,000000,99.16,99.16,99.16,99.16,0,0
3317.N,D,20160316,000000,98.41,98.41,98.41,98.41,0,0
3317.N,D,20160317,000000,98.48,98.48,98.48,98.48,0,0
3317.N,D,20160318,000000,99.22,99.22,99.22,99.22,0,0
3317.N,D,20160321,000000,99.6,99.6,99.6,99.6,0,0
3317.N,D,20160322,000000,99.57,99.57,99.57,99.57,0,0
3317.N,D,20160323,000000,99.77,99.77,99.77,99.77,0,0
3317.N,D,20160324,000000,99.35,99.35,99.35,99.35,0,0
3317.N,D,20160329,000000,98.59,98.59,98.59,98.59,0,0
3317.N,D,20160330,000000,98.72,98.72,98.72,98.72,0,0
3317.N,D,20160331,000000,99.96,99.96,99.96,99.96,0,0
3317.N,D,20160401,000000,99.76,99.76,99.76,99.76,0,0
3317.N,D,20160404,000000,99.05,99.05,99.05,99.05,0,0
3317.N,D,20160405,000000,99.34,99.34,99.34,99.34,0,0
3317.N,D,20160406,000000,98.07,98.07,98.07,98.07,0,0
3317.N,D,20160407,000000,98.51,98.51,98.51,98.51,0,0
3317.N,D,20160408,000000,97.99,97.99,97.99,97.99,0,0
3317.N,D,20160411,000000,98.5,98.5,98.5,98.5,0,0
3317.N,D,20160412,000000,98.66,98.66,98.66,98.66,0,0
3317.N,D,20160413,000000,98.9,98.9,98.9,98.9,0,0
3317.N,D,20160414,000000,100.28,100.28,100.28,100.28,0,0
3317.N,D,20160415,000000,100.55,100.55,100.55,100.55,0,0
3317.N,D,20160418,000000,100.26,100.26,100.26,100.26,0,0
3317.N,D,20160419,000000,100.59,100.59,100.59,100.59,0,0
3317.N,D,20160420,000000,101.31,101.31,101.31,101.31,0,0
3317.N,D,20160421,000000,101.6,101.6,101.6,101.6,0,0
3317.N,D,20160422,000000,101.21,101.21,101.21,101.21,0,0
3317.N,D,20160425,000000,100.71,100.71,100.71,100.71,0,0
3317.N,D,20160426,000000,100.23,100.23,100.23,100.23,0,0
3317.N,D,20160427,000000,100.47,100.47,100.47,100.47,0,0
3317.N,D,20160428,000000,100.58,100.58,100.58,100.58,0,0
3317.N,D,20160429,000000,100.64,100.64,100.64,100.64,0,0
3317.N,D,20160502,000000,99.01,99.01,99.01,99.01,0,0
3317.N,D,20160504,000000,98.24,98.24,98.24,98.24,0,0
3317.N,D,20160505,000000,97.57,97.57,97.57,97.57,0,0
3317.N,D,20160506,000000,97.83,97.83,97.83,97.83,0,0
3317.N,D,20160509,000000,97.3,97.3,97.3,97.3,0,0
3317.N,D,20160510,000000,97.74,97.74,97.74,97.74,0,0
3317.N,D,20160511,000000,98.62,98.62,98.62,98.62,0,0
3317.N,D,20160512,000000,98.61,98.61,98.61,98.61,0,0
3317.N,D,20160513,000000,97.93,97.93,97.93,97.93,0,0
3317.N,D,20160516,000000,98.14,98.14,98.14,98.14,0,0
3317.N,D,20160517,000000,98.34,98.34,98.34,98.34,0,0
3317.N,D,20160518,000000,98.39,98.39,98.39,98.39,0,0
3317.N,D,20160519,000000,98.31,98.31,98.31,98.31,0,0
3317.N,D,20160520,000000,97.33,97.33,97.33,97.33,0,0
3317.N,D,20160523,000000,98.45,98.45,98.45,98.45,0,0
3317.N,D,20160524,000000,98.2,98.2,98.2,98.2,0,0
3317.N,D,20160525,000000,99.4,99.4,99.4,99.4,0,0
3317.N,D,20160527,000000,100.32,100.32,100.32,100.32,0,0
3317.N,D,20160530,000000,100.61,100.61,100.61,100.61,0,0
3317.N,D,20160531,000000,100.66,100.66,100.66,100.66,0,0
3317.N,D,20160601,000000,100.46,100.46,100.46,100.46,0,0
3317.N,D,20160602,000000,100.2,100.2,100.2,100.2,0,0
3317.N,D,20160603,000000,100.33,100.33,100.33,100.33,0,0
3317.N,D,20160606,000000,100.2,100.2,100.2,100.2,0,0
3317.N,D,20160607,000000,100.68,100.68,100.68,100.68,0,0
3317.N,D,20160608,000000,101.26,101.26,101.26,101.26,0,0
3317.N,D,20160609,000000,101.08,101.08,101.08,101.08,0,0
3317.N,D,20160610,000000,100.51,100.51,100.51,100.51,0,0
3317.N,D,20160613,000000,99.44,99.44,99.44,99.44,0,0
3317.N,D,20160614,000000,98.29,98.29,98.29,98.29,0,0
3317.N,D,20160615,000000,97.22,97.22,97.22,97.22,0,0
3317.N,D,20160616,000000,97.88,97.88,97.88,97.88,0,0
3317.N,D,20160617,000000,97.04,97.04,97.04,97.04,0,0
3317.N,D,20160620,000000,97.61,97.61,97.61,97.61,0,0
3317.N,D,20160621,000000,99.09,99.09,99.09,99.09,0,0
3317.N,D,20160622,000000,99.17,99.17,99.17,99.17,0,0
3317.N,D,20160623,000000,99.61,99.61,99.61,99.61,0,0
3317.N,D,20160624,000000,100.37,100.37,100.37,100.37,0,0
3317.N,D,20160627,000000,97.08,97.08,97.08,97.08,0,0
3317.N,D,20160628,000000,94.66,94.66,94.66,94.66,0,0
3317.N,D,20160629,000000,95.92,95.92,95.92,95.92,0,0
3317.N,D,20160630,000000,97.88,97.88,97.88,97.88,0,0
3317.N,D,20160701,000000,98.81,98.81,98.81,98.81,0,0
3317.N,D,20160704,000000,99.3,99.3,99.3,99.3,0,0
3317.N,D,20160705,000000,99.14,99.14,99.14,99.14,0,0
3317.N,D,20160706,000000,98.21,98.21,98.21,98.21,0,0
3317.N,D,20160707,000000,97.74,97.74,97.74,97.74,0,0
3317.N,D,20160708,000000,98.38,98.38,98.38,98.38,0,0
3317.N,D,20160711,000000,99.27,99.27,99.27,99.27,0,0
3317.N,D,20160712,000000,100.37,100.37,100.37,100.37,0,0
3317.N,D,20160713,000000,101.03,101.03,101.03,101.03,0,0
3317.N,D,20160714,000000,100.7,100.7,100.7,100.7,0,0
3317.N,D,20160715,000000,101.36,101.36,101.36,101.36,0,0
3317.N,D,20160718,000000,101.21,101.21,101.21,101.21,0,0
3317.N,D,20160719,000000,101.47,101.47,101.47,101.47,0,0
3317.N,D,20160720,000000,101.22,101.22,101.22,101.22,0,0
3317.N,D,20160721,000000,101.89,101.89,101.89,101.89,0,0
3317.N,D,20160722,000000,101.69,101.69,101.69,101.69,0,0
3317.N,D,20160725,000000,101.71,101.71,101.71,101.71,0,0
3317.N,D,20160726,000000,101.58,101.58,101.58,101.58,0,0
3317.N,D,20160727,000000,101.87,101.87,101.87,101.87,0,0
3317.N,D,20160728,000000,101.81,101.81,101.81,101.81,0,0
3317.N,D,20160729,000000,101.58,101.58,101.58,101.58,0,0
3317.N,D,20160801,000000,101.74,101.74,101.74,101.74,0,0
3317.N,D,20160802,000000,101.71,101.71,101.71,101.71,0,0
3317.N,D,20160803,000000,100.79,100.79,100.79,100.79,0,0
3317.N,D,20160804,000000,100.79,100.79,100.79,100.79,0,0
3317.N,D,20160805,000000,101.31,101.31,101.31,101.31,0,0
3317.N,D,20160808,000000,101.93,101.93,101.93,101.93,0,0
3317.N,D,20160809,000000,101.93,101.93,101.93,101.93,0,0
3317.N,D,20160810,000000,102.38,102.38,102.38,102.38,0,0
3317.N,D,20160811,000000,102.03,102.03,102.03,102.03,0,0
3317.N,D,20160812,000000,102.45,102.45,102.45,102.45,0,0
3317.N,D,20160816,000000,102.65,102.65,102.65,102.65,0,0
3317.N,D,20160817,000000,101.98,101.98,101.98,101.98,0,0
3317.N,D,20160818,000000,101.39,101.39,101.39,101.39,0,0
3317.N,D,20160819,000000,101.86,101.86,101.86,101.86,0,0
3317.N,D,20160822,000000,101.43,101.43,101.43,101.43,0,0
3317.N,D,20160823,000000,101.4,101.4,101.4,101.4,0,0
3317.N,D,20160824,000000,101.84,101.84,101.84,101.84,0,0
3317.N,D,20160825,000000,101.64,101.64,101.64,101.64,0,0
3317.N,D,20160826,000000,101.25,101.25,101.25,101.25,0,0
3317.N,D,20160829,000000,101.38,101.38,101.38,101.38,0,0
3317.N,D,20160830,000000,101.38,101.38,101.38,101.38,0,0
3317.N,D,20160831,000000,101.52,101.52,101.52,101.52,0,0
3317.N,D,20160901,000000,101.09,101.09,101.09,101.09,0,0
3317.N,D,20160902,000000,100.91,100.91,100.91,100.91,0,0
3317.N,D,20160905,000000,102.2,102.2,102.2,102.2,0,0
3317.N,D,20160906,000000,102.29,102.29,102.29,102.29,0,0
3317.N,D,20160907,000000,102.33,102.33,102.33,102.33,0,0
3317.N,D,20160908,000000,102.46,102.46,102.46,102.46,0,0
3317.N,D,20160909,000000,102.31,102.31,102.31,102.31,0,0
3317.N,D,20160912,000000,101.02,101.02,101.02,101.02,0,0
3317.N,D,20160913,000000,100.34,100.34,100.34,100.34,0,0
3317.N,D,20160914,000000,99.6,99.6,99.6,99.6,0,0
3317.N,D,20160915,000000,99.69,99.69,99.69,99.69,0,0
3317.N,D,20160916,000000,100.08,100.08,100.08,100.08,0,0
3317.N,D,20160919,000000,99.77,99.77,99.77,99.77,0,0
3317.N,D,20160920,000000,100.56,100.56,100.56,100.56,0,0
3317.N,D,20160921,000000,100.35,100.35,100.35,100.35,0,0
3317.N,D,20160922,000000,100.71,100.71,100.71,100.71,0,0
3317.N,D,20160923,000000,101.96,101.96,101.96,101.96,0,0
3317.N,D,20160926,000000,101.6,101.6,101.6,101.6,0,0
3317.N,D,20160927,000000,100.42,100.42,100.42,100.42,0,0
3317.N,D,20160928,000000,100.65,100.65,100.65,100.65,0,0
3317.N,D,20160929,000000,100.9,100.9,100.9,100.9,0,0
3317.N,D,20160930,000000,101.18,101.18,101.18,101.18,0,0
3317.N,D,20161003,000000,101.08,101.08,101.08,101.08,0,0
3317.N,D,20161004,000000,100.94,100.94,100.94,100.94,0,0
3317.N,D,20161005,000000,101.23,101.23,101.23,101.23,0,0
3317.N,D,20161006,000000,101.23,101.23,101.23,101.23,0,0
3317.N,D,20161007,000000,100.98,100.98,100.98,100.98,0,0
3317.N,D,20161010,000000,100.41,100.41,100.41,100.41,0,0
3317.N,D,20161011,000000,101.18,101.18,101.18,101.18,0,0
3317.N,D,20161012,000000,100.19,100.19,100.19,100.19,0,0
3317.N,D,20161013,000000,99.94,99.94,99.94,99.94,0,0
3317.N,D,20161014,000000,99.26,99.26,99.26,99.26,0,0
3317.N,D,20161017,000000,100.08,100.08,100.08,100.08,0,0
3317.N,D,20161018,000000,99.5,99.5,99.5,99.5,0,0
3317.N,D,20161019,000000,100.27,100.27,100.27,100.27,0,0
3317.N,D,20161020,000000,100.49,100.49,100.49,100.49,0,0
3317.N,D,20161021,000000,100.41,100.41,100.41,100.41,0,0
3317.N,D,20161024,000000,100.3,100.3,100.3,100.3,0,0
3317.N,D,20161025,000000,100.59,100.59,100.59,100.59,0,0
3317.N,D,20161026,000000,100.41,100.41,100.41,100.41,0,0
3317.N,D,20161027,000000,100.17,100.17,100.17,100.17,0,0
3317.N,D,20161028,000000,100.19,100.19,100.19,100.19,0,0
3317.N,D,20161031,000000,100.03,100.03,100.03,100.03,0,0
3317.N,D,20161102,000000,98.95,98.95,98.95,98.95,0,0
3317.N,D,20161103,000000,98.18,98.18,98.18,98.18,0,0
3317.N,D,20161104,000000,97.86,97.86,97.86,97.86,0,0
3317.N,D,20161107,000000,97.5,97.5,97.5,97.5,0,0
3317.N,D,20161108,000000,98.83,98.83,98.83,98.83,0,0
3317.N,D,20161109,000000,99.18,99.18,99.18,99.18,0,0
3317.N,D,20161110,000000,99.7,99.7,99.7,99.7,0,0
3317.N,D,20161114,000000,98.39,98.39,98.39,98.39,0,0
3317.N,D,20161115,000000,98.4,98.4,98.4,98.4,0,0
3317.N,D,20161116,000000,98.84,98.84,98.84,98.84,0,0
3317.N,D,20161117,000000,98.85,98.85,98.85,98.85,0,0
3317.N,D,20161118,000000,99.38,99.38,99.38,99.38,0,0
3317.N,D,20161121,000000,99.09,99.09,99.09,99.09,0,0
3317.N,D,20161122,000000,99.41,99.41,99.41,99.41,0,0
3317.N,D,20161123,000000,99.55,99.55,99.55,99.55,0,0
3317.N,D,20161124,000000,99.57,99.57,99.57,99.57,0,0
3317.N,D,20161125,000000,99.7,99.7,99.7,99.7,0,0
3317.N,D,20161128,000000,99.88,99.88,99.88,99.88,0,0
3317.N,D,20161129,000000,99.68,99.68,99.68,99.68,0,0
3317.N,D,20161130,000000,99.79,99.79,99.79,99.79,0,0
3317.N,D,20161201,000000,99.92,99.92,99.92,99.92,0,0
3317.N,D,20161202,000000,99.28,99.28,99.28,99.28,0,0
3317.N,D,20161205,000000,98.83,98.83,98.83,98.83,0,0
3317.N,D,20161206,000000,99.2,99.2,99.2,99.2,0,0
3317.N,D,20161207,000000,99.38,99.38,99.38,99.38,0,0
3317.N,D,20161208,000000,99.94,99.94,99.94,99.94,0,0
3317.N,D,20161209,000000,100.92,100.92,100.92,100.92,0,0
3317.N,D,20161212,000000,101.36,101.36,101.36,101.36,0,0
3317.N,D,20161213,000000,101.06,101.06,101.06,101.06,0,0
3317.N,D,20161214,000000,101.65,101.65,101.65,101.65,0,0
3317.N,D,20161215,000000,101.34,101.34,101.34,101.34,0,0
3317.N,D,20161216,000000,101.5,101.5,101.5,101.5,0,0
3317.N,D,20161219,000000,101.23,101.23,101.23,101.23,0,0
3317.N,D,20161220,000000,101.1,101.1,101.1,101.1,0,0
3317.N,D,20161221,000000,101.46,101.46,101.46,101.46,0,0
3317.N,D,20161222,000000,101.33,101.33,101.33,101.33,0,0
3317.N,D,20161223,000000,101.01,101.01,101.01,101.01,0,0
3317.N,D,20161227,000000,101.16,101.16,101.16,101.16,0,0
3317.N,D,20161228,000000,101.39,101.39,101.39,101.39,0,0
3317.N,D,20161229,000000,101.4,101.4,101.4,101.4,0,0
3317.N,D,20161230,000000,101.11,101.11,101.11,101.11,0,0
3317.N,D,20170102,000000,101.01,101.01,101.01,101.01,0,0
3317.N,D,20170103,000000,101.16,101.16,101.16,101.16,0,0
3317.N,D,20170104,000000,101.6,101.6,101.6,101.6,0,0
3317.N,D,20170105,000000,102.05,102.05,102.05,102.05,0,0
3317.N,D,20170109,000000,102.33,102.33,102.33,102.33,0,0
3317.N,D,20170110,000000,102.15,102.15,102.15,102.15,0,0
3317.N,D,20170111,000000,102.18,102.18,102.18,102.18,0,0
3317.N,D,20170112,000000,102.18,102.18,102.18,102.18,0,0
3317.N,D,20170113,000000,101.77,101.77,101.77,101.77,0,0
3317.N,D,20170116,000000,102.35,102.35,102.35,102.35,0,0
3317.N,D,20170117,000000,102.01,102.01,102.01,102.01,0,0
3317.N,D,20170118,000000,101.82,101.82,101.82,101.82,0,0
3317.N,D,20170119,000000,101.63,101.63,101.63,101.63,0,0
3317.N,D,20170120,000000,101.61,101.61,101.61,101.61,0,0
3317.N,D,20170123,000000,101.69,101.69,101.69,101.69,0,0
3317.N,D,20170124,000000,101.22,101.22,101.22,101.22,0,0
3317.N,D,20170125,000000,101.69,101.69,101.69,101.69,0,0
3317.N,D,20170126,000000,102.49,102.49,102.49,102.49,0,0
3317.N,D,20170127,000000,102.53,102.53,102.53,102.53,0,0
3317.N,D,20170130,000000,102.48,102.48,102.48,102.48,0,0
3317.N,D,20170131,000000,101.68,101.68,101.68,101.68,0,0
3317.N,D,20170201,000000,101.39,101.39,101.39,101.39,0,0
3317.N,D,20170202,000000,101.91,101.91,101.91,101.91,0,0
3317.N,D,20170203,000000,102.01,102.01,102.01,102.01,0,0
3317.N,D,20170206,000000,102.76,102.76,102.76,102.76,0,0
3317.N,D,20170207,000000,102.55,102.55,102.55,102.55,0,0
3317.N,D,20170208,000000,102.52,102.52,102.52,102.52,0,0
3317.N,D,20170209,000000,102.53,102.53,102.53,102.53,0,0
3317.N,D,20170210,000000,103.11,103.11,103.11,103.11,0,0
3317.N,D,20170213,000000,103.3,103.3,103.3,103.3,0,0
3317.N,D,20170214,000000,103.77,103.77,103.77,103.77,0,0
3317.N,D,20170215,000000,103.68,103.68,103.68,103.68,0,0
3317.N,D,20170216,000000,104.16,104.16,104.16,104.16,0,0
3317.N,D,20170217,000000,104.15,104.15,104.15,104.15,0,0
3317.N,D,20170220,000000,104.01,104.01,104.01,104.01,0,0
3317.N,D,20170221,000000,104.4,104.4,104.4,104.4,0,0
3317.N,D,20170222,000000,104.77,104.77,104.77,104.77,0,0
3317.N,D,20170223,000000,104.86,104.86,104.86,104.86,0,0
3317.N,D,20170224,000000,104.86,104.86,104.86,104.86,0,0
3317.N,D,20170227,000000,104.27,104.27,104.27,104.27,0,0
3317.N,D,20170228,000000,104.2,104.2,104.2,104.2,0,0
3317.N,D,20170301,000000,104.19,104.19,104.19,104.19,0,0
3317.N,D,20170302,000000,105.26,105.26,105.26,105.26,0,0
3317.N,D,20170303,000000,105.1,105.1,105.1,105.1,0,0
3317.N,D,20170306,000000,104.79,104.79,104.79,104.79,0,0
3317.N,D,20170307,000000,104.6,104.6,104.6,104.6,0,0
3317.N,D,20170308,000000,104.48,104.48,104.48,104.48,0,0
3317.N,D,20170309,000000,104.41,104.41,104.41,104.41,0,0
3317.N,D,20170310,000000,104.25,104.25,104.25,104.25,0,0
3317.N,D,20170313,000000,104.37,104.37,104.37,104.37,0,0
3317.N,D,20170314,000000,104.64,104.64,104.64,104.64,0,0
3317.N,D,20170315,000000,104.41,104.41,104.41,104.41,0,0
3317.N,D,20170316,000000,104.83,104.83,104.83,104.83,0,0
3317.N,D,20170317,000000,105.65,105.65,105.65,105.65,0,0
3317.N,D,20170320,000000,105.64,105.64,105.64,105.64,0,0
3317.N,D,20170321,000000,105.51,105.51,105.51,105.51,0,0
3317.N,D,20170322,000000,104.94,104.94,104.94,104.94,0,0
3317.N,D,20170323,000000,104.5,104.5,104.5,104.5,0,0
3317.N,D,20170324,000000,104.87,104.87,104.87,104.87,0,0
3317.N,D,20170327,000000,104.67,104.67,104.67,104.67,0,0
3317.N,D,20170328,000000,104.03,104.03,104.03,104.03,0,0
3317.N,D,20170329,000000,104.44,104.44,104.44,104.44,0,0
3317.N,D,20170330,000000,104.63,104.63,104.63,104.63,0,0
3317.N,D,20170331,000000,104.52,104.52,104.52,104.52,0,0
3317.N,D,20170403,000000,104.28,104.28,104.28,104.28,0,0
3317.N,D,20170404,000000,103.98,103.98,103.98,103.98,0,0
3317.N,D,20170405,000000,104.31,104.31,104.31,104.31,0,0
3317.N,D,20170406,000000,104.6,104.6,104.6,104.6,0,0
3317.N,D,20170407,000000,104.42,104.42,104.42,104.42,0,0
3317.N,D,20170410,000000,104.32,104.32,104.32,104.32,0,0
3317.N,D,20170411,000000,104.25,104.25,104.25,104.25,0,0
3317.N,D,20170412,000000,103.98,103.98,103.98,103.98,0,0
3317.N,D,20170413,000000,104.06,104.06,104.06,104.06,0,0
3317.N,D,20170418,000000,103.9,103.9,103.9,103.9,0,0
3317.N,D,20170419,000000,103.41,103.41,103.41,103.41,0,0
3317.N,D,20170420,000000,103.53,103.53,103.53,103.53,0,0
3317.N,D,20170421,000000,103.83,103.83,103.83,103.83,0,0
3317.N,D,20170424,000000,103.76,103.76,103.76,103.76,0,0
3317.N,D,20170425,000000,104.8,104.8,104.8,104.8,0,0
3317.N,D,20170426,000000,105.11,105.11,105.11,105.11,0,0
3317.N,D,20170427,000000,105.3,105.3,105.3,105.3,0,0
3317.N,D,20170428,000000,105.08,105.08,105.08,105.08,0,0
3317.N,D,20170502,000000,105.01,105.01,105.01,105.01,0,0
3317.N,D,20170504,000000,105.2,105.2,105.2,105.2,0,0
3317.N,D,20170505,000000,105.44,105.44,105.44,105.44,0,0
3317.N,D,20170508,000000,105.79,105.79,105.79,105.79,0,0
3317.N,D,20170509,000000,106.08,106.08,106.08,106.08,0,0
3317.N,D,20170510,000000,106.43,106.43,106.43,106.43,0,0
3317.N,D,20170511,000000,106.44,106.44,106.44,106.44,0,0
3317.N,D,20170512,000000,106.15,106.15,106.15,106.15,0,0
3317.N,D,20170515,000000,106.23,106.23,106.23,106.23,0,0
3317.N,D,20170516,000000,106.55,106.55,106.55,106.55,0,0
3317.N,D,20170517,000000,106.55,106.55,106.55,106.55,0,0
3317.N,D,20170518,000000,105.55,105.55,105.55,105.55,0,0
3317.N,D,20170519,000000,104.67,104.67,104.67,104.67,0,0
3317.N,D,20170522,000000,105.43,105.43,105.43,105.43,0,0
3317.N,D,20170523,000000,105.59,105.59,105.59,105.59,0,0
3317.N,D,20170524,000000,105.82,105.82,105.82,105.82,0,0
3317.N,D,20170525,000000,105.84,105.84,105.84,105.84,0,0
3317.N,D,20170526,000000,106.09,106.09,106.09,106.09,0,0
3317.N,D,20170529,000000,106.07,106.07,106.07,106.07,0,0
3317.N,D,20170530,000000,106.07,106.07,106.07,106.07,0,0
3317.N,D,20170531,000000,105.85,105.85,105.85,105.85,0,0
3317.N,D,20170601,000000,105.7,105.7,105.7,105.7,0,0
3317.N,D,20170602,000000,106.18,106.18,106.18,106.18,0,0
3317.N,D,20170605,000000,106.51,106.51,106.51,106.51,0,0
3317.N,D,20170606,000000,106.45,106.45,106.45,106.45,0,0
3317.N,D,20170607,000000,106.06,106.06,106.06,106.06,0,0
3317.N,D,20170608,000000,105.98,105.98,105.98,105.98,0,0
3317.N,D,20170609,000000,106.03,106.03,106.03,106.03,0,0
3317.N,D,20170612,000000,106.32,106.32,106.32,106.32,0,0
3317.N,D,20170613,000000,105.45,105.45,105.45,105.45,0,0
3317.N,D,20170614,000000,105.88,105.88,105.88,105.88,0,0
3317.N,D,20170616,000000,105.25,105.25,105.25,105.25,0,0
3317.N,D,20170619,000000,105.49,105.49,105.49,105.49,0,0
3317.N,D,20170620,000000,106.49,106.49,106.49,106.49,0,0
3317.N,D,20170621,000000,106.5,106.5,106.5,106.5,0,0
3317.N,D,20170622,000000,106.43,106.43,106.43,106.43,0,0
3317.N,D,20170623,000000,106.32,106.32,106.32,106.32,0,0
3317.N,D,20170626,000000,106.24,106.24,106.24,106.24,0,0
3317.N,D,20170627,000000,106.64,106.64,106.64,106.64,0,0
3317.N,D,20170628,000000,106.61,106.61,106.61,106.61,0,0
3317.N,D,20170629,000000,106.46,106.46,106.46,106.46,0,0
3317.N,D,20170630,000000,106.26,106.26,106.26,106.26,0,0
3317.N,D,20170703,000000,106.13,106.13,106.13,106.13,0,0
3317.N,D,20170704,000000,106.22,106.22,106.22,106.22,0,0
3317.N,D,20170705,000000,106.25,106.25,106.25,106.25,0,0
3317.N,D,20170706,000000,106.34,106.34,106.34,106.34,0,0
3317.N,D,20170707,000000,106.17,106.17,106.17,106.17,0,0
3317.N,D,20170710,000000,106.05,106.05,106.05,106.05,0,0
3317.N,D,20170711,000000,106.15,106.15,106.15,106.15,0,0
3317.N,D,20170712,000000,106.3,106.3,106.3,106.3,0,0
3317.N,D,20170713,000000,106.49,106.49,106.49,106.49,0,0
3317.N,D,20170714,000000,106.75,106.75,106.75,106.75,0,0
3317.N,D,20170717,000000,106.7,106.7,106.7,106.7,0,0
3317.N,D,20170718,000000,106.79,106.79,106.79,106.79,0,0
3317.N,D,20170719,000000,106.68,106.68,106.68,106.68,0,0
3317.N,D,20170720,000000,106.88,106.88,106.88,106.88,0,0
3317.N,D,20170721,000000,107.02,107.02,107.02,107.02,0,0
3317.N,D,20170724,000000,106.66,106.66,106.66,106.66,0,0
3317.N,D,20170725,000000,106.66,106.66,106.66,106.66,0,0
3317.N,D,20170726,000000,106.67,106.67,106.67,106.67,0,0
3317.N,D,20170727,000000,106.76,106.76,106.76,106.76,0,0
3317.N,D,20170728,000000,106.8,106.8,106.8,106.8,0,0
3317.N,D,20170731,000000,106.33,106.33,106.33,106.33,0,0
3317.N,D,20170801,000000,106.35,106.35,106.35,106.35,0,0
3317.N,D,20170802,000000,106.33,106.33,106.33,106.33,0,0
3317.N,D,20170803,000000,106.41,106.41,106.41,106.41,0,0
3317.N,D,20170804,000000,106.14,106.14,106.14,106.14,0,0
3317.N,D,20170807,000000,106.09,106.09,106.09,106.09,0,0
3317.N,D,20170808,000000,106.34,106.34,106.34,106.34,0,0
3317.N,D,20170809,000000,106.36,106.36,106.36,106.36,0,0
3317.N,D,20170810,000000,106.07,106.07,106.07,106.07,0,0
3317.N,D,20170811,000000,105.81,105.81,105.81,105.81,0,0
3317.N,D,20170814,000000,105.25,105.25,105.25,105.25,0,0
3317.N,D,20170816,000000,105.6,105.6,105.6,105.6,0,0
3317.N,D,20170817,000000,105.94,105.94,105.94,105.94,0,0
3317.N,D,20170818,000000,105.85,105.85,105.85,105.85,0,0
3317.N,D,20170821,000000,105.51,105.51,105.51,105.51,0,0
3317.N,D,20170822,000000,105.44,105.44,105.44,105.44,0,0
3317.N,D,20170823,000000,105.67,105.67,105.67,105.67,0,0
3317.N,D,20170824,000000,105.75,105.75,105.75,105.75,0,0
3317.N,D,20170825,000000,105.7,105.7,105.7,105.7,0,0
3317.N,D,20170828,000000,105.86,105.86,105.86,105.86,0,0
3317.N,D,20170829,000000,105.47,105.47,105.47,105.47,0,0
3317.N,D,20170830,000000,105.2,105.2,105.2,105.2,0,0
3317.N,D,20170831,000000,105.6,105.6,105.6,105.6,0,0
3317.N,D,20170901,000000,105.95,105.95,105.95,105.95,0,0
3317.N,D,20170904,000000,105.99,105.99,105.99,105.99,0,0
3317.N,D,20170905,000000,105.93,105.93,105.93,105.93,0,0
3317.N,D,20170906,000000,105.77,105.77,105.77,105.77,0,0
3317.N,D,20170907,000000,105.59,105.59,105.59,105.59,0,0
3317.N,D,20170908,000000,105.56,105.56,105.56,105.56,0,0
3317.N,D,20170911,000000,105.43,105.43,105.43,105.43,0,0
3317.N,D,20170912,000000,105.73,105.73,105.73,105.73,0,0
3317.N,D,20170913,000000,106.05,106.05,106.05,106.05,0,0
3317.N,D,20170914,000000,106.06,106.06,106.06,106.06,0,0
3317.N,D,20170915,000000,106.07,106.07,106.07,106.07,0,0
3317.N,D,20170918,000000,105.92,105.92,105.92,105.92,0,0
3317.N,D,20170919,000000,106.15,106.15,106.15,106.15,0,0
3317.N,D,20170920,000000,106.22,106.22,106.22,106.22,0,0
3317.N,D,20170921,000000,106.21,106.21,106.21,106.21,0,0
3317.N,D,20170922,000000,106.24,106.24,106.24,106.24,0,0
3317.N,D,20170925,000000,106.05,106.05,106.05,106.05,0,0
3317.N,D,20170926,000000,106.1,106.1,106.1,106.1,0,0
3317.N,D,20170927,000000,106,106,106,106,0,0
3317.N,D,20170928,000000,106.24,106.24,106.24,106.24,0,0
3317.N,D,20170929,000000,106.29,106.29,106.29,106.29,0,0
3317.N,D,20171002,000000,106.41,106.41,106.41,106.41,0,0
3317.N,D,20171003,000000,106.58,106.58,106.58,106.58,0,0
3317.N,D,20171004,000000,106.75,106.75,106.75,106.75,0,0
3317.N,D,20171005,000000,106.71,106.71,106.71,106.71,0,0
3317.N,D,20171006,000000,106.76,106.76,106.76,106.76,0,0
3317.N,D,20171009,000000,106.77,106.77,106.77,106.77,0,0
3317.N,D,20171010,000000,106.8,106.8,106.8,106.8,0,0
3317.N,D,20171011,000000,106.84,106.84,106.84,106.84,0,0
3317.N,D,20171012,000000,106.83,106.83,106.83,106.83,0,0
3317.N,D,20171013,000000,106.93,106.93,106.93,106.93,0,0
3317.N,D,20171016,000000,106.93,106.93,106.93,106.93,0,0
3317.N,D,20171017,000000,107.08,107.08,107.08,107.08,0,0
3317.N,D,20171018,000000,107.1,107.1,107.1,107.1,0,0
3317.N,D,20171019,000000,107.13,107.13,107.13,107.13,0,0
3317.N,D,20171020,000000,106.98,106.98,106.98,106.98,0,0
3317.N,D,20171023,000000,107.17,107.17,107.17,107.17,0,0
3317.N,D,20171024,000000,107.32,107.32,107.32,107.32,0,0
3317.N,D,20171025,000000,107.25,107.25,107.25,107.25,0,0
3317.N,D,20171026,000000,107.17,107.17,107.17,107.17,0,0
3317.N,D,20171027,000000,107.16,107.16,107.16,107.16,0,0
3317.N,D,20171030,000000,107.36,107.36,107.36,107.36,0,0
3317.N,D,20171031,000000,107.48,107.48,107.48,107.48,0,0
3317.N,D,20171102,000000,107.63,107.63,107.63,107.63,0,0
3317.N,D,20171103,000000,107.63,107.63,107.63,107.63,0,0
3317.N,D,20171106,000000,107.51,107.51,107.51,107.51,0,0
3317.N,D,20171107,000000,107.6,107.6,107.6,107.6,0,0
3317.N,D,20171108,000000,107.67,107.67,107.67,107.67,0,0
3317.N,D,20171109,000000,107.54,107.54,107.54,107.54,0,0
3317.N,D,20171110,000000,107.38,107.38,107.38,107.38,0,0
3317.N,D,20171113,000000,107.14,107.14,107.14,107.14,0,0
3317.N,D,20171114,000000,106.99,106.99,106.99,106.99,0,0
3317.N,D,20171115,000000,106.88,106.88,106.88,106.88,0,0
3317.N,D,20171116,000000,106.39,106.39,106.39,106.39,0,0
3317.N,D,20171117,000000,106.63,106.63,106.63,106.63,0,0
3317.N,D,20171120,000000,106.67,106.67,106.67,106.67,0,0
3317.N,D,20171121,000000,106.58,106.58,106.58,106.58,0,0
3317.N,D,20171122,000000,107.04,107.04,107.04,107.04,0,0
3317.N,D,20171123,000000,107.08,107.08,107.08,107.08,0,0
3317.N,D,20171124,000000,106.98,106.98,106.98,106.98,0,0
3317.N,D,20171127,000000,106.82,106.82,106.82,106.82,0,0
3317.N,D,20171128,000000,106.49,106.49,106.49,106.49,0,0
3317.N,D,20171129,000000,106.42,106.42,106.42,106.42,0,0
3317.N,D,20171130,000000,106.47,106.47,106.47,106.47,0,0
3317.N,D,20171201,000000,106.1,106.1,106.1,106.1,0,0
3317.N,D,20171204,000000,105.93,105.93,105.93,105.93,0,0
3317.N,D,20171205,000000,105.93,105.93,105.93,105.93,0,0
3317.N,D,20171206,000000,105.83,105.83,105.83,105.83,0,0
3317.N,D,20171207,000000,105.67,105.67,105.67,105.67,0,0
3317.N,D,20171208,000000,105.69,105.69,105.69,105.69,0,0
3317.N,D,20171211,000000,105.83,105.83,105.83,105.83,0,0
3317.N,D,20171212,000000,105.9,105.9,105.9,105.9,0,0
3317.N,D,20171213,000000,105.82,105.82,105.82,105.82,0,0
3317.N,D,20171214,000000,105.87,105.87,105.87,105.87,0,0
3317.N,D,20171215,000000,105.77,105.77,105.77,105.77,0,0
3317.N,D,20171218,000000,105.55,105.55,105.55,105.55,0,0
3317.N,D,20171219,000000,105.92,105.92,105.92,105.92,0,0
3317.N,D,20171220,000000,105.77,105.77,105.77,105.77,0,0
3317.N,D,20171221,000000,105.72,105.72,105.72,105.72,0,0
3317.N,D,20171222,000000,105.75,105.75,105.75,105.75,0,0
3317.N,D,20171227,000000,105.6,105.6,105.6,105.6,0,0
3317.N,D,20171228,000000,105.65,105.65,105.65,105.65,0,0
3317.N,D,20171229,000000,105.54,105.54,105.54,105.54,0,0
3317.N,D,20180103,000000,105.5,105.5,105.5,105.5,0,0
3317.N,D,20180104,000000,105.66,105.66,105.66,105.66,0,0
3317.N,D,20180105,000000,106.17,106.17,106.17,106.17,0,0
3317.N,D,20180108,000000,106.11,106.11,106.11,106.11,0,0
3317.N,D,20180109,000000,106.21,106.21,106.21,106.21,0,0
3317.N,D,20180110,000000,106.39,106.39,106.39,106.39,0,0
3317.N,D,20180111,000000,106.24,106.24,106.24,106.24,0,0
3317.N,D,20180112,000000,106.14,106.14,106.14,106.14,0,0
3317.N,D,20180115,000000,106.13,106.13,106.13,106.13,0,0
3317.N,D,20180116,000000,106.03,106.03,106.03,106.03,0,0
3317.N,D,20180117,000000,106.28,106.28,106.28,106.28,0,0
3317.N,D,20180118,000000,106.11,106.11,106.11,106.11,0,0
3317.N,D,20180119,000000,106.26,106.26,106.26,106.26,0,0
3317.N,D,20180122,000000,106.23,106.23,106.23,106.23,0,0
3317.N,D,20180123,000000,106.28,106.28,106.28,106.28,0,0
3317.N,D,20180124,000000,106.33,106.33,106.33,106.33,0,0
3317.N,D,20180125,000000,106.16,106.16,106.16,106.16,0,0
3317.N,D,20180126,000000,105.8,105.8,105.8,105.8,0,0
3317.N,D,20180129,000000,105.69,105.69,105.69,105.69,0,0
3317.N,D,20180130,000000,105.66,105.66,105.66,105.66,0,0
3317.N,D,20180131,000000,105.27,105.27,105.27,105.27,0,0
3317.N,D,20180201,000000,105.07,105.07,105.07,105.07,0,0
3317.N,D,20180202,000000,105,105,105,105,0,0
3317.N,D,20180205,000000,104.6,104.6,104.6,104.6,0,0
3317.N,D,20180206,000000,104.1,104.1,104.1,104.1,0,0
3317.N,D,20180207,000000,103.74,103.74,103.74,103.74,0,0
3317.N,D,20180208,000000,103.85,103.85,103.85,103.85,0,0
3317.N,D,20180209,000000,103.59,103.59,103.59,103.59,0,0
3317.N,D,20180212,000000,103.07,103.07,103.07,103.07,0,0
3317.N,D,20180213,000000,103.19,103.19,103.19,103.19,0,0
3317.N,D,20180214,000000,103.05,103.05,103.05,103.05,0,0
3317.N,D,20180215,000000,103.12,103.12,103.12,103.12,0,0
3317.N,D,20180216,000000,103.29,103.29,103.29,103.29,0,0
3317.N,D,20180219,000000,103.45,103.45,103.45,103.45,0,0
3317.N,D,20180220,000000,103.47,103.47,103.47,103.47,0,0
3317.N,D,20180221,000000,103.54,103.54,103.54,103.54,0,0
3317.N,D,20180222,000000,103.65,103.65,103.65,103.65,0,0
3317.N,D,20180223,000000,103.49,103.49,103.49,103.49,0,0
3317.N,D,20180226,000000,103.48,103.48,103.48,103.48,0,0
3317.N,D,20180227,000000,103.56,103.56,103.56,103.56,0,0
3317.N,D,20180228,000000,103.56,103.56,103.56,103.56,0,0
3317.N,D,20180301,000000,103.5,103.5,103.5,103.5,0,0
3317.N,D,20180302,000000,103.12,103.12,103.12,103.12,0,0
3317.N,D,20180305,000000,102.58,102.58,102.58,102.58,0,0
3317.N,D,20180306,000000,102.48,102.48,102.48,102.48,0,0
3317.N,D,20180307,000000,102.65,102.65,102.65,102.65,0,0
3317.N,D,20180308,000000,102.52,102.52,102.52,102.52,0,0
3317.N,D,20180309,000000,102.67,102.67,102.67,102.67,0,0
3317.N,D,20180312,000000,102.73,102.73,102.73,102.73,0,0
3317.N,D,20180313,000000,102.92,102.92,102.92,102.92,0,0
3317.N,D,20180314,000000,102.91,102.91,102.91,102.91,0,0
3317.N,D,20180315,000000,102.69,102.69,102.69,102.69,0,0
3317.N,D,20180316,000000,102.64,102.64,102.64,102.64,0,0
3317.N,D,20180319,000000,102.57,102.57,102.57,102.57,0,0
3317.N,D,20180320,000000,102.23,102.23,102.23,102.23,0,0
3317.N,D,20180321,000000,102.13,102.13,102.13,102.13,0,0
3317.N,D,20180322,000000,102.17,102.17,102.17,102.17,0,0
3317.N,D,20180323,000000,101.81,101.81,101.81,101.81,0,0
3317.N,D,20180326,000000,101.23,101.23,101.23,101.23,0,0
3317.N,D,20180327,000000,101.09,101.09,101.09,101.09,0,0
3317.N,D,20180328,000000,101.25,101.25,101.25,101.25,0,0
3317.N,D,20180329,000000,100.95,100.95,100.95,100.95,0,0
3317.N,D,20180403,000000,100.71,100.71,100.71,100.71,0,0
3317.N,D,20180404,000000,100.73,100.73,100.73,100.73,0,0
3317.N,D,20180405,000000,100.46,100.46,100.46,100.46,0,0
3317.N,D,20180406,000000,100.89,100.89,100.89,100.89,0,0
3317.N,D,20180409,000000,100.7,100.7,100.7,100.7,0,0
3317.N,D,20180410,000000,100.53,100.53,100.53,100.53,0,0
3317.N,D,20180411,000000,100.66,100.66,100.66,100.66,0,0
3317.N,D,20180412,000000,100.68,100.68,100.68,100.68,0,0
3317.N,D,20180413,000000,100.74,100.74,100.74,100.74,0,0
3317.N,D,20180416,000000,100.73,100.73,100.73,100.73,0,0
3317.N,D,20180417,000000,100.57,100.57,100.57,100.57,0,0
3317.N,D,20180418,000000,100.67,100.67,100.67,100.67,0,0
3317.N,D,20180419,000000,100.77,100.77,100.77,100.77,0,0
3317.N,D,20180420,000000,100.74,100.74,100.74,100.74,0,0
3317.N,D,20180423,000000,100.49,100.49,100.49,100.49,0,0
3317.N,D,20180424,000000,100.41,100.41,100.41,100.41,0,0
3317.N,D,20180425,000000,100.5,100.5,100.5,100.5,0,0
3317.N,D,20180426,000000,100,100,100,100,0,0
3317.N,D,20180427,000000,100.2,100.2,100.2,100.2,0,0
3317.N,D,20180430,000000,100.22,100.22,100.22,100.22,0,0
3317.N,D,20180502,000000,100.08,100.08,100.08,100.08,0,0
3317.N,D,20180504,000000,99.95,99.95,99.95,99.95,0,0
3317.N,D,20180507,000000,99.67,99.67,99.67,99.67,0,0
3317.N,D,20180508,000000,99.99,99.99,99.99,99.99,0,0
3317.N,D,20180509,000000,99.91,99.91,99.91,99.91,0,0
3317.N,D,20180510,000000,100.04,100.04,100.04,100.04,0,0
3317.N,D,20180511,000000,100.27,100.27,100.27,100.27,0,0
3317.N,D,20180514,000000,100.26,100.26,100.26,100.26,0,0
3317.N,D,20180515,000000,100.27,100.27,100.27,100.27,0,0
3317.N,D,20180516,000000,99.92,99.92,99.92,99.92,0,0
3317.N,D,20180517,000000,99.98,99.98,99.98,99.98,0,0
3317.N,D,20180518,000000,99.9,99.9,99.9,99.9,0,0
3317.N,D,20180521,000000,99.69,99.69,99.69,99.69,0,0
3317.N,D,20180522,000000,99.75,99.75,99.75,99.75,0,0
3317.N,D,20180523,000000,99.76,99.76,99.76,99.76,0,0
3317.N,D,20180524,000000,99.49,99.49,99.49,99.49,0,0
3317.N,D,20180525,000000,99.45,99.45,99.45,99.45,0,0
3317.N,D,20180528,000000,99.23,99.23,99.23,99.23,0,0
3317.N,D,20180529,000000,99.28,99.28,99.28,99.28,0,0
3317.N,D,20180530,000000,99.08,99.08,99.08,99.08,0,0
3317.N,D,20180601,000000,98.93,98.93,98.93,98.93,0,0
3317.N,D,20180604,000000,98.87,98.87,98.87,98.87,0,0
3317.N,D,20180605,000000,99.03,99.03,99.03,99.03,0,0
3317.N,D,20180606,000000,98.99,98.99,98.99,98.99,0,0
3317.N,D,20180607,000000,98.9,98.9,98.9,98.9,0,0
3317.N,D,20180608,000000,98.95,98.95,98.95,98.95,0,0
3317.N,D,20180611,000000,98.65,98.65,98.65,98.65,0,0
3317.N,D,20180612,000000,98.67,98.67,98.67,98.67,0,0
3317.N,D,20180613,000000,98.64,98.64,98.64,98.64,0,0
3317.N,D,20180614,000000,98.53,98.53,98.53,98.53,0,0
3317.N,D,20180615,000000,98.48,98.48,98.48,98.48,0,0
3317.N,D,20180618,000000,98.26,98.26,98.26,98.26,0,0
3317.N,D,20180619,000000,98.03,98.03,98.03,98.03,0,0
3317.N,D,20180620,000000,97.75,97.75,97.75,97.75,0,0
3317.N,D,20180621,000000,97.78,97.78,97.78,97.78,0,0
3317.N,D,20180622,000000,97.66,97.66,97.66,97.66,0,0
3317.N,D,20180625,000000,97.56,97.56,97.56,97.56,0,0
3317.N,D,20180626,000000,97.31,97.31,97.31,97.31,0,0
3317.N,D,20180627,000000,97.06,97.06,97.06,97.06,0,0
3317.N,D,20180628,000000,97.15,97.15,97.15,97.15,0,0
3317.N,D,20180629,000000,97.02,97.02,97.02,97.02,0,0
3317.N,D,20180702,000000,97.01,97.01,97.01,97.01,0,0
3317.N,D,20180703,000000,96.76,96.76,96.76,96.76,0,0
3317.N,D,20180704,000000,96.79,96.79,96.79,96.79,0,0
3317.N,D,20180705,000000,96.77,96.77,96.77,96.77,0,0
3317.N,D,20180706,000000,96.66,96.66,96.66,96.66,0,0
3317.N,D,20180709,000000,96.48,96.48,96.48,96.48,0,0
3317.N,D,20180710,000000,96.58,96.58,96.58,96.58,0,0
3317.N,D,20180711,000000,96.68,96.68,96.68,96.68,0,0
3317.N,D,20180712,000000,96.56,96.56,96.56,96.56,0,0
3317.N,D,20180713,000000,96.49,96.49,96.49,96.49,0,0
3317.N,D,20180716,000000,96.46,96.46,96.46,96.46,0,0
3317.N,D,20180717,000000,96.42,96.42,96.42,96.42,0,0
3317.N,D,20180718,000000,96.3,96.3,96.3,96.3,0,0
3317.N,D,20180719,000000,96.34,96.34,96.34,96.34,0,0
3317.N,D,20180720,000000,96.39,96.39,96.39,96.39,0,0
3317.N,D,20180723,000000,96.18,96.18,96.18,96.18,0,0
3317.N,D,20180724,000000,96.09,96.09,96.09,96.09,0,0
3317.N,D,20180725,000000,96.09,96.09,96.09,96.09,0,0
3317.N,D,20180726,000000,96.08,96.08,96.08,96.08,0,0
3317.N,D,20180727,000000,96.18,96.18,96.18,96.18,0,0
3317.N,D,20180730,000000,96.2,96.2,96.2,96.2,0,0
3317.N,D,20180731,000000,96.11,96.11,96.11,96.11,0,0
3317.N,D,20180801,000000,96.02,96.02,96.02,96.02,0,0
3317.N,D,20180802,000000,95.92,95.92,95.92,95.92,0,0
3317.N,D,20180803,000000,95.84,95.84,95.84,95.84,0,0
3317.N,D,20180806,000000,95.81,95.81,95.81,95.81,0,0
3317.N,D,20180807,000000,95.86,95.86,95.86,95.86,0,0
3317.N,D,20180808,000000,95.81,95.81,95.81,95.81,0,0
3317.N,D,20180809,000000,95.8,95.8,95.8,95.8,0,0
3317.N,D,20180810,000000,95.72,95.72,95.72,95.72,0,0
3317.N,D,20180813,000000,95.68,95.68,95.68,95.68,0,0
3317.N,D,20180814,000000,95.55,95.55,95.55,95.55,0,0
3317.N,D,20180816,000000,95.43,95.43,95.43,95.43,0,0
3317.N,D,20180817,000000,95.26,95.26,95.26,95.26,0,0
3317.N,D,20180820,000000,95.12,95.12,95.12,95.12,0,0
3317.N,D,20180821,000000,95.06,95.06,95.06,95.06,0,0
3317.N,D,20180822,000000,95.01,95.01,95.01,95.01,0,0
3317.N,D,20180823,000000,94.99,94.99,94.99,94.99,0,0
3317.N,D,20180824,000000,94.93,94.93,94.93,94.93,0,0
3317.N,D,20180827,000000,94.77,94.77,94.77,94.77,0,0
3317.N,D,20180828,000000,94.84,94.84,94.84,94.84,0,0
3317.N,D,20180829,000000,94.7,94.7,94.7,94.7,0,0
3317.N,D,20180830,000000,94.7,94.7,94.7,94.7,0,0
3317.N,D,20180831,000000,94.66,94.66,94.66,94.66,0,0
3317.N,D,20180903,000000,94.47,94.47,94.47,94.47,0,0
3317.N,D,20180904,000000,94.44,94.44,94.44,94.44,0,0
3317.N,D,20180905,000000,94.38,94.38,94.38,94.38,0,0
3317.N,D,20180906,000000,94.21,94.21,94.21,94.21,0,0
3317.N,D,20180907,000000,93.94,93.94,93.94,93.94,0,0
3317.N,D,20180910,000000,93.63,93.63,93.63,93.63,0,0
3317.N,D,20180911,000000,93.64,93.64,93.64,93.64,0,0
3317.N,D,20180912,000000,93.45,93.45,93.45,93.45,0,0
3317.N,D,20180913,000000,93.41,93.41,93.41,93.41,0,0
3317.N,D,20180914,000000,93.25,93.25,93.25,93.25,0,0
3317.N,D,20180917,000000,93,93,93,93,0,0
3317.N,D,20180918,000000,93.01,93.01,93.01,93.01,0,0
3317.N,D,20180919,000000,92.87,92.87,92.87,92.87,0,0
3317.N,D,20180920,000000,92.8,92.8,92.8,92.8,0,0
3317.N,D,20180921,000000,92.75,92.75,92.75,92.75,0,0
3317.N,D,20180924,000000,92.53,92.53,92.53,92.53,0,0
3317.N,D,20180925,000000,92.41,92.41,92.41,92.41,0,0
3317.N,D,20180926,000000,92.4,92.4,92.4,92.4,0,0
3317.N,D,20180927,000000,92.3,92.3,92.3,92.3,0,0
3317.N,D,20180928,000000,92.24,92.24,92.24,92.24,0,0
3317.N,D,20181001,000000,92.11,92.11,92.11,92.11,0,0
3317.N,D,20181002,000000,92.09,92.09,92.09,92.09,0,0
3317.N,D,20181003,000000,92.04,92.04,92.04,92.04,0,0
3317.N,D,20181004,000000,92.02,92.02,92.02,92.02,0,0
3317.N,D,20181005,000000,91.76,91.76,91.76,91.76,0,0
3317.N,D,20181008,000000,91.39,91.39,91.39,91.39,0,0
3317.N,D,20181009,000000,91.23,91.23,91.23,91.23,0,0
3317.N,D,20181010,000000,91.11,91.11,91.11,91.11,0,0
3317.N,D,20181011,000000,90.97,90.97,90.97,90.97,0,0
3317.N,D,20181012,000000,90.56,90.56,90.56,90.56,0,0
3317.N,D,20181015,000000,90.41,90.41,90.41,90.41,0,0
3317.N,D,20181016,000000,90.39,90.39,90.39,90.39,0,0
3317.N,D,20181017,000000,90.31,90.31,90.31,90.31,0,0
3317.N,D,20181018,000000,90.34,90.34,90.34,90.34,0,0
3317.N,D,20181019,000000,90.25,90.25,90.25,90.25,0,0
3317.N,D,20181022,000000,90.07,90.07,90.07,90.07,0,0
3317.N,D,20181023,000000,90.01,90.01,90.01,90.01,0,0
3317.N,D,20181024,000000,89.79,89.79,89.79,89.79,0,0
3317.N,D,20181025,000000,89.69,89.69,89.69,89.69,0,0
3317.N,D,20181026,000000,89.53,89.53,89.53,89.53,0,0
3317.N,D,20181029,000000,89.27,89.27,89.27,89.27,0,0
3317.N,D,20181030,000000,89.13,89.13,89.13,89.13,0,0
3317.N,D,20181031,000000,88.98,88.98,88.98,88.98,0,0
3317.N,D,20181102,000000,89.14,89.14,89.14,89.14,0,0
3317.N,D,20181105,000000,88.82,88.82,88.82,88.82,0,0
3317.N,D,20181106,000000,88.82,88.82,88.82,88.82,0,0
3317.N,D,20181107,000000,88.68,88.68,88.68,88.68,0,0
3317.N,D,20181108,000000,88.79,88.79,88.79,88.79,0,0
3317.N,D,20181109,000000,88.8,88.8,88.8,88.8,0,0
3317.N,D,20181113,000000,88.48,88.48,88.48,88.48,0,0
3317.N,D,20181114,000000,88.42,88.42,88.42,88.42,0,0
3317.N,D,20181115,000000,88.14,88.14,88.14,88.14,0,0
3317.N,D,20181116,000000,87.96,87.96,87.96,87.96,0,0
3317.N,D,20181119,000000,87.8,87.8,87.8,87.8,0,0
3317.N,D,20181120,000000,87.65,87.65,87.65,87.65,0,0
3317.N,D,20181121,000000,87.27,87.27,87.27,87.27,0,0
3317.N,D,20181122,000000,87.22,87.22,87.22,87.22,0,0
3317.N,D,20181123,000000,87.16,87.16,87.16,87.16,0,0
3317.N,D,20181126,000000,86.95,86.95,86.95,86.95,0,0
3317.N,D,20181127,000000,86.97,86.97,86.97,86.97,0,0
3317.N,D,20181128,000000,86.9,86.9,86.9,86.9,0,0
3317.N,D,20181129,000000,86.9,86.9,86.9,86.9,0,0
3317.N,D,20181130,000000,86.94,86.94,86.94,86.94,0,0
3317.N,D,20181203,000000,86.72,86.72,86.72,86.72,0,0
3317.N,D,20181204,000000,86.88,86.88,86.88,86.88,0,0
3317.N,D,20181205,000000,86.88,86.88,86.88,86.88,0,0
3317.N,D,20181206,000000,86.64,86.64,86.64,86.64,0,0
3317.N,D,20181207,000000,86.1,86.1,86.1,86.1,0,0
3317.N,D,20181210,000000,85.99,85.99,85.99,85.99,0,0
3317.N,D,20181211,000000,85.65,85.65,85.65,85.65,0,0
3317.N,D,20181212,000000,85.74,85.74,85.74,85.74,0,0
3317.N,D,20181213,000000,85.84,85.84,85.84,85.84,0,0
3317.N,D,20181214,000000,85.72,85.72,85.72,85.72,0,0
3317.N,D,20181217,000000,85.42,85.42,85.42,85.42,0,0
3317.N,D,20181218,000000,85.13,85.13,85.13,85.13,0,0
3317.N,D,20181219,000000,84.86,84.86,84.86,84.86,0,0
3317.N,D,20181220,000000,84.79,84.79,84.79,84.79,0,0
3317.N,D,20181221,000000,84.44,84.44,84.44,84.44,0,0
3317.N,D,20181227,000000,83.57,83.57,83.57,83.57,0,0
3317.N,D,20181228,000000,83.45,83.45,83.45,83.45,0,0
3317.N,D,20190102,000000,83.6,83.6,83.6,83.6,0,0
3317.N,D,20190103,000000,83.5,83.5,83.5,83.5,0,0
3317.N,D,20190104,000000,83.67,83.67,83.67,83.67,0,0
3317.N,D,20190107,000000,83.52,83.52,83.52,83.52,0,0
3317.N,D,20190108,000000,83.47,83.47,83.47,83.47,0,0
3317.N,D,20190109,000000,83.42,83.42,83.42,83.42,0,0
3317.N,D,20190110,000000,83.62,83.62,83.62,83.62,0,0
3317.N,D,20190111,000000,83.56,83.56,83.56,83.56,0,0
3317.N,D,20190114,000000,83.5,83.5,83.5,83.5,0,0
3317.N,D,20190115,000000,83.45,83.45,83.45,83.45,0,0
3317.N,D,20190116,000000,83.45,83.45,83.45,83.45,0,0
3317.N,D,20190117,000000,83.52,83.52,83.52,83.52,0,0
3317.N,D,20190118,000000,83.55,83.55,83.55,83.55,0,0
3317.N,D,20190121,000000,83.45,83.45,83.45,83.45,0,0
3317.N,D,20190122,000000,83.5,83.5,83.5,83.5,0,0
3317.N,D,20190123,000000,83.25,83.25,83.25,83.25,0,0
3317.N,D,20190124,000000,83.18,83.18,83.18,83.18,0,0
3317.N,D,20190125,000000,83.17,83.17,83.17,83.17,0,0
3317.N,D,20190128,000000,83.03,83.03,83.03,83.03,0,0
3317.N,D,20190129,000000,82.71,82.71,82.71,82.71,0,0
3317.N,D,20190130,000000,82.69,82.69,82.69,82.69,0,0
3317.N,D,20190131,000000,82.66,82.66,82.66,82.66,0,0
3317.N,D,20190201,000000,82.79,82.79,82.79,82.79,0,0
3317.N,D,20190204,000000,82.63,82.63,82.63,82.63,0,0
3317.N,D,20190205,000000,82.6,82.6,82.6,82.6,0,0
3317.N,D,20190206,000000,82.73,82.73,82.73,82.73,0,0
3317.N,D,20190207,000000,82.78,82.78,82.78,82.78,0,0
3317.N,D,20190208,000000,82.61,82.61,82.61,82.61,0,0
3317.N,D,20190211,000000,82.36,82.36,82.36,82.36,0,0
3317.N,D,20190212,000000,82.37,82.37,82.37,82.37,0,0
3317.N,D,20190213,000000,82.43,82.43,82.43,82.43,0,0
3317.N,D,20190214,000000,82.44,82.44,82.44,82.44,0,0
3317.N,D,20190215,000000,82.38,82.38,82.38,82.38,0,0
3317.N,D,20190218,000000,82.32,82.32,82.32,82.32,0,0
3317.N,D,20190219,000000,82.31,82.31,82.31,82.31,0,0
3317.N,D,20190220,000000,82.32,82.32,82.32,82.32,0,0
3317.N,D,20190221,000000,82.3,82.3,82.3,82.3,0,0
3317.N,D,20190222,000000,82.22,82.22,82.22,82.22,0,0
3317.N,D,20190225,000000,82.11,82.11,82.11,82.11,0,0
3317.N,D,20190226,000000,82.13,82.13,82.13,82.13,0,0
3317.N,D,20190227,000000,82.06,82.06,82.06,82.06,0,0
3317.N,D,20190228,000000,81.93,81.93,81.93,81.93,0,0
3317.N,D,20190301,000000,81.85,81.85,81.85,81.85,0,0
3317.N,D,20190304,000000,81.67,81.67,81.67,81.67,0,0
3317.N,D,20190305,000000,81.73,81.73,81.73,81.73,0,0
3317.N,D,20190306,000000,81.58,81.58,81.58,81.58,0,0
3317.N,D,20190307,000000,81.56,81.56,81.56,81.56,0,0
3317.N,D,20190308,000000,81.43,81.43,81.43,81.43,0,0
3317.N,D,20190311,000000,81.21,81.21,81.21,81.21,0,0
3317.N,D,20190312,000000,81.2,81.2,81.2,81.2,0,0
3317.N,D,20190313,000000,81.28,81.28,81.28,81.28,0,0
3317.N,D,20190314,000000,81.32,81.32,81.32,81.32,0,0
3317.N,D,20190315,000000,81.23,81.23,81.23,81.23,0,0
3317.N,D,20190318,000000,81.2,81.2,81.2,81.2,0,0
3317.N,D,20190319,000000,81.22,81.22,81.22,81.22,0,0
3317.N,D,20190320,000000,81.17,81.17,81.17,81.17,0,0
3317.N,D,20190321,000000,81.03,81.03,81.03,81.03,0,0
3317.N,D,20190322,000000,81.04,81.04,81.04,81.04,0,0
3317.N,D,20190325,000000,80.93,80.93,80.93,80.93,0,0
3317.N,D,20190326,000000,80.78,80.78,80.78,80.78,0,0
3317.N,D,20190327,000000,80.83,80.83,80.83,80.83,0,0
3317.N,D,20190328,000000,80.85,80.85,80.85,80.85,0,0
3317.N,D,20190329,000000,80.72,80.72,80.72,80.72,0,0
3317.N,D,20190401,000000,80.6,80.6,80.6,80.6,0,0
3317.N,D,20190402,000000,80.67,80.67,80.67,80.67,0,0
3317.N,D,20190403,000000,80.68,80.68,80.68,80.68,0,0
3317.N,D,20190404,000000,80.74,80.74,80.74,80.74,0,0
3317.N,D,20190405,000000,80.64,80.64,80.64,80.64,0,0
3317.N,D,20190408,000000,80.47,80.47,80.47,80.47,0,0
3317.N,D,20190409,000000,80.38,80.38,80.38,80.38,0,0
3317.N,D,20190410,000000,80.33,80.33,80.33,80.33,0,0
3317.N,D,20190411,000000,80.32,80.32,80.32,80.32,0,0
3317.N,D,20190412,000000,80.26,80.26,80.26,80.26,0,0
3317.N,D,20190415,000000,80.07,80.07,80.07,80.07,0,0
3317.N,D,20190416,000000,80.01,80.01,80.01,80.01,0,0
3317.N,D,20190417,000000,80.02,80.02,80.02,80.02,0,0
3317.N,D,20190418,000000,79.91,79.91,79.91,79.91,0,0
3317.N,D,20190423,000000,79.57,79.57,79.57,79.57,0,0
3317.N,D,20190424,000000,79.62,79.62,79.62,79.62,0,0
3317.N,D,20190425,000000,79.73,79.73,79.73,79.73,0,0
3317.N,D,20190426,000000,79.59,79.59,79.59,79.59,0,0
3317.N,D,20190429,000000,79.5,79.5,79.5,79.5,0,0
3317.N,D,20190430,000000,79.52,79.52,79.52,79.52,0,0
3317.N,D,20190502,000000,79.44,79.44,79.44,79.44,0,0
3317.N,D,20190506,000000,79.04,79.04,79.04,79.04,0,0
3317.N,D,20190507,000000,78.81,78.81,78.81,78.81,0,0
3317.N,D,20190508,000000,78.71,78.71,78.71,78.71,0,0
3317.N,D,20190509,000000,78.59,78.59,78.59,78.59,0,0
3317.N,D,20190510,000000,78.26,78.26,78.26,78.26,0,0
3317.N,D,20190513,000000,78.14,78.14,78.14,78.14,0,0
3317.N,D,20190514,000000,77.88,77.88,77.88,77.88,0,0
3317.N,D,20190515,000000,77.89,77.89,77.89,77.89,0,0
3317.N,D,20190516,000000,77.88,77.88,77.88,77.88,0,0
3317.N,D,20190517,000000,78.06,78.06,78.06,78.06,0,0
3317.N,D,20190520,000000,77.77,77.77,77.77,77.77,0,0
3317.N,D,20190521,000000,77.62,77.62,77.62,77.62,0,0
3317.N,D,20190522,000000,77.57,77.57,77.57,77.57,0,0
3317.N,D,20190523,000000,77.54,77.54,77.54,77.54,0,0
3317.N,D,20190524,000000,77.29,77.29,77.29,77.29,0,0
3317.N,D,20190527,000000,77.19,77.19,77.19,77.19,0,0
3317.N,D,20190528,000000,77.14,77.14,77.14,77.14,0,0
3317.N,D,20190529,000000,77.15,77.15,77.15,77.15,0,0
3317.N,D,20190530,000000,76.88,76.88,76.88,76.88,0,0
3317.N,D,20190531,000000,76.88,76.88,76.88,76.88,0,0
3317.N,D,20190603,000000,76.58,76.58,76.58,76.58,0,0
3317.N,D,20190604,000000,76.45,76.45,76.45,76.45,0,0
3317.N,D,20190605,000000,76.47,76.47,76.47,76.47,0,0
3317.N,D,20190606,000000,76.62,76.62,76.62,76.62,0,0
3317.N,D,20190607,000000,76.54,76.54,76.54,76.54,0,0
3317.N,D,20190610,000000,76.47,76.47,76.47,76.47,0,0
3317.N,D,20190611,000000,76.58,76.58,76.58,76.58,0,0
3317.N,D,20190612,000000,76.62,76.62,76.62,76.62,0,0
3317.N,D,20190613,000000,76.5,76.5,76.5,76.5,0,0
3317.N,D,20190614,000000,76.45,76.45,76.45,76.45,0,0
3317.N,D,20190617,000000,76.26,76.26,76.26,76.26,0,0
3317.N,D,20190618,000000,76.18,76.18,76.18,76.18,0,0
3317.N,D,20190619,000000,76.43,76.43,76.43,76.43,0,0
3317.N,D,20190621,000000,76.66,76.66,76.66,76.66,0,0
3317.N,D,20190624,000000,76.28,76.28,76.28,76.28,0,0
3317.N,D,20190625,000000,76.16,76.16,76.16,76.16,0,0
3317.N,D,20190626,000000,76.14,76.14,76.14,76.14,0,0
3317.N,D,20190627,000000,76,76,76,76,0,0
3317.N,D,20190628,000000,75.98,75.98,75.98,75.98,0,0
3317.N,D,20190701,000000,75.83,75.83,75.83,75.83,0,0
3317.N,D,20190702,000000,76.12,76.12,76.12,76.12,0,0
3317.N,D,20190703,000000,76.11,76.11,76.11,76.11,0,0
3317.N,D,20190704,000000,76.23,76.23,76.23,76.23,0,0
3317.N,D,20190705,000000,76.2,76.2,76.2,76.2,0,0
3317.N,D,20190708,000000,75.9,75.9,75.9,75.9,0,0
3317.N,D,20190709,000000,75.76,75.76,75.76,75.76,0,0
3317.N,D,20190710,000000,75.62,75.62,75.62,75.62,0,0
3317.N,D,20190711,000000,75.62,75.62,75.62,75.62,0,0
3317.N,D,20190712,000000,75.58,75.58,75.58,75.58,0,0
3317.N,D,20190715,000000,75.31,75.31,75.31,75.31,0,0
3317.N,D,20190716,000000,75.3,75.3,75.3,75.3,0,0
3317.N,D,20190717,000000,75.26,75.26,75.26,75.26,0,0
3317.N,D,20190718,000000,75.19,75.19,75.19,75.19,0,0
3317.N,D,20190719,000000,75.01,75.01,75.01,75.01,0,0
3317.N,D,20190722,000000,74.91,74.91,74.91,74.91,0,0
3317.N,D,20190723,000000,74.81,74.81,74.81,74.81,0,0
3317.N,D,20190724,000000,74.9,74.9,74.9,74.9,0,0
3317.N,D,20190725,000000,74.93,74.93,74.93,74.93,0,0
3317.N,D,20190726,000000,74.83,74.83,74.83,74.83,0,0
3317.N,D,20190729,000000,74.75,74.75,74.75,74.75,0,0
3317.N,D,20190730,000000,74.65,74.65,74.65,74.65,0,0
3317.N,D,20190731,000000,74.43,74.43,74.43,74.43,0,0
3317.N,D,20190801,000000,74.43,74.43,74.43,74.43,0,0
3317.N,D,20190802,000000,74.31,74.31,74.31,74.31,0,0
3317.N,D,20190805,000000,73.8,73.8,73.8,73.8,0,0
3317.N,D,20190806,000000,73.32,73.32,73.32,73.32,0,0
3317.N,D,20190807,000000,73.18,73.18,73.18,73.18,0,0
3317.N,D,20190808,000000,73.1,73.1,73.1,73.1,0,0
3317.N,D,20190809,000000,73.26,73.26,73.26,73.26,0,0
3317.N,D,20190812,000000,73.07,73.07,73.07,73.07,0,0
3317.N,D,20190813,000000,72.86,72.86,72.86,72.86,0,0
3317.N,D,20190814,000000,72.91,72.91,72.91,72.91,0,0
3317.N,D,20190816,000000,72.54,72.54,72.54,72.54,0,0
3317.N,D,20190819,000000,72.49,72.49,72.49,72.49,0,0
3317.N,D,20190820,000000,72.66,72.66,72.66,72.66,0,0
3317.N,D,20190821,000000,72.55,72.55,72.55,72.55,0,0
3317.N,D,20190822,000000,72.65,72.65,72.65,72.65,0,0
3317.N,D,20190823,000000,72.55,72.55,72.55,72.55,0,0
3317.N,D,20190826,000000,72.31,72.31,72.31,72.31,0,0
3317.N,D,20190827,000000,72.12,72.12,72.12,72.12,0,0
3317.N,D,20190828,000000,72.18,72.18,72.18,72.18,0,0
3317.N,D,20190829,000000,72.07,72.07,72.07,72.07,0,0
3317.N,D,20190830,000000,72.16,72.16,72.16,72.16,0,0
3317.N,D,20190902,000000,71.92,71.92,71.92,71.92,0,0
3317.N,D,20190903,000000,71.83,71.83,71.83,71.83,0,0
3317.N,D,20190904,000000,71.25,71.25,71.25,71.25,0,0
3317.N,D,20190905,000000,71.29,71.29,71.29,71.29,0,0
3317.N,D,20190906,000000,71.28,71.28,71.28,71.28,0,0
3317.N,D,20190909,000000,71.11,71.11,71.11,71.11,0,0
3317.N,D,20190910,000000,70.91,70.91,70.91,70.91,0,0
3317.N,D,20190911,000000,70.73,70.73,70.73,70.73,0,0
3317.N,D,20190912,000000,70.86,70.86,70.86,70.86,0,0
3317.N,D,20190913,000000,70.76,70.76,70.76,70.76,0,0
3317.N,D,20190916,000000,70.31,70.31,70.31,70.31,0,0
3317.N,D,20190917,000000,70.52,70.52,70.52,70.52,0,0
3317.N,D,20190918,000000,70.44,70.44,70.44,70.44,0,0
3317.N,D,20190919,000000,70.43,70.43,70.43,70.43,0,0
3317.N,D,20190920,000000,70.41,70.41,70.41,70.41,0,0
3317.N,D,20190923,000000,71.05,71.05,71.05,71.05,0,0
3317.N,D,20190924,000000,70.76,70.76,70.76,70.76,0,0
3317.N,D,20190925,000000,70.79,70.79,70.79,70.79,0,0
3317.N,D,20190926,000000,70.58,70.58,70.58,70.58,0,0
3317.N,D,20190927,000000,70.6,70.6,70.6,70.6,0,0
3317.N,D,20190930,000000,70.1,70.1,70.1,70.1,0,0
3317.N,D,20191001,000000,70.1,70.1,70.1,70.1,0,0
3317.N,D,20191002,000000,70.09,70.09,70.09,70.09,0,0
3317.N,D,20191003,000000,69.38,69.38,69.38,69.38,0,0
3317.N,D,20191004,000000,69,69,69,69,0,0
3317.N,D,20191007,000000,68.82,68.82,68.82,68.82,0,0
3317.N,D,20191008,000000,68.74,68.74,68.74,68.74,0,0
3317.N,D,20191009,000000,68.55,68.55,68.55,68.55,0,0
3317.N,D,20191010,000000,68.38,68.38,68.38,68.38,0,0
3317.N,D,20191011,000000,67.95,67.95,67.95,67.95,0,0
3317.N,D,20191014,000000,67.52,67.52,67.52,67.52,0,0
3317.N,D,20191015,000000,67.39,67.39,67.39,67.39,0,0
3317.N,D,20191016,000000,67.44,67.44,67.44,67.44,0,0
3317.N,D,20191017,000000,67.08,67.08,67.08,67.08,0,0
3317.N,D,20191018,000000,66.98,66.98,66.98,66.98,0,0
3317.N,D,20191021,000000,66.59,66.59,66.59,66.59,0,0
3317.N,D,20191022,000000,66.51,66.51,66.51,66.51,0,0
3317.N,D,20191023,000000,66.47,66.47,66.47,66.47,0,0
3317.N,D,20191024,000000,66.44,66.44,66.44,66.44,0,0
3317.N,D,20191025,000000,66.4,66.4,66.4,66.4,0,0
3317.N,D,20191028,000000,66.18,66.18,66.18,66.18,0,0
3317.N,D,20191029,000000,66.07,66.07,66.07,66.07,0,0
3317.N,D,20191030,000000,65.83,65.83,65.83,65.83,0,0
3317.N,D,20191031,000000,65.7,65.7,65.7,65.7,0,0
3317.N,D,20191104,000000,65.38,65.38,65.38,65.38,0,0
3317.N,D,20191105,000000,65.56,65.56,65.56,65.56,0,0
3317.N,D,20191106,000000,65.59,65.59,65.59,65.59,0,0
3317.N,D,20191107,000000,65.46,65.46,65.46,65.46,0,0
3317.N,D,20191108,000000,65.34,65.34,65.34,65.34,0,0
3317.N,D,20191112,000000,65.17,65.17,65.17,65.17,0,0
3317.N,D,20191113,000000,65.24,65.24,65.24,65.24,0,0
3317.N,D,20191114,000000,65.24,65.24,65.24,65.24,0,0
3317.N,D,20191115,000000,64.98,64.98,64.98,64.98,0,0
3317.N,D,20191118,000000,64.89,64.89,64.89,64.89,0,0
3317.N,D,20191119,000000,64.99,64.99,64.99,64.99,0,0
3317.N,D,20191120,000000,64.89,64.89,64.89,64.89,0,0
3317.N,D,20191121,000000,64.85,64.85,64.85,64.85,0,0
3317.N,D,20191122,000000,64.71,64.71,64.71,64.71,0,0
3317.N,D,20191125,000000,64.58,64.58,64.58,64.58,0,0
3317.N,D,20191126,000000,64.68,64.68,64.68,64.68,0,0
3317.N,D,20191127,000000,64.84,64.84,64.84,64.84,0,0
3317.N,D,20191128,000000,65.03,65.03,65.03,65.03,0,0
3317.N,D,20191129,000000,64.96,64.96,64.96,64.96,0,0
3317.N,D,20191202,000000,64.28,64.28,64.28,64.28,0,0
3317.N,D,20191203,000000,63.83,63.83,63.83,63.83,0,0
3317.N,D,20191204,000000,63.62,63.62,63.62,63.62,0,0
3317.N,D,20191205,000000,63.53,63.53,63.53,63.53,0,0
3317.N,D,20191206,000000,63.34,63.34,63.34,63.34,0,0
3317.N,D,20191209,000000,63.41,63.41,63.41,63.41,0,0
3317.N,D,20191210,000000,63.43,63.43,63.43,63.43,0,0
3317.N,D,20191211,000000,63.25,63.25,63.25,63.25,0,0
3317.N,D,20191212,000000,63.21,63.21,63.21,63.21,0,0
3317.N,D,20191213,000000,63.05,63.05,63.05,63.05,0,0
3317.N,D,20191216,000000,62.93,62.93,62.93,62.93,0,0
3317.N,D,20191217,000000,62.89,62.89,62.89,62.89,0,0
3317.N,D,20191218,000000,62.91,62.91,62.91,62.91,0,0
3317.N,D,20191219,000000,62.7,62.7,62.7,62.7,0,0
3317.N,D,20191220,000000,62.57,62.57,62.57,62.57,0,0
3317.N,D,20191223,000000,62.45,62.45,62.45,62.45,0,0
3317.N,D,20191227,000000,62.34,62.34,62.34,62.34,0,0
3317.N,D,20191230,000000,62.11,62.11,62.11,62.11,0,0
3317.N,D,20200102,000000,61.71,61.71,61.71,61.71,0,0
3317.N,D,20200103,000000,61.91,61.91,61.91,61.91,0,0
3317.N,D,20200107,000000,61.24,61.24,61.24,61.24,0,0
3317.N,D,20200108,000000,61.45,61.45,61.45,61.45,0,0
3317.N,D,20200109,000000,61.41,61.41,61.41,61.41,0,0
3317.N,D,20200110,000000,61.48,61.48,61.48,61.48,0,0
3317.N,D,20200113,000000,61.19,61.19,61.19,61.19,0,0
3317.N,D,20200114,000000,61.12,61.12,61.12,61.12,0,0
3317.N,D,20200115,000000,61.02,61.02,61.02,61.02,0,0
3317.N,D,20200116,000000,61.08,61.08,61.08,61.08,0,0
3317.N,D,20200117,000000,61.09,61.09,61.09,61.09,0,0
3317.N,D,20200120,000000,61.22,61.22,61.22,61.22,0,0
3317.N,D,20200121,000000,61.17,61.17,61.17,61.17,0,0
3317.N,D,20200122,000000,60.84,60.84,60.84,60.84,0,0
3317.N,D,20200123,000000,61.04,61.04,61.04,61.04,0,0
3317.N,D,20200124,000000,60.86,60.86,60.86,60.86,0,0
3317.N,D,20200127,000000,61.1,61.1,61.1,61.1,0,0
3317.N,D,20200128,000000,60.83,60.83,60.83,60.83,0,0
3317.N,D,20200129,000000,60.8,60.8,60.8,60.8,0,0
3317.N,D,20200130,000000,60.88,60.88,60.88,60.88,0,0
3317.N,D,20200131,000000,60.9,60.9,60.9,60.9,0,0
3317.N,D,20200203,000000,60.63,60.63,60.63,60.63,0,0
3317.N,D,20200204,000000,60.34,60.34,60.34,60.34,0,0
3317.N,D,20200205,000000,60.14,60.14,60.14,60.14,0,0
3317.N,D,20200206,000000,60.14,60.14,60.14,60.14,0,0
3317.N,D,20200207,000000,60.44,60.44,60.44,60.44,0,0
3317.N,D,20200210,000000,60.24,60.24,60.24,60.24,0,0
3317.N,D,20200211,000000,60.08,60.08,60.08,60.08,0,0
3317.N,D,20200212,000000,60.22,60.22,60.22,60.22,0,0
3317.N,D,20200213,000000,60.18,60.18,60.18,60.18,0,0
3317.N,D,20200214,000000,59.86,59.86,59.86,59.86,0,0
3317.N,D,20200217,000000,59.86,59.86,59.86,59.86,0,0
3317.N,D,20200218,000000,60.11,60.11,60.11,60.11,0,0
3317.N,D,20200219,000000,60.06,60.06,60.06,60.06,0,0
3317.N,D,20200220,000000,60.24,60.24,60.24,60.24,0,0
3317.N,D,20200221,000000,60.22,60.22,60.22,60.22,0,0
3317.N,D,20200224,000000,60.07,60.07,60.07,60.07,0,0
3317.N,D,20200225,000000,59.47,59.47,59.47,59.47,0,0
3317.N,D,20200226,000000,59.41,59.41,59.41,59.41,0,0
3317.N,D,20200227,000000,59.19,59.19,59.19,59.19,0,0
3317.N,D,20200228,000000,58.92,58.92,58.92,58.92,0,0
3317.N,D,20200302,000000,57.96,57.96,57.96,57.96,0,0
3317.N,D,20200303,000000,57.95,57.95,57.95,57.95,0,0
3317.N,D,20200304,000000,57.87,57.87,57.87,57.87,0,0
3317.N,D,20200305,000000,58.01,58.01,58.01,58.01,0,0
3317.N,D,20200306,000000,58.07,58.07,58.07,58.07,0,0
3317.N,D,20200309,000000,57.28,57.28,57.28,57.28,0,0
3317.N,D,20200310,000000,56.06,56.06,56.06,56.06,0,0
3317.N,D,20200311,000000,55.85,55.85,55.85,55.85,0,0
3317.N,D,20200312,000000,55.92,55.92,55.92,55.92,0,0
3317.N,D,20200313,000000,54.8,54.8,54.8,54.8,0,0
3317.N,D,20200316,000000,54.76,54.76,54.76,54.76,0,0
3317.N,D,20200317,000000,54.97,54.97,54.97,54.97,0,0
3317.N,D,20200318,000000,54.49,54.49,54.49,54.49,0,0
3317.N,D,20200319,000000,54.76,54.76,54.76,54.76,0,0
3317.N,D,20200320,000000,53.77,53.77,53.77,53.77,0,0
3317.N,D,20200323,000000,54.06,54.06,54.06,54.06,0,0
3317.N,D,20200324,000000,53.93,53.93,53.93,53.93,0,0
3317.N,D,20200325,000000,54,54,54,54,0,0
3317.N,D,20200326,000000,54.68,54.68,54.68,54.68,0,0
3317.N,D,20200327,000000,54.25,54.25,54.25,54.25,0,0
3317.N,D,20200330,000000,54.21,54.21,54.21,54.21,0,0
3317.N,D,20200331,000000,54.47,54.47,54.47,54.47,0,0
3317.N,D,20200401,000000,54.94,54.94,54.94,54.94,0,0
3317.N,D,20200402,000000,54.82,54.82,54.82,54.82,0,0
3317.N,D,20200403,000000,54.77,54.77,54.77,54.77,0,0
3317.N,D,20200406,000000,54.3,54.3,54.3,54.3,0,0
3317.N,D,20200407,000000,54.2,54.2,54.2,54.2,0,0
3317.N,D,20200408,000000,54.38,54.38,54.38,54.38,0,0
3317.N,D,20200409,000000,54.44,54.44,54.44,54.44,0,0
3317.N,D,20200414,000000,54.73,54.73,54.73,54.73,0,0
3317.N,D,20200415,000000,54.96,54.96,54.96,54.96,0,0
3317.N,D,20200416,000000,54.74,54.74,54.74,54.74,0,0
3317.N,D,20200417,000000,54.8,54.8,54.8,54.8,0,0
3317.N,D,20200420,000000,54.49,54.49,54.49,54.49,0,0
3317.N,D,20200421,000000,54.59,54.59,54.59,54.59,0,0
3317.N,D,20200422,000000,54.31,54.31,54.31,54.31,0,0
3317.N,D,20200423,000000,54.41,54.41,54.41,54.41,0,0
3317.N,D,20200424,000000,54.35,54.35,54.35,54.35,0,0
3317.N,D,20200427,000000,53.97,53.97,53.97,53.97,0,0
3317.N,D,20200428,000000,54.2,54.2,54.2,54.2,0,0
3317.N,D,20200429,000000,54.29,54.29,54.29,54.29,0,0
3317.N,D,20200430,000000,54.38,54.38,54.38,54.38,0,0
3317.N,D,20200504,000000,54.02,54.02,54.02,54.02,0,0
3317.N,D,20200505,000000,53.78,53.78,53.78,53.78,0,0
3317.N,D,20200506,000000,53.72,53.72,53.72,53.72,0,0
3317.N,D,20200507,000000,53.89,53.89,53.89,53.89,0,0
3317.N,D,20200508,000000,53.95,53.95,53.95,53.95,0,0
3317.N,D,20200511,000000,53.9,53.9,53.9,53.9,0,0
3317.N,D,20200512,000000,53.8,53.8,53.8,53.8,0,0
3317.N,D,20200513,000000,53.85,53.85,53.85,53.85,0,0
3317.N,D,20200514,000000,53.82,53.82,53.82,53.82,0,0
3317.N,D,20200515,000000,53.41,53.41,53.41,53.41,0,0
3317.N,D,20200518,000000,53.35,53.35,53.35,53.35,0,0
3317.N,D,20200519,000000,53.45,53.45,53.45,53.45,0,0
3317.N,D,20200520,000000,53.35,53.35,53.35,53.35,0,0
3317.N,D,20200521,000000,53.24,53.24,53.24,53.24,0,0
3317.N,D,20200522,000000,53.11,53.11,53.11,53.11,0,0
3317.N,D,20200525,000000,52.76,52.76,52.76,52.76,0,0
3317.N,D,20200526,000000,52.35,52.35,52.35,52.35,0,0
3317.N,D,20200527,000000,51.84,51.84,51.84,51.84,0,0
3317.N,D,20200528,000000,51.77,51.77,51.77,51.77,0,0
3317.N,D,20200529,000000,52.06,52.06,52.06,52.06,0,0
3317.N,D,20200601,000000,51.46,51.46,51.46,51.46,0,0
3317.N,D,20200602,000000,51.1,51.1,51.1,51.1,0,0
3317.N,D,20200603,000000,51.14,51.14,51.14,51.14,0,0
3317.N,D,20200604,000000,51.88,51.88,51.88,51.88,0,0
3317.N,D,20200605,000000,51.93,51.93,51.93,51.93,0,0
3317.N,D,20200608,000000,51.83,51.83,51.83,51.83,0,0
3317.N,D,20200609,000000,52.11,52.11,52.11,52.11,0,0
3317.N,D,20200610,000000,52.06,52.06,52.06,52.06,0,0
3317.N,D,20200612,000000,51.35,51.35,51.35,51.35,0,0
3317.N,D,20200615,000000,51.03,51.03,51.03,51.03,0,0
3317.N,D,20200616,000000,50.62,50.62,50.62,50.62,0,0
3317.N,D,20200617,000000,51.28,51.28,51.28,51.28,0,0
3317.N,D,20200618,000000,51.31,51.31,51.31,51.31,0,0
3317.N,D,20200619,000000,51.27,51.27,51.27,51.27,0,0
3317.N,D,20200622,000000,51.06,51.06,51.06,51.06,0,0
3317.N,D,20200623,000000,50.71,50.71,50.71,50.71,0,0
3317.N,D,20200624,000000,50.94,50.94,50.94,50.94,0,0
3317.N,D,20200625,000000,50.63,50.63,50.63,50.63,0,0
3317.N,D,20200626,000000,50.66,50.66,50.66,50.66,0,0
3317.N,D,20200629,000000,50.48,50.48,50.48,50.48,0,0
3317.N,D,20200630,000000,50.38,50.38,50.38,50.38,0,0
3317.N,D,20200701,000000,50.1,50.1,50.1,50.1,0,0
3317.N,D,20200702,000000,50.32,50.32,50.32,50.32,0,0
3317.N,D,20200703,000000,50.6,50.6,50.6,50.6,0,0
3317.N,D,20200706,000000,50.39,50.39,50.39,50.39,0,0
3317.N,D,20200707,000000,50.51,50.51,50.51,50.51,0,0
3317.N,D,20200708,000000,50.46,50.46,50.46,50.46,0,0
3317.N,D,20200709,000000,50.39,50.39,50.39,50.39,0,0
3317.N,D,20200710,000000,50.37,50.37,50.37,50.37,0,0
3317.N,D,20200713,000000,50.14,50.14,50.14,50.14,0,0
3317.N,D,20200714,000000,50.28,50.28,50.28,50.28,0,0
3317.N,D,20200715,000000,49.86,49.86,49.86,49.86,0,0
3317.N,D,20200716,000000,50.23,50.23,50.23,50.23,0,0
3317.N,D,20200717,000000,49.73,49.73,49.73,49.73,0,0
3317.N,D,20200720,000000,49.35,49.35,49.35,49.35,0,0
3317.N,D,20200721,000000,49.05,49.05,49.05,49.05,0,0
3317.N,D,20200722,000000,49.14,49.14,49.14,49.14,0,0
3317.N,D,20200723,000000,48.62,48.62,48.62,48.62,0,0
3317.N,D,20200724,000000,48.61,48.61,48.61,48.61,0,0
3317.N,D,20200727,000000,48.09,48.09,48.09,48.09,0,0
3317.N,D,20200728,000000,47.95,47.95,47.95,47.95,0,0
3317.N,D,20200729,000000,48.13,48.13,48.13,48.13,0,0
3317.N,D,20200730,000000,47.94,47.94,47.94,47.94,0,0
3317.N,D,20200731,000000,47.62,47.62,47.62,47.62,0,0
3317.N,D,20200803,000000,47.58,47.58,47.58,47.58,0,0
3317.N,D,20200804,000000,47.47,47.47,47.47,47.47,0,0
3317.N,D,20200805,000000,47.39,47.39,47.39,47.39,0,0
3317.N,D,20200806,000000,47.57,47.57,47.57,47.57,0,0
3317.N,D,20200807,000000,47.54,47.54,47.54,47.54,0,0
3317.N,D,20200810,000000,47.24,47.24,47.24,47.24,0,0
3317.N,D,20200811,000000,47.22,47.22,47.22,47.22,0,0
3317.N,D,20200812,000000,47.28,47.28,47.28,47.28,0,0
3317.N,D,20200813,000000,47.08,47.08,47.08,47.08,0,0
3317.N,D,20200814,000000,46.97,46.97,46.97,46.97,0,0
3317.N,D,20200817,000000,46.54,46.54,46.54,46.54,0,0
3317.N,D,20200818,000000,46.55,46.55,46.55,46.55,0,0
3317.N,D,20200819,000000,46.32,46.32,46.32,46.32,0,0
3317.N,D,20200820,000000,46.45,46.45,46.45,46.45,0,0
3317.N,D,20200821,000000,46.2,46.2,46.2,46.2,0,0
3317.N,D,20200824,000000,46.23,46.23,46.23,46.23,0,0
3317.N,D,20200825,000000,46.11,46.11,46.11,46.11,0,0
3317.N,D,20200826,000000,46.12,46.12,46.12,46.12,0,0
3317.N,D,20200827,000000,46.2,46.2,46.2,46.2,0,0
3317.N,D,20200828,000000,45.99,45.99,45.99,45.99,0,0
3317.N,D,20200831,000000,45.69,45.69,45.69,45.69,0,0
3317.N,D,20200901,000000,45.51,45.51,45.51,45.51,0,0
3317.N,D,20200902,000000,45.68,45.68,45.68,45.68,0,0
3317.N,D,20200903,000000,45.86,45.86,45.86,45.86,0,0
3317.N,D,20200904,000000,46.1,46.1,46.1,46.1,0,0
3317.N,D,20200907,000000,45.79,45.79,45.79,45.79,0,0
3317.N,D,20200908,000000,45.65,45.65,45.65,45.65,0,0
3317.N,D,20200909,000000,45.63,45.63,45.63,45.63,0,0
3317.N,D,20200910,000000,45.54,45.54,45.54,45.54,0,0
3317.N,D,20200911,000000,45.47,45.47,45.47,45.47,0,0
3317.N,D,20200914,000000,45.2,45.2,45.2,45.2,0,0
3317.N,D,20200915,000000,45.19,45.19,45.19,45.19,0,0
3317.N,D,20200916,000000,45.22,45.22,45.22,45.22,0,0
3317.N,D,20200917,000000,45.21,45.21,45.21,45.21,0,0
3317.N,D,20200918,000000,45.1,45.1,45.1,45.1,0,0
3317.N,D,20200921,000000,45.12,45.12,45.12,45.12,0,0
3317.N,D,20200922,000000,45.08,45.08,45.08,45.08,0,0
3317.N,D,20200923,000000,44.87,44.87,44.87,44.87,0,0
3317.N,D,20200924,000000,45.16,45.16,45.16,45.16,0,0
3317.N,D,20200925,000000,45.11,45.11,45.11,45.11,0,0
3317.N,D,20200928,000000,44.95,44.95,44.95,44.95,0,0
3317.N,D,20200929,000000,45.35,45.35,45.35,45.35,0,0
3317.N,D,20200930,000000,44.63,44.63,44.63,44.63,0,0
3317.N,D,20201001,000000,44.51,44.51,44.51,44.51,0,0
3317.N,D,20201002,000000,44.24,44.24,44.24,44.24,0,0
3317.N,D,20201005,000000,44.03,44.03,44.03,44.03,0,0
3317.N,D,20201006,000000,44,44,44,44,0,0
3317.N,D,20201007,000000,43.88,43.88,43.88,43.88,0,0
3317.N,D,20201008,000000,43.9,43.9,43.9,43.9,0,0
3317.N,D,20201009,000000,43.73,43.73,43.73,43.73,0,0
3317.N,D,20201012,000000,43.56,43.56,43.56,43.56,0,0
3317.N,D,20201013,000000,43.52,43.52,43.52,43.52,0,0
3317.N,D,20201014,000000,43.73,43.73,43.73,43.73,0,0
3317.N,D,20201015,000000,44.34,44.34,44.34,44.34,0,0
3317.N,D,20201016,000000,44.24,44.24,44.24,44.24,0,0
