<TICKER>,<PER>,<DATE>,<TIME>,<OPEN>,<HIGH>,<LOW>,<CLOSE>,<VOL>,<OPENINT>
3401.N,D,20150519,000000,100,100,100,100,0,0
3401.N,D,20150520,000000,99.63,99.63,99.63,99.63,0,0
3401.N,D,20150521,000000,99.23,99.23,99.23,99.23,0,0
3401.N,D,20150522,000000,99.1,99.1,99.1,99.1,0,0
3401.N,D,20150525,000000,98.51,98.51,98.51,98.51,0,0
3401.N,D,20150526,000000,96.54,96.54,96.54,96.54,0,0
3401.N,D,20150527,000000,96.78,96.78,96.78,96.78,0,0
3401.N,D,20150528,000000,97.36,97.36,97.36,97.36,0,0
3401.N,D,20150529,000000,97.25,97.25,97.25,97.25,0,0
3401.N,D,20150601,000000,97.39,97.39,97.39,97.39,0,0
3401.N,D,20150602,000000,98.41,98.41,98.41,98.41,0,0
3401.N,D,20150603,000000,96.68,96.68,96.68,96.68,0,0
3401.N,D,20150605,000000,94.72,94.72,94.72,94.72,0,0
3401.N,D,20150608,000000,96.8,96.8,96.8,96.8,0,0
3401.N,D,20150609,000000,95.39,95.39,95.39,95.39,0,0
3401.N,D,20150610,000000,96.2,96.2,96.2,96.2,0,0
3401.N,D,20150611,000000,95.29,95.29,95.29,95.29,0,0
3401.N,D,20150612,000000,95.29,95.29,95.29,95.29,0,0
3401.N,D,20150615,000000,94.94,94.94,94.94,94.94,0,0
3401.N,D,20150616,000000,94.48,94.48,94.48,94.48,0,0
3401.N,D,20150617,000000,96.41,96.41,96.41,96.41,0,0
3401.N,D,20150618,000000,98.24,98.24,98.24,98.24,0,0
3401.N,D,20150619,000000,96.43,96.43,96.43,96.43,0,0
3401.N,D,20150622,000000,94.62,94.62,94.62,94.62,0,0
3401.N,D,20150623,000000,94.85,94.85,94.85,94.85,0,0
3401.N,D,20150624,000000,94.91,94.91,94.91,94.91,0,0
3401.N,D,20150625,000000,93.98,93.98,93.98,93.98,0,0
3401.N,D,20150626,000000,93.27,93.27,93.27,93.27,0,0
3401.N,D,20150629,000000,93.79,93.79,93.79,93.79,0,0
3401.N,D,20150630,000000,91.95,91.95,91.95,91.95,0,0
3401.N,D,20150701,000000,90.62,90.62,90.62,90.62,0,0
3401.N,D,20150702,000000,90.45,90.45,90.45,90.45,0,0
3401.N,D,20150703,000000,90.89,90.89,90.89,90.89,0,0
3401.N,D,20150706,000000,92.8,92.8,92.8,92.8,0,0
3401.N,D,20150707,000000,88.98,88.98,88.98,88.98,0,0
3401.N,D,20150708,000000,87.56,87.56,87.56,87.56,0,0
3401.N,D,20150709,000000,87.33,87.33,87.33,87.33,0,0
3401.N,D,20150710,000000,86.59,86.59,86.59,86.59,0,0
3401.N,D,20150713,000000,86.7,86.7,86.7,86.7,0,0
3401.N,D,20150714,000000,86.59,86.59,86.59,86.59,0,0
3401.N,D,20150715,000000,84.94,84.94,84.94,84.94,0,0
3401.N,D,20150716,000000,83.93,83.93,83.93,83.93,0,0
3401.N,D,20150717,000000,79.54,79.54,79.54,79.54,0,0
3401.N,D,20150720,000000,71.67,71.67,71.67,71.67,0,0
3401.N,D,20150721,000000,72.92,72.92,72.92,72.92,0,0
3401.N,D,20150722,000000,72.63,72.63,72.63,72.63,0,0
3401.N,D,20150723,000000,70.2,70.2,70.2,70.2,0,0
3401.N,D,20150724,000000,73.16,73.16,73.16,73.16,0,0
3401.N,D,20150727,000000,70.31,70.31,70.31,70.31,0,0
3401.N,D,20150728,000000,71.4,71.4,71.4,71.4,0,0
3401.N,D,20150729,000000,73.45,73.45,73.45,73.45,0,0
3401.N,D,20150730,000000,71.23,71.23,71.23,71.23,0,0
3401.N,D,20150731,000000,72.9,72.9,72.9,72.9,0,0
3401.N,D,20150803,000000,70.93,70.93,70.93,70.93,0,0
3401.N,D,20150804,000000,70.27,70.27,70.27,70.27,0,0
3401.N,D,20150805,000000,68.5,68.5,68.5,68.5,0,0
3401.N,D,20150806,000000,70.3,70.3,70.3,70.3,0,0
3401.N,D,20150807,000000,70.54,70.54,70.54,70.54,0,0
3401.N,D,20150810,000000,73.48,73.48,73.48,73.48,0,0
3401.N,D,20150811,000000,75.36,75.36,75.36,75.36,0,0
3401.N,D,20150812,000000,78.94,78.94,78.94,78.94,0,0
3401.N,D,20150813,000000,76.91,76.91,76.91,76.91,0,0
3401.N,D,20150814,000000,75.63,75.63,75.63,75.63,0,0
3401.N,D,20150817,000000,77.7,77.7,77.7,77.7,0,0
3401.N,D,20150818,000000,76.69,76.69,76.69,76.69,0,0
3401.N,D,20150819,000000,79.54,79.54,79.54,79.54,0,0
3401.N,D,20150820,000000,82.09,82.09,82.09,82.09,0,0
3401.N,D,20150821,000000,80.56,80.56,80.56,80.56,0,0
3401.N,D,20150824,000000,75.39,75.39,75.39,75.39,0,0
3401.N,D,20150825,000000,73.56,73.56,73.56,73.56,0,0
3401.N,D,20150826,000000,69.99,69.99,69.99,69.99,0,0
3401.N,D,20150827,000000,72.52,72.52,72.52,72.52,0,0
3401.N,D,20150828,000000,75.13,75.13,75.13,75.13,0,0
3401.N,D,20150831,000000,73.61,73.61,73.61,73.61,0,0
3401.N,D,20150901,000000,72.73,72.73,72.73,72.73,0,0
3401.N,D,20150902,000000,72.08,72.08,72.08,72.08,0,0
3401.N,D,20150903,000000,70.94,70.94,70.94,70.94,0,0
3401.N,D,20150904,000000,70.92,70.92,70.92,70.92,0,0
3401.N,D,20150907,000000,70.9,70.9,70.9,70.9,0,0
3401.N,D,20150908,000000,71.5,71.5,71.5,71.5,0,0
3401.N,D,20150909,000000,70.07,70.07,70.07,70.07,0,0
3401.N,D,20150910,000000,69.97,69.97,69.97,69.97,0,0
3401.N,D,20150911,000000,70.66,70.66,70.66,70.66,0,0
3401.N,D,20150914,000000,70.09,70.09,70.09,70.09,0,0
3401.N,D,20150915,000000,70.08,70.08,70.08,70.08,0,0
3401.N,D,20150916,000000,73.33,73.33,73.33,73.33,0,0
3401.N,D,20150917,000000,75.11,75.11,75.11,75.11,0,0
3401.N,D,20150918,000000,76.45,76.45,76.45,76.45,0,0
3401.N,D,20150921,000000,74.31,74.31,74.31,74.31,0,0
3401.N,D,20150922,000000,71.35,71.35,71.35,71.35,0,0
3401.N,D,20150923,000000,71.03,71.03,71.03,71.03,0,0
3401.N,D,20150924,000000,75.02,75.02,75.02,75.02,0,0
3401.N,D,20150925,000000,74.13,74.13,74.13,74.13,0,0
3401.N,D,20150928,000000,70.94,70.94,70.94,70.94,0,0
3401.N,D,20150929,000000,71,71,71,71,0,0
3401.N,D,20150930,000000,72.19,72.19,72.19,72.19,0,0
3401.N,D,20151001,000000,70.95,70.95,70.95,70.95,0,0
3401.N,D,20151002,000000,75.92,75.92,75.92,75.92,0,0
3401.N,D,20151005,000000,78.96,78.96,78.96,78.96,0,0
3401.N,D,20151006,000000,81.4,81.4,81.4,81.4,0,0
3401.N,D,20151007,000000,81.02,81.02,81.02,81.02,0,0
3401.N,D,20151008,000000,80.27,80.27,80.27,80.27,0,0
3401.N,D,20151009,000000,83.47,83.47,83.47,83.47,0,0
3401.N,D,20151012,000000,82.1,82.1,82.1,82.1,0,0
3401.N,D,20151013,000000,81.3,81.3,81.3,81.3,0,0
3401.N,D,20151014,000000,86.39,86.39,86.39,86.39,0,0
3401.N,D,20151015,000000,86.73,86.73,86.73,86.73,0,0
3401.N,D,20151016,000000,84.37,84.37,84.37,84.37,0,0
3401.N,D,20151019,000000,81.3,81.3,81.3,81.3,0,0
3401.N,D,20151020,000000,83.85,83.85,83.85,83.85,0,0
3401.N,D,20151021,000000,81.69,81.69,81.69,81.69,0,0
3401.N,D,20151022,000000,83.16,83.16,83.16,83.16,0,0
3401.N,D,20151023,000000,85.1,85.1,85.1,85.1,0,0
3401.N,D,20151026,000000,82.56,82.56,82.56,82.56,0,0
3401.N,D,20151027,000000,82.77,82.77,82.77,82.77,0,0
3401.N,D,20151028,000000,82.21,82.21,82.21,82.21,0,0
3401.N,D,20151029,000000,79.04,79.04,79.04,79.04,0,0
3401.N,D,20151030,000000,78.63,78.63,78.63,78.63,0,0
3401.N,D,20151102,000000,78.7,78.7,78.7,78.7,0,0
3401.N,D,20151103,000000,78.35,78.35,78.35,78.35,0,0
3401.N,D,20151104,000000,76.89,76.89,76.89,76.89,0,0
3401.N,D,20151105,000000,73.79,73.79,73.79,73.79,0,0
3401.N,D,20151106,000000,70.92,70.92,70.92,70.92,0,0
3401.N,D,20151109,000000,71.98,71.98,71.98,71.98,0,0
3401.N,D,20151110,000000,70.89,70.89,70.89,70.89,0,0
3401.N,D,20151112,000000,70.96,70.96,70.96,70.96,0,0
3401.N,D,20151113,000000,71.58,71.58,71.58,71.58,0,0
3401.N,D,20151116,000000,72.01,72.01,72.01,72.01,0,0
3401.N,D,20151117,000000,69.05,69.05,69.05,69.05,0,0
3401.N,D,20151118,000000,71.28,71.28,71.28,71.28,0,0
3401.N,D,20151119,000000,73.2,73.2,73.2,73.2,0,0
3401.N,D,20151120,000000,70.82,70.82,70.82,70.82,0,0
3401.N,D,20151123,000000,69.98,69.98,69.98,69.98,0,0
3401.N,D,20151124,000000,71.99,71.99,71.99,71.99,0,0
3401.N,D,20151125,000000,71.83,71.83,71.83,71.83,0,0
3401.N,D,20151126,000000,72.29,72.29,72.29,72.29,0,0
3401.N,D,20151127,000000,70.84,70.84,70.84,70.84,0,0
3401.N,D,20151130,000000,72.29,72.29,72.29,72.29,0,0
3401.N,D,20151201,000000,74.26,74.26,74.26,74.26,0,0
3401.N,D,20151202,000000,73.02,73.02,73.02,73.02,0,0
3401.N,D,20151203,000000,74.02,74.02,74.02,74.02,0,0
3401.N,D,20151204,000000,77.9,77.9,77.9,77.9,0,0
3401.N,D,20151207,000000,74.84,74.84,74.84,74.84,0,0
3401.N,D,20151208,000000,74.22,74.22,74.22,74.22,0,0
3401.N,D,20151209,000000,74.78,74.78,74.78,74.78,0,0
3401.N,D,20151210,000000,74.94,74.94,74.94,74.94,0,0
3401.N,D,20151211,000000,75.51,75.51,75.51,75.51,0,0
3401.N,D,20151214,000000,71.01,71.01,71.01,71.01,0,0
3401.N,D,20151215,000000,71.49,71.49,71.49,71.49,0,0
3401.N,D,20151216,000000,73.82,73.82,73.82,73.82,0,0
3401.N,D,20151217,000000,69.91,69.91,69.91,69.91,0,0
3401.N,D,20151218,000000,71.3,71.3,71.3,71.3,0,0
3401.N,D,20151221,000000,72.62,72.62,72.62,72.62,0,0
3401.N,D,20151222,000000,72.38,72.38,72.38,72.38,0,0
3401.N,D,20151223,000000,73.47,73.47,73.47,73.47,0,0
3401.N,D,20151228,000000,73.85,73.85,73.85,73.85,0,0
3401.N,D,20151229,000000,72.86,72.86,72.86,72.86,0,0
3401.N,D,20151230,000000,71.85,71.85,71.85,71.85,0,0
3401.N,D,20160104,000000,74.14,74.14,74.14,74.14,0,0
3401.N,D,20160105,000000,73.78,73.78,73.78,73.78,0,0
3401.N,D,20160107,000000,78.71,78.71,78.71,78.71,0,0
3401.N,D,20160108,000000,77.26,77.26,77.26,77.26,0,0
3401.N,D,20160111,000000,74.47,74.47,74.47,74.47,0,0
3401.N,D,20160112,000000,72.43,72.43,72.43,72.43,0,0
3401.N,D,20160113,000000,72.96,72.96,72.96,72.96,0,0
3401.N,D,20160114,000000,70.2,70.2,70.2,70.2,0,0
3401.N,D,20160115,000000,70.23,70.23,70.23,70.23,0,0
3401.N,D,20160118,000000,69.94,69.94,69.94,69.94,0,0
3401.N,D,20160119,000000,67.09,67.09,67.09,67.09,0,0
3401.N,D,20160120,000000,67.57,67.57,67.57,67.57,0,0
3401.N,D,20160121,000000,68.11,68.11,68.11,68.11,0,0
3401.N,D,20160122,000000,69.29,69.29,69.29,69.29,0,0
3401.N,D,20160125,000000,71.57,71.57,71.57,71.57,0,0
3401.N,D,20160126,000000,74.1,74.1,74.1,74.1,0,0
3401.N,D,20160127,000000,75.41,75.41,75.41,75.41,0,0
3401.N,D,20160128,000000,74.08,74.08,74.08,74.08,0,0
3401.N,D,20160129,000000,76.57,76.57,76.57,76.57,0,0
3401.N,D,20160201,000000,78.08,78.08,78.08,78.08,0,0
3401.N,D,20160202,000000,77.28,77.28,77.28,77.28,0,0
3401.N,D,20160203,000000,81.25,81.25,81.25,81.25,0,0
3401.N,D,20160204,000000,84.98,84.98,84.98,84.98,0,0
3401.N,D,20160205,000000,88.8,88.8,88.8,88.8,0,0
3401.N,D,20160208,000000,90.91,90.91,90.91,90.91,0,0
3401.N,D,20160209,000000,87.97,87.97,87.97,87.97,0,0
3401.N,D,20160210,000000,88.47,88.47,88.47,88.47,0,0
3401.N,D,20160211,000000,93.01,93.01,93.01,93.01,0,0
3401.N,D,20160212,000000,94.79,94.79,94.79,94.79,0,0
3401.N,D,20160215,000000,95.19,95.19,95.19,95.19,0,0
3401.N,D,20160216,000000,90.46,90.46,90.46,90.46,0,0
3401.N,D,20160217,000000,91.49,91.49,91.49,91.49,0,0
3401.N,D,20160218,000000,96.54,96.54,96.54,96.54,0,0
3401.N,D,20160219,000000,94.88,94.88,94.88,94.88,0,0
3401.N,D,20160222,000000,95.07,95.07,95.07,95.07,0,0
3401.N,D,20160223,000000,97.21,97.21,97.21,97.21,0,0
3401.N,D,20160224,000000,98.04,98.04,98.04,98.04,0,0
3401.N,D,20160225,000000,99.32,99.32,99.32,99.32,0,0
3401.N,D,20160226,000000,97.11,97.11,97.11,97.11,0,0
3401.N,D,20160229,000000,99.64,99.64,99.64,99.64,0,0
3401.N,D,20160301,000000,96.22,96.22,96.22,96.22,0,0
3401.N,D,20160302,000000,98.62,98.62,98.62,98.62,0,0
3401.N,D,20160303,000000,101.63,101.63,101.63,101.63,0,0
3401.N,D,20160304,000000,100.39,100.39,100.39,100.39,0,0
3401.N,D,20160307,000000,102.91,102.91,102.91,102.91,0,0
3401.N,D,20160308,000000,99.98,99.98,99.98,99.98,0,0
3401.N,D,20160309,000000,100.29,100.29,100.29,100.29,0,0
3401.N,D,20160310,000000,104.24,104.24,104.24,104.24,0,0
3401.N,D,20160311,000000,102.03,102.03,102.03,102.03,0,0
3401.N,D,20160314,000000,98.28,98.28,98.28,98.28,0,0
3401.N,D,20160315,000000,98.98,98.98,98.98,98.98,0,0
3401.N,D,20160316,000000,104.12,104.12,104.12,104.12,0,0
3401.N,D,20160317,000000,103.13,103.13,103.13,103.13,0,0
3401.N,D,20160318,000000,102.99,102.99,102.99,102.99,0,0
3401.N,D,20160321,000000,102.27,102.27,102.27,102.27,0,0
3401.N,D,20160322,000000,102.26,102.26,102.26,102.26,0,0
3401.N,D,20160323,000000,97.82,97.82,97.82,97.82,0,0
3401.N,D,20160324,000000,98.95,98.95,98.95,98.95,0,0
3401.N,D,20160329,000000,102.64,102.64,102.64,102.64,0,0
3401.N,D,20160330,000000,100.98,100.98,100.98,100.98,0,0
3401.N,D,20160331,000000,100.52,100.52,100.52,100.52,0,0
3401.N,D,20160401,000000,99.83,99.83,99.83,99.83,0,0
3401.N,D,20160404,000000,97.63,97.63,97.63,97.63,0,0
3401.N,D,20160405,000000,100.79,100.79,100.79,100.79,0,0
3401.N,D,20160406,000000,100.84,100.84,100.84,100.84,0,0
3401.N,D,20160407,000000,103.8,103.8,103.8,103.8,0,0
3401.N,D,20160408,000000,106.45,106.45,106.45,106.45,0,0
3401.N,D,20160411,000000,111.87,111.87,111.87,111.87,0,0
3401.N,D,20160412,000000,112.96,112.96,112.96,112.96,0,0
3401.N,D,20160413,000000,112.07,112.07,112.07,112.07,0,0
3401.N,D,20160414,000000,110.06,110.06,110.06,110.06,0,0
3401.N,D,20160415,000000,112.53,112.53,112.53,112.53,0,0
3401.N,D,20160418,000000,111.14,111.14,111.14,111.14,0,0
3401.N,D,20160419,000000,115.62,115.62,115.62,115.62,0,0
3401.N,D,20160420,000000,114.48,114.48,114.48,114.48,0,0
3401.N,D,20160421,000000,116.78,116.78,116.78,116.78,0,0
3401.N,D,20160422,000000,115.06,115.06,115.06,115.06,0,0
3401.N,D,20160425,000000,115.73,115.73,115.73,115.73,0,0
3401.N,D,20160426,000000,117.25,117.25,117.25,117.25,0,0
3401.N,D,20160427,000000,118.22,118.22,118.22,118.22,0,0
3401.N,D,20160428,000000,122.79,122.79,122.79,122.79,0,0
3401.N,D,20160429,000000,129.91,129.91,129.91,129.91,0,0
3401.N,D,20160502,000000,126.38,126.38,126.38,126.38,0,0
3401.N,D,20160504,000000,120.35,120.35,120.35,120.35,0,0
3401.N,D,20160505,000000,123.49,123.49,123.49,123.49,0,0
3401.N,D,20160506,000000,128.93,128.93,128.93,128.93,0,0
3401.N,D,20160509,000000,121.37,121.37,121.37,121.37,0,0
3401.N,D,20160510,000000,124.45,124.45,124.45,124.45,0,0
3401.N,D,20160511,000000,127.38,127.38,127.38,127.38,0,0
3401.N,D,20160512,000000,126.13,126.13,126.13,126.13,0,0
3401.N,D,20160513,000000,127.05,127.05,127.05,127.05,0,0
3401.N,D,20160516,000000,127.96,127.96,127.96,127.96,0,0
3401.N,D,20160517,000000,129.3,129.3,129.3,129.3,0,0
3401.N,D,20160518,000000,122.94,122.94,122.94,122.94,0,0
3401.N,D,20160519,000000,124.86,124.86,124.86,124.86,0,0
3401.N,D,20160520,000000,126.07,126.07,126.07,126.07,0,0
3401.N,D,20160523,000000,125.95,125.95,125.95,125.95,0,0
3401.N,D,20160524,000000,120.15,120.15,120.15,120.15,0,0
3401.N,D,20160525,000000,121.52,121.52,121.52,121.52,0,0
3401.N,D,20160527,000000,117.89,117.89,117.89,117.89,0,0
3401.N,D,20160530,000000,117.69,117.69,117.69,117.69,0,0
3401.N,D,20160531,000000,119.53,119.53,119.53,119.53,0,0
3401.N,D,20160601,000000,120.02,120.02,120.02,120.02,0,0
3401.N,D,20160602,000000,120.25,120.25,120.25,120.25,0,0
3401.N,D,20160603,000000,131.92,131.92,131.92,131.92,0,0
3401.N,D,20160606,000000,130.34,130.34,130.34,130.34,0,0
3401.N,D,20160607,000000,129.26,129.26,129.26,129.26,0,0
3401.N,D,20160608,000000,131.6,131.6,131.6,131.6,0,0
3401.N,D,20160609,000000,134.14,134.14,134.14,134.14,0,0
3401.N,D,20160610,000000,134.16,134.16,134.16,134.16,0,0
3401.N,D,20160613,000000,134.65,134.65,134.65,134.65,0,0
3401.N,D,20160614,000000,133.29,133.29,133.29,133.29,0,0
3401.N,D,20160615,000000,137.1,137.1,137.1,137.1,0,0
3401.N,D,20160616,000000,134.25,134.25,134.25,134.25,0,0
3401.N,D,20160617,000000,134.11,134.11,134.11,134.11,0,0
3401.N,D,20160620,000000,133.14,133.14,133.14,133.14,0,0
3401.N,D,20160621,000000,130.66,130.66,130.66,130.66,0,0
3401.N,D,20160622,000000,132.5,132.5,132.5,132.5,0,0
3401.N,D,20160623,000000,130.49,130.49,130.49,130.49,0,0
3401.N,D,20160624,000000,141.38,141.38,141.38,141.38,0,0
3401.N,D,20160627,000000,144.53,144.53,144.53,144.53,0,0
3401.N,D,20160628,000000,142.68,142.68,142.68,142.68,0,0
3401.N,D,20160629,000000,144.92,144.92,144.92,144.92,0,0
3401.N,D,20160630,000000,146.46,146.46,146.46,146.46,0,0
3401.N,D,20160701,000000,147.55,147.55,147.55,147.55,0,0
3401.N,D,20160704,000000,154,154,154,154,0,0
3401.N,D,20160705,000000,155.6,155.6,155.6,155.6,0,0
3401.N,D,20160706,000000,160.37,160.37,160.37,160.37,0,0
3401.N,D,20160707,000000,156.75,156.75,156.75,156.75,0,0
3401.N,D,20160708,000000,159.6,159.6,159.6,159.6,0,0
3401.N,D,20160711,000000,160.66,160.66,160.66,160.66,0,0
3401.N,D,20160712,000000,154.64,154.64,154.64,154.64,0,0
3401.N,D,20160713,000000,158,158,158,158,0,0
3401.N,D,20160714,000000,157.68,157.68,157.68,157.68,0,0
3401.N,D,20160715,000000,156.34,156.34,156.34,156.34,0,0
3401.N,D,20160718,000000,156.97,156.97,156.97,156.97,0,0
3401.N,D,20160719,000000,155.5,155.5,155.5,155.5,0,0
3401.N,D,20160720,000000,147.93,147.93,147.93,147.93,0,0
3401.N,D,20160721,000000,151.99,151.99,151.99,151.99,0,0
3401.N,D,20160722,000000,151,151,151,151,0,0
3401.N,D,20160725,000000,147,147,147,147,0,0
3401.N,D,20160726,000000,149.94,149.94,149.94,149.94,0,0
3401.N,D,20160727,000000,156.08,156.08,156.08,156.08,0,0
3401.N,D,20160728,000000,155.4,155.4,155.4,155.4,0,0
3401.N,D,20160729,000000,158.42,158.42,158.42,158.42,0,0
3401.N,D,20160801,000000,159.64,159.64,159.64,159.64,0,0
3401.N,D,20160802,000000,160.92,160.92,160.92,160.92,0,0
3401.N,D,20160803,000000,158.05,158.05,158.05,158.05,0,0
3401.N,D,20160804,000000,159.58,159.58,159.58,159.58,0,0
3401.N,D,20160805,000000,156.27,156.27,156.27,156.27,0,0
3401.N,D,20160808,000000,157.26,157.26,157.26,157.26,0,0
3401.N,D,20160809,000000,157.29,157.29,157.29,157.29,0,0
3401.N,D,20160810,000000,159.41,159.41,159.41,159.41,0,0
3401.N,D,20160811,000000,158.39,158.39,158.39,158.39,0,0
3401.N,D,20160812,000000,157.96,157.96,157.96,157.96,0,0
3401.N,D,20160816,000000,156.25,156.25,156.25,156.25,0,0
3401.N,D,20160817,000000,154.56,154.56,154.56,154.56,0,0
3401.N,D,20160818,000000,155.36,155.36,155.36,155.36,0,0
3401.N,D,20160819,000000,152.24,152.24,152.24,152.24,0,0
3401.N,D,20160822,000000,150.45,150.45,150.45,150.45,0,0
3401.N,D,20160823,000000,148.21,148.21,148.21,148.21,0,0
3401.N,D,20160824,000000,139.15,139.15,139.15,139.15,0,0
3401.N,D,20160825,000000,140.85,140.85,140.85,140.85,0,0
3401.N,D,20160826,000000,141.87,141.87,141.87,141.87,0,0
3401.N,D,20160829,000000,143.31,143.31,143.31,143.31,0,0
3401.N,D,20160830,000000,136.95,136.95,136.95,136.95,0,0
3401.N,D,20160831,000000,135.47,135.47,135.47,135.47,0,0
3401.N,D,20160901,000000,140.08,140.08,140.08,140.08,0,0
3401.N,D,20160902,000000,144.58,144.58,144.58,144.58,0,0
3401.N,D,20160905,000000,145.19,145.19,145.19,145.19,0,0
3401.N,D,20160906,000000,150.17,150.17,150.17,150.17,0,0
3401.N,D,20160907,000000,149.49,149.49,149.49,149.49,0,0
3401.N,D,20160908,000000,145.63,145.63,145.63,145.63,0,0
3401.N,D,20160909,000000,138.64,138.64,138.64,138.64,0,0
3401.N,D,20160912,000000,141.4,141.4,141.4,141.4,0,0
3401.N,D,20160913,000000,137.21,137.21,137.21,137.21,0,0
3401.N,D,20160914,000000,136.83,136.83,136.83,136.83,0,0
3401.N,D,20160915,000000,136.3,136.3,136.3,136.3,0,0
3401.N,D,20160916,000000,134.67,134.67,134.67,134.67,0,0
3401.N,D,20160919,000000,135.88,135.88,135.88,135.88,0,0
3401.N,D,20160920,000000,134.96,134.96,134.96,134.96,0,0
3401.N,D,20160921,000000,143.52,143.52,143.52,143.52,0,0
3401.N,D,20160922,000000,142.22,142.22,142.22,142.22,0,0
3401.N,D,20160923,000000,139.26,139.26,139.26,139.26,0,0
3401.N,D,20160926,000000,137.61,137.61,137.61,137.61,0,0
3401.N,D,20160927,000000,135.07,135.07,135.07,135.07,0,0
3401.N,D,20160928,000000,137.09,137.09,137.09,137.09,0,0
3401.N,D,20160929,000000,137.7,137.7,137.7,137.7,0,0
3401.N,D,20160930,000000,136.26,136.26,136.26,136.26,0,0
3401.N,D,20161003,000000,133.21,133.21,133.21,133.21,0,0
3401.N,D,20161004,000000,122.09,122.09,122.09,122.09,0,0
3401.N,D,20161005,000000,120.75,120.75,120.75,120.75,0,0
3401.N,D,20161006,000000,117.91,117.91,117.91,117.91,0,0
3401.N,D,20161007,000000,117.96,117.96,117.96,117.96,0,0
3401.N,D,20161010,000000,117.9,117.9,117.9,117.9,0,0
3401.N,D,20161011,000000,116.06,116.06,116.06,116.06,0,0
3401.N,D,20161012,000000,119.39,119.39,119.39,119.39,0,0
3401.N,D,20161013,000000,121.84,121.84,121.84,121.84,0,0
3401.N,D,20161014,000000,119.35,119.35,119.35,119.35,0,0
3401.N,D,20161017,000000,121.65,121.65,121.65,121.65,0,0
3401.N,D,20161018,000000,126.07,126.07,126.07,126.07,0,0
3401.N,D,20161019,000000,129.9,129.9,129.9,129.9,0,0
3401.N,D,20161020,000000,129.25,129.25,129.25,129.25,0,0
3401.N,D,20161021,000000,130.09,130.09,130.09,130.09,0,0
3401.N,D,20161024,000000,127.48,127.48,127.48,127.48,0,0
3401.N,D,20161025,000000,130.09,130.09,130.09,130.09,0,0
3401.N,D,20161026,000000,127.31,127.31,127.31,127.31,0,0
3401.N,D,20161027,000000,126.21,126.21,126.21,126.21,0,0
3401.N,D,20161028,000000,126.28,126.28,126.28,126.28,0,0
3401.N,D,20161031,000000,129.57,129.57,129.57,129.57,0,0
3401.N,D,20161102,000000,128.08,128.08,128.08,128.08,0,0
3401.N,D,20161103,000000,130.23,130.23,130.23,130.23,0,0
3401.N,D,20161104,000000,127.78,127.78,127.78,127.78,0,0
3401.N,D,20161107,000000,124.47,124.47,124.47,124.47,0,0
3401.N,D,20161108,000000,123.47,123.47,123.47,123.47,0,0
3401.N,D,20161109,000000,126.73,126.73,126.73,126.73,0,0
3401.N,D,20161110,000000,118.62,118.62,118.62,118.62,0,0
3401.N,D,20161114,000000,113.33,113.33,113.33,113.33,0,0
3401.N,D,20161115,000000,117.04,117.04,117.04,117.04,0,0
3401.N,D,20161116,000000,117.66,117.66,117.66,117.66,0,0
3401.N,D,20161117,000000,115.57,115.57,115.57,115.57,0,0
3401.N,D,20161118,000000,114.54,114.54,114.54,114.54,0,0
3401.N,D,20161121,000000,115.96,115.96,115.96,115.96,0,0
3401.N,D,20161122,000000,115.49,115.49,115.49,115.49,0,0
3401.N,D,20161123,000000,110.41,110.41,110.41,110.41,0,0
3401.N,D,20161124,000000,110.48,110.48,110.48,110.48,0,0
3401.N,D,20161125,000000,110.45,110.45,110.45,110.45,0,0
3401.N,D,20161128,000000,115.09,115.09,115.09,115.09,0,0
3401.N,D,20161129,000000,114.52,114.52,114.52,114.52,0,0
3401.N,D,20161130,000000,112.06,112.06,112.06,112.06,0,0
3401.N,D,20161201,000000,110.74,110.74,110.74,110.74,0,0
3401.N,D,20161202,000000,114.61,114.61,114.61,114.61,0,0
3401.N,D,20161205,000000,114.17,114.17,114.17,114.17,0,0
3401.N,D,20161206,000000,114.32,114.32,114.32,114.32,0,0
3401.N,D,20161207,000000,115.99,115.99,115.99,115.99,0,0
3401.N,D,20161208,000000,115.85,115.85,115.85,115.85,0,0
3401.N,D,20161209,000000,111.02,111.02,111.02,111.02,0,0
3401.N,D,20161212,000000,111.2,111.2,111.2,111.2,0,0
3401.N,D,20161213,000000,112.46,112.46,112.46,112.46,0,0
3401.N,D,20161214,000000,108.53,108.53,108.53,108.53,0,0
3401.N,D,20161215,000000,102.17,102.17,102.17,102.17,0,0
3401.N,D,20161216,000000,102.48,102.48,102.48,102.48,0,0
3401.N,D,20161219,000000,103.25,103.25,103.25,103.25,0,0
3401.N,D,20161220,000000,102.95,102.95,102.95,102.95,0,0
3401.N,D,20161221,000000,102.8,102.8,102.8,102.8,0,0
3401.N,D,20161222,000000,103.16,103.16,103.16,103.16,0,0
3401.N,D,20161223,000000,104.71,104.71,104.71,104.71,0,0
3401.N,D,20161227,000000,106.59,106.59,106.59,106.59,0,0
3401.N,D,20161228,000000,110.09,110.09,110.09,110.09,0,0
3401.N,D,20161229,000000,117.03,117.03,117.03,117.03,0,0
3401.N,D,20161230,000000,112.9,112.9,112.9,112.9,0,0
3401.N,D,20170102,000000,112.88,112.88,112.88,112.88,0,0
3401.N,D,20170103,000000,116.74,116.74,116.74,116.74,0,0
3401.N,D,20170104,000000,117.7,117.7,117.7,117.7,0,0
3401.N,D,20170105,000000,124.49,124.49,124.49,124.49,0,0
3401.N,D,20170109,000000,120.33,120.33,120.33,120.33,0,0
3401.N,D,20170110,000000,120.69,120.69,120.69,120.69,0,0
3401.N,D,20170111,000000,120.1,120.1,120.1,120.1,0,0
3401.N,D,20170112,000000,120.48,120.48,120.48,120.48,0,0
3401.N,D,20170113,000000,121.24,121.24,121.24,121.24,0,0
3401.N,D,20170116,000000,122.07,122.07,122.07,122.07,0,0
3401.N,D,20170117,000000,124.22,124.22,124.22,124.22,0,0
3401.N,D,20170118,000000,123.16,123.16,123.16,123.16,0,0
3401.N,D,20170119,000000,122.3,122.3,122.3,122.3,0,0
3401.N,D,20170120,000000,123.8,123.8,123.8,123.8,0,0
3401.N,D,20170123,000000,127.26,127.26,127.26,127.26,0,0
3401.N,D,20170124,000000,126.48,126.48,126.48,126.48,0,0
3401.N,D,20170125,000000,124.43,124.43,124.43,124.43,0,0
3401.N,D,20170126,000000,121.38,121.38,121.38,121.38,0,0
3401.N,D,20170127,000000,123.56,123.56,123.56,123.56,0,0
3401.N,D,20170130,000000,123.09,123.09,123.09,123.09,0,0
3401.N,D,20170131,000000,127.58,127.58,127.58,127.58,0,0
3401.N,D,20170201,000000,127.86,127.86,127.86,127.86,0,0
3401.N,D,20170202,000000,130.53,130.53,130.53,130.53,0,0
3401.N,D,20170203,000000,130.85,130.85,130.85,130.85,0,0
3401.N,D,20170206,000000,135.88,135.88,135.88,135.88,0,0
3401.N,D,20170207,000000,135.78,135.78,135.78,135.78,0,0
3401.N,D,20170208,000000,137.74,137.74,137.74,137.74,0,0
3401.N,D,20170209,000000,134.44,134.44,134.44,134.44,0,0
3401.N,D,20170210,000000,136.19,136.19,136.19,136.19,0,0
3401.N,D,20170213,000000,134.95,134.95,134.95,134.95,0,0
3401.N,D,20170214,000000,134.93,134.93,134.93,134.93,0,0
3401.N,D,20170215,000000,135,135,135,135,0,0
3401.N,D,20170216,000000,135.96,135.96,135.96,135.96,0,0
3401.N,D,20170217,000000,133.73,133.73,133.73,133.73,0,0
3401.N,D,20170220,000000,133.78,133.78,133.78,133.78,0,0
3401.N,D,20170221,000000,132.98,132.98,132.98,132.98,0,0
3401.N,D,20170222,000000,131.09,131.09,131.09,131.09,0,0
3401.N,D,20170223,000000,131.98,131.98,131.98,131.98,0,0
3401.N,D,20170224,000000,130.12,130.12,130.12,130.12,0,0
3401.N,D,20170227,000000,122.32,122.32,122.32,122.32,0,0
3401.N,D,20170228,000000,123.5,123.5,123.5,123.5,0,0
3401.N,D,20170301,000000,123.75,123.75,123.75,123.75,0,0
3401.N,D,20170302,000000,117.14,117.14,117.14,117.14,0,0
3401.N,D,20170303,000000,119.17,119.17,119.17,119.17,0,0
3401.N,D,20170306,000000,115.16,115.16,115.16,115.16,0,0
3401.N,D,20170307,000000,115.12,115.12,115.12,115.12,0,0
3401.N,D,20170308,000000,114.42,114.42,114.42,114.42,0,0
3401.N,D,20170309,000000,112.98,112.98,112.98,112.98,0,0
3401.N,D,20170310,000000,116.26,116.26,116.26,116.26,0,0
3401.N,D,20170313,000000,118.35,118.35,118.35,118.35,0,0
3401.N,D,20170314,000000,114.82,114.82,114.82,114.82,0,0
3401.N,D,20170315,000000,122.1,122.1,122.1,122.1,0,0
3401.N,D,20170316,000000,121.89,121.89,121.89,121.89,0,0
3401.N,D,20170317,000000,118.33,118.33,118.33,118.33,0,0
3401.N,D,20170320,000000,119.75,119.75,119.75,119.75,0,0
3401.N,D,20170321,000000,120.86,120.86,120.86,120.86,0,0
3401.N,D,20170322,000000,121.58,121.58,121.58,121.58,0,0
3401.N,D,20170323,000000,119.65,119.65,119.65,119.65,0,0
3401.N,D,20170324,000000,119.76,119.76,119.76,119.76,0,0
3401.N,D,20170327,000000,121.43,121.43,121.43,121.43,0,0
3401.N,D,20170328,000000,117.92,117.92,117.92,117.92,0,0
3401.N,D,20170329,000000,119,119,119,119,0,0
3401.N,D,20170330,000000,117.49,117.49,117.49,117.49,0,0
3401.N,D,20170331,000000,118.97,118.97,118.97,118.97,0,0
3401.N,D,20170403,000000,122,122,122,122,0,0
3401.N,D,20170404,000000,123.56,123.56,123.56,123.56,0,0
3401.N,D,20170405,000000,123.97,123.97,123.97,123.97,0,0
3401.N,D,20170406,000000,124.06,124.06,124.06,124.06,0,0
3401.N,D,20170407,000000,123.98,123.98,123.98,123.98,0,0
3401.N,D,20170410,000000,124.46,124.46,124.46,124.46,0,0
3401.N,D,20170411,000000,128.65,128.65,128.65,128.65,0,0
3401.N,D,20170412,000000,129.49,129.49,129.49,129.49,0,0
3401.N,D,20170413,000000,129.89,129.89,129.89,129.89,0,0
3401.N,D,20170418,000000,128.05,128.05,128.05,128.05,0,0
3401.N,D,20170419,000000,123.45,123.45,123.45,123.45,0,0
3401.N,D,20170420,000000,123.35,123.35,123.35,123.35,0,0
3401.N,D,20170421,000000,123.92,123.92,123.92,123.92,0,0
3401.N,D,20170424,000000,119.34,119.34,119.34,119.34,0,0
3401.N,D,20170425,000000,113.33,113.33,113.33,113.33,0,0
3401.N,D,20170426,000000,114.47,114.47,114.47,114.47,0,0
3401.N,D,20170427,000000,111.86,111.86,111.86,111.86,0,0
3401.N,D,20170428,000000,114.71,114.71,114.71,114.71,0,0
3401.N,D,20170502,000000,112.28,112.28,112.28,112.28,0,0
3401.N,D,20170504,000000,107.96,107.96,107.96,107.96,0,0
3401.N,D,20170505,000000,109.82,109.82,109.82,109.82,0,0
3401.N,D,20170508,000000,110.14,110.14,110.14,110.14,0,0
3401.N,D,20170509,000000,110.32,110.32,110.32,110.32,0,0
3401.N,D,20170510,000000,111.73,111.73,111.73,111.73,0,0
3401.N,D,20170511,000000,114.78,114.78,114.78,114.78,0,0
3401.N,D,20170512,000000,116.89,116.89,116.89,116.89,0,0
3401.N,D,20170515,000000,116.89,116.89,116.89,116.89,0,0
3401.N,D,20170516,000000,116.13,116.13,116.13,116.13,0,0
3401.N,D,20170517,000000,117.63,117.63,117.63,117.63,0,0
3401.N,D,20170518,000000,115.29,115.29,115.29,115.29,0,0
3401.N,D,20170519,000000,115.25,115.25,115.25,115.25,0,0
3401.N,D,20170522,000000,116.21,116.21,116.21,116.21,0,0
3401.N,D,20170523,000000,113.44,113.44,113.44,113.44,0,0
3401.N,D,20170524,000000,113.5,113.5,113.5,113.5,0,0
3401.N,D,20170525,000000,112.68,112.68,112.68,112.68,0,0
3401.N,D,20170526,000000,113.77,113.77,113.77,113.77,0,0
3401.N,D,20170529,000000,113.87,113.87,113.87,113.87,0,0
3401.N,D,20170530,000000,112.83,112.83,112.83,112.83,0,0
3401.N,D,20170531,000000,113.34,113.34,113.34,113.34,0,0
3401.N,D,20170601,000000,111.97,111.97,111.97,111.97,0,0
3401.N,D,20170602,000000,112.54,112.54,112.54,112.54,0,0
3401.N,D,20170605,000000,112.02,112.02,112.02,112.02,0,0
3401.N,D,20170606,000000,118.22,118.22,118.22,118.22,0,0
3401.N,D,20170607,000000,117.96,117.96,117.96,117.96,0,0
3401.N,D,20170608,000000,116.24,116.24,116.24,116.24,0,0
3401.N,D,20170609,000000,114.26,114.26,114.26,114.26,0,0
3401.N,D,20170612,000000,113.59,113.59,113.59,113.59,0,0
3401.N,D,20170613,000000,115.01,115.01,115.01,115.01,0,0
3401.N,D,20170614,000000,111.58,111.58,111.58,111.58,0,0
3401.N,D,20170616,000000,110.7,110.7,110.7,110.7,0,0
3401.N,D,20170619,000000,110.14,110.14,110.14,110.14,0,0
3401.N,D,20170620,000000,110.6,110.6,110.6,110.6,0,0
3401.N,D,20170621,000000,112.43,112.43,112.43,112.43,0,0
3401.N,D,20170622,000000,113.25,113.25,113.25,113.25,0,0
3401.N,D,20170623,000000,115.84,115.84,115.84,115.84,0,0
3401.N,D,20170626,000000,114.38,114.38,114.38,114.38,0,0
3401.N,D,20170627,000000,112.44,112.44,112.44,112.44,0,0
3401.N,D,20170628,000000,112.58,112.58,112.58,112.58,0,0
3401.N,D,20170629,000000,110.3,110.3,110.3,110.3,0,0
3401.N,D,20170630,000000,110.61,110.61,110.61,110.61,0,0
3401.N,D,20170703,000000,108.86,108.86,108.86,108.86,0,0
3401.N,D,20170704,000000,108.29,108.29,108.29,108.29,0,0
3401.N,D,20170705,000000,109.94,109.94,109.94,109.94,0,0
3401.N,D,20170706,000000,108.38,108.38,108.38,108.38,0,0
3401.N,D,20170707,000000,105.15,105.15,105.15,105.15,0,0
3401.N,D,20170710,000000,108.3,108.3,108.3,108.3,0,0
3401.N,D,20170711,000000,109.48,109.48,109.48,109.48,0,0
3401.N,D,20170712,000000,108.36,108.36,108.36,108.36,0,0
3401.N,D,20170713,000000,107.69,107.69,107.69,107.69,0,0
3401.N,D,20170714,000000,108.82,108.82,108.82,108.82,0,0
3401.N,D,20170717,000000,109.61,109.61,109.61,109.61,0,0
3401.N,D,20170718,000000,108.91,108.91,108.91,108.91,0,0
3401.N,D,20170719,000000,109.02,109.02,109.02,109.02,0,0
3401.N,D,20170720,000000,109.94,109.94,109.94,109.94,0,0
3401.N,D,20170721,000000,109.16,109.16,109.16,109.16,0,0
3401.N,D,20170724,000000,107.29,107.29,107.29,107.29,0,0
3401.N,D,20170725,000000,107.72,107.72,107.72,107.72,0,0
3401.N,D,20170726,000000,110.7,110.7,110.7,110.7,0,0
3401.N,D,20170727,000000,111.03,111.03,111.03,111.03,0,0
3401.N,D,20170728,000000,112.68,112.68,112.68,112.68,0,0
3401.N,D,20170731,000000,111.93,111.93,111.93,111.93,0,0
3401.N,D,20170801,000000,111.33,111.33,111.33,111.33,0,0
3401.N,D,20170802,000000,110.2,110.2,110.2,110.2,0,0
3401.N,D,20170803,000000,109.62,109.62,109.62,109.62,0,0
3401.N,D,20170804,000000,107.63,107.63,107.63,107.63,0,0
3401.N,D,20170807,000000,107.38,107.38,107.38,107.38,0,0
3401.N,D,20170808,000000,107.82,107.82,107.82,107.82,0,0
3401.N,D,20170809,000000,110.02,110.02,110.02,110.02,0,0
3401.N,D,20170810,000000,112.3,112.3,112.3,112.3,0,0
3401.N,D,20170811,000000,111.75,111.75,111.75,111.75,0,0
3401.N,D,20170814,000000,111.02,111.02,111.02,111.02,0,0
3401.N,D,20170816,000000,112.09,112.09,112.09,112.09,0,0
3401.N,D,20170817,000000,112.53,112.53,112.53,112.53,0,0
3401.N,D,20170818,000000,112,112,112,112,0,0
3401.N,D,20170821,000000,113.25,113.25,113.25,113.25,0,0
3401.N,D,20170822,000000,112.27,112.27,112.27,112.27,0,0
3401.N,D,20170823,000000,112.65,112.65,112.65,112.65,0,0
3401.N,D,20170824,000000,113.25,113.25,113.25,113.25,0,0
3401.N,D,20170825,000000,113.38,113.38,113.38,113.38,0,0
3401.N,D,20170828,000000,116.9,116.9,116.9,116.9,0,0
3401.N,D,20170829,000000,117.8,117.8,117.8,117.8,0,0
3401.N,D,20170830,000000,117.01,117.01,117.01,117.01,0,0
3401.N,D,20170831,000000,118.94,118.94,118.94,118.94,0,0
3401.N,D,20170901,000000,119.33,119.33,119.33,119.33,0,0
3401.N,D,20170904,000000,119.76,119.76,119.76,119.76,0,0
3401.N,D,20170905,000000,121.59,121.59,121.59,121.59,0,0
3401.N,D,20170906,000000,118.62,118.62,118.62,118.62,0,0
3401.N,D,20170907,000000,120.62,120.62,120.62,120.62,0,0
3401.N,D,20170908,000000,119.14,119.14,119.14,119.14,0,0
3401.N,D,20170911,000000,115.8,115.8,115.8,115.8,0,0
3401.N,D,20170912,000000,117.73,117.73,117.73,117.73,0,0
3401.N,D,20170913,000000,115.18,115.18,115.18,115.18,0,0
3401.N,D,20170914,000000,116.33,116.33,116.33,116.33,0,0
3401.N,D,20170915,000000,115,115,115,115,0,0
3401.N,D,20170918,000000,113.16,113.16,113.16,113.16,0,0
3401.N,D,20170919,000000,112.9,112.9,112.9,112.9,0,0
3401.N,D,20170920,000000,111.47,111.47,111.47,111.47,0,0
3401.N,D,20170921,000000,110.95,110.95,110.95,110.95,0,0
3401.N,D,20170922,000000,111.8,111.8,111.8,111.8,0,0
3401.N,D,20170925,000000,113.71,113.71,113.71,113.71,0,0
3401.N,D,20170926,000000,111.62,111.62,111.62,111.62,0,0
3401.N,D,20170927,000000,110.93,110.93,110.93,110.93,0,0
3401.N,D,20170928,000000,111.58,111.58,111.58,111.58,0,0
3401.N,D,20170929,000000,110.7,110.7,110.7,110.7,0,0
3401.N,D,20171002,000000,111.38,111.38,111.38,111.38,0,0
3401.N,D,20171003,000000,112.63,112.63,112.63,112.63,0,0
3401.N,D,20171004,000000,113.68,113.68,113.68,113.68,0,0
3401.N,D,20171005,000000,113.18,113.18,113.18,113.18,0,0
3401.N,D,20171006,000000,114.78,114.78,114.78,114.78,0,0
3401.N,D,20171009,000000,115.85,115.85,115.85,115.85,0,0
3401.N,D,20171010,000000,115.1,115.1,115.1,115.1,0,0
3401.N,D,20171011,000000,114.8,114.8,114.8,114.8,0,0
3401.N,D,20171012,000000,113.78,113.78,113.78,113.78,0,0
3401.N,D,20171013,000000,113.94,113.94,113.94,113.94,0,0
3401.N,D,20171016,000000,111.92,111.92,111.92,111.92,0,0
3401.N,D,20171017,000000,111.53,111.53,111.53,111.53,0,0
3401.N,D,20171018,000000,110.56,110.56,110.56,110.56,0,0
3401.N,D,20171019,000000,111.35,111.35,111.35,111.35,0,0
3401.N,D,20171020,000000,110.95,110.95,110.95,110.95,0,0
3401.N,D,20171023,000000,111.22,111.22,111.22,111.22,0,0
3401.N,D,20171024,000000,109.49,109.49,109.49,109.49,0,0
3401.N,D,20171025,000000,109.39,109.39,109.39,109.39,0,0
3401.N,D,20171026,000000,107.1,107.1,107.1,107.1,0,0
3401.N,D,20171027,000000,108.85,108.85,108.85,108.85,0,0
3401.N,D,20171030,000000,109.79,109.79,109.79,109.79,0,0
3401.N,D,20171031,000000,108.86,108.86,108.86,108.86,0,0
3401.N,D,20171102,000000,110.02,110.02,110.02,110.02,0,0
3401.N,D,20171103,000000,108.88,108.88,108.88,108.88,0,0
3401.N,D,20171106,000000,111.77,111.77,111.77,111.77,0,0
3401.N,D,20171107,000000,112.31,112.31,112.31,112.31,0,0
3401.N,D,20171108,000000,113.05,113.05,113.05,113.05,0,0
3401.N,D,20171109,000000,112.18,112.18,112.18,112.18,0,0
3401.N,D,20171110,000000,109.9,109.9,109.9,109.9,0,0
3401.N,D,20171113,000000,110.42,110.42,110.42,110.42,0,0
3401.N,D,20171114,000000,109.13,109.13,109.13,109.13,0,0
3401.N,D,20171115,000000,109.2,109.2,109.2,109.2,0,0
3401.N,D,20171116,000000,109.34,109.34,109.34,109.34,0,0
3401.N,D,20171117,000000,110.95,110.95,110.95,110.95,0,0
3401.N,D,20171120,000000,109.54,109.54,109.54,109.54,0,0
3401.N,D,20171121,000000,109.98,109.98,109.98,109.98,0,0
3401.N,D,20171122,000000,111.03,111.03,111.03,111.03,0,0
3401.N,D,20171123,000000,111.21,111.21,111.21,111.21,0,0
3401.N,D,20171124,000000,110.34,110.34,110.34,110.34,0,0
3401.N,D,20171127,000000,111.86,111.86,111.86,111.86,0,0
3401.N,D,20171128,000000,111.5,111.5,111.5,111.5,0,0
3401.N,D,20171129,000000,109.45,109.45,109.45,109.45,0,0
3401.N,D,20171130,000000,109.81,109.81,109.81,109.81,0,0
3401.N,D,20171201,000000,108.8,108.8,108.8,108.8,0,0
3401.N,D,20171204,000000,108.19,108.19,108.19,108.19,0,0
3401.N,D,20171205,000000,106.68,106.68,106.68,106.68,0,0
3401.N,D,20171206,000000,106,106,106,106,0,0
3401.N,D,20171207,000000,105.22,105.22,105.22,105.22,0,0
3401.N,D,20171208,000000,106.38,106.38,106.38,106.38,0,0
3401.N,D,20171211,000000,106.06,106.06,106.06,106.06,0,0
3401.N,D,20171212,000000,106.01,106.01,106.01,106.01,0,0
3401.N,D,20171213,000000,109.96,109.96,109.96,109.96,0,0
3401.N,D,20171214,000000,108.34,108.34,108.34,108.34,0,0
3401.N,D,20171215,000000,109.18,109.18,109.18,109.18,0,0
3401.N,D,20171218,000000,109.81,109.81,109.81,109.81,0,0
3401.N,D,20171219,000000,110.33,110.33,110.33,110.33,0,0
3401.N,D,20171220,000000,111.6,111.6,111.6,111.6,0,0
3401.N,D,20171221,000000,111.53,111.53,111.53,111.53,0,0
3401.N,D,20171222,000000,113.65,113.65,113.65,113.65,0,0
3401.N,D,20171227,000000,114.64,114.64,114.64,114.64,0,0
3401.N,D,20171228,000000,114.22,114.22,114.22,114.22,0,0
3401.N,D,20171229,000000,114.29,114.29,114.29,114.29,0,0
3401.N,D,20180103,000000,115.11,115.11,115.11,115.11,0,0
3401.N,D,20180104,000000,115.36,115.36,115.36,115.36,0,0
3401.N,D,20180105,000000,114.16,114.16,114.16,114.16,0,0
3401.N,D,20180108,000000,113.82,113.82,113.82,113.82,0,0
3401.N,D,20180109,000000,112.78,112.78,112.78,112.78,0,0
3401.N,D,20180110,000000,114.12,114.12,114.12,114.12,0,0
3401.N,D,20180111,000000,113.73,113.73,113.73,113.73,0,0
3401.N,D,20180112,000000,114.89,114.89,114.89,114.89,0,0
3401.N,D,20180115,000000,116.32,116.32,116.32,116.32,0,0
3401.N,D,20180116,000000,116.22,116.22,116.22,116.22,0,0
3401.N,D,20180117,000000,114.26,114.26,114.26,114.26,0,0
3401.N,D,20180118,000000,112.25,112.25,112.25,112.25,0,0
3401.N,D,20180119,000000,112.91,112.91,112.91,112.91,0,0
3401.N,D,20180122,000000,112.23,112.23,112.23,112.23,0,0
3401.N,D,20180123,000000,114.59,114.59,114.59,114.59,0,0
3401.N,D,20180124,000000,116.48,116.48,116.48,116.48,0,0
3401.N,D,20180125,000000,113.51,113.51,113.51,113.51,0,0
3401.N,D,20180126,000000,113.15,113.15,113.15,113.15,0,0
3401.N,D,20180129,000000,109.02,109.02,109.02,109.02,0,0
3401.N,D,20180130,000000,107.75,107.75,107.75,107.75,0,0
3401.N,D,20180131,000000,108.8,108.8,108.8,108.8,0,0
3401.N,D,20180201,000000,108.55,108.55,108.55,108.55,0,0
3401.N,D,20180202,000000,105.4,105.4,105.4,105.4,0,0
3401.N,D,20180205,000000,105.17,105.17,105.17,105.17,0,0
3401.N,D,20180206,000000,102.36,102.36,102.36,102.36,0,0
3401.N,D,20180207,000000,101.66,101.66,101.66,101.66,0,0
3401.N,D,20180208,000000,102.24,102.24,102.24,102.24,0,0
3401.N,D,20180209,000000,99.98,99.98,99.98,99.98,0,0
3401.N,D,20180212,000000,103.89,103.89,103.89,103.89,0,0
3401.N,D,20180213,000000,103.43,103.43,103.43,103.43,0,0
3401.N,D,20180214,000000,107.67,107.67,107.67,107.67,0,0
3401.N,D,20180215,000000,106.68,106.68,106.68,106.68,0,0
3401.N,D,20180216,000000,104.66,104.66,104.66,104.66,0,0
3401.N,D,20180219,000000,105.02,105.02,105.02,105.02,0,0
3401.N,D,20180220,000000,102.61,102.61,102.61,102.61,0,0
3401.N,D,20180221,000000,103.08,103.08,103.08,103.08,0,0
3401.N,D,20180222,000000,103.29,103.29,103.29,103.29,0,0
3401.N,D,20180223,000000,103.02,103.02,103.02,103.02,0,0
3401.N,D,20180226,000000,104.29,104.29,104.29,104.29,0,0
3401.N,D,20180227,000000,101.52,101.52,101.52,101.52,0,0
3401.N,D,20180228,000000,101.69,101.69,101.69,101.69,0,0
3401.N,D,20180301,000000,102.24,102.24,102.24,102.24,0,0
3401.N,D,20180302,000000,102.78,102.78,102.78,102.78,0,0
3401.N,D,20180305,000000,103.2,103.2,103.2,103.2,0,0
3401.N,D,20180306,000000,104.08,104.08,104.08,104.08,0,0
3401.N,D,20180307,000000,101.42,101.42,101.42,101.42,0,0
3401.N,D,20180308,000000,101.7,101.7,101.7,101.7,0,0
3401.N,D,20180309,000000,102.46,102.46,102.46,102.46,0,0
3401.N,D,20180312,000000,103.09,103.09,103.09,103.09,0,0
3401.N,D,20180313,000000,104.03,104.03,104.03,104.03,0,0
3401.N,D,20180314,000000,103.2,103.2,103.2,103.2,0,0
3401.N,D,20180315,000000,102.07,102.07,102.07,102.07,0,0
3401.N,D,20180316,000000,101.66,101.66,101.66,101.66,0,0
3401.N,D,20180319,000000,102.39,102.39,102.39,102.39,0,0
3401.N,D,20180320,000000,101.25,101.25,101.25,101.25,0,0
3401.N,D,20180321,000000,104.25,104.25,104.25,104.25,0,0
3401.N,D,20180322,000000,103.53,103.53,103.53,103.53,0,0
3401.N,D,20180323,000000,106.05,106.05,106.05,106.05,0,0
3401.N,D,20180326,000000,107.3,107.3,107.3,107.3,0,0
3401.N,D,20180327,000000,105.85,105.85,105.85,105.85,0,0
3401.N,D,20180328,000000,103.59,103.59,103.59,103.59,0,0
3401.N,D,20180329,000000,105,105,105,105,0,0
3401.N,D,20180403,000000,104.95,104.95,104.95,104.95,0,0
3401.N,D,20180404,000000,104.54,104.54,104.54,104.54,0,0
3401.N,D,20180405,000000,105.35,105.35,105.35,105.35,0,0
3401.N,D,20180406,000000,106.34,106.34,106.34,106.34,0,0
3401.N,D,20180409,000000,105.66,105.66,105.66,105.66,0,0
3401.N,D,20180410,000000,106.4,106.4,106.4,106.4,0,0
3401.N,D,20180411,000000,108.92,108.92,108.92,108.92,0,0
3401.N,D,20180412,000000,107.93,107.93,107.93,107.93,0,0
3401.N,D,20180413,000000,109.8,109.8,109.8,109.8,0,0
3401.N,D,20180416,000000,108.61,108.61,108.61,108.61,0,0
3401.N,D,20180417,000000,108.62,108.62,108.62,108.62,0,0
3401.N,D,20180418,000000,111.08,111.08,111.08,111.08,0,0
3401.N,D,20180419,000000,110.8,110.8,110.8,110.8,0,0
3401.N,D,20180420,000000,110.55,110.55,110.55,110.55,0,0
3401.N,D,20180423,000000,108.74,108.74,108.74,108.74,0,0
3401.N,D,20180424,000000,109.91,109.91,109.91,109.91,0,0
3401.N,D,20180425,000000,108.91,108.91,108.91,108.91,0,0
3401.N,D,20180426,000000,110.39,110.39,110.39,110.39,0,0
3401.N,D,20180427,000000,108.67,108.67,108.67,108.67,0,0
3401.N,D,20180430,000000,106.4,106.4,106.4,106.4,0,0
3401.N,D,20180502,000000,109.77,109.77,109.77,109.77,0,0
3401.N,D,20180504,000000,111.42,111.42,111.42,111.42,0,0
3401.N,D,20180507,000000,110.22,110.22,110.22,110.22,0,0
3401.N,D,20180508,000000,110.42,110.42,110.42,110.42,0,0
3401.N,D,20180509,000000,110.12,110.12,110.12,110.12,0,0
3401.N,D,20180510,000000,110.94,110.94,110.94,110.94,0,0
3401.N,D,20180511,000000,111.06,111.06,111.06,111.06,0,0
3401.N,D,20180514,000000,110.29,110.29,110.29,110.29,0,0
3401.N,D,20180515,000000,108.26,108.26,108.26,108.26,0,0
3401.N,D,20180516,000000,108.47,108.47,108.47,108.47,0,0
3401.N,D,20180517,000000,108.88,108.88,108.88,108.88,0,0
3401.N,D,20180518,000000,109.3,109.3,109.3,109.3,0,0
3401.N,D,20180521,000000,109.46,109.46,109.46,109.46,0,0
3401.N,D,20180522,000000,108.32,108.32,108.32,108.32,0,0
3401.N,D,20180523,000000,109.2,109.2,109.2,109.2,0,0
3401.N,D,20180524,000000,110.3,110.3,110.3,110.3,0,0
3401.N,D,20180525,000000,108.67,108.67,108.67,108.67,0,0
3401.N,D,20180528,000000,107.22,107.22,107.22,107.22,0,0
3401.N,D,20180529,000000,109.03,109.03,109.03,109.03,0,0
3401.N,D,20180530,000000,109.85,109.85,109.85,109.85,0,0
3401.N,D,20180601,000000,109.28,109.28,109.28,109.28,0,0
3401.N,D,20180604,000000,108.71,108.71,108.71,108.71,0,0
3401.N,D,20180605,000000,109.47,109.47,109.47,109.47,0,0
3401.N,D,20180606,000000,109.47,109.47,109.47,109.47,0,0
3401.N,D,20180607,000000,108.38,108.38,108.38,108.38,0,0
3401.N,D,20180608,000000,108.88,108.88,108.88,108.88,0,0
3401.N,D,20180611,000000,109.36,109.36,109.36,109.36,0,0
3401.N,D,20180612,000000,109.05,109.05,109.05,109.05,0,0
3401.N,D,20180613,000000,109.19,109.19,109.19,109.19,0,0
3401.N,D,20180614,000000,110.22,110.22,110.22,110.22,0,0
3401.N,D,20180615,000000,110.53,110.53,110.53,110.53,0,0
3401.N,D,20180618,000000,110.59,110.59,110.59,110.59,0,0
3401.N,D,20180619,000000,111.25,111.25,111.25,111.25,0,0
3401.N,D,20180620,000000,110.27,110.27,110.27,110.27,0,0
3401.N,D,20180621,000000,110.6,110.6,110.6,110.6,0,0
3401.N,D,20180622,000000,111.41,111.41,111.41,111.41,0,0
3401.N,D,20180625,000000,110.54,110.54,110.54,110.54,0,0
3401.N,D,20180626,000000,110.02,110.02,110.02,110.02,0,0
3401.N,D,20180627,000000,109.7,109.7,109.7,109.7,0,0
3401.N,D,20180628,000000,110.42,110.42,110.42,110.42,0,0
3401.N,D,20180629,000000,111.39,111.39,111.39,111.39,0,0
3401.N,D,20180702,000000,111.73,111.73,111.73,111.73,0,0
3401.N,D,20180703,000000,113.82,113.82,113.82,113.82,0,0
3401.N,D,20180704,000000,114.64,114.64,114.64,114.64,0,0
3401.N,D,20180705,000000,114.23,114.23,114.23,114.23,0,0
3401.N,D,20180706,000000,113.8,113.8,113.8,113.8,0,0
3401.N,D,20180709,000000,112.9,112.9,112.9,112.9,0,0
3401.N,D,20180710,000000,112.61,112.61,112.61,112.61,0,0
3401.N,D,20180711,000000,110.58,110.58,110.58,110.58,0,0
3401.N,D,20180712,000000,111.05,111.05,111.05,111.05,0,0
3401.N,D,20180713,000000,110.25,110.25,110.25,110.25,0,0
3401.N,D,20180716,000000,109.59,109.59,109.59,109.59,0,0
3401.N,D,20180717,000000,109.74,109.74,109.74,109.74,0,0
3401.N,D,20180718,000000,109.99,109.99,109.99,109.99,0,0
3401.N,D,20180719,000000,109.49,109.49,109.49,109.49,0,0
3401.N,D,20180720,000000,109.28,109.28,109.28,109.28,0,0
3401.N,D,20180723,000000,108.19,108.19,108.19,108.19,0,0
3401.N,D,20180724,000000,109.35,109.35,109.35,109.35,0,0
3401.N,D,20180725,000000,109.38,109.38,109.38,109.38,0,0
3401.N,D,20180726,000000,108.3,108.3,108.3,108.3,0,0
3401.N,D,20180727,000000,108.63,108.63,108.63,108.63,0,0
3401.N,D,20180730,000000,108.41,108.41,108.41,108.41,0,0
3401.N,D,20180731,000000,108.75,108.75,108.75,108.75,0,0
3401.N,D,20180801,000000,108.61,108.61,108.61,108.61,0,0
3401.N,D,20180802,000000,108.6,108.6,108.6,108.6,0,0
3401.N,D,20180803,000000,109.49,109.49,109.49,109.49,0,0
3401.N,D,20180806,000000,108.89,108.89,108.89,108.89,0,0
3401.N,D,20180807,000000,106.62,106.62,106.62,106.62,0,0
3401.N,D,20180808,000000,105.72,105.72,105.72,105.72,0,0
3401.N,D,20180809,000000,105.79,105.79,105.79,105.79,0,0
3401.N,D,20180810,000000,106.04,106.04,106.04,106.04,0,0
3401.N,D,20180813,000000,102.78,102.78,102.78,102.78,0,0
3401.N,D,20180814,000000,101.57,101.57,101.57,101.57,0,0
3401.N,D,20180816,000000,93.42,93.42,93.42,93.42,0,0
3401.N,D,20180817,000000,95.48,95.48,95.48,95.48,0,0
3401.N,D,20180820,000000,96.56,96.56,96.56,96.56,0,0
3401.N,D,20180821,000000,97.1,97.1,97.1,97.1,0,0
3401.N,D,20180822,000000,96.93,96.93,96.93,96.93,0,0
3401.N,D,20180823,000000,94.71,94.71,94.71,94.71,0,0
3401.N,D,20180824,000000,96.94,96.94,96.94,96.94,0,0
3401.N,D,20180827,000000,98.32,98.32,98.32,98.32,0,0
3401.N,D,20180828,000000,96.03,96.03,96.03,96.03,0,0
3401.N,D,20180829,000000,96.31,96.31,96.31,96.31,0,0
3401.N,D,20180830,000000,95.23,95.23,95.23,95.23,0,0
3401.N,D,20180831,000000,95.36,95.36,95.36,95.36,0,0
3401.N,D,20180903,000000,95.42,95.42,95.42,95.42,0,0
3401.N,D,20180904,000000,93.83,93.83,93.83,93.83,0,0
3401.N,D,20180905,000000,92.82,92.82,92.82,92.82,0,0
3401.N,D,20180906,000000,92.94,92.94,92.94,92.94,0,0
3401.N,D,20180907,000000,93.07,93.07,93.07,93.07,0,0
3401.N,D,20180910,000000,91.74,91.74,91.74,91.74,0,0
3401.N,D,20180911,000000,91.11,91.11,91.11,91.11,0,0
3401.N,D,20180912,000000,94.22,94.22,94.22,94.22,0,0
3401.N,D,20180913,000000,93.92,93.92,93.92,93.92,0,0
3401.N,D,20180914,000000,93.11,93.11,93.11,93.11,0,0
3401.N,D,20180917,000000,94.66,94.66,94.66,94.66,0,0
3401.N,D,20180918,000000,94.53,94.53,94.53,94.53,0,0
3401.N,D,20180919,000000,96.76,96.76,96.76,96.76,0,0
3401.N,D,20180920,000000,97.05,97.05,97.05,97.05,0,0
3401.N,D,20180921,000000,96.08,96.08,96.08,96.08,0,0
3401.N,D,20180924,000000,96.29,96.29,96.29,96.29,0,0
3401.N,D,20180925,000000,96.76,96.76,96.76,96.76,0,0
3401.N,D,20180926,000000,94.87,94.87,94.87,94.87,0,0
3401.N,D,20180927,000000,94.22,94.22,94.22,94.22,0,0
3401.N,D,20180928,000000,95.38,95.38,95.38,95.38,0,0
3401.N,D,20181001,000000,95.64,95.64,95.64,95.64,0,0
3401.N,D,20181002,000000,99.13,99.13,99.13,99.13,0,0
3401.N,D,20181003,000000,97.79,97.79,97.79,97.79,0,0
3401.N,D,20181004,000000,97.99,97.99,97.99,97.99,0,0
3401.N,D,20181005,000000,97.23,97.23,97.23,97.23,0,0
3401.N,D,20181008,000000,96.99,96.99,96.99,96.99,0,0
3401.N,D,20181009,000000,96.16,96.16,96.16,96.16,0,0
3401.N,D,20181010,000000,97.46,97.46,97.46,97.46,0,0
3401.N,D,20181011,000000,103.38,103.38,103.38,103.38,0,0
3401.N,D,20181012,000000,102.8,102.8,102.8,102.8,0,0
3401.N,D,20181015,000000,104.49,104.49,104.49,104.49,0,0
3401.N,D,20181016,000000,103.92,103.92,103.92,103.92,0,0
3401.N,D,20181017,000000,103.77,103.77,103.77,103.77,0,0
3401.N,D,20181018,000000,104.36,104.36,104.36,104.36,0,0
3401.N,D,20181019,000000,104.78,104.78,104.78,104.78,0,0
3401.N,D,20181022,000000,103.19,103.19,103.19,103.19,0,0
3401.N,D,20181023,000000,104.26,104.26,104.26,104.26,0,0
3401.N,D,20181024,000000,102.4,102.4,102.4,102.4,0,0
3401.N,D,20181025,000000,98.09,98.09,98.09,98.09,0,0
3401.N,D,20181026,000000,98.06,98.06,98.06,98.06,0,0
3401.N,D,20181029,000000,97.64,97.64,97.64,97.64,0,0
3401.N,D,20181030,000000,98.28,98.28,98.28,98.28,0,0
3401.N,D,20181031,000000,96.81,96.81,96.81,96.81,0,0
3401.N,D,20181102,000000,99.18,99.18,99.18,99.18,0,0
3401.N,D,20181105,000000,99.12,99.12,99.12,99.12,0,0
3401.N,D,20181106,000000,97.57,97.57,97.57,97.57,0,0
3401.N,D,20181107,000000,97.02,97.02,97.02,97.02,0,0
3401.N,D,20181108,000000,97.34,97.34,97.34,97.34,0,0
3401.N,D,20181109,000000,94.82,94.82,94.82,94.82,0,0
3401.N,D,20181113,000000,90.45,90.45,90.45,90.45,0,0
3401.N,D,20181114,000000,92.71,92.71,92.71,92.71,0,0
3401.N,D,20181115,000000,94.27,94.27,94.27,94.27,0,0
3401.N,D,20181116,000000,96.25,96.25,96.25,96.25,0,0
3401.N,D,20181119,000000,96.26,96.26,96.26,96.26,0,0
3401.N,D,20181120,000000,96.48,96.48,96.48,96.48,0,0
3401.N,D,20181121,000000,98.05,98.05,98.05,98.05,0,0
3401.N,D,20181122,000000,98.75,98.75,98.75,98.75,0,0
3401.N,D,20181123,000000,96.24,96.24,96.24,96.24,0,0
3401.N,D,20181126,000000,94.95,94.95,94.95,94.95,0,0
3401.N,D,20181127,000000,92.83,92.83,92.83,92.83,0,0
3401.N,D,20181128,000000,95.08,95.08,95.08,95.08,0,0
3401.N,D,20181129,000000,94.29,94.29,94.29,94.29,0,0
3401.N,D,20181130,000000,93.57,93.57,93.57,93.57,0,0
3401.N,D,20181203,000000,95.73,95.73,95.73,95.73,0,0
3401.N,D,20181204,000000,96.66,96.66,96.66,96.66,0,0
3401.N,D,20181205,000000,96.93,96.93,96.93,96.93,0,0
3401.N,D,20181206,000000,96.36,96.36,96.36,96.36,0,0
3401.N,D,20181207,000000,99.38,99.38,99.38,99.38,0,0
3401.N,D,20181210,000000,99.47,99.47,99.47,99.47,0,0
3401.N,D,20181211,000000,98.47,98.47,98.47,98.47,0,0
3401.N,D,20181212,000000,100.39,100.39,100.39,100.39,0,0
3401.N,D,20181213,000000,101.64,101.64,101.64,101.64,0,0
3401.N,D,20181214,000000,100.89,100.89,100.89,100.89,0,0
3401.N,D,20181217,000000,102.07,102.07,102.07,102.07,0,0
3401.N,D,20181218,000000,105.09,105.09,105.09,105.09,0,0
3401.N,D,20181219,000000,99.65,99.65,99.65,99.65,0,0
3401.N,D,20181220,000000,103.94,103.94,103.94,103.94,0,0
3401.N,D,20181221,000000,102.72,102.72,102.72,102.72,0,0
3401.N,D,20181227,000000,105.88,105.88,105.88,105.88,0,0
3401.N,D,20181228,000000,105.12,105.12,105.12,105.12,0,0
3401.N,D,20190102,000000,106.83,106.83,106.83,106.83,0,0
3401.N,D,20190103,000000,108.56,108.56,108.56,108.56,0,0
3401.N,D,20190104,000000,108,108,108,108,0,0
3401.N,D,20190107,000000,106.22,106.22,106.22,106.22,0,0
3401.N,D,20190108,000000,106.63,106.63,106.63,106.63,0,0
3401.N,D,20190109,000000,108.06,108.06,108.06,108.06,0,0
3401.N,D,20190110,000000,106.88,106.88,106.88,106.88,0,0
3401.N,D,20190111,000000,107.41,107.41,107.41,107.41,0,0
3401.N,D,20190114,000000,105.89,105.89,105.89,105.89,0,0
3401.N,D,20190115,000000,103.67,103.67,103.67,103.67,0,0
3401.N,D,20190116,000000,103.78,103.78,103.78,103.78,0,0
3401.N,D,20190117,000000,104.07,104.07,104.07,104.07,0,0
3401.N,D,20190118,000000,102.11,102.11,102.11,102.11,0,0
3401.N,D,20190121,000000,102.39,102.39,102.39,102.39,0,0
3401.N,D,20190122,000000,102.92,102.92,102.92,102.92,0,0
3401.N,D,20190123,000000,103.53,103.53,103.53,103.53,0,0
3401.N,D,20190124,000000,103.88,103.88,103.88,103.88,0,0
3401.N,D,20190125,000000,107.28,107.28,107.28,107.28,0,0
3401.N,D,20190128,000000,108.96,108.96,108.96,108.96,0,0
3401.N,D,20190129,000000,111.29,111.29,111.29,111.29,0,0
3401.N,D,20190130,000000,111.91,111.91,111.91,111.91,0,0
3401.N,D,20190131,000000,114.83,114.83,114.83,114.83,0,0
3401.N,D,20190201,000000,114.58,114.58,114.58,114.58,0,0
3401.N,D,20190204,000000,114.71,114.71,114.71,114.71,0,0
3401.N,D,20190205,000000,115.52,115.52,115.52,115.52,0,0
3401.N,D,20190206,000000,114.53,114.53,114.53,114.53,0,0
3401.N,D,20190207,000000,114.08,114.08,114.08,114.08,0,0
3401.N,D,20190208,000000,115.59,115.59,115.59,115.59,0,0
3401.N,D,20190211,000000,114.37,114.37,114.37,114.37,0,0
3401.N,D,20190212,000000,113.67,113.67,113.67,113.67,0,0
3401.N,D,20190213,000000,113.55,113.55,113.55,113.55,0,0
3401.N,D,20190214,000000,114.78,114.78,114.78,114.78,0,0
3401.N,D,20190215,000000,115.86,115.86,115.86,115.86,0,0
3401.N,D,20190218,000000,116.2,116.2,116.2,116.2,0,0
3401.N,D,20190219,000000,120.48,120.48,120.48,120.48,0,0
3401.N,D,20190220,000000,120.7,120.7,120.7,120.7,0,0
3401.N,D,20190221,000000,120.03,120.03,120.03,120.03,0,0
3401.N,D,20190222,000000,120.52,120.52,120.52,120.52,0,0
3401.N,D,20190225,000000,120.18,120.18,120.18,120.18,0,0
3401.N,D,20190226,000000,119.53,119.53,119.53,119.53,0,0
3401.N,D,20190227,000000,117.48,117.48,117.48,117.48,0,0
3401.N,D,20190228,000000,117.06,117.06,117.06,117.06,0,0
3401.N,D,20190301,000000,115.18,115.18,115.18,115.18,0,0
3401.N,D,20190304,000000,114.56,114.56,114.56,114.56,0,0
3401.N,D,20190305,000000,114.78,114.78,114.78,114.78,0,0
3401.N,D,20190306,000000,112.72,112.72,112.72,112.72,0,0
3401.N,D,20190307,000000,113.73,113.73,113.73,113.73,0,0
3401.N,D,20190308,000000,117.05,117.05,117.05,117.05,0,0
3401.N,D,20190311,000000,115.91,115.91,115.91,115.91,0,0
3401.N,D,20190312,000000,117.95,117.95,117.95,117.95,0,0
3401.N,D,20190313,000000,118.38,118.38,118.38,118.38,0,0
3401.N,D,20190314,000000,116.23,116.23,116.23,116.23,0,0
3401.N,D,20190315,000000,117.18,117.18,117.18,117.18,0,0
3401.N,D,20190318,000000,115.8,115.8,115.8,115.8,0,0
3401.N,D,20190319,000000,116.52,116.52,116.52,116.52,0,0
3401.N,D,20190320,000000,118.35,118.35,118.35,118.35,0,0
3401.N,D,20190321,000000,119.89,119.89,119.89,119.89,0,0
3401.N,D,20190322,000000,120.6,120.6,120.6,120.6,0,0
3401.N,D,20190325,000000,122.96,122.96,122.96,122.96,0,0
3401.N,D,20190326,000000,123.47,123.47,123.47,123.47,0,0
3401.N,D,20190327,000000,121.62,121.62,121.62,121.62,0,0
3401.N,D,20190328,000000,117.07,117.07,117.07,117.07,0,0
3401.N,D,20190329,000000,116.12,116.12,116.12,116.12,0,0
3401.N,D,20190401,000000,114.21,114.21,114.21,114.21,0,0
3401.N,D,20190402,000000,114.78,114.78,114.78,114.78,0,0
3401.N,D,20190403,000000,115.05,115.05,115.05,115.05,0,0
3401.N,D,20190404,000000,117.42,117.42,117.42,117.42,0,0
3401.N,D,20190405,000000,117.34,117.34,117.34,117.34,0,0
3401.N,D,20190408,000000,118.53,118.53,118.53,118.53,0,0
3401.N,D,20190409,000000,119.27,119.27,119.27,119.27,0,0
3401.N,D,20190410,000000,116.87,116.87,116.87,116.87,0,0
3401.N,D,20190411,000000,115.53,115.53,115.53,115.53,0,0
3401.N,D,20190412,000000,114.67,114.67,114.67,114.67,0,0
3401.N,D,20190415,000000,114.92,114.92,114.92,114.92,0,0
3401.N,D,20190416,000000,112.18,112.18,112.18,112.18,0,0
3401.N,D,20190417,000000,112.23,112.23,112.23,112.23,0,0
3401.N,D,20190418,000000,110.6,110.6,110.6,110.6,0,0
3401.N,D,20190423,000000,108.44,108.44,108.44,108.44,0,0
3401.N,D,20190424,000000,109.51,109.51,109.51,109.51,0,0
3401.N,D,20190425,000000,108.64,108.64,108.64,108.64,0,0
3401.N,D,20190426,000000,111.13,111.13,111.13,111.13,0,0
3401.N,D,20190429,000000,108.2,108.2,108.2,108.2,0,0
3401.N,D,20190430,000000,108.19,108.19,108.19,108.19,0,0
3401.N,D,20190502,000000,105.22,105.22,105.22,105.22,0,0
3401.N,D,20190506,000000,105.64,105.64,105.64,105.64,0,0
3401.N,D,20190507,000000,107.86,107.86,107.86,107.86,0,0
3401.N,D,20190508,000000,106,106,106,106,0,0
3401.N,D,20190509,000000,105.25,105.25,105.25,105.25,0,0
3401.N,D,20190510,000000,104.47,104.47,104.47,104.47,0,0
3401.N,D,20190513,000000,107.61,107.61,107.61,107.61,0,0
3401.N,D,20190514,000000,106.67,106.67,106.67,106.67,0,0
3401.N,D,20190515,000000,105.61,105.61,105.61,105.61,0,0
3401.N,D,20190516,000000,104.99,104.99,104.99,104.99,0,0
3401.N,D,20190517,000000,105.07,105.07,105.07,105.07,0,0
3401.N,D,20190520,000000,105.36,105.36,105.36,105.36,0,0
3401.N,D,20190521,000000,104.89,104.89,104.89,104.89,0,0
3401.N,D,20190522,000000,103.4,103.4,103.4,103.4,0,0
3401.N,D,20190523,000000,103.83,103.83,103.83,103.83,0,0
3401.N,D,20190524,000000,103.84,103.84,103.84,103.84,0,0
3401.N,D,20190527,000000,103.64,103.64,103.64,103.64,0,0
3401.N,D,20190528,000000,104.28,104.28,104.28,104.28,0,0
3401.N,D,20190529,000000,104.17,104.17,104.17,104.17,0,0
3401.N,D,20190530,000000,106.11,106.11,106.11,106.11,0,0
3401.N,D,20190531,000000,110.8,110.8,110.8,110.8,0,0
3401.N,D,20190603,000000,115.3,115.3,115.3,115.3,0,0
3401.N,D,20190604,000000,116.14,116.14,116.14,116.14,0,0
3401.N,D,20190605,000000,116.14,116.14,116.14,116.14,0,0
3401.N,D,20190606,000000,116.72,116.72,116.72,116.72,0,0
3401.N,D,20190607,000000,116.3,116.3,116.3,116.3,0,0
3401.N,D,20190610,000000,114.69,114.69,114.69,114.69,0,0
3401.N,D,20190611,000000,115.28,115.28,115.28,115.28,0,0
3401.N,D,20190612,000000,117.36,117.36,117.36,117.36,0,0
3401.N,D,20190613,000000,118.83,118.83,118.83,118.83,0,0
3401.N,D,20190614,000000,118.79,118.79,118.79,118.79,0,0
3401.N,D,20190617,000000,119.59,119.59,119.59,119.59,0,0
3401.N,D,20190618,000000,120.57,120.57,120.57,120.57,0,0
3401.N,D,20190619,000000,121.37,121.37,121.37,121.37,0,0
3401.N,D,20190621,000000,127.9,127.9,127.9,127.9,0,0
3401.N,D,20190624,000000,131.45,131.45,131.45,131.45,0,0
3401.N,D,20190625,000000,129.51,129.51,129.51,129.51,0,0
3401.N,D,20190626,000000,129.93,129.93,129.93,129.93,0,0
3401.N,D,20190627,000000,128.7,128.7,128.7,128.7,0,0
3401.N,D,20190628,000000,129.52,129.52,129.52,129.52,0,0
3401.N,D,20190701,000000,127.1,127.1,127.1,127.1,0,0
3401.N,D,20190702,000000,129.16,129.16,129.16,129.16,0,0
3401.N,D,20190703,000000,129.36,129.36,129.36,129.36,0,0
3401.N,D,20190704,000000,129.57,129.57,129.57,129.57,0,0
3401.N,D,20190705,000000,128,128,128,128,0,0
3401.N,D,20190708,000000,127.98,127.98,127.98,127.98,0,0
3401.N,D,20190709,000000,128.94,128.94,128.94,128.94,0,0
3401.N,D,20190710,000000,131.34,131.34,131.34,131.34,0,0
3401.N,D,20190711,000000,129.92,129.92,129.92,129.92,0,0
3401.N,D,20190712,000000,131.07,131.07,131.07,131.07,0,0
3401.N,D,20190715,000000,131.32,131.32,131.32,131.32,0,0
3401.N,D,20190716,000000,131.91,131.91,131.91,131.91,0,0
3401.N,D,20190717,000000,137.38,137.38,137.38,137.38,0,0
3401.N,D,20190718,000000,142.41,142.41,142.41,142.41,0,0
3401.N,D,20190719,000000,142.72,142.72,142.72,142.72,0,0
3401.N,D,20190722,000000,143.94,143.94,143.94,143.94,0,0
3401.N,D,20190723,000000,141.83,141.83,141.83,141.83,0,0
3401.N,D,20190724,000000,143.73,143.73,143.73,143.73,0,0
3401.N,D,20190725,000000,141.45,141.45,141.45,141.45,0,0
3401.N,D,20190726,000000,140.75,140.75,140.75,140.75,0,0
3401.N,D,20190729,000000,143.01,143.01,143.01,143.01,0,0
3401.N,D,20190730,000000,143.88,143.88,143.88,143.88,0,0
3401.N,D,20190731,000000,137.89,137.89,137.89,137.89,0,0
3401.N,D,20190801,000000,144.39,144.39,144.39,144.39,0,0
3401.N,D,20190802,000000,143.92,143.92,143.92,143.92,0,0
3401.N,D,20190805,000000,146.51,146.51,146.51,146.51,0,0
3401.N,D,20190806,000000,149.68,149.68,149.68,149.68,0,0
3401.N,D,20190807,000000,152.81,152.81,152.81,152.81,0,0
3401.N,D,20190808,000000,152.86,152.86,152.86,152.86,0,0
3401.N,D,20190809,000000,151.6,151.6,151.6,151.6,0,0
3401.N,D,20190812,000000,150.85,150.85,150.85,150.85,0,0
3401.N,D,20190813,000000,146.96,146.96,146.96,146.96,0,0
3401.N,D,20190814,000000,147.8,147.8,147.8,147.8,0,0
3401.N,D,20190816,000000,146.47,146.47,146.47,146.47,0,0
3401.N,D,20190819,000000,144.86,144.86,144.86,144.86,0,0
3401.N,D,20190820,000000,148.59,148.59,148.59,148.59,0,0
3401.N,D,20190821,000000,148.02,148.02,148.02,148.02,0,0
3401.N,D,20190822,000000,147.35,147.35,147.35,147.35,0,0
3401.N,D,20190823,000000,153.32,153.32,153.32,153.32,0,0
3401.N,D,20190826,000000,153,153,153,153,0,0
3401.N,D,20190827,000000,159.34,159.34,159.34,159.34,0,0
3401.N,D,20190828,000000,159,159,159,159,0,0
3401.N,D,20190829,000000,154.44,154.44,154.44,154.44,0,0
3401.N,D,20190830,000000,155.47,155.47,155.47,155.47,0,0
3401.N,D,20190902,000000,155.19,155.19,155.19,155.19,0,0
3401.N,D,20190903,000000,157.55,157.55,157.55,157.55,0,0
3401.N,D,20190904,000000,158.82,158.82,158.82,158.82,0,0
3401.N,D,20190905,000000,151.57,151.57,151.57,151.57,0,0
3401.N,D,20190906,000000,147.31,147.31,147.31,147.31,0,0
3401.N,D,20190909,000000,143.83,143.83,143.83,143.83,0,0
3401.N,D,20190910,000000,142.51,142.51,142.51,142.51,0,0
3401.N,D,20190911,000000,143.82,143.82,143.82,143.82,0,0
3401.N,D,20190912,000000,141.78,141.78,141.78,141.78,0,0
3401.N,D,20190913,000000,138.95,138.95,138.95,138.95,0,0
3401.N,D,20190916,000000,140.23,140.23,140.23,140.23,0,0
3401.N,D,20190917,000000,145.13,145.13,145.13,145.13,0,0
3401.N,D,20190918,000000,142.18,142.18,142.18,142.18,0,0
3401.N,D,20190919,000000,144.65,144.65,144.65,144.65,0,0
3401.N,D,20190920,000000,147.99,147.99,147.99,147.99,0,0
3401.N,D,20190923,000000,151.32,151.32,151.32,151.32,0,0
3401.N,D,20190924,000000,153.95,153.95,153.95,153.95,0,0
3401.N,D,20190925,000000,149.17,149.17,149.17,149.17,0,0
3401.N,D,20190926,000000,147.79,147.79,147.79,147.79,0,0
3401.N,D,20190927,000000,143.78,143.78,143.78,143.78,0,0
3401.N,D,20190930,000000,139.79,139.79,139.79,139.79,0,0
3401.N,D,20191001,000000,140.81,140.81,140.81,140.81,0,0
3401.N,D,20191002,000000,144.3,144.3,144.3,144.3,0,0
3401.N,D,20191003,000000,143.32,143.32,143.32,143.32,0,0
3401.N,D,20191004,000000,146.05,146.05,146.05,146.05,0,0
3401.N,D,20191007,000000,145.02,145.02,145.02,145.02,0,0
3401.N,D,20191008,000000,148.98,148.98,148.98,148.98,0,0
3401.N,D,20191009,000000,147.28,147.28,147.28,147.28,0,0
3401.N,D,20191010,000000,146.57,146.57,146.57,146.57,0,0
3401.N,D,20191011,000000,140.38,140.38,140.38,140.38,0,0
3401.N,D,20191014,000000,141.29,141.29,141.29,141.29,0,0
3401.N,D,20191015,000000,136.89,136.89,136.89,136.89,0,0
3401.N,D,20191016,000000,139.33,139.33,139.33,139.33,0,0
3401.N,D,20191017,000000,141.89,141.89,141.89,141.89,0,0
3401.N,D,20191018,000000,142.47,142.47,142.47,142.47,0,0
3401.N,D,20191021,000000,138.97,138.97,138.97,138.97,0,0
3401.N,D,20191022,000000,138.76,138.76,138.76,138.76,0,0
3401.N,D,20191023,000000,140.41,140.41,140.41,140.41,0,0
3401.N,D,20191024,000000,144.83,144.83,144.83,144.83,0,0
3401.N,D,20191025,000000,145.8,145.8,145.8,145.8,0,0
3401.N,D,20191028,000000,142.74,142.74,142.74,142.74,0,0
3401.N,D,20191029,000000,143.89,143.89,143.89,143.89,0,0
3401.N,D,20191030,000000,146.61,146.61,146.61,146.61,0,0
3401.N,D,20191031,000000,149.85,149.85,149.85,149.85,0,0
3401.N,D,20191104,000000,145.49,145.49,145.49,145.49,0,0
3401.N,D,20191105,000000,143.57,143.57,143.57,143.57,0,0
3401.N,D,20191106,000000,145.64,145.64,145.64,145.64,0,0
3401.N,D,20191107,000000,140.95,140.95,140.95,140.95,0,0
3401.N,D,20191108,000000,140.11,140.11,140.11,140.11,0,0
3401.N,D,20191112,000000,142.04,142.04,142.04,142.04,0,0
3401.N,D,20191113,000000,143.9,143.9,143.9,143.9,0,0
3401.N,D,20191114,000000,144.93,144.93,144.93,144.93,0,0
3401.N,D,20191115,000000,143.47,143.47,143.47,143.47,0,0
3401.N,D,20191118,000000,146.05,146.05,146.05,146.05,0,0
3401.N,D,20191119,000000,147.09,147.09,147.09,147.09,0,0
3401.N,D,20191120,000000,147.12,147.12,147.12,147.12,0,0
3401.N,D,20191121,000000,143.68,143.68,143.68,143.68,0,0
3401.N,D,20191122,000000,143.11,143.11,143.11,143.11,0,0
3401.N,D,20191125,000000,141.02,141.02,141.02,141.02,0,0
3401.N,D,20191126,000000,144.31,144.31,144.31,144.31,0,0
3401.N,D,20191127,000000,143.8,143.8,143.8,143.8,0,0
3401.N,D,20191128,000000,144.73,144.73,144.73,144.73,0,0
3401.N,D,20191129,000000,147.52,147.52,147.52,147.52,0,0
3401.N,D,20191202,000000,148.39,148.39,148.39,148.39,0,0
3401.N,D,20191203,000000,151.95,151.95,151.95,151.95,0,0
3401.N,D,20191204,000000,149.87,149.87,149.87,149.87,0,0
3401.N,D,20191205,000000,150.56,150.56,150.56,150.56,0,0
3401.N,D,20191206,000000,147.13,147.13,147.13,147.13,0,0
3401.N,D,20191209,000000,146.09,146.09,146.09,146.09,0,0
3401.N,D,20191210,000000,147.76,147.76,147.76,147.76,0,0
3401.N,D,20191211,000000,152.05,152.05,152.05,152.05,0,0
3401.N,D,20191212,000000,151.99,151.99,151.99,151.99,0,0
3401.N,D,20191213,000000,153.63,153.63,153.63,153.63,0,0
3401.N,D,20191216,000000,151.84,151.84,151.84,151.84,0,0
3401.N,D,20191217,000000,150.64,150.64,150.64,150.64,0,0
3401.N,D,20191218,000000,151.02,151.02,151.02,151.02,0,0
3401.N,D,20191219,000000,151.45,151.45,151.45,151.45,0,0
3401.N,D,20191220,000000,148.19,148.19,148.19,148.19,0,0
3401.N,D,20191223,000000,153.49,153.49,153.49,153.49,0,0
3401.N,D,20191227,000000,159.87,159.87,159.87,159.87,0,0
3401.N,D,20191230,000000,163.11,163.11,163.11,163.11,0,0
3401.N,D,20200102,000000,162.21,162.21,162.21,162.21,0,0
3401.N,D,20200103,000000,161.29,161.29,161.29,161.29,0,0
3401.N,D,20200107,000000,163.33,163.33,163.33,163.33,0,0
3401.N,D,20200108,000000,156.65,156.65,156.65,156.65,0,0
3401.N,D,20200109,000000,155.42,155.42,155.42,155.42,0,0
3401.N,D,20200110,000000,157.91,157.91,157.91,157.91,0,0
3401.N,D,20200113,000000,154,154,154,154,0,0
3401.N,D,20200114,000000,156.81,156.81,156.81,156.81,0,0
3401.N,D,20200115,000000,159.58,159.58,159.58,159.58,0,0
3401.N,D,20200116,000000,158.95,158.95,158.95,158.95,0,0
3401.N,D,20200117,000000,159.26,159.26,159.26,159.26,0,0
3401.N,D,20200120,000000,159.87,159.87,159.87,159.87,0,0
3401.N,D,20200121,000000,161.38,161.38,161.38,161.38,0,0
3401.N,D,20200122,000000,161.62,161.62,161.62,161.62,0,0
3401.N,D,20200123,000000,159.82,159.82,159.82,159.82,0,0
3401.N,D,20200124,000000,163.25,163.25,163.25,163.25,0,0
3401.N,D,20200127,000000,161.88,161.88,161.88,161.88,0,0
3401.N,D,20200128,000000,157.71,157.71,157.71,157.71,0,0
3401.N,D,20200129,000000,160.23,160.23,160.23,160.23,0,0
3401.N,D,20200130,000000,160.89,160.89,160.89,160.89,0,0
3401.N,D,20200131,000000,162.43,162.43,162.43,162.43,0,0
3401.N,D,20200203,000000,160.06,160.06,160.06,160.06,0,0
3401.N,D,20200204,000000,157.06,157.06,157.06,157.06,0,0
3401.N,D,20200205,000000,156.71,156.71,156.71,156.71,0,0
3401.N,D,20200206,000000,157.42,157.42,157.42,157.42,0,0
3401.N,D,20200207,000000,153.88,153.88,153.88,153.88,0,0
3401.N,D,20200210,000000,156.69,156.69,156.69,156.69,0,0
3401.N,D,20200211,000000,156.5,156.5,156.5,156.5,0,0
3401.N,D,20200212,000000,155.51,155.51,155.51,155.51,0,0
3401.N,D,20200213,000000,157.27,157.27,157.27,157.27,0,0
3401.N,D,20200214,000000,156.92,156.92,156.92,156.92,0,0
3401.N,D,20200217,000000,156.95,156.95,156.95,156.95,0,0
3401.N,D,20200218,000000,163.29,163.29,163.29,163.29,0,0
3401.N,D,20200219,000000,166.36,166.36,166.36,166.36,0,0
3401.N,D,20200220,000000,165.03,165.03,165.03,165.03,0,0
3401.N,D,20200221,000000,170.28,170.28,170.28,170.28,0,0
3401.N,D,20200224,000000,171.51,171.51,171.51,171.51,0,0
3401.N,D,20200225,000000,164.71,164.71,164.71,164.71,0,0
3401.N,D,20200226,000000,163.96,163.96,163.96,163.96,0,0
3401.N,D,20200227,000000,155.89,155.89,155.89,155.89,0,0
3401.N,D,20200228,000000,142.97,142.97,142.97,142.97,0,0
3401.N,D,20200302,000000,147.69,147.69,147.69,147.69,0,0
3401.N,D,20200303,000000,155.25,155.25,155.25,155.25,0,0
3401.N,D,20200304,000000,156.23,156.23,156.23,156.23,0,0
3401.N,D,20200305,000000,160.04,160.04,160.04,160.04,0,0
3401.N,D,20200306,000000,157.8,157.8,157.8,157.8,0,0
3401.N,D,20200309,000000,147.52,147.52,147.52,147.52,0,0
3401.N,D,20200310,000000,147.74,147.74,147.74,147.74,0,0
3401.N,D,20200311,000000,136.29,136.29,136.29,136.29,0,0
3401.N,D,20200312,000000,119.68,119.68,119.68,119.68,0,0
3401.N,D,20200313,000000,110.77,110.77,110.77,110.77,0,0
3401.N,D,20200316,000000,117.11,117.11,117.11,117.11,0,0
3401.N,D,20200317,000000,131.2,131.2,131.2,131.2,0,0
3401.N,D,20200318,000000,113.53,113.53,113.53,113.53,0,0
3401.N,D,20200319,000000,117.83,117.83,117.83,117.83,0,0
3401.N,D,20200320,000000,110.84,110.84,110.84,110.84,0,0
3401.N,D,20200323,000000,116.68,116.68,116.68,116.68,0,0
3401.N,D,20200324,000000,132.92,132.92,132.92,132.92,0,0
3401.N,D,20200325,000000,138.54,138.54,138.54,138.54,0,0
3401.N,D,20200326,000000,135.26,135.26,135.26,135.26,0,0
3401.N,D,20200327,000000,126.61,126.61,126.61,126.61,0,0
3401.N,D,20200330,000000,123.71,123.71,123.71,123.71,0,0
3401.N,D,20200331,000000,120.34,120.34,120.34,120.34,0,0
3401.N,D,20200401,000000,123.67,123.67,123.67,123.67,0,0
3401.N,D,20200402,000000,129.87,129.87,129.87,129.87,0,0
3401.N,D,20200403,000000,128.27,128.27,128.27,128.27,0,0
3401.N,D,20200406,000000,137.39,137.39,137.39,137.39,0,0
3401.N,D,20200407,000000,136.36,136.36,136.36,136.36,0,0
3401.N,D,20200408,000000,137.84,137.84,137.84,137.84,0,0
3401.N,D,20200409,000000,149.32,149.32,149.32,149.32,0,0
3401.N,D,20200414,000000,163.06,163.06,163.06,163.06,0,0
3401.N,D,20200415,000000,160.09,160.09,160.09,160.09,0,0
3401.N,D,20200416,000000,161.33,161.33,161.33,161.33,0,0
3401.N,D,20200417,000000,155.93,155.93,155.93,155.93,0,0
3401.N,D,20200420,000000,160.98,160.98,160.98,160.98,0,0
3401.N,D,20200421,000000,157.85,157.85,157.85,157.85,0,0
3401.N,D,20200422,000000,168.65,168.65,168.65,168.65,0,0
3401.N,D,20200423,000000,174.7,174.7,174.7,174.7,0,0
3401.N,D,20200424,000000,177.67,177.67,177.67,177.67,0,0
3401.N,D,20200427,000000,178.25,178.25,178.25,178.25,0,0
3401.N,D,20200428,000000,179.28,179.28,179.28,179.28,0,0
3401.N,D,20200429,000000,182.54,182.54,182.54,182.54,0,0
3401.N,D,20200430,000000,174.49,174.49,174.49,174.49,0,0
3401.N,D,20200504,000000,182.05,182.05,182.05,182.05,0,0
3401.N,D,20200505,000000,184.25,184.25,184.25,184.25,0,0
3401.N,D,20200506,000000,181.27,181.27,181.27,181.27,0,0
3401.N,D,20200507,000000,187.93,187.93,187.93,187.93,0,0
3401.N,D,20200508,000000,187.81,187.81,187.81,187.81,0,0
3401.N,D,20200511,000000,182.09,182.09,182.09,182.09,0,0
3401.N,D,20200512,000000,182.89,182.89,182.89,182.89,0,0
3401.N,D,20200513,000000,183.13,183.13,183.13,183.13,0,0
3401.N,D,20200514,000000,187.53,187.53,187.53,187.53,0,0
3401.N,D,20200515,000000,199.16,199.16,199.16,199.16,0,0
3401.N,D,20200518,000000,197.46,197.46,197.46,197.46,0,0
3401.N,D,20200519,000000,202.54,202.54,202.54,202.54,0,0
3401.N,D,20200520,000000,201.71,201.71,201.71,201.71,0,0
3401.N,D,20200521,000000,196.01,196.01,196.01,196.01,0,0
3401.N,D,20200522,000000,194.68,194.68,194.68,194.68,0,0
3401.N,D,20200525,000000,194.23,194.23,194.23,194.23,0,0
3401.N,D,20200526,000000,183.63,183.63,183.63,183.63,0,0
3401.N,D,20200527,000000,183.81,183.81,183.81,183.81,0,0
3401.N,D,20200528,000000,183.96,183.96,183.96,183.96,0,0
3401.N,D,20200529,000000,187.47,187.47,187.47,187.47,0,0
3401.N,D,20200601,000000,191.78,191.78,191.78,191.78,0,0
3401.N,D,20200602,000000,185.44,185.44,185.44,185.44,0,0
3401.N,D,20200603,000000,177.99,177.99,177.99,177.99,0,0
3401.N,D,20200604,000000,181.01,181.01,181.01,181.01,0,0
3401.N,D,20200605,000000,178.37,178.37,178.37,178.37,0,0
3401.N,D,20200608,000000,179.91,179.91,179.91,179.91,0,0
3401.N,D,20200609,000000,181.73,181.73,181.73,181.73,0,0
3401.N,D,20200610,000000,189.17,189.17,189.17,189.17,0,0
3401.N,D,20200612,000000,178.74,178.74,178.74,178.74,0,0
3401.N,D,20200615,000000,182.61,182.61,182.61,182.61,0,0
3401.N,D,20200616,000000,177.67,177.67,177.67,177.67,0,0
3401.N,D,20200617,000000,178.81,178.81,178.81,178.81,0,0
3401.N,D,20200618,000000,177.09,177.09,177.09,177.09,0,0
3401.N,D,20200619,000000,182.29,182.29,182.29,182.29,0,0
3401.N,D,20200622,000000,189.46,189.46,189.46,189.46,0,0
3401.N,D,20200623,000000,193.87,193.87,193.87,193.87,0,0
3401.N,D,20200624,000000,189.39,189.39,189.39,189.39,0,0
3401.N,D,20200625,000000,191.01,191.01,191.01,191.01,0,0
3401.N,D,20200626,000000,192.36,192.36,192.36,192.36,0,0
3401.N,D,20200629,000000,194.58,194.58,194.58,194.58,0,0
3401.N,D,20200630,000000,200.11,200.11,200.11,200.11,0,0
3401.N,D,20200701,000000,200.36,200.36,200.36,200.36,0,0
3401.N,D,20200702,000000,197.29,197.29,197.29,197.29,0,0
3401.N,D,20200703,000000,197.63,197.63,197.63,197.63,0,0
3401.N,D,20200706,000000,201.21,201.21,201.21,201.21,0,0
3401.N,D,20200707,000000,206.05,206.05,206.05,206.05,0,0
3401.N,D,20200708,000000,211.76,211.76,211.76,211.76,0,0
3401.N,D,20200709,000000,212.79,212.79,212.79,212.79,0,0
3401.N,D,20200710,000000,209.78,209.78,209.78,209.78,0,0
3401.N,D,20200713,000000,202.93,202.93,202.93,202.93,0,0
3401.N,D,20200714,000000,209.14,209.14,209.14,209.14,0,0
3401.N,D,20200715,000000,209.41,209.41,209.41,209.41,0,0
3401.N,D,20200716,000000,206.71,206.71,206.71,206.71,0,0
3401.N,D,20200717,000000,212.18,212.18,212.18,212.18,0,0
3401.N,D,20200720,000000,218.98,218.98,218.98,218.98,0,0
3401.N,D,20200721,000000,224.17,224.17,224.17,224.17,0,0
3401.N,D,20200722,000000,227.11,227.11,227.11,227.11,0,0
3401.N,D,20200723,000000,222.36,222.36,222.36,222.36,0,0
3401.N,D,20200724,000000,227.91,227.91,227.91,227.91,0,0
3401.N,D,20200727,000000,240.29,240.29,240.29,240.29,0,0
3401.N,D,20200728,000000,238.48,238.48,238.48,238.48,0,0
3401.N,D,20200729,000000,235.83,235.83,235.83,235.83,0,0
3401.N,D,20200730,000000,228.66,228.66,228.66,228.66,0,0
3401.N,D,20200731,000000,234.94,234.94,234.94,234.94,0,0
3401.N,D,20200803,000000,234.36,234.36,234.36,234.36,0,0
3401.N,D,20200804,000000,241.55,241.55,241.55,241.55,0,0
3401.N,D,20200805,000000,243.63,243.63,243.63,243.63,0,0
3401.N,D,20200806,000000,240.26,240.26,240.26,240.26,0,0
3401.N,D,20200807,000000,232.84,232.84,232.84,232.84,0,0
3401.N,D,20200810,000000,230.02,230.02,230.02,230.02,0,0
3401.N,D,20200811,000000,213.46,213.46,213.46,213.46,0,0
3401.N,D,20200812,000000,214.42,214.42,214.42,214.42,0,0
3401.N,D,20200813,000000,222.44,222.44,222.44,222.44,0,0
3401.N,D,20200814,000000,222.64,222.64,222.64,222.64,0,0
3401.N,D,20200817,000000,234.88,234.88,234.88,234.88,0,0
3401.N,D,20200818,000000,233.58,233.58,233.58,233.58,0,0
3401.N,D,20200819,000000,226.17,226.17,226.17,226.17,0,0
3401.N,D,20200820,000000,228.88,228.88,228.88,228.88,0,0
3401.N,D,20200821,000000,223.62,223.62,223.62,223.62,0,0
3401.N,D,20200824,000000,222.4,222.4,222.4,222.4,0,0
3401.N,D,20200825,000000,221.27,221.27,221.27,221.27,0,0
3401.N,D,20200826,000000,227.88,227.88,227.88,227.88,0,0
3401.N,D,20200827,000000,223.55,223.55,223.55,223.55,0,0
3401.N,D,20200828,000000,230.72,230.72,230.72,230.72,0,0
3401.N,D,20200831,000000,231.1,231.1,231.1,231.1,0,0
3401.N,D,20200901,000000,229.99,229.99,229.99,229.99,0,0
3401.N,D,20200902,000000,228.72,228.72,228.72,228.72,0,0
3401.N,D,20200903,000000,227.83,227.83,227.83,227.83,0,0
3401.N,D,20200904,000000,224.59,224.59,224.59,224.59,0,0
3401.N,D,20200907,000000,224.51,224.51,224.51,224.51,0,0
3401.N,D,20200908,000000,223.92,223.92,223.92,223.92,0,0
3401.N,D,20200909,000000,231.66,231.66,231.66,231.66,0,0
3401.N,D,20200910,000000,229.64,229.64,229.64,229.64,0,0
3401.N,D,20200911,000000,227.2,227.2,227.2,227.2,0,0
3401.N,D,20200914,000000,237.25,237.25,237.25,237.25,0,0
3401.N,D,20200915,000000,237.59,237.59,237.59,237.59,0,0
3401.N,D,20200916,000000,237.01,237.01,237.01,237.01,0,0
3401.N,D,20200917,000000,232.56,232.56,232.56,232.56,0,0
3401.N,D,20200918,000000,229.15,229.15,229.15,229.15,0,0
3401.N,D,20200921,000000,218.94,218.94,218.94,218.94,0,0
3401.N,D,20200922,000000,218.88,218.88,218.88,218.88,0,0
3401.N,D,20200923,000000,204.32,204.32,204.32,204.32,0,0
3401.N,D,20200924,000000,209.56,209.56,209.56,209.56,0,0
3401.N,D,20200925,000000,208.16,208.16,208.16,208.16,0,0
3401.N,D,20200928,000000,209.09,209.09,209.09,209.09,0,0
3401.N,D,20200929,000000,213.96,213.96,213.96,213.96,0,0
3401.N,D,20200930,000000,210.59,210.59,210.59,210.59,0,0
3401.N,D,20201001,000000,213.23,213.23,213.23,213.23,0,0
3401.N,D,20201002,000000,210.36,210.36,210.36,210.36,0,0
3401.N,D,20201005,000000,213.05,213.05,213.05,213.05,0,0
3401.N,D,20201006,000000,204.83,204.83,204.83,204.83,0,0
3401.N,D,20201007,000000,205.34,205.34,205.34,205.34,0,0
3401.N,D,20201008,000000,209.23,209.23,209.23,209.23,0,0
3401.N,D,20201009,000000,220.75,220.75,220.75,220.75,0,0
3401.N,D,20201012,000000,220.36,220.36,220.36,220.36,0,0
3401.N,D,20201013,000000,219.08,219.08,219.08,219.08,0,0
3401.N,D,20201014,000000,222.9,222.9,222.9,222.9,0,0
3401.N,D,20201015,000000,220.48,220.48,220.48,220.48,0,0
