<TICKER>,<PER>,<DATE>,<TIME>,<OPEN>,<HIGH>,<LOW>,<CLOSE>,<VOL>,<OPENINT>
BPO0626.PL,D,20171218,000000,103.99,103.99,103.48,103.49,1151,0
BPO0626.PL,D,20171219,000000,104,104.34,103.6,104.34,613,0
BPO0626.PL,D,20171220,000000,104,104,103.6,103.6,250,0
BPO0626.PL,D,20171221,000000,104.34,104.34,104.34,104.34,22,0
BPO0626.PL,D,20171222,000000,104.34,104.34,104.34,104.34,2,0
BPO0626.PL,D,20171227,000000,104.33,104.33,104,104,146,0
BPO0626.PL,D,20171228,000000,104.25,104.25,103.65,104.24,102,0
BPO0626.PL,D,20171229,000000,104.24,104.24,103.85,104.24,45,0
BPO0626.PL,D,20180103,000000,104.47,104.47,104.47,104.47,1,0
BPO0626.PL,D,20180104,000000,104.38,104.38,104.38,104.38,48,0
BPO0626.PL,D,20180105,000000,104.38,104.45,104.38,104.45,349,0
BPO0626.PL,D,20180108,000000,104.47,104.99,104.4,104.99,1200,0
BPO0626.PL,D,20180109,000000,104.21,104.98,104.21,104.98,250,0
BPO0626.PL,D,20180110,000000,104.95,104.95,104.7,104.7,615,0
BPO0626.PL,D,20180111,000000,104.93,104.93,104.5,104.85,1090,0
BPO0626.PL,D,20180112,000000,104.85,104.85,104.31,104.5,196,0
BPO0626.PL,D,20180115,000000,104.5,104.5,104.5,104.5,2,0
BPO0626.PL,D,20180116,000000,104.5,104.5,104.21,104.3,489,0
BPO0626.PL,D,20180117,000000,104.3,104.3,103.6,104.29,1026,0
BPO0626.PL,D,20180118,000000,104.28,104.28,103.61,103.97,1226,0
BPO0626.PL,D,20180119,000000,103.97,103.97,103.96,103.97,730,0
BPO0626.PL,D,20180122,000000,103.97,103.97,103,103.05,674,0
BPO0626.PL,D,20180123,000000,103.55,103.55,103.55,103.55,196,0
BPO0626.PL,D,20180124,000000,103.85,103.85,103.54,103.55,922,0
BPO0626.PL,D,20180125,000000,103.55,103.55,103.55,103.55,1,0
BPO0626.PL,D,20180126,000000,103.27,103.4,103.15,103.4,329,0
BPO0626.PL,D,20180129,000000,103.96,103.96,103.21,103.4,362,0
BPO0626.PL,D,20180130,000000,103.96,103.96,103.4,103.4,112,0
BPO0626.PL,D,20180131,000000,103.4,103.4,103.22,103.4,651,0
BPO0626.PL,D,20180201,000000,103.96,103.96,103.4,103.96,52,0
BPO0626.PL,D,20180202,000000,103.96,103.96,103.94,103.94,2,0
BPO0626.PL,D,20180205,000000,103.94,103.94,103.4,103.4,71,0
BPO0626.PL,D,20180206,000000,103.94,103.94,103.94,103.94,31,0
BPO0626.PL,D,20180207,000000,103.9,104.56,103.65,103.65,893,0
BPO0626.PL,D,20180208,000000,104.35,104.35,104.35,104.35,1,0
BPO0626.PL,D,20180209,000000,104.31,104.31,104.31,104.31,1,0
BPO0626.PL,D,20180212,000000,104.29,104.29,104,104,301,0
BPO0626.PL,D,20180213,000000,104.3,104.3,104.3,104.3,1,0
BPO0626.PL,D,20180214,000000,104,104.25,104,104.25,290,0
BPO0626.PL,D,20180215,000000,104.25,104.25,104.25,104.25,1,0
BPO0626.PL,D,20180216,000000,104.25,104.5,104.24,104.5,605,0
BPO0626.PL,D,20180219,000000,104.55,104.75,104.5,104.73,530,0
BPO0626.PL,D,20180220,000000,104.73,104.73,104.73,104.73,1,0
BPO0626.PL,D,20180221,000000,104.71,104.72,104.71,104.72,111,0
BPO0626.PL,D,20180222,000000,104.72,104.95,104,104.5,2281,0
BPO0626.PL,D,20180223,000000,104.87,104.87,104.49,104.5,151,0
BPO0626.PL,D,20180226,000000,104.47,104.47,103.8,104.47,276,0
BPO0626.PL,D,20180227,000000,103.83,104.23,103.83,104.23,1070,0
BPO0626.PL,D,20180228,000000,103.81,104.23,103.81,104.23,1260,0
BPO0626.PL,D,20180301,000000,104.23,104.23,104.2,104.23,84,0
BPO0626.PL,D,20180302,000000,104.23,104.45,104.22,104.45,1451,0
BPO0626.PL,D,20180305,000000,104.45,104.45,104.43,104.43,86,0
BPO0626.PL,D,20180306,000000,104.44,104.44,104.43,104.43,101,0
BPO0626.PL,D,20180307,000000,104.44,104.44,104,104.4,177,0
BPO0626.PL,D,20180308,000000,104,104,104,104,39,0
BPO0626.PL,D,20180309,000000,104.37,104.37,103.82,104,523,0
BPO0626.PL,D,20180312,000000,104.36,104.36,104.27,104.27,151,0
BPO0626.PL,D,20180313,000000,104.27,104.27,103.7,103.7,467,0
BPO0626.PL,D,20180314,000000,104.26,104.26,104.26,104.26,1,0
BPO0626.PL,D,20180315,000000,104.27,104.27,104.27,104.27,1,0
BPO0626.PL,D,20180316,000000,104.26,104.39,104,104.39,501,0
BPO0626.PL,D,20180319,000000,104.84,104.84,104.26,104.26,51,0
BPO0626.PL,D,20180320,000000,104.82,104.82,104,104,64,0
BPO0626.PL,D,20180321,000000,104.76,104.76,104.25,104.25,61,0
BPO0626.PL,D,20180322,000000,104.25,104.25,104.25,104.25,10,0
BPO0626.PL,D,20180323,000000,104.23,104.25,104.23,104.23,209,0
BPO0626.PL,D,20180326,000000,104.76,104.76,103.95,103.95,388,0
BPO0626.PL,D,20180327,000000,104.7,104.7,104.25,104.25,151,0
BPO0626.PL,D,20180328,000000,104.25,104.25,103.8,103.8,252,0
BPO0626.PL,D,20180329,000000,104.25,104.25,104,104,813,0
BPO0626.PL,D,20180403,000000,104,104,104,104,209,0
BPO0626.PL,D,20180404,000000,104.25,104.25,104.25,104.25,1,0
BPO0626.PL,D,20180405,000000,104.25,104.25,104.25,104.25,796,0
BPO0626.PL,D,20180406,000000,104.71,104.72,104,104,211,0
BPO0626.PL,D,20180409,000000,104.43,104.44,103.8,104.44,510,0
BPO0626.PL,D,20180410,000000,104.72,104.72,103.8,104.61,2297,0
BPO0626.PL,D,20180411,000000,104.59,104.59,104.58,104.58,32,0
BPO0626.PL,D,20180412,000000,104.49,104.5,104.47,104.48,375,0
BPO0626.PL,D,20180413,000000,104.46,104.47,104,104.46,339,0
BPO0626.PL,D,20180416,000000,104.46,104.5,104.46,104.5,98,0
BPO0626.PL,D,20180417,000000,104.5,104.5,104.46,104.46,21,0
BPO0626.PL,D,20180418,000000,104.37,104.37,104,104.37,77,0
BPO0626.PL,D,20180419,000000,104.3,104.3,104,104.23,242,0
BPO0626.PL,D,20180420,000000,104.23,104.23,104.22,104.22,2,0
BPO0626.PL,D,20180423,000000,104.22,104.22,103.53,103.98,537,0
BPO0626.PL,D,20180424,000000,103.98,103.98,103.6,103.95,715,0
BPO0626.PL,D,20180425,000000,103.95,103.95,103.25,103.95,604,0
BPO0626.PL,D,20180426,000000,103.95,103.95,103.2,103.41,656,0
BPO0626.PL,D,20180427,000000,103.9,103.9,103.5,103.5,741,0
BPO0626.PL,D,20180430,000000,103.89,103.89,103.5,103.85,202,0
BPO0626.PL,D,20180502,000000,103.85,103.85,103.5,103.79,92,0
BPO0626.PL,D,20180504,000000,103.79,103.85,103.5,103.85,199,0
BPO0626.PL,D,20180507,000000,103.85,103.85,103.8,103.85,64,0
BPO0626.PL,D,20180508,000000,103.85,103.85,103.5,103.5,91,0
BPO0626.PL,D,20180509,000000,103.85,103.85,103.85,103.85,2,0
BPO0626.PL,D,20180510,000000,103.3,103.5,103.3,103.5,101,0
BPO0626.PL,D,20180511,000000,103.5,103.78,103.12,103.78,222,0
BPO0626.PL,D,20180514,000000,103.82,103.82,103.81,103.81,2,0
BPO0626.PL,D,20180515,000000,103.81,103.84,103.81,103.84,2,0
BPO0626.PL,D,20180516,000000,103.78,103.78,103.78,103.78,32,0
BPO0626.PL,D,20180517,000000,103.78,103.78,103.7,103.78,14,0
BPO0626.PL,D,20180518,000000,103.78,103.85,103.78,103.85,1103,0
BPO0626.PL,D,20180521,000000,104.21,104.21,103.12,103.68,443,0
BPO0626.PL,D,20180522,000000,103.68,103.78,103.2,103.78,152,0
BPO0626.PL,D,20180523,000000,103.78,103.78,103.78,103.78,2,0
BPO0626.PL,D,20180524,000000,103.78,103.78,103.74,103.74,3,0
BPO0626.PL,D,20180525,000000,103.74,103.74,103.5,103.69,192,0
BPO0626.PL,D,20180528,000000,103.69,103.69,103.69,103.69,1,0
BPO0626.PL,D,20180529,000000,103.69,103.7,103.69,103.7,12,0
BPO0626.PL,D,20180530,000000,103.7,103.7,103.69,103.69,49,0
BPO0626.PL,D,20180601,000000,103.74,104.18,103.69,104.18,191,0
BPO0626.PL,D,20180604,000000,104.18,104.18,103.7,104.16,102,0
BPO0626.PL,D,20180605,000000,104.15,104.15,104.14,104.14,52,0
BPO0626.PL,D,20180606,000000,104.14,104.14,103.5,104.11,352,0
BPO0626.PL,D,20180607,000000,104.11,104.11,103.7,104,102,0
BPO0626.PL,D,20180608,000000,104,104.11,103.65,104.11,422,0
BPO0626.PL,D,20180611,000000,104.11,104.11,104.11,104.11,2,0
BPO0626.PL,D,20180612,000000,104.1,104.1,104.09,104.09,28,0
BPO0626.PL,D,20180613,000000,104.09,104.09,104.09,104.09,1,0
BPO0626.PL,D,20180614,000000,104,104.07,103.52,104.07,55,0
BPO0626.PL,D,20180615,000000,104.07,104.07,104.05,104.05,3,0
BPO0626.PL,D,20180618,000000,104.05,104.05,104.05,104.05,2,0
BPO0626.PL,D,20180619,000000,104.05,104.05,103,103,259,0
BPO0626.PL,D,20180620,000000,104,104,103,103.7,202,0
BPO0626.PL,D,20180621,000000,103.7,103.7,103,103,537,0
BPO0626.PL,D,20180622,000000,103.7,103.7,103,103,351,0
BPO0626.PL,D,20180625,000000,103.7,103.7,103,103.2,360,0
BPO0626.PL,D,20180626,000000,103.2,103.5,103,103.5,2665,0
BPO0626.PL,D,20180627,000000,103.75,103.75,102.75,103.48,32,0
BPO0626.PL,D,20180628,000000,103.48,103.48,103,103.47,104,0
BPO0626.PL,D,20180629,000000,103.47,103.47,103.47,103.47,2,0
BPO0626.PL,D,20180702,000000,103.47,103.47,103,103.45,803,0
BPO0626.PL,D,20180703,000000,103,103.42,103,103.41,228,0
BPO0626.PL,D,20180704,000000,103.4,103.4,103.39,103.39,2,0
BPO0626.PL,D,20180705,000000,103.39,103.39,103,103,651,0
BPO0626.PL,D,20180706,000000,103.34,103.35,103.01,103.35,253,0
BPO0626.PL,D,20180709,000000,103.34,103.34,103.18,103.18,127,0
BPO0626.PL,D,20180710,000000,103.32,103.33,103.05,103.1,661,0
BPO0626.PL,D,20180711,000000,103.1,103.34,103.1,103.34,314,0
BPO0626.PL,D,20180712,000000,103.34,103.62,103.34,103.62,271,0
BPO0626.PL,D,20180713,000000,103.62,103.98,103.4,103.98,523,0
BPO0626.PL,D,20180716,000000,103.63,103.98,103.6,103.98,250,0
BPO0626.PL,D,20180717,000000,103.98,104.3,103.9,104.3,906,0
BPO0626.PL,D,20180718,000000,104.28,104.37,104.28,104.37,164,0
BPO0626.PL,D,20180719,000000,104.37,104.37,103.68,104.29,102,0
BPO0626.PL,D,20180720,000000,104.3,104.3,104.3,104.3,2,0
BPO0626.PL,D,20180723,000000,104.26,104.27,103.55,104.27,311,0
BPO0626.PL,D,20180724,000000,104.24,104.25,103.5,104.21,1038,0
BPO0626.PL,D,20180725,000000,104.21,104.9,104.19,104.5,1441,0
BPO0626.PL,D,20180726,000000,104.49,104.75,104.49,104.75,868,0
BPO0626.PL,D,20180727,000000,104.75,104.85,104.7,104.85,650,0
BPO0626.PL,D,20180730,000000,104.85,104.85,104.82,104.85,258,0
BPO0626.PL,D,20180731,000000,104.85,104.97,104.7,104.97,1401,0
BPO0626.PL,D,20180801,000000,104.97,104.97,104.8,104.97,826,0
BPO0626.PL,D,20180802,000000,104.97,104.97,104.7,104.94,106,0
BPO0626.PL,D,20180803,000000,104.93,104.93,104.65,104.9,1519,0
BPO0626.PL,D,20180806,000000,104.9,104.93,104.65,104.93,600,0
BPO0626.PL,D,20180807,000000,104.65,104.93,104.65,104.93,194,0
BPO0626.PL,D,20180808,000000,104.93,104.93,104.65,104.89,39,0
BPO0626.PL,D,20180809,000000,104.89,104.92,104.89,104.92,21,0
BPO0626.PL,D,20180810,000000,104.92,104.92,104.65,104.89,397,0
BPO0626.PL,D,20180813,000000,104.89,104.89,104.89,104.89,48,0
BPO0626.PL,D,20180814,000000,104.89,104.9,104.89,104.9,140,0
BPO0626.PL,D,20180816,000000,104.9,105,104.9,105,1094,0
BPO0626.PL,D,20180817,000000,105,105,105,105,2,0
BPO0626.PL,D,20180820,000000,105,105,105,105,76,0
BPO0626.PL,D,20180821,000000,104.99,105.15,104.66,105.15,698,0
BPO0626.PL,D,20180822,000000,105.15,105.15,105.15,105.15,2,0
BPO0626.PL,D,20180823,000000,105.15,105.15,105.15,105.15,2,0
BPO0626.PL,D,20180824,000000,105.15,105.15,104.99,104.99,101,0
BPO0626.PL,D,20180827,000000,105.09,105.09,104.54,104.54,440,0
BPO0626.PL,D,20180828,000000,105.08,105.08,105,105,2,0
BPO0626.PL,D,20180829,000000,105,105,105,105,1,0
BPO0626.PL,D,20180830,000000,104.6,105.09,104.6,105.09,64,0
BPO0626.PL,D,20180831,000000,104.63,105.09,104.63,105.09,16,0
BPO0626.PL,D,20180903,000000,105.09,105.15,105.08,105.14,211,0
BPO0626.PL,D,20180904,000000,105.14,105.14,105.14,105.14,2,0
BPO0626.PL,D,20180905,000000,104.66,104.66,104.66,104.66,15,0
BPO0626.PL,D,20180906,000000,104.67,105.19,104.54,105.19,1233,0
BPO0626.PL,D,20180907,000000,105.19,105.19,105.13,105.13,32,0
BPO0626.PL,D,20180910,000000,105.13,105.13,105.13,105.13,126,0
BPO0626.PL,D,20180911,000000,105.13,105.13,105.13,105.13,2,0
BPO0626.PL,D,20180912,000000,105.13,105.2,105.13,105.2,555,0
BPO0626.PL,D,20180913,000000,105.2,105.2,105.2,105.2,2,0
BPO0626.PL,D,20180914,000000,105.2,105.2,104.58,105.1,261,0
BPO0626.PL,D,20180917,000000,105.1,105.1,105.1,105.1,2,0
BPO0626.PL,D,20180918,000000,105.1,105.1,105.1,105.1,2,0
BPO0626.PL,D,20180919,000000,105.1,105.1,104.65,105.1,716,0
BPO0626.PL,D,20180920,000000,105.1,105.1,105.1,105.1,2,0
BPO0626.PL,D,20180921,000000,105.1,105.1,104.65,104.65,121,0
BPO0626.PL,D,20180924,000000,105.1,105.1,104.56,104.89,604,0
BPO0626.PL,D,20180925,000000,104.89,104.89,104.5,104.7,2502,0
BPO0626.PL,D,20180926,000000,104.7,104.7,104,104.48,922,0
BPO0626.PL,D,20180927,000000,104.48,104.5,104,104.5,1555,0
BPO0626.PL,D,20180928,000000,104.5,104.5,104,104.44,1172,0
BPO0626.PL,D,20181001,000000,104.44,104.44,104,104.3,3173,0
BPO0626.PL,D,20181002,000000,104.3,104.3,104,104,37,0
BPO0626.PL,D,20181003,000000,104.3,104.3,104,104.3,1417,0
BPO0626.PL,D,20181004,000000,104.3,104.3,104.3,104.3,409,0
BPO0626.PL,D,20181005,000000,104.3,104.3,103,104.27,2062,0
BPO0626.PL,D,20181008,000000,104.27,104.27,103.85,104.24,87,0
BPO0626.PL,D,20181009,000000,104.24,104.24,103.6,103.99,1155,0
BPO0626.PL,D,20181010,000000,103.99,104.23,103.99,104.22,599,0
BPO0626.PL,D,20181011,000000,104.22,104.22,104.14,104.14,67,0
BPO0626.PL,D,20181012,000000,104.14,104.14,104.11,104.11,77,0
BPO0626.PL,D,20181015,000000,104.11,104.11,104.09,104.09,192,0
BPO0626.PL,D,20181016,000000,104.09,104.09,103.8,104.09,102,0
BPO0626.PL,D,20181017,000000,104.09,104.09,103.5,104.09,201,0
BPO0626.PL,D,20181018,000000,104.09,104.1,103.5,104.1,537,0
BPO0626.PL,D,20181019,000000,104.1,104.1,103.6,104.06,942,0
BPO0626.PL,D,20181022,000000,104.06,104.07,104.06,104.07,3,0
BPO0626.PL,D,20181023,000000,104.06,104.06,103.52,103.52,207,0
BPO0626.PL,D,20181024,000000,104.04,104.04,104.04,104.04,2,0
BPO0626.PL,D,20181025,000000,104.04,104.04,104.04,104.04,12,0
BPO0626.PL,D,20181026,000000,104.04,104.04,103.99,104.04,1182,0
BPO0626.PL,D,20181029,000000,104.05,104.05,104.04,104.05,61,0
BPO0626.PL,D,20181030,000000,104.05,104.05,104.05,104.05,2,0
BPO0626.PL,D,20181031,000000,104.05,104.05,104.05,104.05,7,0
BPO0626.PL,D,20181102,000000,104.05,104.05,104.05,104.05,3,0
BPO0626.PL,D,20181105,000000,104.05,104.05,103.41,104.03,103,0
BPO0626.PL,D,20181106,000000,104.03,104.04,104.03,104.04,2,0
BPO0626.PL,D,20181107,000000,104.04,104.04,103.51,104.02,1212,0
BPO0626.PL,D,20181108,000000,104.02,104.02,104.01,104.02,84,0
BPO0626.PL,D,20181109,000000,104.03,104.04,104.03,104.04,11,0
BPO0626.PL,D,20181113,000000,104.04,104.66,104.04,104.66,785,0
BPO0626.PL,D,20181114,000000,104.6,104.72,104.2,104.65,268,0
BPO0626.PL,D,20181115,000000,104.65,104.65,104.65,104.65,2,0
BPO0626.PL,D,20181116,000000,104.65,104.65,104,104.2,278,0
BPO0626.PL,D,20181119,000000,104.65,104.65,103.6,104.49,238,0
BPO0626.PL,D,20181120,000000,104.66,104.66,104.48,104.6,265,0
BPO0626.PL,D,20181121,000000,104.66,104.66,104.66,104.66,1,0
BPO0626.PL,D,20181122,000000,104.66,104.66,104,104.5,90,0
BPO0626.PL,D,20181123,000000,104.66,104.66,104,104.5,1062,0
BPO0626.PL,D,20181126,000000,104.49,104.49,104.49,104.49,2,0
BPO0626.PL,D,20181127,000000,104.49,104.49,103.91,104.49,22,0
BPO0626.PL,D,20181128,000000,104.49,104.49,104.49,104.49,2,0
BPO0626.PL,D,20181129,000000,104.49,104.49,104.21,104.4,102,0
BPO0626.PL,D,20181130,000000,104.4,104.65,104.4,104.64,346,0
BPO0626.PL,D,20181203,000000,104.62,104.62,104.5,104.62,229,0
BPO0626.PL,D,20181204,000000,104.62,104.62,104.61,104.61,2,0
BPO0626.PL,D,20181205,000000,104.61,105.2,104.61,105.2,377,0
BPO0626.PL,D,20181206,000000,105.2,105.2,105.1,105.1,12,0
BPO0626.PL,D,20181207,000000,105.1,105.2,105.1,105.2,42,0
BPO0626.PL,D,20181210,000000,105.1,105.1,104.56,105.08,64,0
BPO0626.PL,D,20181211,000000,105.08,105.08,104.8,104.8,2,0
BPO0626.PL,D,20181212,000000,104.8,104.8,104.8,104.8,7,0
BPO0626.PL,D,20181213,000000,104.8,104.8,104.8,104.8,2,0
BPO0626.PL,D,20181214,000000,104.8,104.8,104,104,322,0
BPO0626.PL,D,20181217,000000,104.8,104.8,104.05,104.25,111,0
BPO0626.PL,D,20181218,000000,104.25,104.25,104.25,104.25,2,0
BPO0626.PL,D,20181219,000000,104.25,104.25,104,104,496,0
BPO0626.PL,D,20181220,000000,104,104.8,103.7,104.8,1048,0
BPO0626.PL,D,20181221,000000,104.8,104.8,104.45,104.8,1422,0
BPO0626.PL,D,20181227,000000,104.8,104.8,104.8,104.8,651,0
BPO0626.PL,D,20181228,000000,104.8,104.8,104.5,104.5,234,0
BPO0626.PL,D,20190102,000000,104.79,104.79,104.7,104.7,131,0
BPO0626.PL,D,20190103,000000,104.7,104.7,104.6,104.6,2,0
BPO0626.PL,D,20190104,000000,104.7,104.7,104.69,104.69,2,0
BPO0626.PL,D,20190107,000000,104.69,104.69,104.69,104.69,53,0
BPO0626.PL,D,20190108,000000,104.69,104.69,104.69,104.69,51,0
BPO0626.PL,D,20190109,000000,104.69,104.69,104.69,104.69,25,0
BPO0626.PL,D,20190110,000000,104.69,104.69,104.35,104.69,15,0
BPO0626.PL,D,20190111,000000,104.69,104.69,104.69,104.69,2,0
BPO0626.PL,D,20190114,000000,104.69,104.69,104.69,104.69,2,0
BPO0626.PL,D,20190115,000000,104.69,104.69,104.69,104.69,29,0
BPO0626.PL,D,20190116,000000,104.69,104.69,104.69,104.69,2,0
BPO0626.PL,D,20190117,000000,104.69,104.69,104.69,104.69,7,0
BPO0626.PL,D,20190118,000000,104.69,104.69,104.69,104.69,2,0
BPO0626.PL,D,20190121,000000,104.69,104.69,104.69,104.69,37,0
BPO0626.PL,D,20190122,000000,104.69,104.69,104.69,104.69,2,0
BPO0626.PL,D,20190123,000000,104.69,104.7,104.69,104.7,51,0
BPO0626.PL,D,20190124,000000,104.69,104.69,104.5,104.5,252,0
BPO0626.PL,D,20190125,000000,104.5,104.5,104.5,104.5,225,0
BPO0626.PL,D,20190128,000000,104.7,104.7,104.4,104.4,6,0
BPO0626.PL,D,20190129,000000,104.7,104.7,104.55,104.7,589,0
BPO0626.PL,D,20190130,000000,104.7,104.7,104.69,104.7,70,0
BPO0626.PL,D,20190131,000000,104.7,104.7,104.7,104.7,26,0
BPO0626.PL,D,20190201,000000,105.08,105.08,104.2,104.5,174,0
BPO0626.PL,D,20190204,000000,104.69,104.69,104.6,104.6,13,0
BPO0626.PL,D,20190205,000000,104.5,104.5,104.5,104.5,17,0
BPO0626.PL,D,20190206,000000,104.5,104.5,104.5,104.5,52,0
BPO0626.PL,D,20190207,000000,104.5,104.69,104.5,104.69,3001,0
BPO0626.PL,D,20190208,000000,104.69,104.69,104.69,104.69,2,0
BPO0626.PL,D,20190211,000000,104.69,105.49,104.25,105.48,423,0
BPO0626.PL,D,20190212,000000,105.25,105.25,105.24,105.24,7,0
BPO0626.PL,D,20190213,000000,105.49,105.49,104.5,104.99,480,0
BPO0626.PL,D,20190214,000000,104.99,104.99,104.98,104.98,2,0
BPO0626.PL,D,20190215,000000,104.98,104.98,104.25,104.98,185,0
BPO0626.PL,D,20190218,000000,104.98,104.98,104.98,104.98,32,0
BPO0626.PL,D,20190219,000000,104.98,104.98,104.49,104.5,678,0
BPO0626.PL,D,20190220,000000,104.49,104.49,104.49,104.49,190,0
BPO0626.PL,D,20190221,000000,104.98,104.98,104.97,104.97,6,0
BPO0626.PL,D,20190222,000000,104.96,104.96,104.96,104.96,5,0
BPO0626.PL,D,20190225,000000,104.95,104.95,104.7,104.7,57,0
BPO0626.PL,D,20190226,000000,104.94,104.95,104.7,104.95,77,0
BPO0626.PL,D,20190227,000000,105.2,105.2,105.2,105.2,70,0
BPO0626.PL,D,20190304,000000,105.24,105.24,105.24,105.24,5,0
BPO0626.PL,D,20190305,000000,105.19,105.24,105,105.24,376,0
BPO0626.PL,D,20190306,000000,105.5,105.5,105.5,105.5,90,0
BPO0626.PL,D,20190307,000000,106.29,106.4,105.64,105.9,232,0
BPO0626.PL,D,20190308,000000,105.9,105.9,105.9,105.9,5,0
BPO0626.PL,D,20190311,000000,105.8,105.8,105.8,105.8,20,0
BPO0626.PL,D,20190312,000000,105.8,105.8,105.8,105.8,5,0
BPO0626.PL,D,20190313,000000,105.8,105.8,105.8,105.8,5,0
BPO0626.PL,D,20190314,000000,105.8,105.8,105.8,105.8,5,0
BPO0626.PL,D,20190315,000000,105.9,105.9,105.9,105.9,21,0
BPO0626.PL,D,20190318,000000,105.9,105.9,105.24,105.9,1309,0
BPO0626.PL,D,20190319,000000,105.8,105.8,105.8,105.8,5,0
BPO0626.PL,D,20190320,000000,105.8,105.8,105.8,105.8,5,0
BPO0626.PL,D,20190321,000000,105.9,105.9,105.9,105.9,5,0
BPO0626.PL,D,20190322,000000,105.9,105.9,105.9,105.9,1,0
BPO0626.PL,D,20190325,000000,105.75,105.75,105.75,105.75,54,0
BPO0626.PL,D,20190326,000000,105.9,105.9,105.9,105.9,5,0
BPO0626.PL,D,20190327,000000,105.7,105.7,105,105,65,0
BPO0626.PL,D,20190328,000000,105.7,105.7,105.7,105.7,5,0
BPO0626.PL,D,20190329,000000,104.7,104.7,104.7,104.7,190,0
BPO0626.PL,D,20190401,000000,105.69,105.69,105.69,105.69,5,0
BPO0626.PL,D,20190402,000000,105,105,105,105,178,0
BPO0626.PL,D,20190403,000000,105,105,105,105,119,0
BPO0626.PL,D,20190404,000000,105,105.25,105,105.25,12,0
BPO0626.PL,D,20190405,000000,105.68,105.68,105.68,105.68,5,0
BPO0626.PL,D,20190408,000000,105.65,105.65,105.65,105.65,5,0
BPO0626.PL,D,20190409,000000,105.63,105.63,105.25,105.25,15,0
BPO0626.PL,D,20190410,000000,105.54,105.54,105,105.25,115,0
BPO0626.PL,D,20190411,000000,105.9,105.9,105.9,105.9,5,0
BPO0626.PL,D,20190412,000000,105.69,105.69,105.69,105.69,5,0
BPO0626.PL,D,20190415,000000,105.9,105.9,104.5,104.5,204,0
BPO0626.PL,D,20190416,000000,104.99,104.99,104.99,104.99,50,0
BPO0626.PL,D,20190417,000000,105,105,105,105,15,0
BPO0626.PL,D,20190418,000000,105,105.25,105,105.25,1160,0
BPO0626.PL,D,20190423,000000,105.9,105.9,105.2,105.2,105,0
BPO0626.PL,D,20190424,000000,105.9,105.9,104.99,104.99,16,0
BPO0626.PL,D,20190425,000000,105.9,105.9,105.89,105.89,10,0
BPO0626.PL,D,20190426,000000,105.75,105.75,105.75,105.75,5,0
BPO0626.PL,D,20190429,000000,105.75,105.75,105.75,105.75,5,0
BPO0626.PL,D,20190430,000000,105.75,105.75,105.75,105.75,5,0
BPO0626.PL,D,20190506,000000,105.74,105.74,105,105,131,0
BPO0626.PL,D,20190507,000000,105.74,105.74,105,105,34,0
BPO0626.PL,D,20190508,000000,105.75,105.75,105,105,295,0
BPO0626.PL,D,20190509,000000,105.72,105.72,105.72,105.72,5,0
BPO0626.PL,D,20190510,000000,105.65,105.65,105.65,105.65,5,0
BPO0626.PL,D,20190513,000000,105.62,105.62,105.62,105.62,5,0
BPO0626.PL,D,20190514,000000,105.62,105.62,105.62,105.62,5,0
BPO0626.PL,D,20190515,000000,105.4,105.4,105.4,105.4,5,0
BPO0626.PL,D,20190516,000000,105.39,105.56,104.91,105,335,0
BPO0626.PL,D,20190517,000000,105.59,105.59,105.59,105.59,5,0
BPO0626.PL,D,20190520,000000,105.59,105.59,105.59,105.59,5,0
BPO0626.PL,D,20190521,000000,105.5,105.5,105.5,105.5,55,0
BPO0626.PL,D,20190522,000000,105.5,105.5,105.5,105.5,5,0
BPO0626.PL,D,20190523,000000,105.49,105.5,105.49,105.5,41,0
BPO0626.PL,D,20190524,000000,105.5,105.5,105,105,419,0
BPO0626.PL,D,20190527,000000,105.67,105.67,105.67,105.67,5,0
BPO0626.PL,D,20190528,000000,105.5,105.5,105,105,60,0
BPO0626.PL,D,20190529,000000,105.67,105.67,105.67,105.67,23,0
BPO0626.PL,D,20190530,000000,105.67,105.67,105.67,105.67,5,0
BPO0626.PL,D,20190531,000000,105.67,105.67,105.67,105.67,14,0
BPO0626.PL,D,20190603,000000,105.59,105.6,105.59,105.6,63,0
BPO0626.PL,D,20190604,000000,105.9,105.9,105.03,105.03,45,0
BPO0626.PL,D,20190605,000000,105.35,105.35,105.35,105.35,137,0
BPO0626.PL,D,20190606,000000,105.9,105.9,105.9,105.9,5,0
BPO0626.PL,D,20190607,000000,105.4,105.4,105.4,105.4,83,0
BPO0626.PL,D,20190610,000000,105.9,105.9,101.9,104.5,1957,0
BPO0626.PL,D,20190611,000000,105.19,105.19,105.19,105.19,5,0
BPO0626.PL,D,20190612,000000,104.95,104.95,104.93,104.93,102,0
BPO0626.PL,D,20190613,000000,104.94,105,104.94,105,508,0
BPO0626.PL,D,20190614,000000,105.08,105.08,105.08,105.08,27,0
BPO0626.PL,D,20190617,000000,105.12,105.12,105.12,105.12,5,0
BPO0626.PL,D,20190618,000000,104.8,104.8,104.51,104.51,309,0
BPO0626.PL,D,20190619,000000,105.1,105.1,104.61,104.61,15,0
BPO0626.PL,D,20190621,000000,105.14,105.14,104.4,104.4,315,0
BPO0626.PL,D,20190624,000000,105.08,105.08,104.99,105,85,0
BPO0626.PL,D,20190625,000000,104.98,104.98,104.98,104.98,2,0
BPO0626.PL,D,20190626,000000,104.98,105,104.6,104.98,235,0
BPO0626.PL,D,20190627,000000,105.24,105.24,104.98,104.98,55,0
BPO0626.PL,D,20190628,000000,105.24,105.24,104.98,105,243,0
BPO0626.PL,D,20190701,000000,105.24,105.24,104.5,104.51,521,0
BPO0626.PL,D,20190702,000000,105.34,105.34,105.34,105.34,5,0
BPO0626.PL,D,20190703,000000,105.34,105.34,105.34,105.34,10,0
BPO0626.PL,D,20190704,000000,105.34,105.34,105,105,80,0
BPO0626.PL,D,20190705,000000,105.38,105.38,105,105,66,0
BPO0626.PL,D,20190708,000000,105.38,105.38,105,105,99,0
BPO0626.PL,D,20190709,000000,105.4,105.4,104.57,104.97,135,0
BPO0626.PL,D,20190710,000000,105.32,105.34,105,105.34,305,0
BPO0626.PL,D,20190711,000000,105.35,105.35,105.35,105.35,5,0
BPO0626.PL,D,20190712,000000,105.35,105.35,105.25,105.35,210,0
BPO0626.PL,D,20190715,000000,105.35,105.35,105.35,105.35,5,0
BPO0626.PL,D,20190716,000000,105.3,105.3,105.3,105.3,5,0
BPO0626.PL,D,20190717,000000,105.3,105.3,105.3,105.3,5,0
BPO0626.PL,D,20190718,000000,105.3,105.9,105.3,105.9,285,0
BPO0626.PL,D,20190719,000000,105.6,105.6,105.6,105.6,25,0
BPO0626.PL,D,20190722,000000,105.9,105.9,105.3,105.75,349,0
BPO0626.PL,D,20190723,000000,105.75,105.75,105.75,105.75,5,0
BPO0626.PL,D,20190724,000000,105.74,105.74,105.74,105.74,5,0
BPO0626.PL,D,20190725,000000,105.69,106,105.69,106,618,0
BPO0626.PL,D,20190726,000000,106,106,105.99,106,1288,0
BPO0626.PL,D,20190729,000000,105.99,106,105.99,106,230,0
BPO0626.PL,D,20190730,000000,106,106,105.46,105.46,169,0
BPO0626.PL,D,20190731,000000,105.99,105.99,105.99,105.99,3,0
BPO0626.PL,D,20190801,000000,105.99,105.99,105.99,105.99,32,0
BPO0626.PL,D,20190802,000000,105.99,106,105.99,106,50,0
BPO0626.PL,D,20190805,000000,106,106,106,106,5,0
BPO0626.PL,D,20190806,000000,105.9,105.9,105.9,105.9,50,0
BPO0626.PL,D,20190807,000000,106,106,105.54,105.54,35,0
BPO0626.PL,D,20190808,000000,106,106,105.95,106,332,0
BPO0626.PL,D,20190809,000000,106,106,106,106,11,0
BPO0626.PL,D,20190812,000000,106,106,105.85,105.85,55,0
BPO0626.PL,D,20190813,000000,106,106,105.86,105.86,25,0
BPO0626.PL,D,20190814,000000,106,106,106,106,159,0
BPO0626.PL,D,20190816,000000,106,106,106,106,5,0
BPO0626.PL,D,20190819,000000,106,106,105.41,105.41,310,0
BPO0626.PL,D,20190820,000000,105.45,105.68,105.45,105.5,327,0
BPO0626.PL,D,20190821,000000,105.77,105.77,105.49,105.49,27,0
BPO0626.PL,D,20190822,000000,105.49,105.49,105.49,105.49,20,0
BPO0626.PL,D,20190823,000000,105.49,105.49,105.49,105.49,1,0
BPO0626.PL,D,20190826,000000,105.49,105.49,105.49,105.49,39,0
BPO0626.PL,D,20190827,000000,105.48,105.48,105.48,105.48,5,0
BPO0626.PL,D,20190828,000000,105.49,105.49,105.49,105.49,248,0
BPO0626.PL,D,20190829,000000,105.49,105.58,105.49,105.58,468,0
BPO0626.PL,D,20190830,000000,105.59,105.59,105.5,105.5,325,0
BPO0626.PL,D,20190902,000000,105.5,105.59,105.49,105.59,208,0
BPO0626.PL,D,20190903,000000,105.59,105.59,105.58,105.59,103,0
BPO0626.PL,D,20190904,000000,105.59,105.59,105.59,105.59,20,0
BPO0626.PL,D,20190905,000000,105.58,105.59,105.19,105.19,72,0
BPO0626.PL,D,20190906,000000,105.77,105.77,105.19,105.19,49,0
BPO0626.PL,D,20190909,000000,105.77,105.77,105.26,105.26,112,0
BPO0626.PL,D,20190910,000000,105.77,105.77,105.77,105.77,5,0
BPO0626.PL,D,20190911,000000,105.77,105.98,105.58,105.98,278,0
BPO0626.PL,D,20190912,000000,106,106,106,106,5,0
BPO0626.PL,D,20190913,000000,105.9,105.9,105.9,105.9,5,0
BPO0626.PL,D,20190916,000000,105.9,105.9,105.9,105.9,15,0
BPO0626.PL,D,20190917,000000,105.9,105.9,105.6,105.6,25,0
BPO0626.PL,D,20190918,000000,105.9,105.9,105.9,105.9,5,0
BPO0626.PL,D,20190919,000000,105.9,105.9,105.9,105.9,113,0
BPO0626.PL,D,20190920,000000,105.9,105.9,105.9,105.9,25,0
BPO0626.PL,D,20190923,000000,105.9,105.9,105.9,105.9,89,0
BPO0626.PL,D,20190924,000000,105.9,106,105.87,106,607,0
BPO0626.PL,D,20190925,000000,105.9,105.9,105.9,105.9,200,0
BPO0626.PL,D,20190926,000000,105.9,105.9,105.9,105.9,27,0
BPO0626.PL,D,20190927,000000,105.9,105.9,105.9,105.9,150,0
BPO0626.PL,D,20190930,000000,105.99,106,105.97,106,347,0
BPO0626.PL,D,20191001,000000,106.5,106.5,105.9,106,1235,0
BPO0626.PL,D,20191002,000000,106,106,105.99,106,145,0
BPO0626.PL,D,20191003,000000,106,106,106,106,5,0
BPO0626.PL,D,20191004,000000,106,106,105.25,105.25,784,0
BPO0626.PL,D,20191007,000000,105.98,105.98,105.98,105.98,5,0
BPO0626.PL,D,20191008,000000,105.5,105.5,105.5,105.5,172,0
BPO0626.PL,D,20191009,000000,105.5,105.5,105.5,105.5,14,0
BPO0626.PL,D,20191010,000000,105.5,105.5,105.5,105.5,5,0
BPO0626.PL,D,20191011,000000,105.5,105.5,105.5,105.5,16,0
BPO0626.PL,D,20191014,000000,105.5,105.5,105.5,105.5,5,0
BPO0626.PL,D,20191015,000000,105.5,105.5,105.5,105.5,29,0
BPO0626.PL,D,20191016,000000,105.5,105.5,105.5,105.5,5,0
BPO0626.PL,D,20191017,000000,105.5,105.5,105.5,105.5,5,0
BPO0626.PL,D,20191018,000000,105.5,105.5,105.5,105.5,5,0
BPO0626.PL,D,20191021,000000,105.5,105.5,105.4,105.5,105,0
BPO0626.PL,D,20191022,000000,105.98,105.98,105,105,405,0
BPO0626.PL,D,20191023,000000,105.45,105.46,105.45,105.46,32,0
BPO0626.PL,D,20191024,000000,105.46,105.46,105.46,105.46,5,0
BPO0626.PL,D,20191025,000000,105.46,105.46,104.81,104.81,60,0
BPO0626.PL,D,20191028,000000,105.46,105.47,105.46,105.47,18,0
BPO0626.PL,D,20191029,000000,105.47,105.47,105.47,105.47,33,0
BPO0626.PL,D,20191030,000000,105.47,105.47,104.85,104.85,43,0
BPO0626.PL,D,20191031,000000,105.6,105.6,105.6,105.6,460,0
BPO0626.PL,D,20191104,000000,105.6,105.6,105.6,105.6,5,0
BPO0626.PL,D,20191105,000000,105.57,105.57,105.57,105.57,5,0
BPO0626.PL,D,20191106,000000,105.57,105.57,105,105,6,0
BPO0626.PL,D,20191107,000000,105.54,105.54,105.54,105.54,5,0
BPO0626.PL,D,20191108,000000,105.54,105.54,105.54,105.54,5,0
BPO0626.PL,D,20191112,000000,105.54,105.54,105,105,25,0
BPO0626.PL,D,20191113,000000,105.54,105.54,105.54,105.54,12,0
BPO0626.PL,D,20191114,000000,105.6,105.6,105.6,105.6,5,0
BPO0626.PL,D,20191115,000000,105.6,105.6,105.5,105.6,345,0
BPO0626.PL,D,20191118,000000,105.99,105.99,105.99,105.99,5,0
BPO0626.PL,D,20191119,000000,105.69,105.99,105.69,105.99,151,0
BPO0626.PL,D,20191120,000000,105.99,105.99,105.5,105.5,55,0
BPO0626.PL,D,20191122,000000,106,106.24,106,106.24,175,0
BPO0626.PL,D,20191125,000000,106,106,105.5,105.5,320,0
BPO0626.PL,D,20191126,000000,105.8,105.8,105.5,105.5,542,0
BPO0626.PL,D,20191129,000000,105.5,105.5,105.5,105.5,88,0
BPO0626.PL,D,20191203,000000,105.79,105.79,105.79,105.79,1,0
BPO0626.PL,D,20191204,000000,105.79,105.79,105.25,105.25,110,0
BPO0626.PL,D,20191205,000000,105.79,105.79,105.79,105.79,7,0
BPO0626.PL,D,20191206,000000,105.79,105.79,105.25,105.25,203,0
BPO0626.PL,D,20191209,000000,105.5,105.74,105.25,105.74,53,0
BPO0626.PL,D,20191210,000000,105.25,105.25,105.05,105.05,200,0
BPO0626.PL,D,20191211,000000,105,105,105,105,107,0
BPO0626.PL,D,20191212,000000,104.84,104.84,104.8,104.8,280,0
BPO0626.PL,D,20191213,000000,104.8,104.8,104.8,104.8,130,0
BPO0626.PL,D,20191216,000000,104.66,104.66,104.65,104.65,354,0
BPO0626.PL,D,20191217,000000,104.65,104.65,104.65,104.65,75,0
BPO0626.PL,D,20191218,000000,104.65,104.65,104.07,104.15,107,0
BPO0626.PL,D,20191219,000000,104.38,104.38,104.35,104.35,647,0
BPO0626.PL,D,20191220,000000,104.65,104.65,104.35,104.35,501,0
BPO0626.PL,D,20191223,000000,104.75,104.75,104.75,104.75,60,0
BPO0626.PL,D,20191230,000000,105.22,105.22,104.51,104.51,355,0
BPO0626.PL,D,20200102,000000,105.4,105.4,104.57,104.57,424,0
BPO0626.PL,D,20200103,000000,105.17,105.17,105.17,105.17,1,0
BPO0626.PL,D,20200107,000000,105.14,105.19,105.1,105.1,137,0
BPO0626.PL,D,20200108,000000,105.1,105.1,105.1,105.1,27,0
BPO0626.PL,D,20200109,000000,105.1,105.1,105.1,105.1,29,0
BPO0626.PL,D,20200110,000000,105.24,105.24,105.24,105.24,14,0
BPO0626.PL,D,20200114,000000,104.62,104.8,104.62,104.8,57,0
BPO0626.PL,D,20200115,000000,104.86,104.86,104.86,104.86,44,0
BPO0626.PL,D,20200117,000000,105,105,105,105,10,0
BPO0626.PL,D,20200120,000000,105,105,105,105,20,0
BPO0626.PL,D,20200121,000000,105,105,104.99,104.99,83,0
BPO0626.PL,D,20200123,000000,104.95,104.95,104.62,104.7,224,0
BPO0626.PL,D,20200124,000000,104.7,104.7,104.7,104.7,20,0
BPO0626.PL,D,20200127,000000,104.8,104.8,104,104,880,0
BPO0626.PL,D,20200129,000000,104.3,104.3,104,104,106,0
BPO0626.PL,D,20200130,000000,104,104,104,104,266,0
BPO0626.PL,D,20200131,000000,104,104.2,104,104.2,99,0
BPO0626.PL,D,20200203,000000,104.2,104.2,104.2,104.2,10,0
BPO0626.PL,D,20200204,000000,104.01,104.01,104.01,104.01,50,0
BPO0626.PL,D,20200205,000000,103.8,103.8,102,102,1153,0
BPO0626.PL,D,20200206,000000,103.48,103.48,102.75,102.75,320,0
BPO0626.PL,D,20200207,000000,102.75,103.1,102.75,103.1,274,0
BPO0626.PL,D,20200210,000000,103.49,103.49,102.7,102.7,389,0
BPO0626.PL,D,20200211,000000,103,103,102.7,102.7,214,0
BPO0626.PL,D,20200212,000000,103.1,103.1,102.7,102.7,53,0
BPO0626.PL,D,20200213,000000,102.7,102.7,102.6,102.7,279,0
BPO0626.PL,D,20200214,000000,102.53,102.53,102.53,102.53,100,0
BPO0626.PL,D,20200217,000000,102.7,102.7,102.7,102.7,100,0
BPO0626.PL,D,20200218,000000,102.7,102.7,102.6,102.6,124,0
BPO0626.PL,D,20200219,000000,102.65,102.65,102.65,102.65,169,0
BPO0626.PL,D,20200220,000000,102.65,102.65,102.35,102.35,376,0
BPO0626.PL,D,20200221,000000,102.35,102.7,102.35,102.7,158,0
BPO0626.PL,D,20200224,000000,102.35,102.35,102.35,102.35,217,0
BPO0626.PL,D,20200225,000000,102.01,102.01,102,102,170,0
BPO0626.PL,D,20200228,000000,102.05,102.75,102,102.75,417,0
BPO0626.PL,D,20200302,000000,102,102,101,101,874,0
BPO0626.PL,D,20200303,000000,101.49,101.49,101.49,101.49,85,0
BPO0626.PL,D,20200304,000000,101.49,101.5,101.41,101.41,294,0
BPO0626.PL,D,20200305,000000,101.12,101.26,101.12,101.25,559,0
BPO0626.PL,D,20200306,000000,101.35,101.35,101.35,101.35,15,0
BPO0626.PL,D,20200309,000000,101.69,101.75,101.69,101.75,195,0
BPO0626.PL,D,20200310,000000,101.7,101.7,101.36,101.36,134,0
BPO0626.PL,D,20200311,000000,101.35,101.35,100,100,1964,0
BPO0626.PL,D,20200312,000000,100,100,97,99,839,0
BPO0626.PL,D,20200313,000000,99,100.3,99,100.3,677,0
BPO0626.PL,D,20200316,000000,99.55,99.55,97,97.75,475,0
BPO0626.PL,D,20200317,000000,92.75,97.5,92.75,97.5,975,0
BPO0626.PL,D,20200318,000000,96.4,97.25,96.4,97.25,757,0
BPO0626.PL,D,20200319,000000,97.7,98.25,97.35,98.25,965,0
BPO0626.PL,D,20200320,000000,98.75,99.25,98.75,99.25,274,0
BPO0626.PL,D,20200323,000000,99,99,98,98,345,0
BPO0626.PL,D,20200324,000000,98.01,98.6,93.01,96,796,0
BPO0626.PL,D,20200325,000000,97,97,96.75,97,670,0
BPO0626.PL,D,20200326,000000,97.5,99,97.5,99,756,0
BPO0626.PL,D,20200327,000000,98.99,99,98.4,98.5,894,0
BPO0626.PL,D,20200330,000000,98.5,98.5,98.14,98.14,214,0
BPO0626.PL,D,20200331,000000,98.35,98.4,98.35,98.4,436,0
BPO0626.PL,D,20200401,000000,98.5,99.15,98.5,99.15,420,0
BPO0626.PL,D,20200402,000000,99.48,99.48,98.73,98.73,180,0
BPO0626.PL,D,20200403,000000,98.95,98.95,98.95,98.95,155,0
BPO0626.PL,D,20200406,000000,98.91,98.91,98.9,98.9,547,0
BPO0626.PL,D,20200407,000000,99.4,99.49,99.4,99.49,436,0
BPO0626.PL,D,20200408,000000,100,100,99.5,99.5,197,0
BPO0626.PL,D,20200409,000000,100.15,100.2,100.15,100.2,65,0
BPO0626.PL,D,20200414,000000,100,100.25,100,100.25,279,0
BPO0626.PL,D,20200415,000000,100.25,100.25,99.67,99.67,267,0
BPO0626.PL,D,20200417,000000,99.71,99.71,99.71,99.71,100,0
BPO0626.PL,D,20200422,000000,100,100,100,100,187,0
BPO0626.PL,D,20200423,000000,99.7,99.7,99.7,99.7,19,0
BPO0626.PL,D,20200427,000000,100,100,100,100,3,0
BPO0626.PL,D,20200428,000000,99.71,99.71,99.4,99.4,830,0
BPO0626.PL,D,20200429,000000,99.74,99.75,99.74,99.75,98,0
BPO0626.PL,D,20200430,000000,99.75,99.75,99.75,99.75,5,0
BPO0626.PL,D,20200504,000000,100,100.94,100,100.25,192,0
BPO0626.PL,D,20200505,000000,100.94,100.94,100.25,100.25,305,0
BPO0626.PL,D,20200507,000000,100.49,100.49,100.49,100.49,250,0
BPO0626.PL,D,20200508,000000,100,100.5,100,100,419,0
BPO0626.PL,D,20200511,000000,100.5,100.5,100.5,100.5,170,0
BPO0626.PL,D,20200512,000000,100.5,100.9,100.5,100.9,227,0
BPO0626.PL,D,20200513,000000,100.14,100.14,100.14,100.14,146,0
BPO0626.PL,D,20200514,000000,100.84,100.85,100.84,100.84,145,0
BPO0626.PL,D,20200515,000000,100.85,101,100.85,101,461,0
BPO0626.PL,D,20200518,000000,101.5,102,101.3,101.3,225,0
BPO0626.PL,D,20200520,000000,101.31,101.75,101.31,101.75,600,0
BPO0626.PL,D,20200521,000000,101.75,101.75,101.25,101.65,287,0
BPO0626.PL,D,20200525,000000,101.3,101.5,101.3,101.5,294,0
BPO0626.PL,D,20200526,000000,101.12,101.12,101.12,101.12,57,0
BPO0626.PL,D,20200528,000000,101.11,101.11,100.3,100.3,782,0
BPO0626.PL,D,20200529,000000,100.3,100.3,100.3,100.3,124,0
BPO0626.PL,D,20200601,000000,100.9,101,100.5,100.5,294,0
BPO0626.PL,D,20200603,000000,100.6,100.6,100.6,100.6,221,0
BPO0626.PL,D,20200604,000000,101.25,101.5,101.25,101.5,205,0
BPO0626.PL,D,20200609,000000,101.05,101.4,100.5,101.25,659,0
BPO0626.PL,D,20200610,000000,100.52,100.52,100.52,100.52,14,0
BPO0626.PL,D,20200615,000000,100.6,100.6,100.5,100.5,647,0
BPO0626.PL,D,20200617,000000,100.5,100.5,100.25,100.25,245,0
BPO0626.PL,D,20200619,000000,100.5,100.5,100.25,100.25,1781,0
BPO0626.PL,D,20200623,000000,100.01,100.01,100.01,100.01,519,0
BPO0626.PL,D,20200624,000000,100.01,100.01,99.8,99.8,587,0
BPO0626.PL,D,20200625,000000,99.81,100,99.81,99.9,377,0
BPO0626.PL,D,20200626,000000,100,100.44,99.9,99.9,595,0
BPO0626.PL,D,20200630,000000,100.01,100.01,100,100,502,0
BPO0626.PL,D,20200701,000000,100,100,100,100,470,0
BPO0626.PL,D,20200702,000000,100,100,100,100,199,0
BPO0626.PL,D,20200703,000000,100,100,100,100,135,0
BPO0626.PL,D,20200706,000000,100.4,100.4,100.1,100.1,251,0
BPO0626.PL,D,20200707,000000,100.4,100.4,100.1,100.1,129,0
BPO0626.PL,D,20200708,000000,100.1,100.1,100,100,118,0
BPO0626.PL,D,20200709,000000,100.1,100.1,100.1,100.1,223,0
BPO0626.PL,D,20200710,000000,100.1,100.1,100,100,534,0
BPO0626.PL,D,20200713,000000,100,100.1,100,100,1640,0
BPO0626.PL,D,20200714,000000,100,100,99.6,99.6,814,0
BPO0626.PL,D,20200715,000000,100,100,99.6,99.91,850,0
BPO0626.PL,D,20200716,000000,100.2,100.2,100.1,100.1,81,0
BPO0626.PL,D,20200717,000000,100.2,100.2,100.11,100.11,160,0
BPO0626.PL,D,20200720,000000,100.2,100.2,100,100,235,0
BPO0626.PL,D,20200721,000000,100.2,100.2,99.8,100.2,173,0
BPO0626.PL,D,20200722,000000,100.2,100.2,100.2,100.2,225,0
BPO0626.PL,D,20200723,000000,100.2,100.2,100.2,100.2,5,0
BPO0626.PL,D,20200724,000000,100.2,100.2,100.2,100.2,95,0
BPO0626.PL,D,20200727,000000,100.2,100.2,100.2,100.2,13,0
BPO0626.PL,D,20200728,000000,100.2,100.2,100.2,100.2,1,0
BPO0626.PL,D,20200729,000000,100.01,100.2,100.01,100.2,139,0
BPO0626.PL,D,20200730,000000,100.2,100.2,100.2,100.2,343,0
BPO0626.PL,D,20200731,000000,100.2,100.2,100.2,100.2,320,0
BPO0626.PL,D,20200803,000000,100.01,100.2,100.01,100.19,750,0
BPO0626.PL,D,20200804,000000,100.1,100.19,100.03,100.19,1082,0
BPO0626.PL,D,20200805,000000,100.04,100.04,100.01,100.01,1040,0
BPO0626.PL,D,20200806,000000,100.05,100.1,100.02,100.02,238,0
BPO0626.PL,D,20200810,000000,100.2,100.3,100.01,100.01,1288,0
BPO0626.PL,D,20200811,000000,100.3,100.3,100.3,100.3,100,0
BPO0626.PL,D,20200812,000000,100.4,101.88,100.4,100.5,750,0
BPO0626.PL,D,20200813,000000,100.59,100.59,100.59,100.59,109,0
BPO0626.PL,D,20200814,000000,101.13,101.87,100.59,100.59,1810,0
BPO0626.PL,D,20200817,000000,101.86,101.86,100.75,100.75,301,0
BPO0626.PL,D,20200818,000000,101.39,101.39,101.39,101.39,1,0
BPO0626.PL,D,20200819,000000,101,101,100.7,100.7,200,0
BPO0626.PL,D,20200820,000000,100.99,100.99,100.99,100.99,1,0
BPO0626.PL,D,20200821,000000,100.99,100.99,100.05,100.05,319,0
BPO0626.PL,D,20200824,000000,100.95,100.95,100.11,100.2,251,0
BPO0626.PL,D,20200825,000000,100.2,100.8,100.2,100.8,175,0
BPO0626.PL,D,20200826,000000,100.3,100.3,100.2,100.2,500,0
BPO0626.PL,D,20200827,000000,100.79,100.79,100.79,100.79,45,0
BPO0626.PL,D,20200828,000000,100.3,100.3,100.01,100.21,1446,0
BPO0626.PL,D,20200831,000000,100,100.05,100,100.05,1210,0
BPO0626.PL,D,20200901,000000,100.44,100.44,100.44,100.44,55,0
BPO0626.PL,D,20200902,000000,100.68,100.68,100,100,545,0
BPO0626.PL,D,20200903,000000,100.25,100.25,100.25,100.25,30,0
BPO0626.PL,D,20200904,000000,100.5,100.5,100.5,100.5,46,0
BPO0626.PL,D,20200907,000000,100.6,100.9,100.6,100.9,1255,0
BPO0626.PL,D,20200908,000000,101.25,101.25,100.9,100.9,310,0
BPO0626.PL,D,20200909,000000,101.24,101.24,101.05,101.05,401,0
BPO0626.PL,D,20200911,000000,101.2,101.85,101.2,101.85,348,0
BPO0626.PL,D,20200914,000000,101.28,101.28,101.27,101.27,105,0
BPO0626.PL,D,20200916,000000,101.8,101.8,101.8,101.8,52,0
BPO0626.PL,D,20200917,000000,101.28,101.28,101.25,101.25,545,0
BPO0626.PL,D,20200921,000000,101.27,101.27,100.9,100.9,815,0
BPO0626.PL,D,20200922,000000,101.1,101.1,101.1,101.1,382,0
BPO0626.PL,D,20200923,000000,101.1,101.1,100.75,101,2818,0
BPO0626.PL,D,20200924,000000,101.39,101.4,101.39,101.39,250,0
BPO0626.PL,D,20200930,000000,101.74,101.8,101.74,101.8,13,0
BPO0626.PL,D,20201005,000000,101.4,101.45,101.01,101.45,989,0
BPO0626.PL,D,20201006,000000,101.5,101.5,101.5,101.5,161,0
BPO0626.PL,D,20201008,000000,101.75,101.8,101.62,101.62,211,0
BPO0626.PL,D,20201012,000000,101.8,101.98,101.61,101.61,865,0
BPO0626.PL,D,20201015,000000,101.73,101.73,101.73,101.73,50,0
