<TICKER>,<PER>,<DATE>,<TIME>,<OPEN>,<HIGH>,<LOW>,<CLOSE>,<VOL>,<OPENINT>
GNO0424.PL,D,20171220,000000,91.9,91.9,91.9,91.9,10,0
GNO0424.PL,D,20171222,000000,92,92,92,92,16,0
GNO0424.PL,D,20171228,000000,92.6,92.6,92.6,92.6,9,0
GNO0424.PL,D,20180112,000000,93,93,93,93,10,0
GNO0424.PL,D,20180117,000000,93.49,93.49,93,93,29,0
GNO0424.PL,D,20180119,000000,93.49,93.5,93.49,93.5,38,0
GNO0424.PL,D,20180126,000000,93.5,93.5,93.5,93.5,12,0
GNO0424.PL,D,20180129,000000,93.5,94,93.5,94,23,0
GNO0424.PL,D,20180201,000000,94.4,94.4,94.4,94.4,30,0
GNO0424.PL,D,20180202,000000,94.4,94.4,94.4,94.4,19,0
GNO0424.PL,D,20180215,000000,94.5,94.5,94.4,94.4,34,0
GNO0424.PL,D,20180220,000000,94.5,94.5,94.5,94.5,28,0
GNO0424.PL,D,20180227,000000,96.5,96.5,96.5,96.5,4,0
GNO0424.PL,D,20180302,000000,97.5,97.5,97.5,97.5,10,0
GNO0424.PL,D,20180306,000000,98,98,98,98,161,0
GNO0424.PL,D,20180313,000000,97.5,97.5,97.5,97.5,48,0
GNO0424.PL,D,20180326,000000,97.5,97.5,97,97,150,0
GNO0424.PL,D,20180327,000000,97.5,97.5,97.5,97.5,20,0
GNO0424.PL,D,20180328,000000,96.9,96.9,96.9,96.9,33,0
GNO0424.PL,D,20180329,000000,96.9,96.9,96.9,96.9,17,0
GNO0424.PL,D,20180403,000000,97.5,97.5,97.5,97.5,5,0
GNO0424.PL,D,20180404,000000,96.8,96.8,96.8,96.8,10,0
GNO0424.PL,D,20180405,000000,96.8,96.8,96.8,96.8,10,0
GNO0424.PL,D,20180406,000000,97,97,97,97,31,0
GNO0424.PL,D,20180409,000000,97,97,97,97,98,0
GNO0424.PL,D,20180410,000000,98,98,98,98,68,0
GNO0424.PL,D,20180412,000000,98,98.5,98,98.5,30,0
GNO0424.PL,D,20180416,000000,97.8,97.8,97.8,97.8,30,0
GNO0424.PL,D,20180417,000000,96.8,96.8,96.5,96.5,75,0
GNO0424.PL,D,20180419,000000,97,97,95,95,55,0
GNO0424.PL,D,20180420,000000,95.05,96.8,95.05,95.05,35,0
GNO0424.PL,D,20180423,000000,95.1,95.1,93.6,93.6,53,0
GNO0424.PL,D,20180425,000000,90.1,90.1,89.9,89.95,48,0
GNO0424.PL,D,20180426,000000,91,91,89.9,89.95,25,0
GNO0424.PL,D,20180430,000000,91.8,91.99,91.8,91.99,4,0
GNO0424.PL,D,20180502,000000,92,92,92,92,9,0
GNO0424.PL,D,20180508,000000,93.99,93.99,93.99,93.99,4,0
GNO0424.PL,D,20180510,000000,94,94,94,94,10,0
GNO0424.PL,D,20180514,000000,94.2,94.2,94.2,94.2,5,0
GNO0424.PL,D,20180523,000000,90,91,89.9,91,51,0
GNO0424.PL,D,20180524,000000,91.99,91.99,91,91,15,0
GNO0424.PL,D,20180614,000000,92,92,92,92,4,0
GNO0424.PL,D,20180615,000000,91,91,91,91,19,0
GNO0424.PL,D,20180618,000000,88.8,88.8,88.8,88.8,5,0
GNO0424.PL,D,20180619,000000,88.8,88.8,88.8,88.8,7,0
GNO0424.PL,D,20180622,000000,92,92,85.1,86.5,63,0
GNO0424.PL,D,20180627,000000,85.1,85.1,84.99,84.99,27,0
GNO0424.PL,D,20180628,000000,84.99,84.99,84.99,84.99,10,0
GNO0424.PL,D,20180724,000000,89,89,89,89,10,0
GNO0424.PL,D,20180725,000000,90,90,90,90,4,0
GNO0424.PL,D,20180727,000000,90,90,90,90,10,0
GNO0424.PL,D,20180801,000000,90.5,90.5,90.5,90.5,10,0
GNO0424.PL,D,20180816,000000,93,93,93,93,4,0
GNO0424.PL,D,20180821,000000,91,91,91,91,3,0
GNO0424.PL,D,20180905,000000,89,89.5,89,89.5,40,0
GNO0424.PL,D,20180914,000000,84.5,84.5,84.5,84.5,10,0
GNO0424.PL,D,20181105,000000,82.4,82.4,82.4,82.4,42,0
GNO0424.PL,D,20181113,000000,86,86,80,80,12,0
GNO0424.PL,D,20181114,000000,78.5,78.5,72,73,53,0
GNO0424.PL,D,20181116,000000,69,69,60,60,6,0
GNO0424.PL,D,20181119,000000,45,45,45,45,21,0
GNO0424.PL,D,20181130,000000,59,59,59,59,1,0
GNO0424.PL,D,20190104,000000,81,81,81,81,7,0
GNO0424.PL,D,20190129,000000,83,83,83,83,23,0
GNO0424.PL,D,20190201,000000,82.5,82.5,82.5,82.5,6,0
GNO0424.PL,D,20190205,000000,83,83,83,83,4,0
GNO0424.PL,D,20190206,000000,83,83,83,83,2,0
GNO0424.PL,D,20190207,000000,83,83,82.5,82.5,20,0
GNO0424.PL,D,20190208,000000,83,83,83,83,9,0
GNO0424.PL,D,20190211,000000,85,87.5,85,87.5,3,0
GNO0424.PL,D,20190219,000000,83.5,83.5,83,83,36,0
GNO0424.PL,D,20190222,000000,83,83,83,83,2,0
GNO0424.PL,D,20190226,000000,78.5,78.5,78.5,78.5,21,0
GNO0424.PL,D,20190301,000000,82.5,83,82.5,83,6,0
GNO0424.PL,D,20190304,000000,83,83,83,83,9,0
GNO0424.PL,D,20190307,000000,83,83,83,83,2,0
GNO0424.PL,D,20190308,000000,83,83,83,83,3,0
GNO0424.PL,D,20190318,000000,84.4,84.5,84.4,84.5,15,0
GNO0424.PL,D,20190319,000000,84.5,84.5,83.99,84.5,6,0
GNO0424.PL,D,20190329,000000,84,84,84,84,1,0
GNO0424.PL,D,20190405,000000,84,84,84,84,1,0
GNO0424.PL,D,20190429,000000,84.5,84.5,84.5,84.5,3,0
GNO0424.PL,D,20190430,000000,77.5,77.5,74,75,32,0
GNO0424.PL,D,20190508,000000,80,80,80,80,2,0
GNO0424.PL,D,20190510,000000,81.5,81.5,81.5,81.5,11,0
GNO0424.PL,D,20190513,000000,81.5,81.5,81.5,81.5,1,0
GNO0424.PL,D,20190516,000000,73.5,73.5,72,72,11,0
GNO0424.PL,D,20190521,000000,72,72,72,72,5,0
GNO0424.PL,D,20190522,000000,72,72,71,71,15,0
GNO0424.PL,D,20190530,000000,70,70,70,70,5,0
GNO0424.PL,D,20190531,000000,69,69,68,68,9,0
GNO0424.PL,D,20190604,000000,66,66,66,66,4,0
GNO0424.PL,D,20190606,000000,65,65,65,65,4,0
GNO0424.PL,D,20190607,000000,63,63,62,62,8,0
GNO0424.PL,D,20190610,000000,61,70.5,61,70.5,16,0
GNO0424.PL,D,20190627,000000,61,70.5,61,70.5,16,0
GNO0424.PL,D,20190703,000000,70.7,70.7,70,70,12,0
GNO0424.PL,D,20190712,000000,61,61,61,61,11,0
GNO0424.PL,D,20190807,000000,65,65,65,65,21,0
GNO0424.PL,D,20190813,000000,65,65,65,65,21,0
GNO0424.PL,D,20190827,000000,69.9,70,69.9,70,30,0
GNO0424.PL,D,20190916,000000,75,75,75,75,16,0
GNO0424.PL,D,20191028,000000,79,80,79,80,25,0
GNO0424.PL,D,20191107,000000,75,75,75,75,10,0
GNO0424.PL,D,20191112,000000,78,78,78,78,6,0
GNO0424.PL,D,20191115,000000,79.5,79.5,79.5,79.5,40,0
GNO0424.PL,D,20191119,000000,79.5,79.5,79.5,79.5,34,0
GNO0424.PL,D,20191129,000000,80,80.1,80,80,24,0
GNO0424.PL,D,20191202,000000,85,85,85,85,16,0
GNO0424.PL,D,20191211,000000,85,85,85,85,16,0
GNO0424.PL,D,20191212,000000,80,80,80,80,10,0
GNO0424.PL,D,20191213,000000,83.12,83.12,83.12,83.12,10,0
GNO0424.PL,D,20191216,000000,83,83,83,83,9,0
GNO0424.PL,D,20200102,000000,76.01,76.01,76.01,76.01,8,0
GNO0424.PL,D,20200107,000000,85,85,85,85,10,0
GNO0424.PL,D,20200114,000000,85,85,85,85,10,0
GNO0424.PL,D,20200122,000000,83,85,76,85,14,0
GNO0424.PL,D,20200123,000000,84,84,84,84,4,0
GNO0424.PL,D,20200124,000000,84,84,84,84,6,0
GNO0424.PL,D,20200211,000000,83,83,83,83,8,0
GNO0424.PL,D,20200212,000000,83,83,83,83,8,0
GNO0424.PL,D,20200214,000000,79.5,79.5,79.5,79.5,18,0
GNO0424.PL,D,20200217,000000,80,80,79.5,79.5,18,0
GNO0424.PL,D,20200227,000000,78,78,78,78,8,0
GNO0424.PL,D,20200228,000000,78,78,75,75,48,0
GNO0424.PL,D,20200302,000000,78,78,78,78,14,0
GNO0424.PL,D,20200303,000000,76,76,76,76,8,0
GNO0424.PL,D,20200304,000000,76,76,75,75.5,28,0
GNO0424.PL,D,20200305,000000,75.5,76,75.5,76,30,0
GNO0424.PL,D,20200306,000000,76,77,76,77,5,0
GNO0424.PL,D,20200309,000000,77,77,77,77,5,0
GNO0424.PL,D,20200317,000000,72,72,72,72,12,0
GNO0424.PL,D,20200331,000000,75,75,75,75,10,0
GNO0424.PL,D,20200414,000000,80,80,80,80,2,0
GNO0424.PL,D,20200415,000000,80,80,80,80,3,0
GNO0424.PL,D,20200427,000000,74,74,74,74,7,0
GNO0424.PL,D,20200428,000000,74,74,71,71,11,0
GNO0424.PL,D,20200521,000000,78,78,78,78,3,0
GNO0424.PL,D,20200526,000000,78,78,78,78,45,0
GNO0424.PL,D,20200527,000000,78,78,78,78,41,0
GNO0424.PL,D,20200528,000000,78,80.49,78,80.49,10,0
GNO0424.PL,D,20200605,000000,80.49,80.49,80.49,80.49,5,0
GNO0424.PL,D,20200609,000000,80.49,80.49,80.49,80.49,3,0
GNO0424.PL,D,20200618,000000,80.5,80.5,80.5,80.5,2,0
GNO0424.PL,D,20200630,000000,81,81,81,81,10,0
GNO0424.PL,D,20200701,000000,84,84,84,84,10,0
GNO0424.PL,D,20200710,000000,83.9,83.99,83.9,83.99,47,0
GNO0424.PL,D,20200713,000000,84,84.5,84,84.5,20,0
GNO0424.PL,D,20200714,000000,85,85,85,85,10,0
GNO0424.PL,D,20200717,000000,85,85,85,85,10,0
GNO0424.PL,D,20200722,000000,83,83,83,83,25,0
GNO0424.PL,D,20200728,000000,83,83,83,83,8,0
GNO0424.PL,D,20200731,000000,80,80,80,80,31,0
GNO0424.PL,D,20200803,000000,81.95,81.95,81.95,81.95,2,0
GNO0424.PL,D,20200825,000000,81,81,81,81,20,0
GNO0424.PL,D,20200901,000000,82,82,82,82,4,0
GNO0424.PL,D,20200902,000000,82,82,82,82,6,0
GNO0424.PL,D,20200918,000000,80.3,80.3,80,80,24,0
GNO0424.PL,D,20200930,000000,74.99,74.99,74.99,74.99,1,0
