<TICKER>,<PER>,<DATE>,<TIME>,<OPEN>,<HIGH>,<LOW>,<CLOSE>,<VOL>,<OPENINT>
KRU0325.PL,D,20190528,000000,100.5,100.5,100.5,100.5,10,0
KRU0325.PL,D,20190530,000000,101,101,101,101,10,0
KRU0325.PL,D,20190611,000000,101.5,101.5,101.5,101.5,260,0
KRU0325.PL,D,20190612,000000,101.6,101.6,101.6,101.6,12,0
KRU0325.PL,D,20190625,000000,101.45,101.45,101.45,101.45,5,0
KRU0325.PL,D,20190626,000000,101.8,101.8,101.8,101.8,9,0
KRU0325.PL,D,20190627,000000,101.8,102,101.8,102,16,0
KRU0325.PL,D,20190703,000000,102.4,102.4,102.4,102.4,10,0
KRU0325.PL,D,20190705,000000,102,102,102,102,2,0
KRU0325.PL,D,20190716,000000,102.1,102.1,101,101,30,0
KRU0325.PL,D,20190729,000000,103,103,103,103,4,0
KRU0325.PL,D,20190730,000000,103.5,103.5,103.5,103.5,1,0
KRU0325.PL,D,20190813,000000,103.5,103.5,101.5,102,30,0
KRU0325.PL,D,20190821,000000,102.99,102.99,102.99,102.99,2,0
KRU0325.PL,D,20190827,000000,101.6,101.7,101.5,101.7,55,0
KRU0325.PL,D,20190828,000000,101.7,101.7,101.7,101.7,10,0
KRU0325.PL,D,20190830,000000,101.7,101.7,101.7,101.7,11,0
KRU0325.PL,D,20190903,000000,101.51,101.51,101.4,101.4,50,0
KRU0325.PL,D,20190904,000000,101.4,101.4,101.4,101.4,190,0
KRU0325.PL,D,20190905,000000,101.5,101.5,101.5,101.5,100,0
KRU0325.PL,D,20190916,000000,101.1,101.1,101,101.1,422,0
KRU0325.PL,D,20190917,000000,101.2,101.2,101.2,101.2,28,0
KRU0325.PL,D,20190918,000000,101.3,101.3,101.3,101.3,24,0
KRU0325.PL,D,20190919,000000,101.3,101.3,101.3,101.3,150,0
KRU0325.PL,D,20190920,000000,101.3,101.3,101.1,101.3,57,0
KRU0325.PL,D,20190923,000000,101.3,101.3,101.2,101.2,675,0
KRU0325.PL,D,20190924,000000,101.35,101.35,101.35,101.35,723,0
KRU0325.PL,D,20190925,000000,101.3,101.3,101.3,101.3,7,0
KRU0325.PL,D,20190926,000000,101.4,101.45,101.4,101.45,47,0
KRU0325.PL,D,20191002,000000,101.45,101.45,101.45,101.45,6,0
KRU0325.PL,D,20191007,000000,101.35,101.35,101.35,101.35,8,0
KRU0325.PL,D,20191008,000000,101.33,101.33,101.33,101.33,20,0
KRU0325.PL,D,20191016,000000,101.2,101.2,101.2,101.2,29,0
KRU0325.PL,D,20191017,000000,101.2,101.2,101.2,101.2,3,0
KRU0325.PL,D,20191018,000000,101.2,101.2,101.2,101.2,69,0
KRU0325.PL,D,20191021,000000,101.2,101.2,101.2,101.2,41,0
KRU0325.PL,D,20191022,000000,101.2,101.2,101.2,101.2,65,0
KRU0325.PL,D,20191023,000000,101.1,101.1,101.1,101.1,101,0
KRU0325.PL,D,20191024,000000,101.1,101.1,101.1,101.1,5,0
KRU0325.PL,D,20191025,000000,101.04,101.05,101.04,101.05,7,0
KRU0325.PL,D,20191028,000000,101.05,101.05,101,101,39,0
KRU0325.PL,D,20191029,000000,101,101,101,101,18,0
KRU0325.PL,D,20191030,000000,101.09,101.1,101.09,101.1,7,0
KRU0325.PL,D,20191031,000000,101,101,101,101,22,0
KRU0325.PL,D,20191105,000000,101.1,101.1,101.1,101.1,74,0
KRU0325.PL,D,20191106,000000,101.1,101.1,101.1,101.1,29,0
KRU0325.PL,D,20191108,000000,101.1,101.1,101.06,101.06,22,0
KRU0325.PL,D,20191112,000000,101.01,101.01,101.01,101.01,1,0
KRU0325.PL,D,20191113,000000,101.19,101.19,101.19,101.19,10,0
KRU0325.PL,D,20191115,000000,101.2,101.2,101.2,101.2,6,0
KRU0325.PL,D,20191120,000000,101.1,101.1,101.1,101.1,20,0
KRU0325.PL,D,20191121,000000,101.2,101.45,101.2,101.45,45,0
KRU0325.PL,D,20191122,000000,101.13,101.25,101.13,101.25,10,0
KRU0325.PL,D,20191128,000000,101.48,101.48,101.48,101.48,3,0
KRU0325.PL,D,20191129,000000,101.49,101.49,101.49,101.49,5,0
KRU0325.PL,D,20191203,000000,101.5,101.5,100.9,100.9,72,0
KRU0325.PL,D,20191209,000000,101.42,101.42,101.42,101.42,5,0
KRU0325.PL,D,20191210,000000,101.42,101.42,101.39,101.39,20,0
KRU0325.PL,D,20191211,000000,101.42,101.42,101.39,101.39,20,0
KRU0325.PL,D,20191213,000000,101.4,101.4,101.4,101.4,10,0
KRU0325.PL,D,20191217,000000,101.4,101.41,101.4,101.41,12,0
KRU0325.PL,D,20191219,000000,101.48,101.5,101.48,101.5,5,0
KRU0325.PL,D,20191223,000000,101.5,101.5,101.5,101.5,19,0
KRU0325.PL,D,20191227,000000,101.5,101.5,101.5,101.5,10,0
KRU0325.PL,D,20200103,000000,101.49,101.49,101.49,101.49,4,0
KRU0325.PL,D,20200107,000000,101.49,101.5,101.49,101.49,89,0
KRU0325.PL,D,20200109,000000,101.49,101.49,101.49,101.49,14,0
KRU0325.PL,D,20200110,000000,101.49,101.5,101.49,101.5,33,0
KRU0325.PL,D,20200113,000000,101.5,101.5,101.5,101.5,3,0
KRU0325.PL,D,20200116,000000,101.49,101.49,101.49,101.49,5,0
KRU0325.PL,D,20200120,000000,101.5,101.5,101.5,101.5,7,0
KRU0325.PL,D,20200123,000000,101.5,101.5,101.5,101.5,3,0
KRU0325.PL,D,20200128,000000,101.5,101.5,101.5,101.5,24,0
KRU0325.PL,D,20200129,000000,101.6,101.6,101.6,101.6,20,0
KRU0325.PL,D,20200131,000000,101.6,101.6,101.6,101.6,7,0
KRU0325.PL,D,20200203,000000,101.6,101.7,101.6,101.7,15,0
KRU0325.PL,D,20200204,000000,101.9,101.9,101.9,101.9,10,0
KRU0325.PL,D,20200205,000000,101.99,101.99,101.99,101.99,1,0
KRU0325.PL,D,20200206,000000,101.99,101.99,101.99,101.99,5,0
KRU0325.PL,D,20200207,000000,101.99,101.99,101.99,101.99,1,0
KRU0325.PL,D,20200212,000000,101.99,101.99,101.99,101.99,7,0
KRU0325.PL,D,20200213,000000,100.4,100.4,100.4,100.4,3,0
KRU0325.PL,D,20200214,000000,100.5,100.5,100.1,100.1,16,0
KRU0325.PL,D,20200224,000000,100.1,100.1,99.8,100,38,0
KRU0325.PL,D,20200228,000000,99.12,99.12,99.12,99.12,1,0
KRU0325.PL,D,20200309,000000,100.1,100.1,100.1,100.1,12,0
KRU0325.PL,D,20200311,000000,98.01,98.01,98.01,98.01,10,0
KRU0325.PL,D,20200312,000000,95,95,95,95,23,0
KRU0325.PL,D,20200313,000000,94.99,94.99,93.7,93.7,38,0
KRU0325.PL,D,20200316,000000,93.7,93.7,90,93.69,11,0
KRU0325.PL,D,20200318,000000,94.98,94.98,90,90,40,0
KRU0325.PL,D,20200319,000000,91,91,90,90,20,0
KRU0325.PL,D,20200320,000000,89,89,89,89,14,0
KRU0325.PL,D,20200324,000000,85,85,85,85,12,0
KRU0325.PL,D,20200325,000000,84.8,84.8,84.8,84.8,12,0
KRU0325.PL,D,20200326,000000,85,85,85,85,5,0
KRU0325.PL,D,20200327,000000,83,85,80,80,38,0
KRU0325.PL,D,20200330,000000,77.1,77.1,77,77,103,0
KRU0325.PL,D,20200331,000000,78,78,78,78,11,0
KRU0325.PL,D,20200402,000000,81,84.9,81,84.9,44,0
KRU0325.PL,D,20200406,000000,85,85,85,85,6,0
KRU0325.PL,D,20200407,000000,86.1,87.5,86.1,87.5,20,0
KRU0325.PL,D,20200409,000000,90,90,90,90,10,0
KRU0325.PL,D,20200414,000000,90,90,90,90,3,0
KRU0325.PL,D,20200423,000000,93,93,93,93,4,0
KRU0325.PL,D,20200427,000000,92.01,92.01,92,92,15,0
KRU0325.PL,D,20200505,000000,93.25,97.58,93.25,97.58,7,0
KRU0325.PL,D,20200506,000000,97.79,99,96.8,99,24,0
KRU0325.PL,D,20200507,000000,96,96,96,96,2,0
KRU0325.PL,D,20200511,000000,97.3,97.3,96,96,5,0
KRU0325.PL,D,20200512,000000,97.29,97.98,97.29,97.98,7,0
KRU0325.PL,D,20200519,000000,98.32,98.32,98.32,98.32,3,0
KRU0325.PL,D,20200522,000000,96,96,96,96,12,0
KRU0325.PL,D,20200526,000000,95,95,95,95,1,0
KRU0325.PL,D,20200601,000000,97.3,97.3,97.3,97.3,3,0
KRU0325.PL,D,20200604,000000,97.3,97.3,97.3,97.3,11,0
KRU0325.PL,D,20200609,000000,98.4,98.4,98,98,18,0
KRU0325.PL,D,20200624,000000,98.4,99.2,98.4,99.2,27,0
KRU0325.PL,D,20200715,000000,99.19,99.19,99.19,99.19,2,0
KRU0325.PL,D,20200717,000000,98.5,98.5,97.5,97.5,1001,0
KRU0325.PL,D,20200804,000000,98.3,98.3,98.15,98.3,33,0
KRU0325.PL,D,20200805,000000,98,98,98,98,3,0
KRU0325.PL,D,20200807,000000,98.1,98.1,98.1,98.1,1,0
KRU0325.PL,D,20200812,000000,98.99,98.99,98.99,98.99,51,0
KRU0325.PL,D,20200813,000000,98.99,99,98.99,98.99,282,0
KRU0325.PL,D,20200814,000000,99.1,99.1,99.1,99.1,1,0
KRU0325.PL,D,20200821,000000,99.05,99.05,99.05,99.05,1,0
KRU0325.PL,D,20200824,000000,99,99,99,99,10,0
KRU0325.PL,D,20200827,000000,98.99,98.99,98.99,98.99,55,0
KRU0325.PL,D,20200828,000000,99.05,99.05,99,99,38,0
KRU0325.PL,D,20200902,000000,99.39,99.4,99.39,99.4,152,0
KRU0325.PL,D,20200903,000000,99.9,99.9,99.9,99.9,9,0
KRU0325.PL,D,20200904,000000,99.9,100,99.9,100,13,0
KRU0325.PL,D,20200908,000000,99.8,99.8,99.8,99.8,20,0
KRU0325.PL,D,20200915,000000,99.95,99.95,99.95,99.95,4,0
KRU0325.PL,D,20200916,000000,99.95,99.95,99.95,99.95,2,0
KRU0325.PL,D,20200918,000000,100,100,100,100,2,0
KRU0325.PL,D,20200921,000000,99.2,99.2,99.2,99.2,11,0
KRU0325.PL,D,20200922,000000,99,99,99,99,6,0
KRU0325.PL,D,20200929,000000,100.29,100.29,100.29,100.29,3,0
KRU0325.PL,D,20201005,000000,100.3,100.3,100.3,100.3,7,0
KRU0325.PL,D,20201007,000000,100,100,100,100,1,0
KRU0325.PL,D,20201008,000000,100.3,100.3,100.3,100.3,2,0
KRU0325.PL,D,20201012,000000,100.1,100.5,100.1,100.5,6,0
KRU0325.PL,D,20201013,000000,100.5,100.5,100.5,100.5,1,0
KRU0325.PL,D,20201014,000000,100.5,100.5,100.5,100.5,10,0
KRU0325.PL,D,20201016,000000,100.5,100.51,100.5,100.51,2,0
