<TICKER>,<PER>,<DATE>,<TIME>,<OPEN>,<HIGH>,<LOW>,<CLOSE>,<VOL>,<OPENINT>
WZ0524.PL,D,20180412,000000,99.79,99.79,99.79,99.79,49,0
WZ0524.PL,D,20180509,000000,99.8,99.8,99.8,99.8,2,0
WZ0524.PL,D,20180704,000000,99.8,99.8,99.8,99.8,5,0
WZ0524.PL,D,20180713,000000,99.8,99.8,99.8,99.8,10,0
WZ0524.PL,D,20180807,000000,99.9,99.9,99.9,99.9,440,0
WZ0524.PL,D,20180911,000000,98.8,98.8,98.8,98.8,10,0
WZ0524.PL,D,20181002,000000,99,99,99,99,49,0
WZ0524.PL,D,20181015,000000,99.29,99.29,99.29,99.29,10,0
WZ0524.PL,D,20181022,000000,99.29,99.6,99.29,99.6,250,0
WZ0524.PL,D,20181030,000000,99.39,99.39,99.39,99.39,400,0
WZ0524.PL,D,20181113,000000,99.6,99.6,99.6,99.6,160,0
WZ0524.PL,D,20181114,000000,99.3,99.3,99.3,99.3,50,0
WZ0524.PL,D,20181120,000000,99.14,99.15,99.14,99.15,200,0
WZ0524.PL,D,20181121,000000,99.16,99.16,99.16,99.16,1204,0
WZ0524.PL,D,20181122,000000,99.12,99.12,99.12,99.12,1026,0
WZ0524.PL,D,20181123,000000,99.1,99.1,99.1,99.1,1573,0
WZ0524.PL,D,20181126,000000,99.12,99.12,99.12,99.12,709,0
WZ0524.PL,D,20181128,000000,99.19,99.19,99.19,99.19,765,0
WZ0524.PL,D,20181129,000000,99.3,99.3,99.3,99.3,5,0
WZ0524.PL,D,20181130,000000,99.6,99.6,99.34,99.34,1356,0
WZ0524.PL,D,20181203,000000,99.4,99.4,99.34,99.34,2742,0
WZ0524.PL,D,20181204,000000,99.34,99.34,99.34,99.34,312,0
WZ0524.PL,D,20181205,000000,99.3,99.3,99.3,99.3,175,0
WZ0524.PL,D,20181206,000000,99.3,99.3,99.3,99.3,1500,0
WZ0524.PL,D,20181207,000000,99.31,99.31,99.31,99.31,200,0
WZ0524.PL,D,20181211,000000,99.6,99.6,99.6,99.6,10,0
WZ0524.PL,D,20181219,000000,99.6,99.6,99.6,99.6,115,0
WZ0524.PL,D,20181220,000000,99.65,99.65,99.65,99.65,100,0
WZ0524.PL,D,20190102,000000,99.67,100.05,99.67,99.67,3110,0
WZ0524.PL,D,20190103,000000,99.62,99.62,99.62,99.62,1501,0
WZ0524.PL,D,20190107,000000,99.57,100,99.57,99.57,1116,0
WZ0524.PL,D,20190108,000000,99.54,99.54,99.54,99.54,4424,0
WZ0524.PL,D,20190109,000000,99.54,99.54,99.5,99.5,1509,0
WZ0524.PL,D,20190110,000000,99.51,99.51,99.51,99.51,3004,0
WZ0524.PL,D,20190111,000000,99.64,99.64,99.64,99.64,103,0
WZ0524.PL,D,20190115,000000,99.59,99.59,99.59,99.59,270,0
WZ0524.PL,D,20190116,000000,99.6,99.6,99.57,99.57,300,0
WZ0524.PL,D,20190122,000000,99.52,99.52,99.52,99.52,1102,0
WZ0524.PL,D,20190123,000000,99.52,99.55,99.52,99.55,521,0
WZ0524.PL,D,20190124,000000,99.58,99.58,99.58,99.58,430,0
WZ0524.PL,D,20190125,000000,99.58,99.58,99.58,99.58,1809,0
WZ0524.PL,D,20190128,000000,99.58,99.58,99.58,99.58,200,0
WZ0524.PL,D,20190130,000000,99.58,99.58,99.58,99.58,200,0
WZ0524.PL,D,20190131,000000,99.58,99.58,99.58,99.58,300,0
WZ0524.PL,D,20190204,000000,99.54,99.54,99.54,99.54,500,0
WZ0524.PL,D,20190205,000000,99.54,99.54,99.54,99.54,679,0
WZ0524.PL,D,20190207,000000,99.5,99.5,99.5,99.5,500,0
WZ0524.PL,D,20190208,000000,99.51,99.51,99.51,99.51,800,0
WZ0524.PL,D,20190213,000000,99.48,99.48,99.48,99.48,1003,0
WZ0524.PL,D,20190218,000000,99.9,99.9,99.9,99.9,6,0
WZ0524.PL,D,20190220,000000,99.4,99.4,99.4,99.4,1003,0
WZ0524.PL,D,20190222,000000,99.42,99.42,99.42,99.42,40,0
WZ0524.PL,D,20190227,000000,99.9,99.9,99.4,99.4,1592,0
WZ0524.PL,D,20190228,000000,99.37,99.37,99.37,99.37,1300,0
WZ0524.PL,D,20190305,000000,99.21,99.21,99.21,99.21,1002,0
WZ0524.PL,D,20190306,000000,99.5,99.5,99.5,99.5,400,0
WZ0524.PL,D,20190312,000000,99.18,99.18,99.18,99.18,504,0
WZ0524.PL,D,20190314,000000,99.19,99.19,99.19,99.19,400,0
WZ0524.PL,D,20190320,000000,99.15,99.15,99.15,99.15,581,0
WZ0524.PL,D,20190322,000000,99.8,99.8,99.4,99.4,400,0
WZ0524.PL,D,20190401,000000,99.1,99.1,99.1,99.1,801,0
WZ0524.PL,D,20190404,000000,99.1,99.1,99.1,99.1,160,0
WZ0524.PL,D,20190408,000000,99.1,99.1,99.1,99.1,201,0
WZ0524.PL,D,20190409,000000,99.1,99.1,99.1,99.1,200,0
WZ0524.PL,D,20190416,000000,99.38,99.38,99.38,99.38,600,0
WZ0524.PL,D,20190417,000000,99.4,99.4,99.4,99.4,149,0
WZ0524.PL,D,20190506,000000,99.2,99.2,99,99,160,0
WZ0524.PL,D,20190508,000000,98.97,98.97,98.9,98.9,140,0
WZ0524.PL,D,20190521,000000,99.15,99.15,99.1,99.15,5853,0
WZ0524.PL,D,20190522,000000,99.13,99.13,99.09,99.1,1053,0
WZ0524.PL,D,20190523,000000,99.09,99.09,99.09,99.09,1403,0
WZ0524.PL,D,20190524,000000,99.1,99.1,99.08,99.1,2341,0
WZ0524.PL,D,20190527,000000,99.1,99.1,99.1,99.1,327,0
WZ0524.PL,D,20190528,000000,99.1,99.1,99.1,99.1,503,0
WZ0524.PL,D,20190529,000000,99.1,99.21,99.1,99.21,4048,0
WZ0524.PL,D,20190530,000000,99.24,99.24,99.24,99.24,641,0
WZ0524.PL,D,20190531,000000,99.34,99.34,99.34,99.34,451,0
WZ0524.PL,D,20190604,000000,99.7,99.7,99.32,99.32,302,0
WZ0524.PL,D,20190605,000000,99.7,99.7,99.3,99.3,203,0
WZ0524.PL,D,20190606,000000,99.4,99.4,99.4,99.4,474,0
WZ0524.PL,D,20190607,000000,99.45,99.45,99.45,99.45,200,0
WZ0524.PL,D,20190610,000000,99.5,99.5,99.5,99.5,302,0
WZ0524.PL,D,20190611,000000,99.5,99.5,99.47,99.47,606,0
WZ0524.PL,D,20190613,000000,99.48,99.48,99.47,99.47,102,0
WZ0524.PL,D,20190617,000000,99.5,99.5,99.3,99.5,401,0
WZ0524.PL,D,20190618,000000,99.52,99.52,99.52,99.52,752,0
WZ0524.PL,D,20190619,000000,99.7,99.7,99.7,99.7,13,0
WZ0524.PL,D,20190621,000000,99.57,99.57,99.57,99.57,100,0
WZ0524.PL,D,20190624,000000,99.55,99.55,99.55,99.55,301,0
WZ0524.PL,D,20190625,000000,99.56,99.56,99.56,99.56,260,0
WZ0524.PL,D,20190626,000000,99.8,99.8,99.8,99.8,110,0
WZ0524.PL,D,20190627,000000,99.57,99.57,99.57,99.57,200,0
WZ0524.PL,D,20190628,000000,99.57,99.57,99.56,99.57,1710,0
WZ0524.PL,D,20190702,000000,99.57,99.57,99.57,99.57,250,0
WZ0524.PL,D,20190704,000000,99.57,99.57,99.57,99.57,107,0
WZ0524.PL,D,20190705,000000,99.57,99.57,99.57,99.57,101,0
WZ0524.PL,D,20190708,000000,99.57,99.57,99.57,99.57,30,0
WZ0524.PL,D,20190711,000000,99.59,99.59,99.59,99.59,451,0
WZ0524.PL,D,20190712,000000,99.59,99.59,99.59,99.59,1227,0
WZ0524.PL,D,20190715,000000,99.55,99.55,99.55,99.55,301,0
WZ0524.PL,D,20190716,000000,99.54,99.54,99.54,99.54,400,0
WZ0524.PL,D,20190717,000000,99.57,99.57,99.57,99.57,401,0
WZ0524.PL,D,20190719,000000,99.57,99.57,99.57,99.57,28,0
WZ0524.PL,D,20190724,000000,99.9,99.9,99.9,99.9,49,0
WZ0524.PL,D,20190725,000000,99.7,99.7,99.7,99.7,399,0
WZ0524.PL,D,20190729,000000,100,100,100,100,1,0
WZ0524.PL,D,20190730,000000,99.8,99.8,99.76,99.76,349,0
WZ0524.PL,D,20190805,000000,99.84,99.84,99.84,99.84,398,0
WZ0524.PL,D,20190821,000000,99.45,99.45,99.3,99.3,808,0
WZ0524.PL,D,20190827,000000,99.58,99.58,99.58,99.58,200,0
WZ0524.PL,D,20190829,000000,99.4,99.4,99.4,99.4,220,0
WZ0524.PL,D,20190903,000000,99.5,99.5,99.5,99.5,1500,0
WZ0524.PL,D,20190906,000000,99.46,99.48,99.46,99.48,211,0
WZ0524.PL,D,20190913,000000,99.45,99.45,99.45,99.45,30000,0
WZ0524.PL,D,20190916,000000,99.5,99.5,99.5,99.5,300,0
WZ0524.PL,D,20190917,000000,99.8,99.8,99.8,99.8,10,0
WZ0524.PL,D,20190919,000000,99.56,99.56,99.56,99.56,553,0
WZ0524.PL,D,20191004,000000,99.73,99.73,99.73,99.73,50,0
WZ0524.PL,D,20191008,000000,99.9,99.9,99.9,99.9,201,0
WZ0524.PL,D,20191016,000000,99.98,99.98,99.98,99.98,398,0
WZ0524.PL,D,20191017,000000,99.96,99.96,99.96,99.96,200,0
WZ0524.PL,D,20191018,000000,99.9,99.9,99.9,99.9,4700,0
WZ0524.PL,D,20191021,000000,99.98,99.98,99.98,99.98,101,0
WZ0524.PL,D,20191106,000000,100.2,100.2,100.2,100.2,98,0
WZ0524.PL,D,20191108,000000,100.1,100.1,100.1,100.1,5,0
WZ0524.PL,D,20191120,000000,99.97,99.97,99.97,99.97,30,0
WZ0524.PL,D,20191122,000000,100,100,100,100,53,0
WZ0524.PL,D,20191126,000000,100,100,100,100,286,0
WZ0524.PL,D,20191127,000000,99.75,99.75,99.75,99.75,150,0
WZ0524.PL,D,20191128,000000,99.85,99.85,99.85,99.85,200,0
WZ0524.PL,D,20191129,000000,99.90,99.90,99.90,99.90,51,0
WZ0524.PL,D,20191202,000000,99.9,99.9,99.7,99.7,160,0
WZ0524.PL,D,20191204,000000,99.9,99.9,99.9,99.9,101,0
WZ0524.PL,D,20191211,000000,99.9,99.9,99.62,99.8,2304,0
WZ0524.PL,D,20191213,000000,99.55,99.55,99.55,99.55,10,0
WZ0524.PL,D,20200102,000000,100,100,100,100,6,0
WZ0524.PL,D,20200103,000000,100.03,100.03,100,100,72,0
WZ0524.PL,D,20200107,000000,100.03,100.03,100.03,100.03,1,0
WZ0524.PL,D,20200108,000000,99.7,99.7,99.7,99.7,60,0
WZ0524.PL,D,20200109,000000,100.06,100.06,100.06,100.06,100,0
WZ0524.PL,D,20200127,000000,100.2,100.3,100.2,100.3,36,0
WZ0524.PL,D,20200212,000000,100.00,100.00,100.00,100.00,50,0
WZ0524.PL,D,20200228,000000,99.91,100.30,99.90,100.30,1501,0
WZ0524.PL,D,20200303,000000,99.70,99.70,99.60,99.60,251,0
WZ0524.PL,D,20200305,000000,100.20,100.20,100.20,100.20,30,0
WZ0524.PL,D,20200310,000000,99.65,99.65,99.60,99.60,460,0
WZ0524.PL,D,20200311,000000,100.20,100.20,99.65,99.65,210,0
WZ0524.PL,D,20200312,000000,99.00,99.00,99.00,99.00,11,0
WZ0524.PL,D,20200320,000000,98.00,98.00,98.00,98.00,4,0
WZ0524.PL,D,20200323,000000,99.10,99.10,99.10,99.10,200,0
WZ0524.PL,D,20200324,000000,99.29,99.29,99.29,99.29,81,0
WZ0524.PL,D,20200408,000000,98.65,98.65,98.65,98.65,252,0
WZ0524.PL,D,20200421,000000,99.40,99.40,99.40,99.40,1,0
WZ0524.PL,D,20200422,000000,99.50,99.50,99.50,99.50,1,0
WZ0524.PL,D,20200428,000000,99.05,99.55,99.05,99.55,250,0
WZ0524.PL,D,20200511,000000,99.50,99.50,99.50,99.50,2,0
WZ0524.PL,D,20200519,000000,99.50,99.50,99.50,99.50,70,0
WZ0524.PL,D,20200527,000000,99.35,99.35,99.35,99.35,251,0
WZ0524.PL,D,20200528,000000,99.30,99.40,99.30,99.40,100,0
WZ0524.PL,D,20200529,000000,99.40,99.40,99.40,99.40,503,0
WZ0524.PL,D,20200601,000000,99.40,99.40,99.40,99.40,3,0
WZ0524.PL,D,20200603,000000,99.65,99.65,99.65,99.65,401,0
WZ0524.PL,D,20200604,000000,100.10,100.10,100.10,100.10,2,0
WZ0524.PL,D,20200610,000000,99.57,99.57,99.57,99.57,2,0
WZ0524.PL,D,20200624,000000,99.60,99.60,99.60,99.60,3241,0
WZ0524.PL,D,20200626,000000,99.95,99.95,99.95,99.95,3,0
WZ0524.PL,D,20200708,000000,100.35,100.35,100.35,100.35,1,0
WZ0524.PL,D,20200715,000000,100.00,100.00,100.00,100.00,50,0
WZ0524.PL,D,20200716,000000,100.10,100.10,100.10,100.10,265,0
WZ0524.PL,D,20200722,000000,100.20,100.20,100.20,100.20,52,0
WZ0524.PL,D,20200818,000000,100.00,100.00,100.00,100.00,5240,0
WZ0524.PL,D,20200820,000000,100.1,100.27,100.1,100.27,1496,0
WZ0524.PL,D,20200916,000000,100.06,100.06,100.06,100.06,500,0
WZ0524.PL,D,20201001,000000,100.01,100.01,100.01,100.01,1500,0
WZ0524.PL,D,20201007,000000,100.01,100.01,100.01,100.01,10,0
WZ0524.PL,D,20201014,000000,100.02,100.02,100.02,100.02,199,0
