<TICKER>,<PER>,<DATE>,<TIME>,<OPEN>,<HIGH>,<LOW>,<CLOSE>,<VOL>,<OPENINT>
INTLCDR22392.PL,D,20181206,000000,3.07,3.07,2.97,2.97,2910,0
INTLCDR22392.PL,D,20181207,000000,2.95,2.95,2.95,2.95,2900,0
INTLCDR22392.PL,D,20181210,000000,2.76,2.76,2.76,2.76,15,0
INTLCDR22392.PL,D,20181211,000000,2.9,2.9,2.57,2.57,3000,0
INTLCDR22392.PL,D,20181212,000000,2.8,2.8,2.8,2.8,1000,0
INTLCDR22392.PL,D,20181213,000000,2.71,2.86,2.71,2.86,2330,0
INTLCDR22392.PL,D,20181214,000000,2.7,2.98,2.6,2.92,4840,0
INTLCDR22392.PL,D,20181217,000000,2.56,2.56,2.56,2.56,226,0
INTLCDR22392.PL,D,20181218,000000,2.05,2.81,2,2.81,3926,0
INTLCDR22392.PL,D,20181219,000000,2.94,3.7,2.94,3.62,15837,0
INTLCDR22392.PL,D,20181220,000000,3.43,3.55,3.43,3.51,11334,0
INTLCDR22392.PL,D,20181221,000000,3.62,3.9,3.5,3.5,2571,0
INTLCDR22392.PL,D,20181227,000000,3.97,3.97,3.23,3.23,6083,0
INTLCDR22392.PL,D,20181228,000000,2.85,2.85,2.82,2.82,1000,0
INTLCDR22392.PL,D,20190102,000000,3.57,3.57,3.57,3.57,2000,0
INTLCDR22392.PL,D,20190103,000000,3.44,3.44,3.2,3.2,3665,0
INTLCDR22392.PL,D,20190104,000000,3.44,3.52,3.4,3.5,1802,0
INTLCDR22392.PL,D,20190107,000000,3.74,3.84,3.74,3.82,2520,0
INTLCDR22392.PL,D,20190108,000000,3.9,4.05,3.76,3.76,2489,0
INTLCDR22392.PL,D,20190109,000000,4.05,4.87,4.05,4.8,10282,0
INTLCDR22392.PL,D,20190110,000000,4.75,5.69,4.5,5.56,14507,0
INTLCDR22392.PL,D,20190111,000000,5.65,6.15,4.93,4.94,19517,0
INTLCDR22392.PL,D,20190114,000000,4.59,4.65,4.31,4.46,14400,0
INTLCDR22392.PL,D,20190115,000000,4.64,4.77,4.37,4.69,16333,0
INTLCDR22392.PL,D,20190116,000000,4.83,5,4.83,5,2396,0
INTLCDR22392.PL,D,20190117,000000,5.04,5.57,5,5.42,6428,0
INTLCDR22392.PL,D,20190118,000000,5.7,5.8,5.59,5.6,5622,0
INTLCDR22392.PL,D,20190121,000000,5.55,5.73,5.55,5.57,2347,0
INTLCDR22392.PL,D,20190122,000000,5.97,5.97,5.66,5.66,487,0
INTLCDR22392.PL,D,20190123,000000,6.2,7.64,6.2,7.64,4358,0
INTLCDR22392.PL,D,20190124,000000,8.26,8.58,7.28,7.54,2316,0
INTLCDR22392.PL,D,20190125,000000,7.38,7.38,7.38,7.38,75,0
INTLCDR22392.PL,D,20190128,000000,7.11,7.15,7.11,7.15,1038,0
INTLCDR22392.PL,D,20190129,000000,7.59,7.59,7.59,7.59,135,0
INTLCDR22392.PL,D,20190130,000000,7.7,7.7,7.7,7.7,73,0
INTLCDR22392.PL,D,20190131,000000,7.88,7.88,7.6,7.6,2334,0
INTLCDR22392.PL,D,20190201,000000,7.49,7.49,7.49,7.49,159,0
INTLCDR22392.PL,D,20190204,000000,7.33,7.33,7.33,7.33,159,0
INTLCDR22392.PL,D,20190205,000000,7.47,7.47,7.47,7.47,400,0
INTLCDR22392.PL,D,20190206,000000,6.77,6.77,6.77,6.77,150,0
INTLCDR22392.PL,D,20190207,000000,6.09,6.6,6.09,6.3,561,0
INTLCDR22392.PL,D,20190208,000000,6.26,6.26,6.12,6.12,151,0
INTLCDR22392.PL,D,20190212,000000,6.28,6.28,6.02,6.02,3259,0
INTLCDR22392.PL,D,20190213,000000,5.87,6.42,5.84,6.22,5433,0
INTLCDR22392.PL,D,20190226,000000,6.44,6.44,6.44,6.44,200,0
INTLCDR22392.PL,D,20190312,000000,6.15,6.15,6.15,6.15,100,0
INTLCDR22392.PL,D,20190321,000000,6.81,6.81,6.81,6.81,1,0
INTLCDR22392.PL,D,20190322,000000,6.82,6.82,6.82,6.82,40,0
INTLCDR22392.PL,D,20190401,000000,9.11,9.11,9.11,9.11,211,0
INTLCDR22392.PL,D,20190402,000000,9.19,9.19,9.19,9.19,125,0
INTLCDR22392.PL,D,20190403,000000,10.19,10.19,10.14,10.14,340,0
INTLCDR22392.PL,D,20190404,000000,10.19,10.19,10.06,10.06,165,0
INTLCDR22392.PL,D,20190405,000000,8.6,8.82,8.6,8.82,375,0
INTLCDR22392.PL,D,20190408,000000,8.51,8.51,8.51,8.51,190,0
INTLCDR22392.PL,D,20190417,000000,8.5,8.5,8.5,8.5,100,0
INTLCDR22392.PL,D,20190418,000000,8.13,8.3,8.13,8.3,335,0
INTLCDR22392.PL,D,20190611,000000,10.46,10.46,10.43,10.43,2240,0
INTLCDR22392.PL,D,20190717,000000,10.39,10.39,10.2,10.2,62,0
INTLCDR22392.PL,D,20190802,000000,11.15,11.15,11.04,11.04,6700,0
INTLCDR22392.PL,D,20190806,000000,9.96,9.96,9.87,9.87,203,0
INTLCDR22392.PL,D,20190813,000000,10.31,10.31,10.31,10.31,448,0
INTLCDR22392.PL,D,20190902,000000,13.08,13.08,12.98,12.98,6700,0
INTLCDR22392.PL,D,20190904,000000,13.26,13.4,13.26,13.4,153,0
INTLCDR22392.PL,D,20191002,000000,12.02,12.02,12.02,12.02,100,0
INTLCDR22392.PL,D,20191010,000000,11.13,11.14,11.13,11.14,1000,0
INTLCDR22392.PL,D,20191011,000000,11.41,11.41,11.41,11.41,1000,0
INTLCDR22392.PL,D,20191015,000000,12.8,12.8,12.8,12.8,312,0
INTLCDR22392.PL,D,20191022,000000,11.49,11.49,11.49,11.49,111,0
INTLCDR22392.PL,D,20191025,000000,12.34,12.34,12.17,12.17,368,0
INTLCDR22392.PL,D,20191105,000000,13.59,13.59,13.59,13.59,111,0
INTLCDR22392.PL,D,20191108,000000,14.32,14.32,14.32,14.32,77,0
INTLCDR22392.PL,D,20191112,000000,13.9,13.9,13.9,13.9,77,0
INTLCDR22392.PL,D,20191113,000000,14.53,14.53,14.53,14.53,100,0
INTLCDR22392.PL,D,20191114,000000,14.17,14.17,14.17,14.17,117,0
INTLCDR22392.PL,D,20191122,000000,14.67,14.67,14.67,14.67,93,0
INTLCDR22392.PL,D,20200120,000000,15.53,15.53,15.53,15.53,3312,0
INTLCDR22392.PL,D,20200122,000000,15.53,15.53,15.53,15.53,20,0
INTLCDR22392.PL,D,20200207,000000,19.15,19.15,19.15,19.15,50,0
INTLCDR22392.PL,D,20200224,000000,20,20,20,20,205,0
INTLCDR22392.PL,D,20200312,000000,10.07,10.07,10.07,10.07,50,0
INTLCDR22392.PL,D,20200313,000000,11.23,12.68,11.23,12.68,150,0
INTLCDR22392.PL,D,20200318,000000,14.33,14.33,13.6,13.6,4100,0
INTLCDR22392.PL,D,20200408,000000,17.86,18.65,17.86,18.65,266,0
INTLCDR22392.PL,D,20200409,000000,20.56,20.56,20.56,20.56,266,0
INTLCDR22392.PL,D,20200429,000000,23.32,23.32,23.32,23.32,20,0
INTLCDR22392.PL,D,20200508,000000,23.3,23.3,23.3,23.3,50,0
