<TICKER>,<PER>,<DATE>,<TIME>,<OPEN>,<HIGH>,<LOW>,<CLOSE>,<VOL>,<OPENINT>
INTLPZU15941.PL,D,20180112,000000,22.92,22.92,22.92,22.92,39,0
INTLPZU15941.PL,D,20180116,000000,22.82,22.82,22.82,22.82,100,0
INTLPZU15941.PL,D,20180122,000000,23.39,23.39,23.39,23.39,100,0
INTLPZU15941.PL,D,20180123,000000,23.51,23.51,23.51,23.51,200,0
INTLPZU15941.PL,D,20180125,000000,23.82,24.03,23.82,24.01,400,0
INTLPZU15941.PL,D,20180126,000000,24.44,24.44,24.44,24.44,100,0
INTLPZU15941.PL,D,20180130,000000,23.04,23.04,23.04,23.04,200,0
INTLPZU15941.PL,D,20180131,000000,23.37,23.37,23.37,23.37,100,0
INTLPZU15941.PL,D,20180201,000000,21.34,21.34,21.34,21.34,200,0
INTLPZU15941.PL,D,20180202,000000,21.05,21.05,21.05,21.05,200,0
INTLPZU15941.PL,D,20180208,000000,20.75,20.75,20.75,20.75,39,0
INTLPZU15941.PL,D,20180511,000000,17.08,17.08,17.08,17.08,16,0
INTLPZU15941.PL,D,20181211,000000,21.25,21.32,21.25,21.32,94,0
INTLPZU15941.PL,D,20200309,000000,10.45,10.45,10.45,10.45,165,0
INTLPZU15941.PL,D,20200310,000000,10.8,10.8,10.8,10.8,165,0
INTLPZU15941.PL,D,20200312,000000,7.13,7.68,6.82,6.82,438,0
INTLPZU15941.PL,D,20200313,000000,6.02,6.8,6.02,6.8,78,0
INTLPZU15941.PL,D,20200316,000000,3.35,5.14,3.07,5.05,32240,0
INTLPZU15941.PL,D,20200317,000000,7.07,8.97,6.03,7.8,8949,0
INTLPZU15941.PL,D,20200318,000000,6.81,8.58,6.78,7.07,6012,0
INTLPZU15941.PL,D,20200319,000000,9.15,10.71,9.15,10.71,901,0
INTLPZU15941.PL,D,20200320,000000,11.4,11.4,9.06,9.06,516,0
INTLPZU15941.PL,D,20200323,000000,7.5,8.57,7.18,7.18,1116,0
INTLPZU15941.PL,D,20200324,000000,8.19,8.2,7.56,8.07,27834,0
INTLPZU15941.PL,D,20200325,000000,8.44,8.44,6.89,7,7665,0
INTLPZU15941.PL,D,20200326,000000,6.71,9.1,6.71,8.81,32492,0
INTLPZU15941.PL,D,20200327,000000,9.03,9.63,9.03,9.63,1840,0
INTLPZU15941.PL,D,20200330,000000,8.69,9.68,8.69,9.68,560,0
INTLPZU15941.PL,D,20200331,000000,9.41,10.34,9.25,10.34,340,0
INTLPZU15941.PL,D,20200401,000000,10.36,10.36,10.3,10.3,700,0
INTLPZU15941.PL,D,20200402,000000,9,9.13,8.9,9.13,820,0
INTLPZU15941.PL,D,20200403,000000,8.99,8.99,8.99,8.99,60,0
INTLPZU15941.PL,D,20200408,000000,7.92,7.92,7.92,7.92,100,0
INTLPZU15941.PL,D,20200421,000000,9.79,9.79,9.49,9.49,370,0
INTLPZU15941.PL,D,20200506,000000,7.6,7.6,7.6,7.6,1323,0
INTLPZU15941.PL,D,20200511,000000,9.04,9.11,8.52,8.52,1908,0
INTLPZU15941.PL,D,20200512,000000,8.44,8.6,8.44,8.6,180,0
INTLPZU15941.PL,D,20200514,000000,7.77,7.77,7.77,7.77,642,0
INTLPZU15941.PL,D,20200515,000000,7.73,7.73,7.73,7.73,300,0
INTLPZU15941.PL,D,20200518,000000,7.75,7.75,7.75,7.75,100,0
INTLPZU15941.PL,D,20200521,000000,7.9,7.9,7.9,7.9,600,0
INTLPZU15941.PL,D,20200525,000000,7.88,7.88,7.88,7.88,127,0
INTLPZU15941.PL,D,20200526,000000,8.56,8.56,8.56,8.56,150,0
INTLPZU15941.PL,D,20200527,000000,9.4,9.4,9.21,9.21,1377,0
INTLPZU15941.PL,D,20200608,000000,11,11,11,11,127,0
INTLPZU15941.PL,D,20200619,000000,8.84,8.84,8.84,8.84,200,0
INTLPZU15941.PL,D,20200702,000000,8.25,8.25,8.25,8.25,100,0
INTLPZU15941.PL,D,20200730,000000,6.53,6.53,5.85,5.85,2021,0
INTLPZU15941.PL,D,20200806,000000,6.38,6.38,6.17,6.17,283,0
INTLPZU15941.PL,D,20200807,000000,5.8,5.88,5.8,5.88,500,0
INTLPZU15941.PL,D,20200811,000000,6.25,6.25,6.25,6.25,400,0
INTLPZU15941.PL,D,20200814,000000,7.26,7.26,7.26,7.26,150,0
INTLPZU15941.PL,D,20200826,000000,6.56,6.56,6.56,6.56,600,0
INTLPZU15941.PL,D,20200831,000000,6.04,6.04,6.04,6.04,300,0
INTLPZU15941.PL,D,20200904,000000,5.66,5.66,5.66,5.66,200,0
INTLPZU15941.PL,D,20200908,000000,5.3,5.3,5.3,5.3,150,0
INTLPZU15941.PL,D,20200909,000000,5.9,5.9,5.9,5.9,200,0
INTLPZU15941.PL,D,20200910,000000,6.52,6.52,6.52,6.52,150,0
INTLPZU15941.PL,D,20200917,000000,5.71,5.71,5.71,5.71,300,0
INTLPZU15941.PL,D,20200921,000000,4.95,4.95,4.15,4.15,1166,0
INTLPZU15941.PL,D,20200924,000000,3.74,3.74,3.37,3.37,954,0
INTLPZU15941.PL,D,20200925,000000,3.4,3.4,3.17,3.17,3200,0
INTLPZU15941.PL,D,20200928,000000,3.87,3.87,3.87,3.87,200,0
INTLPZU15941.PL,D,20200929,000000,3.67,3.67,3.58,3.58,200,0
INTLPZU15941.PL,D,20200930,000000,3.4,3.4,3.4,3.4,100,0
INTLPZU15941.PL,D,20201002,000000,3.04,3.26,2.8,3.14,4924,0
INTLPZU15941.PL,D,20201005,000000,3.7,3.7,3.7,3.7,820,0
INTLPZU15941.PL,D,20201006,000000,4.27,4.61,4.27,4.56,1798,0
INTLPZU15941.PL,D,20201007,000000,4.1,4.3,4.04,4.3,3330,0
INTLPZU15941.PL,D,20201008,000000,4.62,4.62,3.99,3.99,3585,0
INTLPZU15941.PL,D,20201009,000000,3.9,3.9,3.6,3.6,2639,0
INTLPZU15941.PL,D,20201012,000000,3.55,3.55,3.15,3.15,610,0
INTLPZU15941.PL,D,20201013,000000,2.99,3.15,2.71,3,2240,0
INTLPZU15941.PL,D,20201014,000000,3,3,2.66,2.91,3695,0
INTLPZU15941.PL,D,20201015,000000,2.39,2.39,1.68,1.7,5443,0
