<TICKER>,<PER>,<DATE>,<TIME>,<OPEN>,<HIGH>,<LOW>,<CLOSE>,<VOL>,<OPENINT>
INTLDAX32821.PL,D,20200625,000000,13.2,22.9,12.2,21.5,16047,0
INTLDAX32821.PL,D,20200626,000000,26.4,28.5,17.02,17.02,15310,0
INTLDAX32821.PL,D,20200629,000000,16.96,26.35,15.7,25.9,67635,0
INTLDAX32821.PL,D,20200630,000000,25.55,26.95,22,25.3,66068,0
INTLDAX32821.PL,D,20200701,000000,27.7,28.15,17.48,25.2,61334,0
INTLDAX32821.PL,D,20200702,000000,30.6,42.2,30.6,40.35,38235,0
INTLDAX32821.PL,D,20200703,000000,41.3,41.85,34.55,35.5,17897,0
INTLDAX32821.PL,D,20200706,000000,46.75,50.6,42.35,44.35,31338,0
INTLDAX32821.PL,D,20200707,000000,41.05,42.5,37.2,38.4,18633,0
INTLDAX32821.PL,D,20200708,000000,37.2,41.6,35.5,37.15,11453,0
INTLDAX32821.PL,D,20200709,000000,40.75,44,37.65,37.8,17448,0
INTLDAX32821.PL,D,20200710,000000,32.2,40.5,31.6,40.5,17372,0
INTLDAX32821.PL,D,20200713,000000,48,49.55,43.6,46,33777,0
INTLDAX32821.PL,D,20200714,000000,41.2,42.25,36.65,41.9,33258,0
INTLDAX32821.PL,D,20200715,000000,49.2,56.5,47.35,56.5,12090,0
INTLDAX32821.PL,D,20200716,000000,51.2,53,48.65,53,4840,0
INTLDAX32821.PL,D,20200717,000000,53.8,54.2,51.6,53.5,4969,0
INTLDAX32821.PL,D,20200720,000000,49.9,57,49,55,1105,0
INTLDAX32821.PL,D,20200721,000000,67.2,69.8,67.2,67.6,78,0
INTLDAX32821.PL,D,20200722,000000,64.5,64.5,61.7,62,311,0
INTLDAX32821.PL,D,20200723,000000,65.1,65.1,59.4,60.7,338,0
INTLDAX32821.PL,D,20200724,000000,48.05,50.8,48.05,49.5,256,0
INTLDAX32821.PL,D,20200727,000000,49.75,49.75,49.5,49.5,155,0
INTLDAX32821.PL,D,20200728,000000,51,51,47.4,47.4,33,0
INTLDAX32821.PL,D,20200730,000000,39.3,39.3,23.4,24.85,7733,0
INTLDAX32821.PL,D,20200731,000000,28.55,33.4,27.65,27.65,3958,0
INTLDAX32821.PL,D,20200803,000000,28.85,42,28.85,42,1170,0
INTLDAX32821.PL,D,20200804,000000,43.6,43.6,36.15,38.45,285,0
INTLDAX32821.PL,D,20200805,000000,44.3,44.3,41.4,42.95,259,0
INTLDAX32821.PL,D,20200806,000000,40.15,45.15,35,37.3,2632,0
INTLDAX32821.PL,D,20200807,000000,36.5,41.85,36.5,41,1162,0
INTLDAX32821.PL,D,20200810,000000,42.1,44,39.9,40.55,2316,0
INTLDAX32821.PL,D,20200811,000000,53,56.6,53,55.2,469,0
INTLDAX32821.PL,D,20200812,000000,51.8,55.5,51.8,55.5,320,0
INTLDAX32821.PL,D,20200813,000000,56.3,56.3,54.6,54.6,280,0
INTLDAX32821.PL,D,20200814,000000,46.8,50.5,46.8,50.5,229,0
INTLDAX32821.PL,D,20200817,000000,51.6,51.6,51.6,51.6,139,0
INTLDAX32821.PL,D,20200818,000000,54,54,54,54,47,0
INTLDAX32821.PL,D,20200819,000000,50.1,53,49.65,53,565,0
INTLDAX32821.PL,D,20200820,000000,47.55,49,45.6,47.35,816,0
INTLDAX32821.PL,D,20200821,000000,49.15,49.9,40.1,44.2,2777,0
INTLDAX32821.PL,D,20200824,000000,51.8,57.7,51.8,55,589,0
INTLDAX32821.PL,D,20200825,000000,63.1,63.1,60.5,60.5,83,0
INTLDAX32821.PL,D,20200826,000000,60.9,60.9,60.9,60.9,125,0
INTLDAX32821.PL,D,20200827,000000,61.4,62.8,61.4,62.8,246,0
INTLDAX32821.PL,D,20200828,000000,55,58.2,54.8,57.6,690,0
INTLDAX32821.PL,D,20200901,000000,49,49,49,49,30,0
INTLDAX32821.PL,D,20200902,000000,59,66.2,59,66.2,403,0
INTLDAX32821.PL,D,20200903,000000,73.9,73.9,71,71,19,0
INTLDAX32821.PL,D,20200904,000000,58.3,58.3,58.3,58.3,150,0
INTLDAX32821.PL,D,20200907,000000,54,54,54,54,311,0
INTLDAX32821.PL,D,20200908,000000,57.7,57.7,50.6,50.6,1073,0
INTLDAX32821.PL,D,20200909,000000,59.9,65,57.2,64.7,350,0
INTLDAX32821.PL,D,20200910,000000,66.7,66.7,66.7,66.7,30,0
INTLDAX32821.PL,D,20200911,000000,65.6,65.6,63.5,63.5,340,0
INTLDAX32821.PL,D,20200914,000000,62.6,63.5,62.6,63.3,190,0
INTLDAX32821.PL,D,20200915,000000,63.9,64.4,63.9,64.4,140,0
INTLDAX32821.PL,D,20200916,000000,64.9,64.9,62.6,62.6,130,0
INTLDAX32821.PL,D,20200918,000000,63.4,65.4,63.4,65.4,66,0
INTLDAX32821.PL,D,20200921,000000,49,49,33.9,33.9,579,0
INTLDAX32821.PL,D,20200922,000000,37.95,37.95,37.95,37.95,100,0
INTLDAX32821.PL,D,20200923,000000,43,46,42,42,412,0
INTLDAX32821.PL,D,20200925,000000,34.8,34.8,25.65,28.5,974,0
INTLDAX32821.PL,D,20200928,000000,44.15,49,44.15,49,192,0
INTLDAX32821.PL,D,20200929,000000,45.8,46.6,45,45,31,0
INTLDAX32821.PL,D,20200930,000000,43.25,46.5,41.7,46.5,664,0
INTLDAX32821.PL,D,20201001,000000,45.25,46.35,39.3,42.15,379,0
INTLDAX32821.PL,D,20201002,000000,36.5,38.4,33.7,36.95,404,0
INTLDAX32821.PL,D,20201005,000000,45.4,45.4,43.6,44.75,462,0
INTLDAX32821.PL,D,20201006,000000,47.2,49.3,44.2,49.3,463,0
INTLDAX32821.PL,D,20201007,000000,47,47,47,47,24,0
INTLDAX32821.PL,D,20201008,000000,55.3,55.3,53.2,53.2,37,0
INTLDAX32821.PL,D,20201009,000000,54.8,55.5,54,54,263,0
INTLDAX32821.PL,D,20201012,000000,56.7,59.4,56.7,59.4,238,0
INTLDAX32821.PL,D,20201013,000000,58,58,53.5,53.5,34,0
INTLDAX32821.PL,D,20201014,000000,55.8,55.8,53.3,55.7,72,0
INTLDAX32821.PL,D,20201015,000000,39.4,39.6,38.9,39.6,119,0
INTLDAX32821.PL,D,20201016,000000,43.85,46.1,42.9,46.1,283,0
