<TICKER>,<PER>,<DATE>,<TIME>,<OPEN>,<HIGH>,<LOW>,<CLOSE>,<VOL>,<OPENINT>
INTSJSW25957.PL,D,20191115,000000,10.55,10.55,10.55,10.55,40,0
INTSJSW25957.PL,D,20191118,000000,10.65,10.65,10.23,10.47,139,0
INTSJSW25957.PL,D,20191119,000000,10.62,10.62,10.62,10.62,411,0
INTSJSW25957.PL,D,20191120,000000,10.76,10.76,10.76,10.76,46,0
INTSJSW25957.PL,D,20191121,000000,10.7,10.7,10.52,10.52,139,0
INTSJSW25957.PL,D,20191126,000000,10.95,10.95,9.95,9.95,900,0
INTSJSW25957.PL,D,20191127,000000,9.51,9.51,9.51,9.51,411,0
INTSJSW25957.PL,D,20191129,000000,10.45,10.45,10.13,10.13,335,0
INTSJSW25957.PL,D,20191203,000000,10.74,10.74,10.7,10.7,146,0
INTSJSW25957.PL,D,20191204,000000,11.92,12.15,11.92,12.15,383,0
INTSJSW25957.PL,D,20191205,000000,11.96,12.56,11.91,11.91,485,0
INTSJSW25957.PL,D,20191206,000000,11.53,11.64,11.53,11.64,1600,0
INTSJSW25957.PL,D,20191209,000000,10.83,10.83,10.83,10.83,800,0
INTSJSW25957.PL,D,20191210,000000,10.51,10.51,10.51,10.51,12,0
INTSJSW25957.PL,D,20191212,000000,10.3,10.3,10.3,10.3,50,0
INTSJSW25957.PL,D,20191220,000000,10.85,10.85,10.85,10.85,2,0
INTSJSW25957.PL,D,20200102,000000,7.97,7.97,7.19,7.48,2095,0
INTSJSW25957.PL,D,20200103,000000,7.25,7.37,7.25,7.37,520,0
INTSJSW25957.PL,D,20200107,000000,6.59,6.89,6.57,6.87,900,0
INTSJSW25957.PL,D,20200108,000000,6.09,9.06,5.61,9.06,12056,0
INTSJSW25957.PL,D,20200109,000000,8.32,9.41,8.26,8.48,7734,0
INTSJSW25957.PL,D,20200110,000000,8.2,8.2,8.1,8.18,850,0
INTSJSW25957.PL,D,20200113,000000,8.12,8.12,8.12,8.12,250,0
INTSJSW25957.PL,D,20200114,000000,7.55,7.55,6.79,6.79,11150,0
INTSJSW25957.PL,D,20200115,000000,7.05,7.39,7.03,7.37,7650,0
INTSJSW25957.PL,D,20200116,000000,8,8,7.93,7.93,939,0
INTSJSW25957.PL,D,20200117,000000,7.97,8.44,7.97,8.44,1915,0
INTSJSW25957.PL,D,20200120,000000,9.34,9.34,9.34,9.34,1000,0
INTSJSW25957.PL,D,20200121,000000,9.6,10,9.16,9.6,6730,0
INTSJSW25957.PL,D,20200122,000000,9.65,9.9,9.36,9.89,11000,0
INTSJSW25957.PL,D,20200123,000000,10.21,10.46,10.08,10.24,1574,0
INTSJSW25957.PL,D,20200124,000000,10.4,10.4,10.4,10.4,200,0
INTSJSW25957.PL,D,20200127,000000,10.75,11.75,10.75,11.53,3100,0
INTSJSW25957.PL,D,20200128,000000,11.6,11.65,10.9,10.9,1780,0
INTSJSW25957.PL,D,20200129,000000,10.2,10.76,10.2,10.76,880,0
INTSJSW25957.PL,D,20200130,000000,11.39,11.39,11.34,11.34,446,0
INTSJSW25957.PL,D,20200131,000000,11.84,12.19,11.84,12.11,2425,0
INTSJSW25957.PL,D,20200203,000000,12.71,13.08,12.71,13.08,2200,0
INTSJSW25957.PL,D,20200207,000000,12.23,12.3,12.06,12.3,1180,0
INTSJSW25957.PL,D,20200210,000000,12.35,12.44,12.35,12.44,1160,0
INTSJSW25957.PL,D,20200211,000000,12.52,12.52,12.48,12.48,240,0
INTSJSW25957.PL,D,20200213,000000,12.65,12.65,12.65,12.65,150,0
INTSJSW25957.PL,D,20200214,000000,12.87,12.87,12.87,12.87,150,0
INTSJSW25957.PL,D,20200217,000000,12.78,12.78,12.78,12.78,1400,0
INTSJSW25957.PL,D,20200219,000000,13.46,13.65,13.33,13.33,670,0
INTSJSW25957.PL,D,20200220,000000,14.22,14.58,14.22,14.58,646,0
INTSJSW25957.PL,D,20200221,000000,15.18,15.18,14.78,14.86,1800,0
INTSJSW25957.PL,D,20200225,000000,16.29,16.49,16.29,16.41,266,0
INTSJSW25957.PL,D,20200226,000000,17,17,16.63,16.63,550,0
INTSJSW25957.PL,D,20200227,000000,16.89,17.54,16.89,17.54,550,0
INTSJSW25957.PL,D,20200228,000000,18.45,18.55,17.36,17.36,1111,0
INTSJSW25957.PL,D,20200302,000000,16.63,16.63,16.63,16.63,100,0
INTSJSW25957.PL,D,20200303,000000,15.97,15.97,15.97,15.97,400,0
INTSJSW25957.PL,D,20200305,000000,16.06,16.06,16.06,16.06,200,0
INTSJSW25957.PL,D,20200309,000000,18.23,18.23,18.23,18.23,100,0
INTSJSW25957.PL,D,20200311,000000,19.44,19.44,19.44,19.44,100,0
INTSJSW25957.PL,D,20200312,000000,21.21,21.21,21.21,21.21,100,0
INTSJSW25957.PL,D,20200527,000000,15.32,15.32,15.32,15.32,65,0
INTSJSW25957.PL,D,20200529,000000,15.19,15.19,14.35,14.35,89,0
INTSJSW25957.PL,D,20200602,000000,12.42,12.42,12.42,12.42,134,0
INTSJSW25957.PL,D,20200603,000000,11.72,12.12,11.72,12,225,0
INTSJSW25957.PL,D,20200604,000000,11.44,11.46,10.7,10.76,3680,0
INTSJSW25957.PL,D,20200605,000000,10.38,10.54,9.14,9.25,15417,0
INTSJSW25957.PL,D,20200608,000000,8.91,11.74,8.91,11.26,20892,0
INTSJSW25957.PL,D,20200609,000000,11.54,12.76,10.28,10.4,16562,0
INTSJSW25957.PL,D,20200610,000000,10.4,11.14,10.02,10.4,7913,0
INTSJSW25957.PL,D,20200612,000000,11.52,11.54,10.7,10.84,5405,0
INTSJSW25957.PL,D,20200615,000000,11.7,11.88,11.2,11.6,5002,0
INTSJSW25957.PL,D,20200616,000000,10.48,10.96,10.48,10.66,31912,0
INTSJSW25957.PL,D,20200617,000000,10.76,11.88,10.68,11.88,7115,0
INTSJSW25957.PL,D,20200618,000000,11.94,12.36,11.5,12,3514,0
INTSJSW25957.PL,D,20200619,000000,11.78,11.8,11.48,11.48,32789,0
INTSJSW25957.PL,D,20200622,000000,11.5,11.5,10.96,10.96,1141,0
INTSJSW25957.PL,D,20200623,000000,10.02,10.6,9.7,10.6,2961,0
INTSJSW25957.PL,D,20200625,000000,11.7,11.88,11.32,11.32,1018,0
INTSJSW25957.PL,D,20200626,000000,11.84,11.84,11.84,11.84,100,0
INTSJSW25957.PL,D,20200629,000000,11.8,12.12,11.8,11.96,770,0
INTSJSW25957.PL,D,20200630,000000,11.84,11.84,11.66,11.72,2300,0
INTSJSW25957.PL,D,20200702,000000,11.62,11.74,11.44,11.44,1262,0
INTSJSW25957.PL,D,20200706,000000,10.7,10.86,10.64,10.64,1507,0
INTSJSW25957.PL,D,20200707,000000,10.62,10.62,10.62,10.62,1382,0
INTSJSW25957.PL,D,20200708,000000,10.46,10.58,10.46,10.58,1150,0
INTSJSW25957.PL,D,20200709,000000,10.32,10.32,10.32,10.32,7,0
INTSJSW25957.PL,D,20200710,000000,11.36,11.46,11,11,1629,0
INTSJSW25957.PL,D,20200713,000000,10.2,10.42,10.06,10.3,908,0
INTSJSW25957.PL,D,20200714,000000,10.46,11.2,10.46,11.16,1058,0
INTSJSW25957.PL,D,20200717,000000,11.18,11.18,11.18,11.18,1400,0
INTSJSW25957.PL,D,20200720,000000,10.9,10.9,10.9,10.9,153,0
INTSJSW25957.PL,D,20200721,000000,10.6,10.8,10.6,10.76,250,0
INTSJSW25957.PL,D,20200722,000000,10.64,10.64,10.64,10.64,399,0
INTSJSW25957.PL,D,20200723,000000,11.02,11.02,11.02,11.02,200,0
INTSJSW25957.PL,D,20200724,000000,11.16,11.16,11.16,11.16,600,0
INTSJSW25957.PL,D,20200727,000000,11.3,11.3,11.3,11.3,46,0
INTSJSW25957.PL,D,20200728,000000,11.72,12.16,11.72,11.9,6200,0
INTSJSW25957.PL,D,20200729,000000,12.72,13.2,12.72,13.2,522,0
INTSJSW25957.PL,D,20200730,000000,14.52,15,14.42,15,5208,0
INTSJSW25957.PL,D,20200731,000000,13.82,13.82,13.82,13.82,5100,0
INTSJSW25957.PL,D,20200804,000000,13.5,13.8,13.46,13.46,232,0
INTSJSW25957.PL,D,20200805,000000,13.16,13.16,13.16,13.16,48,0
INTSJSW25957.PL,D,20200806,000000,13.24,13.62,13.24,13.62,298,0
INTSJSW25957.PL,D,20200807,000000,14.46,14.46,14.46,14.46,64,0
INTSJSW25957.PL,D,20200810,000000,13.98,14.32,13.98,14.32,190,0
INTSJSW25957.PL,D,20200813,000000,13.84,13.84,13.84,13.84,180,0
INTSJSW25957.PL,D,20200817,000000,14.24,14.48,14.24,14.36,548,0
INTSJSW25957.PL,D,20200818,000000,14.16,14.16,14,14.08,390,0
INTSJSW25957.PL,D,20200820,000000,15.26,15.34,14.92,15.34,338,0
INTSJSW25957.PL,D,20200821,000000,15.92,15.92,15.26,15.26,250,0
INTSJSW25957.PL,D,20200824,000000,14.46,14.46,14,14,134,0
INTSJSW25957.PL,D,20200831,000000,14.72,14.72,14.72,14.72,240,0
INTSJSW25957.PL,D,20200901,000000,14.82,15.26,14.82,15.26,468,0
INTSJSW25957.PL,D,20200902,000000,15.2,15.2,15.2,15.2,150,0
INTSJSW25957.PL,D,20200904,000000,14.22,14.3,14.22,14.3,21,0
INTSJSW25957.PL,D,20200907,000000,13.06,13.08,8.79,8.79,5358,0
INTSJSW25957.PL,D,20200908,000000,6.18,6.18,6.18,6.18,5,0
