<TICKER>,<PER>,<DATE>,<TIME>,<OPEN>,<HIGH>,<LOW>,<CLOSE>,<VOL>,<OPENINT>
RCFS3CDPRO.PL,D,20200514,000000,6.81,6.94,6.77,6.94,410,0
RCFS3CDPRO.PL,D,20200522,000000,5.42,5.42,5.42,5.42,500,0
RCFS3CDPRO.PL,D,20200525,000000,4.96,4.96,4.96,4.96,500,0
RCFS3CDPRO.PL,D,20200527,000000,5.08,5.69,5.08,5.69,3755,0
RCFS3CDPRO.PL,D,20200529,000000,4.66,4.79,4.66,4.72,287,0
RCFS3CDPRO.PL,D,20200602,000000,5.05,5.32,5.05,5.32,477,0
RCFS3CDPRO.PL,D,20200603,000000,5.24,5.24,5.24,5.24,30,0
RCFS3CDPRO.PL,D,20200605,000000,5.02,5.02,5.02,5.02,700,0
RCFS3CDPRO.PL,D,20200608,000000,5.63,5.63,5.63,5.63,1000,0
RCFS3CDPRO.PL,D,20200612,000000,5.23,5.23,5.21,5.23,24294,0
RCFS3CDPRO.PL,D,20200615,000000,5.38,5.68,5.38,5.68,295,0
RCFS3CDPRO.PL,D,20200618,000000,4.8,4.8,4.8,4.8,57,0
RCFS3CDPRO.PL,D,20200619,000000,5.42,5.42,5.25,5.25,318,0
RCFS3CDPRO.PL,D,20200625,000000,4.25,4.25,4.25,4.25,200,0
RCFS3CDPRO.PL,D,20200626,000000,4.13,4.65,4.13,4.65,2300,0
RCFS3CDPRO.PL,D,20200629,000000,4.58,4.58,4.41,4.46,1695,0
RCFS3CDPRO.PL,D,20200630,000000,4.27,4.27,4.27,4.27,45,0
RCFS3CDPRO.PL,D,20200701,000000,4.83,4.83,4.83,4.83,600,0
RCFS3CDPRO.PL,D,20200702,000000,4.16,4.16,4.16,4.16,600,0
RCFS3CDPRO.PL,D,20200703,000000,4.15,4.15,4.15,4.15,320,0
RCFS3CDPRO.PL,D,20200708,000000,4.58,4.58,4.28,4.28,1800,0
RCFS3CDPRO.PL,D,20200709,000000,4.64,4.79,4.64,4.79,1000,0
RCFS3CDPRO.PL,D,20200710,000000,5.15,5.22,5.07,5.22,20472,0
RCFS3CDPRO.PL,D,20200713,000000,5.18,5.4,5.18,5.4,11716,0
RCFS3CDPRO.PL,D,20200714,000000,6,6.38,6,6.38,200,0
RCFS3CDPRO.PL,D,20200715,000000,5.79,5.79,5.37,5.37,26141,0
RCFS3CDPRO.PL,D,20200717,000000,5.57,5.57,5.37,5.37,9406,0
RCFS3CDPRO.PL,D,20200721,000000,4.76,4.87,4.76,4.87,15150,0
RCFS3CDPRO.PL,D,20200722,000000,4.9,5.06,4.9,5.06,600,0
RCFS3CDPRO.PL,D,20200723,000000,4.63,4.63,4.63,4.63,1250,0
RCFS3CDPRO.PL,D,20200727,000000,4.3,4.36,4.3,4.34,1700,0
RCFS3CDPRO.PL,D,20200729,000000,4.44,4.44,4.44,4.44,1122,0
RCFS3CDPRO.PL,D,20200730,000000,4.04,4.04,4.04,4.04,25,0
RCFS3CDPRO.PL,D,20200803,000000,3.95,3.95,3.75,3.75,50,0
RCFS3CDPRO.PL,D,20200804,000000,3.64,3.65,3.6,3.6,1281,0
RCFS3CDPRO.PL,D,20200805,000000,3.56,3.79,3.56,3.7,1870,0
RCFS3CDPRO.PL,D,20200806,000000,3.72,3.72,3.72,3.72,250,0
RCFS3CDPRO.PL,D,20200811,000000,3.27,3.27,3.27,3.27,200,0
RCFS3CDPRO.PL,D,20200812,000000,3.56,3.56,3.56,3.56,3000,0
RCFS3CDPRO.PL,D,20200813,000000,3.51,3.51,3.51,3.51,70,0
RCFS3CDPRO.PL,D,20200814,000000,3.75,3.75,3.75,3.75,3789,0
RCFS3CDPRO.PL,D,20200817,000000,3.78,3.8,3.78,3.8,1767,0
RCFS3CDPRO.PL,D,20200818,000000,3.8,3.8,3.8,3.8,2744,0
RCFS3CDPRO.PL,D,20200819,000000,3.72,3.72,3.72,3.72,256,0
RCFS3CDPRO.PL,D,20200824,000000,3.55,3.55,3.55,3.55,3000,0
RCFS3CDPRO.PL,D,20200825,000000,3.79,3.79,3.79,3.79,10,0
RCFS3CDPRO.PL,D,20200827,000000,2.62,2.75,2.43,2.47,25115,0
RCFS3CDPRO.PL,D,20200828,000000,2.56,2.56,2.56,2.56,2214,0
RCFS3CDPRO.PL,D,20200831,000000,2.92,2.92,2.92,2.92,1536,0
RCFS3CDPRO.PL,D,20200902,000000,2.75,2.75,2.75,2.75,105,0
RCFS3CDPRO.PL,D,20200908,000000,3,3.01,2.92,2.92,445,0
RCFS3CDPRO.PL,D,20200915,000000,3.43,3.53,3.43,3.53,20241,0
RCFS3CDPRO.PL,D,20200916,000000,3.63,3.63,3.36,3.36,450,0
RCFS3CDPRO.PL,D,20200917,000000,3.61,3.61,3.61,3.61,75,0
RCFS3CDPRO.PL,D,20200921,000000,3.88,3.88,3.88,3.88,3000,0
RCFS3CDPRO.PL,D,20200922,000000,3.56,3.81,3.44,3.81,6120,0
RCFS3CDPRO.PL,D,20200923,000000,3.4,3.4,3.4,3.4,60,0
RCFS3CDPRO.PL,D,20200929,000000,2.86,2.86,2.85,2.85,1798,0
RCFS3CDPRO.PL,D,20200930,000000,2.94,2.94,2.94,2.94,16871,0
RCFS3CDPRO.PL,D,20201001,000000,3.4,3.72,3.4,3.72,18116,0
RCFS3CDPRO.PL,D,20201002,000000,3.52,3.52,3.52,3.52,100,0
RCFS3CDPRO.PL,D,20201006,000000,3.53,3.53,3.53,3.53,4000,0
RCFS3CDPRO.PL,D,20201007,000000,3.87,3.87,3.87,3.87,4000,0
RCFS3CDPRO.PL,D,20201012,000000,3.95,3.95,3.95,3.95,100,0
