<TICKER>,<PER>,<DATE>,<TIME>,<OPEN>,<HIGH>,<LOW>,<CLOSE>,<VOL>,<OPENINT>
WIG_MOTO_PB,D,20170104,000000,2.455,2.468,2.451,2.458,0,0
WIG_MOTO_PB,D,20170105,000000,2.458,2.491,2.456,2.464,0,0
WIG_MOTO_PB,D,20170109,000000,2.464,2.475,2.461,2.464,0,0
WIG_MOTO_PB,D,20170110,000000,2.464,2.48,2.453,2.462,0,0
WIG_MOTO_PB,D,20170111,000000,2.462,2.487,2.452,2.469,0,0
WIG_MOTO_PB,D,20170112,000000,2.469,2.487,2.458,2.47,0,0
WIG_MOTO_PB,D,20170113,000000,2.47,2.491,2.47,2.489,0,0
WIG_MOTO_PB,D,20170116,000000,2.489,2.494,2.483,2.492,0,0
WIG_MOTO_PB,D,20170117,000000,2.492,2.502,2.474,2.495,0,0
WIG_MOTO_PB,D,20170118,000000,2.495,2.514,2.474,2.48,0,0
WIG_MOTO_PB,D,20170119,000000,2.48,2.49,2.467,2.479,0,0
WIG_MOTO_PB,D,20170120,000000,2.479,2.521,2.479,2.521,0,0
WIG_MOTO_PB,D,20170123,000000,2.521,2.531,2.512,2.525,0,0
WIG_MOTO_PB,D,20170124,000000,2.525,2.562,2.515,2.554,0,0
WIG_MOTO_PB,D,20170125,000000,2.554,2.598,2.554,2.587,0,0
WIG_MOTO_PB,D,20170126,000000,2.587,2.613,2.58,2.591,0,0
WIG_MOTO_PB,D,20170127,000000,2.591,2.605,2.582,2.598,0,0
WIG_MOTO_PB,D,20170130,000000,2.598,2.602,2.584,2.594,0,0
WIG_MOTO_PB,D,20170131,000000,2.594,2.607,2.589,2.596,0,0
WIG_MOTO_PB,D,20170201,000000,2.596,2.606,2.58,2.589,0,0
WIG_MOTO_PB,D,20170202,000000,2.589,2.597,2.556,2.563,0,0
WIG_MOTO_PB,D,20170203,000000,2.563,2.563,2.534,2.544,0,0
WIG_MOTO_PB,D,20170206,000000,2.544,2.561,2.534,2.534,0,0
WIG_MOTO_PB,D,20170207,000000,2.535,2.535,2.508,2.508,0,0
WIG_MOTO_PB,D,20170208,000000,2.508,2.527,2.503,2.505,0,0
WIG_MOTO_PB,D,20170209,000000,2.505,2.562,2.505,2.56,0,0
WIG_MOTO_PB,D,20170210,000000,2.56,2.583,2.56,2.576,0,0
WIG_MOTO_PB,D,20170213,000000,2.576,2.576,2.554,2.557,0,0
WIG_MOTO_PB,D,20170214,000000,2.557,2.577,2.555,2.577,0,0
WIG_MOTO_PB,D,20170215,000000,2.577,2.581,2.562,2.564,0,0
WIG_MOTO_PB,D,20170216,000000,2.564,2.598,2.564,2.598,0,0
WIG_MOTO_PB,D,20170217,000000,2.598,2.602,2.577,2.577,0,0
WIG_MOTO_PB,D,20170220,000000,2.577,2.598,2.577,2.593,0,0
WIG_MOTO_PB,D,20170221,000000,2.593,2.604,2.59,2.603,0,0
WIG_MOTO_PB,D,20170222,000000,2.603,2.611,2.596,2.603,0,0
WIG_MOTO_PB,D,20170223,000000,2.603,2.616,2.585,2.605,0,0
WIG_MOTO_PB,D,20170224,000000,2.605,2.609,2.582,2.594,0,0
WIG_MOTO_PB,D,20170227,000000,2.594,2.611,2.583,2.611,0,0
WIG_MOTO_PB,D,20170228,000000,2.611,2.611,2.582,2.598,0,0
WIG_MOTO_PB,D,20170301,000000,2.598,2.618,2.592,2.615,0,0
WIG_MOTO_PB,D,20170302,000000,2.615,2.63,2.606,2.61,0,0
WIG_MOTO_PB,D,20170303,000000,2.61,2.613,2.595,2.598,0,0
WIG_MOTO_PB,D,20170306,000000,2.598,2.604,2.586,2.592,0,0
WIG_MOTO_PB,D,20170307,000000,2.592,2.595,2.576,2.594,0,0
WIG_MOTO_PB,D,20170308,000000,2.594,2.602,2.555,2.558,0,0
WIG_MOTO_PB,D,20170309,000000,2.558,2.572,2.51,2.52,0,0
WIG_MOTO_PB,D,20170310,000000,2.52,2.58,2.516,2.58,0,0
WIG_MOTO_PB,D,20170313,000000,2.58,2.627,2.58,2.609,0,0
WIG_MOTO_PB,D,20170314,000000,2.609,2.63,2.609,2.61,0,0
WIG_MOTO_PB,D,20170315,000000,2.61,2.649,2.61,2.643,0,0
WIG_MOTO_PB,D,20170316,000000,2.643,2.704,2.643,2.696,0,0
WIG_MOTO_PB,D,20170317,000000,2.696,2.709,2.679,2.708,0,0
WIG_MOTO_PB,D,20170320,000000,2.708,2.718,2.678,2.688,0,0
WIG_MOTO_PB,D,20170321,000000,2.688,2.688,2.609,2.609,0,0
WIG_MOTO_PB,D,20170322,000000,2.609,2.609,2.572,2.593,0,0
WIG_MOTO_PB,D,20170323,000000,2.593,2.613,2.561,2.561,0,0
WIG_MOTO_PB,D,20170324,000000,2.561,2.572,2.539,2.57,0,0
WIG_MOTO_PB,D,20170327,000000,2.57,2.57,2.543,2.555,0,0
WIG_MOTO_PB,D,20170328,000000,2.555,2.561,2.54,2.555,0,0
WIG_MOTO_PB,D,20170329,000000,2.555,2.565,2.546,2.552,0,0
WIG_MOTO_PB,D,20170330,000000,2.552,2.559,2.546,2.558,0,0
WIG_MOTO_PB,D,20170331,000000,2.558,2.588,2.549,2.588,0,0
WIG_MOTO_PB,D,20170403,000000,2.588,2.588,2.564,2.575,0,0
WIG_MOTO_PB,D,20170404,000000,2.575,2.591,2.563,2.575,0,0
WIG_MOTO_PB,D,20170405,000000,2.575,2.591,2.564,2.564,0,0
WIG_MOTO_PB,D,20170406,000000,2.564,2.564,2.522,2.532,0,0
WIG_MOTO_PB,D,20170407,000000,2.532,2.542,2.523,2.541,0,0
WIG_MOTO_PB,D,20170410,000000,2.541,2.547,2.514,2.518,0,0
WIG_MOTO_PB,D,20170411,000000,2.518,2.532,2.506,2.512,0,0
WIG_MOTO_PB,D,20170412,000000,2.512,2.521,2.507,2.515,0,0
WIG_MOTO_PB,D,20170413,000000,2.515,2.52,2.508,2.508,0,0
WIG_MOTO_PB,D,20170418,000000,2.508,2.524,2.488,2.509,0,0
WIG_MOTO_PB,D,20170419,000000,2.509,2.525,2.506,2.516,0,0
WIG_MOTO_PB,D,20170420,000000,2.516,2.524,2.504,2.524,0,0
WIG_MOTO_PB,D,20170421,000000,2.524,2.529,2.5,2.519,0,0
WIG_MOTO_PB,D,20170424,000000,2.519,2.539,2.498,2.537,0,0
WIG_MOTO_PB,D,20170425,000000,2.537,2.548,2.518,2.521,0,0
WIG_MOTO_PB,D,20170426,000000,2.521,2.537,2.48,2.537,0,0
WIG_MOTO_PB,D,20170427,000000,2.537,2.537,2.505,2.521,0,0
WIG_MOTO_PB,D,20170428,000000,2.521,2.529,2.5,2.516,0,0
WIG_MOTO_PB,D,20170502,000000,2.516,2.56,2.516,2.554,0,0
WIG_MOTO_PB,D,20170504,000000,2.554,2.58,2.526,2.577,0,0
WIG_MOTO_PB,D,20170505,000000,2.577,2.625,2.577,2.625,0,0
WIG_MOTO_PB,D,20170508,000000,2.625,2.671,2.625,2.667,0,0
WIG_MOTO_PB,D,20170509,000000,2.667,2.706,2.634,2.634,0,0
WIG_MOTO_PB,D,20170510,000000,2.634,2.634,2.608,2.608,0,0
WIG_MOTO_PB,D,20170511,000000,2.608,2.611,2.575,2.597,0,0
WIG_MOTO_PB,D,20170512,000000,2.597,2.607,2.581,2.599,0,0
WIG_MOTO_PB,D,20170515,000000,2.599,2.613,2.578,2.583,0,0
WIG_MOTO_PB,D,20170516,000000,2.583,2.602,2.555,2.555,0,0
WIG_MOTO_PB,D,20170517,000000,2.555,2.555,2.521,2.536,0,0
WIG_MOTO_PB,D,20170518,000000,2.536,2.55,2.492,2.55,0,0
WIG_MOTO_PB,D,20170519,000000,2.55,2.576,2.544,2.574,0,0
WIG_MOTO_PB,D,20170522,000000,2.574,2.582,2.556,2.582,0,0
WIG_MOTO_PB,D,20170523,000000,2.582,2.582,2.552,2.552,0,0
WIG_MOTO_PB,D,20170524,000000,2.552,2.571,2.549,2.569,0,0
WIG_MOTO_PB,D,20170525,000000,2.569,2.613,2.569,2.613,0,0
WIG_MOTO_PB,D,20170526,000000,2.613,2.614,2.604,2.61,0,0
WIG_MOTO_PB,D,20170529,000000,2.61,2.61,2.592,2.601,0,0
WIG_MOTO_PB,D,20170530,000000,2.601,2.61,2.555,2.555,0,0
WIG_MOTO_PB,D,20170531,000000,2.555,2.593,2.539,2.593,0,0
WIG_MOTO_PB,D,20170601,000000,2.593,2.593,2.554,2.571,0,0
WIG_MOTO_PB,D,20170602,000000,2.571,2.59,2.57,2.58,0,0
WIG_MOTO_PB,D,20170605,000000,2.58,2.598,2.571,2.588,0,0
WIG_MOTO_PB,D,20170606,000000,2.588,2.594,2.566,2.581,0,0
WIG_MOTO_PB,D,20170607,000000,2.581,2.589,2.564,2.568,0,0
WIG_MOTO_PB,D,20170608,000000,2.568,2.597,2.563,2.596,0,0
WIG_MOTO_PB,D,20170609,000000,2.596,2.596,2.576,2.583,0,0
WIG_MOTO_PB,D,20170612,000000,2.583,2.589,2.547,2.549,0,0
WIG_MOTO_PB,D,20170613,000000,2.549,2.552,2.539,2.552,0,0
WIG_MOTO_PB,D,20170614,000000,2.552,2.573,2.551,2.555,0,0
WIG_MOTO_PB,D,20170616,000000,2.507,2.517,2.494,2.514,0,0
WIG_MOTO_PB,D,20170619,000000,2.514,2.529,2.511,2.529,0,0
WIG_MOTO_PB,D,20170620,000000,2.529,2.54,2.521,2.523,0,0
WIG_MOTO_PB,D,20170621,000000,2.523,2.528,2.491,2.526,0,0
WIG_MOTO_PB,D,20170622,000000,2.526,2.543,2.516,2.536,0,0
WIG_MOTO_PB,D,20170623,000000,2.536,2.539,2.52,2.533,0,0
WIG_MOTO_PB,D,20170626,000000,2.533,2.575,2.524,2.575,0,0
WIG_MOTO_PB,D,20170627,000000,2.575,2.589,2.57,2.579,0,0
WIG_MOTO_PB,D,20170628,000000,2.579,2.58,2.551,2.56,0,0
WIG_MOTO_PB,D,20170629,000000,2.56,2.564,2.535,2.564,0,0
WIG_MOTO_PB,D,20170630,000000,2.564,2.574,2.544,2.574,0,0
WIG_MOTO_PB,D,20170703,000000,2.574,2.574,2.554,2.558,0,0
WIG_MOTO_PB,D,20170704,000000,2.558,2.561,2.539,2.551,0,0
WIG_MOTO_PB,D,20170705,000000,2.529,2.541,2.511,2.52,0,0
WIG_MOTO_PB,D,20170706,000000,2.52,2.53,2.511,2.515,0,0
WIG_MOTO_PB,D,20170707,000000,2.515,2.516,2.499,2.51,0,0
WIG_MOTO_PB,D,20170710,000000,2.51,2.51,2.498,2.506,0,0
WIG_MOTO_PB,D,20170711,000000,2.506,2.507,2.487,2.489,0,0
WIG_MOTO_PB,D,20170712,000000,2.489,2.502,2.482,2.498,0,0
WIG_MOTO_PB,D,20170713,000000,2.49,2.506,2.479,2.48,0,0
WIG_MOTO_PB,D,20170714,000000,2.48,2.503,2.476,2.503,0,0
WIG_MOTO_PB,D,20170717,000000,2.503,2.517,2.503,2.513,0,0
WIG_MOTO_PB,D,20170718,000000,2.513,2.518,2.499,2.499,0,0
WIG_MOTO_PB,D,20170719,000000,2.499,2.506,2.457,2.469,0,0
WIG_MOTO_PB,D,20170720,000000,2.469,2.482,2.467,2.482,0,0
WIG_MOTO_PB,D,20170721,000000,2.482,2.5,2.47,2.475,0,0
WIG_MOTO_PB,D,20170724,000000,2.475,2.48,2.443,2.463,0,0
WIG_MOTO_PB,D,20170725,000000,2.463,2.48,2.451,2.452,0,0
WIG_MOTO_PB,D,20170726,000000,2.452,2.452,2.42,2.437,0,0
WIG_MOTO_PB,D,20170727,000000,2.437,2.461,2.437,2.444,0,0
WIG_MOTO_PB,D,20170728,000000,2.444,2.458,2.429,2.443,0,0
WIG_MOTO_PB,D,20170731,000000,2.443,2.458,2.421,2.421,0,0
WIG_MOTO_PB,D,20170801,000000,2.421,2.451,2.41,2.411,0,0
WIG_MOTO_PB,D,20170802,000000,2.411,2.429,2.389,2.389,0,0
WIG_MOTO_PB,D,20170803,000000,2.389,2.41,2.381,2.392,0,0
WIG_MOTO_PB,D,20170804,000000,2.392,2.413,2.383,2.383,0,0
WIG_MOTO_PB,D,20170807,000000,2.383,2.484,2.383,2.484,0,0
WIG_MOTO_PB,D,20170808,000000,2.484,2.512,2.476,2.498,0,0
WIG_MOTO_PB,D,20170809,000000,2.498,2.508,2.466,2.471,0,0
WIG_MOTO_PB,D,20170810,000000,2.471,2.493,2.468,2.484,0,0
WIG_MOTO_PB,D,20170811,000000,2.46,2.46,2.426,2.445,0,0
WIG_MOTO_PB,D,20170814,000000,2.445,2.445,2.398,2.413,0,0
WIG_MOTO_PB,D,20170816,000000,2.413,2.413,2.381,2.389,0,0
WIG_MOTO_PB,D,20170817,000000,2.389,2.418,2.389,2.401,0,0
WIG_MOTO_PB,D,20170818,000000,2.401,2.408,2.379,2.391,0,0
WIG_MOTO_PB,D,20170821,000000,2.391,2.4,2.375,2.392,0,0
WIG_MOTO_PB,D,20170822,000000,2.392,2.421,2.392,2.412,0,0
WIG_MOTO_PB,D,20170823,000000,2.412,2.429,2.407,2.426,0,0
WIG_MOTO_PB,D,20170824,000000,2.426,2.434,2.409,2.412,0,0
WIG_MOTO_PB,D,20170825,000000,2.412,2.425,2.407,2.425,0,0
WIG_MOTO_PB,D,20170828,000000,2.425,2.466,2.386,2.466,0,0
WIG_MOTO_PB,D,20170829,000000,2.466,2.472,2.436,2.472,0,0
WIG_MOTO_PB,D,20170830,000000,2.472,2.498,2.456,2.498,0,0
WIG_MOTO_PB,D,20170831,000000,2.498,2.505,2.482,2.505,0,0
WIG_MOTO_PB,D,20170901,000000,2.505,2.507,2.467,2.492,0,0
WIG_MOTO_PB,D,20170904,000000,2.492,2.492,2.473,2.483,0,0
WIG_MOTO_PB,D,20170905,000000,2.483,2.489,2.467,2.48,0,0
WIG_MOTO_PB,D,20170906,000000,2.48,2.494,2.456,2.487,0,0
WIG_MOTO_PB,D,20170907,000000,2.487,2.504,2.467,2.476,0,0
WIG_MOTO_PB,D,20170908,000000,2.476,2.484,2.465,2.476,0,0
WIG_MOTO_PB,D,20170911,000000,2.476,2.485,2.459,2.479,0,0
WIG_MOTO_PB,D,20170912,000000,2.479,2.485,2.469,2.478,0,0
WIG_MOTO_PB,D,20170913,000000,2.478,2.478,2.448,2.463,0,0
WIG_MOTO_PB,D,20170914,000000,2.463,2.468,2.437,2.448,0,0
WIG_MOTO_PB,D,20170915,000000,2.448,2.465,2.429,2.429,0,0
WIG_MOTO_PB,D,20170918,000000,2.429,2.44,2.418,2.437,0,0
WIG_MOTO_PB,D,20170919,000000,2.437,2.454,2.422,2.439,0,0
WIG_MOTO_PB,D,20170920,000000,2.427,2.427,2.25,2.25,0,0
WIG_MOTO_PB,D,20170921,000000,2.25,2.255,2.229,2.247,0,0
WIG_MOTO_PB,D,20170922,000000,2.247,2.262,2.241,2.262,0,0
WIG_MOTO_PB,D,20170925,000000,2.262,2.271,2.257,2.259,0,0
WIG_MOTO_PB,D,20170926,000000,2.259,2.261,2.22,2.261,0,0
WIG_MOTO_PB,D,20170927,000000,2.261,2.265,2.228,2.237,0,0
WIG_MOTO_PB,D,20170928,000000,2.237,2.237,2.237,2.237,0,0
WIG_MOTO_PB,D,20170929,000000,2.264,2.264,2.264,2.264,0,0
WIG_MOTO_PB,D,20171002,000000,2.264,2.283,2.25,2.282,0,0
WIG_MOTO_PB,D,20171003,000000,2.282,2.303,2.277,2.301,0,0
WIG_MOTO_PB,D,20171004,000000,2.301,2.303,2.279,2.279,0,0
WIG_MOTO_PB,D,20171005,000000,2.279,2.287,2.257,2.287,0,0
WIG_MOTO_PB,D,20171006,000000,2.287,2.292,2.267,2.282,0,0
WIG_MOTO_PB,D,20171009,000000,2.282,2.286,2.273,2.283,0,0
WIG_MOTO_PB,D,20171010,000000,2.283,2.299,2.265,2.267,0,0
WIG_MOTO_PB,D,20171011,000000,2.267,2.276,2.255,2.276,0,0
WIG_MOTO_PB,D,20171012,000000,2.276,2.285,2.25,2.257,0,0
WIG_MOTO_PB,D,20171013,000000,2.257,2.278,2.256,2.264,0,0
WIG_MOTO_PB,D,20171016,000000,2.264,2.273,2.247,2.262,0,0
WIG_MOTO_PB,D,20171017,000000,2.262,2.262,2.235,2.235,0,0
WIG_MOTO_PB,D,20171018,000000,2.235,2.244,2.215,2.239,0,0
WIG_MOTO_PB,D,20171019,000000,2.239,2.239,2.172,2.183,0,0
WIG_MOTO_PB,D,20171020,000000,2.183,2.195,2.157,2.173,0,0
WIG_MOTO_PB,D,20171023,000000,2.173,2.181,2.138,2.163,0,0
WIG_MOTO_PB,D,20171024,000000,2.163,2.165,2.12,2.142,0,0
WIG_MOTO_PB,D,20171025,000000,2.142,2.145,2.107,2.143,0,0
WIG_MOTO_PB,D,20171026,000000,2.143,2.16,2.134,2.157,0,0
WIG_MOTO_PB,D,20171027,000000,2.157,2.195,2.151,2.181,0,0
WIG_MOTO_PB,D,20171030,000000,2.181,2.21,2.178,2.184,0,0
WIG_MOTO_PB,D,20171031,000000,2.184,2.207,2.178,2.188,0,0
WIG_MOTO_PB,D,20171102,000000,2.188,2.225,2.18,2.187,0,0
WIG_MOTO_PB,D,20171103,000000,2.187,2.202,2.166,2.183,0,0
WIG_MOTO_PB,D,20171106,000000,2.183,2.189,2.13,2.13,0,0
WIG_MOTO_PB,D,20171107,000000,2.13,2.13,2.104,2.116,0,0
WIG_MOTO_PB,D,20171108,000000,2.116,2.116,2.073,2.075,0,0
WIG_MOTO_PB,D,20171109,000000,2.075,2.104,2.07,2.072,0,0
WIG_MOTO_PB,D,20171110,000000,2.072,2.078,2.062,2.076,0,0
WIG_MOTO_PB,D,20171113,000000,2.076,2.09,2.059,2.072,0,0
WIG_MOTO_PB,D,20171114,000000,2.072,2.093,2.059,2.059,0,0
WIG_MOTO_PB,D,20171115,000000,2.059,2.075,2.039,2.06,0,0
WIG_MOTO_PB,D,20171116,000000,2.06,2.074,2.035,2.035,0,0
WIG_MOTO_PB,D,20171117,000000,2.035,2.078,2.035,2.078,0,0
WIG_MOTO_PB,D,20171120,000000,2.078,2.097,2.061,2.079,0,0
WIG_MOTO_PB,D,20171121,000000,2.079,2.079,2.039,2.039,0,0
WIG_MOTO_PB,D,20171122,000000,2.039,2.053,2.012,2.012,0,0
WIG_MOTO_PB,D,20171123,000000,2.012,2.029,2.005,2.016,0,0
WIG_MOTO_PB,D,20171124,000000,2.016,2.026,2.013,2.026,0,0
WIG_MOTO_PB,D,20171127,000000,2.026,2.037,2.009,2.035,0,0
WIG_MOTO_PB,D,20171128,000000,2.035,2.051,2.023,2.036,0,0
WIG_MOTO_PB,D,20171129,000000,2.036,2.036,2.009,2.016,0,0
WIG_MOTO_PB,D,20171130,000000,2.016,2.016,1.978,1.992,0,0
WIG_MOTO_PB,D,20171201,000000,1.992,2.008,1.968,2.003,0,0
WIG_MOTO_PB,D,20171204,000000,2.003,2.018,1.99,2.007,0,0
WIG_MOTO_PB,D,20171205,000000,2.007,2.007,1.974,2.005,0,0
WIG_MOTO_PB,D,20171206,000000,2.005,2.013,1.977,2.012,0,0
WIG_MOTO_PB,D,20171207,000000,2.012,2.021,1.998,2.02,0,0
WIG_MOTO_PB,D,20171208,000000,2.02,2.02,1.986,1.99,0,0
WIG_MOTO_PB,D,20171211,000000,1.99,1.999,1.974,1.979,0,0
WIG_MOTO_PB,D,20171212,000000,1.979,1.993,1.965,1.986,0,0
WIG_MOTO_PB,D,20171213,000000,1.986,1.993,1.978,1.992,0,0
WIG_MOTO_PB,D,20171214,000000,1.992,2.009,1.99,2.005,0,0
WIG_MOTO_PB,D,20171215,000000,2.005,2.011,1.985,1.985,0,0
WIG_MOTO_PB,D,20171218,000000,1.985,1.998,1.979,1.981,0,0
WIG_MOTO_PB,D,20171219,000000,1.981,1.981,1.921,1.926,0,0
WIG_MOTO_PB,D,20171220,000000,1.926,1.947,1.917,1.924,0,0
WIG_MOTO_PB,D,20171221,000000,1.924,1.946,1.924,1.946,0,0
WIG_MOTO_PB,D,20171222,000000,1.946,1.972,1.946,1.956,0,0
WIG_MOTO_PB,D,20171227,000000,1.956,1.962,1.92,1.95,0,0
WIG_MOTO_PB,D,20171228,000000,1.95,1.964,1.949,1.962,0,0
WIG_MOTO_PB,D,20171229,000000,1.962,1.971,1.939,1.971,0,0
WIG_MOTO_PB,D,20180103,000000,2.003,2.016,1.971,2.016,0,0
WIG_MOTO_PB,D,20180104,000000,2.016,2.037,2.008,2.016,0,0
WIG_MOTO_PB,D,20180105,000000,2.016,2.021,2.003,2.01,0,0
WIG_MOTO_PB,D,20180108,000000,2.01,2.014,1.996,2.009,0,0
WIG_MOTO_PB,D,20180109,000000,2.009,2.02,2.008,2.02,0,0
WIG_MOTO_PB,D,20180110,000000,2.02,2.023,1.987,1.987,0,0
WIG_MOTO_PB,D,20180111,000000,1.987,1.989,1.964,1.972,0,0
WIG_MOTO_PB,D,20180112,000000,1.972,2.009,1.972,1.993,0,0
WIG_MOTO_PB,D,20180115,000000,1.993,2.005,1.993,2.002,0,0
WIG_MOTO_PB,D,20180116,000000,2.002,2.005,1.989,1.989,0,0
WIG_MOTO_PB,D,20180117,000000,1.989,2,1.966,1.975,0,0
WIG_MOTO_PB,D,20180118,000000,1.975,1.995,1.965,1.995,0,0
WIG_MOTO_PB,D,20180119,000000,1.995,1.998,1.977,1.982,0,0
WIG_MOTO_PB,D,20180122,000000,1.982,1.988,1.968,1.968,0,0
WIG_MOTO_PB,D,20180123,000000,1.968,1.989,1.956,1.956,0,0
WIG_MOTO_PB,D,20180124,000000,1.956,1.963,1.931,1.946,0,0
WIG_MOTO_PB,D,20180125,000000,1.946,1.966,1.944,1.954,0,0
WIG_MOTO_PB,D,20180126,000000,1.954,1.959,1.948,1.954,0,0
WIG_MOTO_PB,D,20180129,000000,1.954,1.959,1.936,1.949,0,0
WIG_MOTO_PB,D,20180130,000000,1.949,1.949,1.919,1.923,0,0
WIG_MOTO_PB,D,20180131,000000,1.923,1.936,1.917,1.927,0,0
WIG_MOTO_PB,D,20180201,000000,1.927,1.939,1.924,1.936,0,0
WIG_MOTO_PB,D,20180202,000000,1.936,1.943,1.919,1.939,0,0
WIG_MOTO_PB,D,20180205,000000,1.939,1.939,1.908,1.921,0,0
WIG_MOTO_PB,D,20180206,000000,1.921,1.921,1.849,1.875,0,0
WIG_MOTO_PB,D,20180207,000000,1.875,1.889,1.874,1.886,0,0
WIG_MOTO_PB,D,20180208,000000,1.886,1.899,1.881,1.884,0,0
WIG_MOTO_PB,D,20180209,000000,1.884,1.884,1.86,1.875,0,0
WIG_MOTO_PB,D,20180212,000000,1.875,1.902,1.875,1.899,0,0
WIG_MOTO_PB,D,20180213,000000,1.899,1.929,1.899,1.929,0,0
WIG_MOTO_PB,D,20180214,000000,1.929,1.979,1.929,1.96,0,0
WIG_MOTO_PB,D,20180215,000000,1.96,1.981,1.96,1.967,0,0
WIG_MOTO_PB,D,20180216,000000,1.967,1.979,1.959,1.959,0,0
WIG_MOTO_PB,D,20180219,000000,1.959,1.979,1.959,1.96,0,0
WIG_MOTO_PB,D,20180220,000000,1.96,1.96,1.929,1.937,0,0
WIG_MOTO_PB,D,20180221,000000,1.937,1.962,1.928,1.928,0,0
WIG_MOTO_PB,D,20180222,000000,1.928,1.955,1.925,1.955,0,0
WIG_MOTO_PB,D,20180223,000000,1.955,1.961,1.924,1.941,0,0
WIG_MOTO_PB,D,20180226,000000,1.941,1.941,1.92,1.925,0,0
WIG_MOTO_PB,D,20180227,000000,1.925,1.942,1.915,1.936,0,0
WIG_MOTO_PB,D,20180228,000000,1.936,1.936,1.905,1.91,0,0
WIG_MOTO_PB,D,20180301,000000,1.91,1.931,1.896,1.925,0,0
WIG_MOTO_PB,D,20180302,000000,1.925,1.926,1.898,1.906,0,0
WIG_MOTO_PB,D,20180305,000000,1.906,1.918,1.887,1.896,0,0
WIG_MOTO_PB,D,20180306,000000,1.896,1.907,1.887,1.896,0,0
WIG_MOTO_PB,D,20180307,000000,1.896,1.911,1.893,1.906,0,0
WIG_MOTO_PB,D,20180308,000000,1.906,1.912,1.88,1.899,0,0
WIG_MOTO_PB,D,20180309,000000,1.899,1.901,1.888,1.899,0,0
WIG_MOTO_PB,D,20180312,000000,1.899,1.923,1.896,1.923,0,0
WIG_MOTO_PB,D,20180313,000000,1.923,1.941,1.923,1.928,0,0
WIG_MOTO_PB,D,20180314,000000,1.928,1.942,1.914,1.914,0,0
WIG_MOTO_PB,D,20180315,000000,1.914,1.925,1.914,1.917,0,0
WIG_MOTO_PB,D,20180316,000000,1.917,1.923,1.895,1.896,0,0
WIG_MOTO_PB,D,20180319,000000,1.896,1.896,1.846,1.854,0,0
WIG_MOTO_PB,D,20180320,000000,1.656,1.656,1.63,1.645,0,0
WIG_MOTO_PB,D,20180321,000000,1.645,1.647,1.631,1.644,0,0
WIG_MOTO_PB,D,20180322,000000,1.644,1.653,1.626,1.64,0,0
WIG_MOTO_PB,D,20180323,000000,1.64,1.64,1.614,1.634,0,0
WIG_MOTO_PB,D,20180326,000000,1.634,1.644,1.626,1.644,0,0
WIG_MOTO_PB,D,20180327,000000,1.644,1.644,1.626,1.629,0,0
WIG_MOTO_PB,D,20180328,000000,1.629,1.64,1.596,1.596,0,0
WIG_MOTO_PB,D,20180329,000000,1.596,1.606,1.589,1.6,0,0
WIG_MOTO_PB,D,20180403,000000,1.6,2.055,1.598,2.055,0,0
WIG_MOTO_PB,D,20180404,000000,2.055,2.055,2.029,2.042,0,0
WIG_MOTO_PB,D,20180405,000000,2.042,2.06,2.032,2.045,0,0
WIG_MOTO_PB,D,20180406,000000,2.045,2.069,2.045,2.057,0,0
WIG_MOTO_PB,D,20180409,000000,2.057,2.08,2.051,2.051,0,0
WIG_MOTO_PB,D,20180410,000000,2.051,2.064,2.04,2.054,0,0
WIG_MOTO_PB,D,20180411,000000,2.054,2.061,2.025,2.025,0,0
WIG_MOTO_PB,D,20180412,000000,2.025,2.037,2.013,2.037,0,0
WIG_MOTO_PB,D,20180413,000000,2.037,2.038,2.018,2.037,0,0
WIG_MOTO_PB,D,20180416,000000,2.037,2.039,2.018,2.023,0,0
WIG_MOTO_PB,D,20180417,000000,2.023,2.028,2.009,2.009,0,0
WIG_MOTO_PB,D,20180418,000000,2.009,2.027,2,2.021,0,0
WIG_MOTO_PB,D,20180419,000000,2.021,2.023,2.009,2.009,0,0
WIG_MOTO_PB,D,20180420,000000,2.009,2.033,1.989,2,0,0
WIG_MOTO_PB,D,20180423,000000,2,2.01,1.969,1.972,0,0
WIG_MOTO_PB,D,20180424,000000,1.972,1.982,1.955,1.968,0,0
WIG_MOTO_PB,D,20180425,000000,1.968,1.983,1.937,1.945,0,0
WIG_MOTO_PB,D,20180426,000000,1.945,1.97,1.93,1.948,0,0
WIG_MOTO_PB,D,20180427,000000,1.948,1.97,1.926,1.937,0,0
WIG_MOTO_PB,D,20180430,000000,1.937,2.389,1.937,2.389,0,0
WIG_MOTO_PB,D,20180502,000000,2.389,2.399,2.376,2.399,0,0
WIG_MOTO_PB,D,20180504,000000,2.399,2.4,2.368,2.39,0,0
WIG_MOTO_PB,D,20180507,000000,2.39,2.413,2.386,2.388,0,0
WIG_MOTO_PB,D,20180508,000000,2.388,2.407,2.318,2.318,0,0
WIG_MOTO_PB,D,20180509,000000,2.318,2.332,2.304,2.308,0,0
WIG_MOTO_PB,D,20180510,000000,2.308,2.34,2.308,2.317,0,0
WIG_MOTO_PB,D,20180511,000000,2.317,2.319,2.303,2.319,0,0
WIG_MOTO_PB,D,20180514,000000,2.319,2.319,2.261,2.304,0,0
WIG_MOTO_PB,D,20180515,000000,2.304,2.315,2.267,2.27,0,0
WIG_MOTO_PB,D,20180516,000000,2.235,2.281,2.226,2.252,0,0
WIG_MOTO_PB,D,20180517,000000,2.252,2.281,2.213,2.213,0,0
WIG_MOTO_PB,D,20180518,000000,2.213,2.224,2.192,2.193,0,0
WIG_MOTO_PB,D,20180521,000000,2.193,2.203,2.175,2.191,0,0
WIG_MOTO_PB,D,20180522,000000,2.191,2.2,2.172,2.189,0,0
WIG_MOTO_PB,D,20180523,000000,2.189,2.2,2.149,2.149,0,0
WIG_MOTO_PB,D,20180524,000000,2.149,2.161,2.107,2.133,0,0
WIG_MOTO_PB,D,20180525,000000,2.133,2.137,2.104,2.137,0,0
WIG_MOTO_PB,D,20180528,000000,2.137,2.152,2.122,2.152,0,0
WIG_MOTO_PB,D,20180529,000000,2.152,2.198,2.145,2.173,0,0
WIG_MOTO_PB,D,20180530,000000,2.173,2.178,2.122,2.178,0,0
WIG_MOTO_PB,D,20180601,000000,2.178,2.179,2.147,2.163,0,0
WIG_MOTO_PB,D,20180604,000000,2.163,2.195,2.145,2.145,0,0
WIG_MOTO_PB,D,20180605,000000,2.145,2.163,2.139,2.161,0,0
WIG_MOTO_PB,D,20180606,000000,2.161,2.179,2.152,2.177,0,0
WIG_MOTO_PB,D,20180607,000000,2.177,2.213,2.177,2.201,0,0
WIG_MOTO_PB,D,20180608,000000,2.201,2.215,2.194,2.201,0,0
WIG_MOTO_PB,D,20180611,000000,2.201,2.218,2.201,2.214,0,0
WIG_MOTO_PB,D,20180612,000000,2.214,2.229,2.207,2.229,0,0
WIG_MOTO_PB,D,20180613,000000,2.229,2.237,2.206,2.22,0,0
WIG_MOTO_PB,D,20180614,000000,2.22,2.234,2.203,2.217,0,0
WIG_MOTO_PB,D,20180615,000000,2.198,2.214,2.156,2.175,0,0
WIG_MOTO_PB,D,20180618,000000,2.175,2.175,2.136,2.154,0,0
WIG_MOTO_PB,D,20180619,000000,2.154,2.157,2.093,2.125,0,0
WIG_MOTO_PB,D,20180620,000000,2.125,2.146,2.11,2.135,0,0
WIG_MOTO_PB,D,20180621,000000,2.135,2.147,2.118,2.147,0,0
WIG_MOTO_PB,D,20180622,000000,2.147,2.155,2.123,2.123,0,0
WIG_MOTO_PB,D,20180625,000000,2.123,2.135,2.121,2.127,0,0
WIG_MOTO_PB,D,20180626,000000,2.127,2.128,2.08,2.082,0,0
WIG_MOTO_PB,D,20180627,000000,2.082,2.083,2.048,2.057,0,0
WIG_MOTO_PB,D,20180628,000000,2.057,2.085,2.032,2.032,0,0
WIG_MOTO_PB,D,20180629,000000,2.032,2.075,2.032,2.045,0,0
WIG_MOTO_PB,D,20180702,000000,2.045,2.095,2.045,2.093,0,0
WIG_MOTO_PB,D,20180703,000000,2.093,2.093,2.053,2.068,0,0
WIG_MOTO_PB,D,20180704,000000,2.068,2.099,2.062,2.088,0,0
WIG_MOTO_PB,D,20180705,000000,2.062,2.076,2.049,2.058,0,0
WIG_MOTO_PB,D,20180706,000000,2.058,2.067,2.048,2.052,0,0
WIG_MOTO_PB,D,20180709,000000,2.052,2.079,2.052,2.074,0,0
WIG_MOTO_PB,D,20180710,000000,2.074,2.108,2.058,2.08,0,0
WIG_MOTO_PB,D,20180711,000000,2.08,2.08,2.062,2.076,0,0
WIG_MOTO_PB,D,20180712,000000,2.076,2.094,2.053,2.064,0,0
WIG_MOTO_PB,D,20180713,000000,2.064,2.064,2.038,2.05,0,0
WIG_MOTO_PB,D,20180716,000000,2.05,2.06,2.02,2.049,0,0
WIG_MOTO_PB,D,20180717,000000,2.049,2.051,2.026,2.049,0,0
WIG_MOTO_PB,D,20180718,000000,2.049,2.053,2.034,2.051,0,0
WIG_MOTO_PB,D,20180719,000000,2.051,2.055,2.034,2.048,0,0
WIG_MOTO_PB,D,20180720,000000,2.048,2.056,2.027,2.038,0,0
WIG_MOTO_PB,D,20180723,000000,2.038,2.048,2.018,2.034,0,0
WIG_MOTO_PB,D,20180724,000000,2.034,2.117,2.032,2.117,0,0
WIG_MOTO_PB,D,20180725,000000,2.117,2.119,2.08,2.097,0,0
WIG_MOTO_PB,D,20180726,000000,2.097,2.129,2.097,2.123,0,0
WIG_MOTO_PB,D,20180727,000000,2.123,2.134,2.108,2.119,0,0
WIG_MOTO_PB,D,20180730,000000,2.119,2.126,2.09,2.108,0,0
WIG_MOTO_PB,D,20180731,000000,2.108,2.145,2.108,2.13,0,0
WIG_MOTO_PB,D,20180801,000000,2.13,2.15,2.122,2.15,0,0
WIG_MOTO_PB,D,20180802,000000,2.15,2.187,2.146,2.181,0,0
WIG_MOTO_PB,D,20180803,000000,2.181,2.214,2.171,2.205,0,0
WIG_MOTO_PB,D,20180806,000000,2.205,2.225,1.929,1.937,0,0
WIG_MOTO_PB,D,20180807,000000,1.937,1.969,1.924,1.924,0,0
WIG_MOTO_PB,D,20180808,000000,1.924,1.968,1.924,1.945,0,0
WIG_MOTO_PB,D,20180809,000000,1.945,1.979,1.927,1.961,0,0
WIG_MOTO_PB,D,20180810,000000,1.961,1.971,1.912,1.912,0,0
WIG_MOTO_PB,D,20180813,000000,1.912,1.912,1.856,1.856,0,0
WIG_MOTO_PB,D,20180814,000000,1.856,1.878,1.847,1.862,0,0
WIG_MOTO_PB,D,20180816,000000,1.862,1.878,1.84,1.853,0,0
WIG_MOTO_PB,D,20180817,000000,1.853,1.859,1.839,1.846,0,0
WIG_MOTO_PB,D,20180820,000000,1.846,1.848,1.811,1.815,0,0
WIG_MOTO_PB,D,20180821,000000,1.815,1.834,1.799,1.804,0,0
WIG_MOTO_PB,D,20180822,000000,1.804,1.846,1.804,1.846,0,0
WIG_MOTO_PB,D,20180823,000000,1.846,1.849,1.824,1.839,0,0
WIG_MOTO_PB,D,20180824,000000,1.839,1.857,1.833,1.849,0,0
WIG_MOTO_PB,D,20180827,000000,1.849,1.881,1.849,1.881,0,0
WIG_MOTO_PB,D,20180828,000000,1.881,1.881,1.83,1.874,0,0
WIG_MOTO_PB,D,20180829,000000,1.874,1.878,1.854,1.862,0,0
WIG_MOTO_PB,D,20180830,000000,1.862,1.873,1.847,1.866,0,0
WIG_MOTO_PB,D,20180831,000000,1.866,1.876,1.838,1.867,0,0
WIG_MOTO_PB,D,20180903,000000,1.867,1.867,1.78,1.78,0,0
WIG_MOTO_PB,D,20180904,000000,1.78,1.885,1.728,1.885,0,0
WIG_MOTO_PB,D,20180905,000000,1.885,1.885,1.82,1.82,0,0
WIG_MOTO_PB,D,20180906,000000,1.82,1.834,1.771,1.771,0,0
WIG_MOTO_PB,D,20180907,000000,1.771,1.796,1.747,1.753,0,0
WIG_MOTO_PB,D,20180910,000000,1.753,1.785,1.735,1.751,0,0
WIG_MOTO_PB,D,20180911,000000,1.751,1.776,1.712,1.727,0,0
WIG_MOTO_PB,D,20180912,000000,1.727,1.743,1.684,1.684,0,0
WIG_MOTO_PB,D,20180913,000000,1.684,1.775,1.661,1.775,0,0
WIG_MOTO_PB,D,20180914,000000,1.775,1.799,1.731,1.738,0,0
WIG_MOTO_PB,D,20180917,000000,1.738,1.749,1.713,1.713,0,0
WIG_MOTO_PB,D,20180918,000000,1.713,1.729,1.707,1.719,0,0
WIG_MOTO_PB,D,20180919,000000,1.719,1.719,1.691,1.706,0,0
WIG_MOTO_PB,D,20180920,000000,1.706,1.753,1.704,1.731,0,0
WIG_MOTO_PB,D,20180921,000000,1.731,1.754,1.73,1.73,0,0
WIG_MOTO_PB,D,20180924,000000,1.73,1.757,1.727,1.727,0,0
WIG_MOTO_PB,D,20180925,000000,1.727,1.764,1.726,1.755,0,0
WIG_MOTO_PB,D,20180926,000000,1.755,1.786,1.754,1.762,0,0
WIG_MOTO_PB,D,20180927,000000,1.762,1.775,1.739,1.741,0,0
WIG_MOTO_PB,D,20180928,000000,1.741,1.834,1.741,1.829,0,0
WIG_MOTO_PB,D,20181001,000000,1.829,1.871,1.824,1.853,0,0
WIG_MOTO_PB,D,20181002,000000,1.853,1.855,1.822,1.83,0,0
WIG_MOTO_PB,D,20181003,000000,1.83,1.842,1.799,1.799,0,0
WIG_MOTO_PB,D,20181004,000000,1.799,1.808,1.787,1.787,0,0
WIG_MOTO_PB,D,20181005,000000,1.787,1.819,1.786,1.819,0,0
WIG_MOTO_PB,D,20181008,000000,1.819,1.829,1.8,1.812,0,0
WIG_MOTO_PB,D,20181009,000000,1.812,1.884,1.812,1.88,0,0
WIG_MOTO_PB,D,20181010,000000,1.88,1.907,1.871,1.884,0,0
WIG_MOTO_PB,D,20181011,000000,1.884,1.884,1.828,1.839,0,0
WIG_MOTO_PB,D,20181012,000000,1.839,1.869,1.833,1.847,0,0
WIG_MOTO_PB,D,20181015,000000,1.847,1.901,1.847,1.862,0,0
WIG_MOTO_PB,D,20181016,000000,1.862,1.895,1.862,1.869,0,0
WIG_MOTO_PB,D,20181017,000000,1.869,1.907,1.869,1.871,0,0
WIG_MOTO_PB,D,20181018,000000,1.871,1.88,1.856,1.857,0,0
WIG_MOTO_PB,D,20181019,000000,1.857,1.878,1.845,1.868,0,0
WIG_MOTO_PB,D,20181022,000000,1.868,1.878,1.837,1.839,0,0
WIG_MOTO_PB,D,20181023,000000,1.839,1.851,1.788,1.788,0,0
WIG_MOTO_PB,D,20181024,000000,1.788,1.81,1.782,1.784,0,0
WIG_MOTO_PB,D,20181025,000000,1.784,1.784,1.737,1.764,0,0
WIG_MOTO_PB,D,20181026,000000,1.764,1.764,1.722,1.722,0,0
WIG_MOTO_PB,D,20181029,000000,1.722,1.756,1.708,1.714,0,0
WIG_MOTO_PB,D,20181030,000000,1.714,1.742,1.7,1.742,0,0
WIG_MOTO_PB,D,20181031,000000,1.742,1.769,1.723,1.723,0,0
WIG_MOTO_PB,D,20181102,000000,1.723,1.754,1.723,1.748,0,0
WIG_MOTO_PB,D,20181105,000000,1.748,1.76,1.724,1.727,0,0
WIG_MOTO_PB,D,20181106,000000,1.727,1.739,1.684,1.69,0,0
WIG_MOTO_PB,D,20181107,000000,1.69,1.692,1.654,1.664,0,0
WIG_MOTO_PB,D,20181108,000000,1.664,1.684,1.65,1.65,0,0
WIG_MOTO_PB,D,20181109,000000,1.65,1.664,1.62,1.62,0,0
WIG_MOTO_PB,D,20181113,000000,1.62,1.635,1.602,1.602,0,0
WIG_MOTO_PB,D,20181114,000000,1.602,1.608,1.534,1.534,0,0
WIG_MOTO_PB,D,20181115,000000,1.534,1.555,1.522,1.531,0,0
WIG_MOTO_PB,D,20181116,000000,1.531,1.563,1.531,1.543,0,0
WIG_MOTO_PB,D,20181119,000000,1.543,1.55,1.527,1.533,0,0
WIG_MOTO_PB,D,20181120,000000,1.533,1.544,1.515,1.516,0,0
WIG_MOTO_PB,D,20181121,000000,1.516,1.532,1.508,1.525,0,0
WIG_MOTO_PB,D,20181122,000000,1.525,1.56,1.525,1.56,0,0
WIG_MOTO_PB,D,20181123,000000,1.56,1.592,1.557,1.592,0,0
WIG_MOTO_PB,D,20181126,000000,1.592,1.618,1.589,1.603,0,0
WIG_MOTO_PB,D,20181127,000000,1.603,1.61,1.587,1.6,0,0
WIG_MOTO_PB,D,20181128,000000,1.6,1.631,1.6,1.625,0,0
WIG_MOTO_PB,D,20181129,000000,1.625,1.708,1.625,1.647,0,0
WIG_MOTO_PB,D,20181130,000000,1.647,1.651,1.579,1.579,0,0
WIG_MOTO_PB,D,20181203,000000,1.579,1.603,1.557,1.574,0,0
WIG_MOTO_PB,D,20181204,000000,1.574,1.596,1.567,1.594,0,0
WIG_MOTO_PB,D,20181205,000000,1.594,1.628,1.589,1.618,0,0
WIG_MOTO_PB,D,20181206,000000,1.618,1.628,1.59,1.595,0,0
WIG_MOTO_PB,D,20181207,000000,1.595,1.634,1.595,1.605,0,0
WIG_MOTO_PB,D,20181210,000000,1.605,1.635,1.6,1.629,0,0
WIG_MOTO_PB,D,20181211,000000,1.629,1.653,1.629,1.635,0,0
WIG_MOTO_PB,D,20181212,000000,1.635,1.649,1.626,1.638,0,0
WIG_MOTO_PB,D,20181213,000000,1.638,1.651,1.633,1.64,0,0
WIG_MOTO_PB,D,20181214,000000,1.64,1.669,1.622,1.658,0,0
WIG_MOTO_PB,D,20181217,000000,1.658,1.662,1.633,1.639,0,0
WIG_MOTO_PB,D,20181218,000000,1.639,1.65,1.618,1.623,0,0
WIG_MOTO_PB,D,20181219,000000,1.623,1.623,1.598,1.598,0,0
WIG_MOTO_PB,D,20181220,000000,1.565,1.565,1.527,1.527,0,0
WIG_MOTO_PB,D,20181221,000000,1.527,1.543,1.525,1.527,0,0
WIG_MOTO_PB,D,20181227,000000,1.527,1.563,1.527,1.529,0,0
WIG_MOTO_PB,D,20181228,000000,1.529,1.549,1.518,1.518,0,0
WIG_MOTO_PB,D,20190102,000000,1.518,1.539,1.518,1.537,0,0
WIG_MOTO_PB,D,20190103,000000,1.537,1.558,1.52,1.52,0,0
WIG_MOTO_PB,D,20190104,000000,1.52,1.538,1.52,1.525,0,0
WIG_MOTO_PB,D,20190107,000000,1.525,1.555,1.525,1.552,0,0
WIG_MOTO_PB,D,20190108,000000,1.552,1.57,1.552,1.555,0,0
WIG_MOTO_PB,D,20190109,000000,1.555,1.566,1.551,1.562,0,0
WIG_MOTO_PB,D,20190110,000000,1.562,1.562,1.536,1.55,0,0
WIG_MOTO_PB,D,20190111,000000,1.55,1.567,1.544,1.547,0,0
WIG_MOTO_PB,D,20190114,000000,1.547,1.553,1.528,1.538,0,0
WIG_MOTO_PB,D,20190115,000000,1.538,1.543,1.52,1.525,0,0
WIG_MOTO_PB,D,20190116,000000,1.525,1.54,1.524,1.533,0,0
WIG_MOTO_PB,D,20190117,000000,1.533,1.546,1.533,1.536,0,0
WIG_MOTO_PB,D,20190118,000000,1.536,1.543,1.526,1.536,0,0
WIG_MOTO_PB,D,20190121,000000,1.536,1.54,1.521,1.529,0,0
WIG_MOTO_PB,D,20190122,000000,1.529,1.602,1.529,1.595,0,0
WIG_MOTO_PB,D,20190123,000000,1.595,1.596,1.574,1.58,0,0
WIG_MOTO_PB,D,20190124,000000,1.58,1.59,1.57,1.575,0,0
WIG_MOTO_PB,D,20190125,000000,1.575,1.608,1.575,1.581,0,0
WIG_MOTO_PB,D,20190128,000000,1.581,1.596,1.567,1.567,0,0
WIG_MOTO_PB,D,20190129,000000,1.567,1.577,1.564,1.565,0,0
WIG_MOTO_PB,D,20190130,000000,1.565,1.572,1.544,1.552,0,0
WIG_MOTO_PB,D,20190131,000000,1.552,1.579,1.552,1.573,0,0
WIG_MOTO_PB,D,20190201,000000,1.573,1.597,1.567,1.592,0,0
WIG_MOTO_PB,D,20190204,000000,1.592,1.638,1.592,1.632,0,0
WIG_MOTO_PB,D,20190205,000000,1.632,1.659,1.632,1.656,0,0
WIG_MOTO_PB,D,20190206,000000,1.656,1.662,1.628,1.632,0,0
WIG_MOTO_PB,D,20190207,000000,1.632,1.639,1.6,1.611,0,0
WIG_MOTO_PB,D,20190208,000000,1.611,1.641,1.603,1.632,0,0
WIG_MOTO_PB,D,20190211,000000,1.632,1.659,1.627,1.633,0,0
WIG_MOTO_PB,D,20190212,000000,1.633,1.646,1.615,1.623,0,0
WIG_MOTO_PB,D,20190213,000000,1.623,1.636,1.618,1.632,0,0
WIG_MOTO_PB,D,20190214,000000,1.632,1.643,1.606,1.611,0,0
WIG_MOTO_PB,D,20190215,000000,1.611,1.633,1.609,1.617,0,0
WIG_MOTO_PB,D,20190218,000000,1.617,1.637,1.617,1.63,0,0
WIG_MOTO_PB,D,20190219,000000,1.63,1.635,1.604,1.61,0,0
WIG_MOTO_PB,D,20190220,000000,1.61,1.642,1.61,1.642,0,0
WIG_MOTO_PB,D,20190221,000000,1.642,1.669,1.642,1.658,0,0
WIG_MOTO_PB,D,20190222,000000,1.658,1.671,1.655,1.668,0,0
WIG_MOTO_PB,D,20190225,000000,1.668,1.684,1.656,1.683,0,0
WIG_MOTO_PB,D,20190226,000000,1.683,1.7,1.672,1.672,0,0
WIG_MOTO_PB,D,20190227,000000,1.672,1.695,1.67,1.67,0,0
WIG_MOTO_PB,D,20190228,000000,1.67,1.691,1.67,1.677,0,0
WIG_MOTO_PB,D,20190301,000000,1.683,1.709,1.681,1.685,0,0
WIG_MOTO_PB,D,20190304,000000,1.685,1.709,1.679,1.684,0,0
WIG_MOTO_PB,D,20190305,000000,1.684,1.704,1.678,1.682,0,0
WIG_MOTO_PB,D,20190306,000000,1.682,1.695,1.671,1.695,0,0
WIG_MOTO_PB,D,20190307,000000,1.695,1.738,1.693,1.731,0,0
WIG_MOTO_PB,D,20190308,000000,1.731,1.731,1.715,1.72,0,0
WIG_MOTO_PB,D,20190311,000000,1.72,1.745,1.72,1.733,0,0
WIG_MOTO_PB,D,20190312,000000,1.733,1.774,1.733,1.755,0,0
WIG_MOTO_PB,D,20190313,000000,1.755,1.762,1.737,1.737,0,0
WIG_MOTO_PB,D,20190314,000000,1.737,1.748,1.726,1.729,0,0
WIG_MOTO_PB,D,20190315,000000,1.729,1.75,1.716,1.716,0,0
WIG_MOTO_PB,D,20190318,000000,1.716,1.735,1.71,1.719,0,0
WIG_MOTO_PB,D,20190319,000000,1.719,1.737,1.718,1.718,0,0
WIG_MOTO_PB,D,20190320,000000,1.718,1.738,1.715,1.737,0,0
WIG_MOTO_PB,D,20190321,000000,1.737,1.744,1.729,1.738,0,0
WIG_MOTO_PB,D,20190322,000000,1.738,1.739,1.708,1.713,0,0
WIG_MOTO_PB,D,20190325,000000,1.713,1.713,1.688,1.7,0,0
WIG_MOTO_PB,D,20190326,000000,1.7,1.704,1.667,1.667,0,0
WIG_MOTO_PB,D,20190327,000000,1.667,1.669,1.629,1.632,0,0
WIG_MOTO_PB,D,20190328,000000,1.632,1.652,1.627,1.63,0,0
WIG_MOTO_PB,D,20190329,000000,1.63,1.706,1.63,1.706,0,0
WIG_MOTO_PB,D,20190401,000000,1.706,1.73,1.7,1.727,0,0
WIG_MOTO_PB,D,20190402,000000,1.727,1.728,1.713,1.725,0,0
WIG_MOTO_PB,D,20190403,000000,1.725,1.755,1.725,1.739,0,0
WIG_MOTO_PB,D,20190404,000000,1.739,1.763,1.739,1.749,0,0
WIG_MOTO_PB,D,20190405,000000,1.749,1.759,1.735,1.749,0,0
WIG_MOTO_PB,D,20190408,000000,1.749,1.757,1.738,1.746,0,0
WIG_MOTO_PB,D,20190409,000000,1.746,1.762,1.733,1.735,0,0
WIG_MOTO_PB,D,20190410,000000,1.735,1.745,1.721,1.728,0,0
WIG_MOTO_PB,D,20190411,000000,1.728,1.757,1.726,1.74,0,0
WIG_MOTO_PB,D,20190412,000000,1.74,1.743,1.733,1.737,0,0
WIG_MOTO_PB,D,20190415,000000,1.737,1.745,1.722,1.732,0,0
WIG_MOTO_PB,D,20190416,000000,1.732,1.734,1.713,1.716,0,0
WIG_MOTO_PB,D,20190417,000000,1.716,1.716,1.694,1.7,0,0
WIG_MOTO_PB,D,20190418,000000,1.7,1.706,1.687,1.7,0,0
WIG_MOTO_PB,D,20190423,000000,1.7,1.725,1.7,1.711,0,0
WIG_MOTO_PB,D,20190424,000000,1.711,1.718,1.699,1.708,0,0
WIG_MOTO_PB,D,20190425,000000,1.708,1.715,1.699,1.712,0,0
WIG_MOTO_PB,D,20190426,000000,1.712,1.722,1.699,1.707,0,0
WIG_MOTO_PB,D,20190429,000000,1.707,1.736,1.69,1.736,0,0
WIG_MOTO_PB,D,20190430,000000,1.736,1.757,1.724,1.757,0,0
WIG_MOTO_PB,D,20190502,000000,1.757,1.757,1.736,1.755,0,0
WIG_MOTO_PB,D,20190506,000000,1.755,1.76,1.718,1.718,0,0
WIG_MOTO_PB,D,20190507,000000,1.718,1.727,1.645,1.65,0,0
WIG_MOTO_PB,D,20190508,000000,1.65,1.655,1.615,1.621,0,0
WIG_MOTO_PB,D,20190509,000000,1.621,1.628,1.604,1.604,0,0
WIG_MOTO_PB,D,20190510,000000,1.604,1.624,1.601,1.609,0,0
WIG_MOTO_PB,D,20190513,000000,1.609,1.614,1.584,1.597,0,0
WIG_MOTO_PB,D,20190514,000000,1.597,1.609,1.59,1.593,0,0
WIG_MOTO_PB,D,20190515,000000,1.593,1.609,1.577,1.588,0,0
WIG_MOTO_PB,D,20190516,000000,1.588,1.593,1.565,1.575,0,0
WIG_MOTO_PB,D,20190517,000000,1.575,1.587,1.56,1.563,0,0
WIG_MOTO_PB,D,20190520,000000,1.563,1.563,1.542,1.554,0,0
WIG_MOTO_PB,D,20190521,000000,1.554,1.562,1.539,1.558,0,0
WIG_MOTO_PB,D,20190522,000000,1.558,1.623,1.545,1.61,0,0
WIG_MOTO_PB,D,20190523,000000,1.61,1.622,1.582,1.583,0,0
WIG_MOTO_PB,D,20190524,000000,1.583,1.603,1.579,1.597,0,0
WIG_MOTO_PB,D,20190527,000000,1.597,1.603,1.59,1.603,0,0
WIG_MOTO_PB,D,20190528,000000,1.603,1.603,1.583,1.593,0,0
WIG_MOTO_PB,D,20190529,000000,1.593,1.599,1.569,1.572,0,0
WIG_MOTO_PB,D,20190530,000000,1.572,1.59,1.567,1.586,0,0
WIG_MOTO_PB,D,20190531,000000,1.586,1.595,1.566,1.566,0,0
WIG_MOTO_PB,D,20190603,000000,1.566,1.577,1.564,1.572,0,0
WIG_MOTO_PB,D,20190604,000000,1.572,1.572,1.549,1.554,0,0
WIG_MOTO_PB,D,20190605,000000,1.554,1.571,1.546,1.558,0,0
WIG_MOTO_PB,D,20190606,000000,1.55,1.55,1.531,1.547,0,0
WIG_MOTO_PB,D,20190607,000000,1.547,1.564,1.546,1.552,0,0
WIG_MOTO_PB,D,20190610,000000,1.552,1.566,1.536,1.54,0,0
WIG_MOTO_PB,D,20190611,000000,1.54,1.561,1.536,1.556,0,0
WIG_MOTO_PB,D,20190612,000000,1.556,1.559,1.522,1.541,0,0
WIG_MOTO_PB,D,20190613,000000,1.541,1.541,1.521,1.535,0,0
WIG_MOTO_PB,D,20190614,000000,1.519,1.537,1.519,1.531,0,0
WIG_MOTO_PB,D,20190617,000000,1.531,1.534,1.502,1.502,0,0
WIG_MOTO_PB,D,20190618,000000,1.502,1.528,1.502,1.512,0,0
WIG_MOTO_PB,D,20190619,000000,1.512,1.517,1.502,1.509,0,0
WIG_MOTO_PB,D,20190621,000000,1.509,1.522,1.504,1.522,0,0
WIG_MOTO_PB,D,20190624,000000,1.522,1.545,1.514,1.534,0,0
WIG_MOTO_PB,D,20190625,000000,1.534,1.577,1.534,1.577,0,0
WIG_MOTO_PB,D,20190626,000000,1.577,1.581,1.557,1.565,0,0
WIG_MOTO_PB,D,20190627,000000,1.565,1.588,1.552,1.588,0,0
WIG_MOTO_PB,D,20190628,000000,1.588,1.59,1.559,1.565,0,0
WIG_MOTO_PB,D,20190701,000000,1.565,1.586,1.564,1.586,0,0
WIG_MOTO_PB,D,20190702,000000,1.586,1.586,1.558,1.558,0,0
WIG_MOTO_PB,D,20190703,000000,1.558,1.573,1.542,1.565,0,0
WIG_MOTO_PB,D,20190704,000000,1.565,1.585,1.557,1.583,0,0
WIG_MOTO_PB,D,20190705,000000,1.583,1.592,1.567,1.57,0,0
WIG_MOTO_PB,D,20190708,000000,1.57,1.58,1.566,1.574,0,0
WIG_MOTO_PB,D,20190709,000000,1.574,1.579,1.554,1.575,0,0
WIG_MOTO_PB,D,20190710,000000,1.575,1.575,1.557,1.56,0,0
WIG_MOTO_PB,D,20190711,000000,1.56,1.585,1.56,1.574,0,0
WIG_MOTO_PB,D,20190712,000000,1.574,1.591,1.557,1.573,0,0
WIG_MOTO_PB,D,20190715,000000,1.573,1.576,1.546,1.554,0,0
WIG_MOTO_PB,D,20190716,000000,1.554,1.564,1.548,1.555,0,0
WIG_MOTO_PB,D,20190717,000000,1.555,1.557,1.537,1.542,0,0
WIG_MOTO_PB,D,20190718,000000,1.542,1.552,1.533,1.545,0,0
WIG_MOTO_PB,D,20190719,000000,1.545,1.556,1.532,1.556,0,0
WIG_MOTO_PB,D,20190722,000000,1.556,1.558,1.538,1.541,0,0
WIG_MOTO_PB,D,20190723,000000,1.541,1.543,1.526,1.535,0,0
WIG_MOTO_PB,D,20190724,000000,1.535,1.538,1.517,1.522,0,0
WIG_MOTO_PB,D,20190725,000000,1.522,1.535,1.517,1.523,0,0
WIG_MOTO_PB,D,20190726,000000,1.523,1.526,1.513,1.526,0,0
WIG_MOTO_PB,D,20190729,000000,1.526,1.527,1.509,1.518,0,0
WIG_MOTO_PB,D,20190730,000000,1.518,1.519,1.499,1.509,0,0
WIG_MOTO_PB,D,20190731,000000,1.509,1.521,1.5,1.517,0,0
WIG_MOTO_PB,D,20190801,000000,1.517,1.517,1.496,1.5,0,0
WIG_MOTO_PB,D,20190802,000000,1.5,1.506,1.483,1.483,0,0
WIG_MOTO_PB,D,20190805,000000,1.483,1.494,1.475,1.487,0,0
WIG_MOTO_PB,D,20190806,000000,1.487,1.503,1.474,1.485,0,0
WIG_MOTO_PB,D,20190807,000000,1.485,1.486,1.471,1.475,0,0
WIG_MOTO_PB,D,20190808,000000,1.475,1.48,1.471,1.477,0,0
WIG_MOTO_PB,D,20190809,000000,1.477,1.535,1.47,1.535,0,0
WIG_MOTO_PB,D,20190812,000000,1.535,1.54,1.522,1.522,0,0
WIG_MOTO_PB,D,20190813,000000,1.522,1.522,1.482,1.482,0,0
WIG_MOTO_PB,D,20190814,000000,1.482,1.485,1.466,1.485,0,0
WIG_MOTO_PB,D,20190816,000000,1.485,1.485,1.46,1.465,0,0
WIG_MOTO_PB,D,20190819,000000,1.465,1.485,1.453,1.482,0,0
WIG_MOTO_PB,D,20190820,000000,1.482,1.491,1.466,1.467,0,0
WIG_MOTO_PB,D,20190821,000000,1.467,1.487,1.46,1.487,0,0
WIG_MOTO_PB,D,20190822,000000,1.487,1.488,1.466,1.468,0,0
WIG_MOTO_PB,D,20190823,000000,1.468,1.477,1.454,1.457,0,0
WIG_MOTO_PB,D,20190826,000000,1.457,1.457,1.444,1.45,0,0
WIG_MOTO_PB,D,20190827,000000,1.45,1.452,1.44,1.441,0,0
WIG_MOTO_PB,D,20190828,000000,1.441,1.445,1.425,1.443,0,0
WIG_MOTO_PB,D,20190829,000000,1.443,1.447,1.418,1.438,0,0
WIG_MOTO_PB,D,20190830,000000,1.438,1.484,1.436,1.484,0,0
WIG_MOTO_PB,D,20190902,000000,1.484,1.49,1.464,1.478,0,0
WIG_MOTO_PB,D,20190903,000000,1.478,1.479,1.449,1.449,0,0
WIG_MOTO_PB,D,20190904,000000,1.449,1.462,1.445,1.449,0,0
WIG_MOTO_PB,D,20190905,000000,1.449,1.449,1.424,1.433,0,0
WIG_MOTO_PB,D,20190906,000000,1.433,1.463,1.427,1.452,0,0
WIG_MOTO_PB,D,20190909,000000,1.452,1.482,1.452,1.47,0,0
WIG_MOTO_PB,D,20190910,000000,1.47,1.487,1.463,1.472,0,0
WIG_MOTO_PB,D,20190911,000000,1.472,1.472,1.429,1.435,0,0
WIG_MOTO_PB,D,20190912,000000,1.435,1.447,1.416,1.443,0,0
WIG_MOTO_PB,D,20190913,000000,1.443,1.456,1.442,1.445,0,0
WIG_MOTO_PB,D,20190916,000000,1.445,1.475,1.442,1.475,0,0
WIG_MOTO_PB,D,20190917,000000,1.475,1.497,1.473,1.488,0,0
WIG_MOTO_PB,D,20190918,000000,1.488,1.493,1.469,1.478,0,0
WIG_MOTO_PB,D,20190919,000000,1.478,1.48,1.452,1.466,0,0
WIG_MOTO_PB,D,20190920,000000,1.455,1.461,1.433,1.436,0,0
WIG_MOTO_PB,D,20190923,000000,1.436,1.442,1.412,1.418,0,0
WIG_MOTO_PB,D,20190924,000000,1.418,1.431,1.418,1.425,0,0
WIG_MOTO_PB,D,20190925,000000,1.425,1.428,1.407,1.407,0,0
WIG_MOTO_PB,D,20190926,000000,1.407,1.424,1.404,1.424,0,0
WIG_MOTO_PB,D,20190927,000000,1.424,1.439,1.405,1.419,0,0
WIG_MOTO_PB,D,20190930,000000,1.419,1.427,1.4,1.412,0,0
WIG_MOTO_PB,D,20191001,000000,1.412,1.417,1.387,1.39,0,0
WIG_MOTO_PB,D,20191002,000000,1.39,1.395,1.376,1.381,0,0
WIG_MOTO_PB,D,20191003,000000,1.381,1.385,1.367,1.37,0,0
WIG_MOTO_PB,D,20191004,000000,1.37,1.374,1.358,1.362,0,0
WIG_MOTO_PB,D,20191007,000000,1.362,1.369,1.354,1.368,0,0
WIG_MOTO_PB,D,20191008,000000,1.368,1.38,1.365,1.375,0,0
WIG_MOTO_PB,D,20191009,000000,1.375,1.379,1.364,1.367,0,0
WIG_MOTO_PB,D,20191010,000000,1.367,1.372,1.359,1.372,0,0
WIG_MOTO_PB,D,20191011,000000,1.372,1.413,1.362,1.396,0,0
WIG_MOTO_PB,D,20191014,000000,1.396,1.404,1.39,1.39,0,0
WIG_MOTO_PB,D,20191015,000000,1.39,1.398,1.379,1.38,0,0
WIG_MOTO_PB,D,20191016,000000,1.38,1.392,1.373,1.392,0,0
WIG_MOTO_PB,D,20191017,000000,1.392,1.407,1.38,1.407,0,0
WIG_MOTO_PB,D,20191018,000000,1.407,1.409,1.387,1.399,0,0
WIG_MOTO_PB,D,20191021,000000,1.399,1.406,1.383,1.385,0,0
WIG_MOTO_PB,D,20191022,000000,1.385,1.395,1.372,1.377,0,0
WIG_MOTO_PB,D,20191023,000000,1.377,1.385,1.372,1.38,0,0
WIG_MOTO_PB,D,20191024,000000,1.38,1.38,1.361,1.361,0,0
WIG_MOTO_PB,D,20191025,000000,1.361,1.367,1.35,1.358,0,0
WIG_MOTO_PB,D,20191028,000000,1.358,1.363,1.343,1.362,0,0
WIG_MOTO_PB,D,20191029,000000,1.362,1.368,1.353,1.357,0,0
WIG_MOTO_PB,D,20191030,000000,1.357,1.357,1.345,1.35,0,0
WIG_MOTO_PB,D,20191031,000000,1.35,1.355,1.335,1.347,0,0
WIG_MOTO_PB,D,20191104,000000,1.347,1.352,1.335,1.341,0,0
WIG_MOTO_PB,D,20191105,000000,1.341,1.345,1.326,1.33,0,0
WIG_MOTO_PB,D,20191106,000000,1.33,1.341,1.32,1.337,0,0
WIG_MOTO_PB,D,20191107,000000,1.337,1.344,1.336,1.342,0,0
WIG_MOTO_PB,D,20191108,000000,1.342,1.361,1.337,1.347,0,0
WIG_MOTO_PB,D,20191112,000000,1.347,1.354,1.325,1.325,0,0
WIG_MOTO_PB,D,20191113,000000,1.325,1.344,1.324,1.338,0,0
WIG_MOTO_PB,D,20191114,000000,1.338,1.354,1.336,1.345,0,0
WIG_MOTO_PB,D,20191115,000000,1.345,1.357,1.337,1.337,0,0
WIG_MOTO_PB,D,20191118,000000,1.337,1.342,1.325,1.33,0,0
WIG_MOTO_PB,D,20191119,000000,1.33,1.33,1.31,1.325,0,0
WIG_MOTO_PB,D,20191120,000000,1.325,1.328,1.303,1.309,0,0
WIG_MOTO_PB,D,20191121,000000,1.309,1.315,1.296,1.307,0,0
WIG_MOTO_PB,D,20191122,000000,1.307,1.308,1.295,1.302,0,0
WIG_MOTO_PB,D,20191125,000000,1.302,1.324,1.302,1.322,0,0
WIG_MOTO_PB,D,20191126,000000,1.322,1.322,1.29,1.29,0,0
WIG_MOTO_PB,D,20191127,000000,1.29,1.294,1.274,1.279,0,0
WIG_MOTO_PB,D,20191128,000000,1.279,1.289,1.269,1.285,0,0
WIG_MOTO_PB,D,20191129,000000,1.285,1.301,1.274,1.281,0,0
WIG_MOTO_PB,D,20191202,000000,1.281,1.286,1.266,1.286,0,0
WIG_MOTO_PB,D,20191203,000000,1.286,1.294,1.27,1.271,0,0
WIG_MOTO_PB,D,20191204,000000,1.271,1.296,1.265,1.289,0,0
WIG_MOTO_PB,D,20191205,000000,1.289,1.304,1.278,1.304,0,0
WIG_MOTO_PB,D,20191206,000000,1.304,1.305,1.292,1.293,0,0
WIG_MOTO_PB,D,20191209,000000,1.293,1.299,1.274,1.277,0,0
WIG_MOTO_PB,D,20191210,000000,1.277,1.277,1.257,1.273,0,0
WIG_MOTO_PB,D,20191211,000000,1.273,1.293,1.273,1.293,0,0
WIG_MOTO_PB,D,20191212,000000,1.293,1.304,1.283,1.293,0,0
WIG_MOTO_PB,D,20191213,000000,1.293,1.295,1.281,1.29,0,0
WIG_MOTO_PB,D,20191216,000000,1.29,1.29,1.279,1.289,0,0
WIG_MOTO_PB,D,20191217,000000,1.289,1.29,1.261,1.277,0,0
WIG_MOTO_PB,D,20191218,000000,1.277,1.279,1.262,1.275,0,0
WIG_MOTO_PB,D,20191219,000000,1.275,1.282,1.267,1.272,0,0
WIG_MOTO_PB,D,20191220,000000,1.272,1.272,1.256,1.257,0,0
WIG_MOTO_PB,D,20191223,000000,1.257,1.286,1.257,1.272,0,0
WIG_MOTO_PB,D,20191227,000000,1.272,1.283,1.264,1.273,0,0
WIG_MOTO_PB,D,20191230,000000,1.273,1.297,1.273,1.294,0,0
WIG_MOTO_PB,D,20200102,000000,1.294,1.319,1.294,1.311,0,0
WIG_MOTO_PB,D,20200103,000000,1.311,1.311,1.299,1.31,0,0
WIG_MOTO_PB,D,20200107,000000,1.31,1.317,1.298,1.315,0,0
WIG_MOTO_PB,D,20200108,000000,1.315,1.327,1.305,1.313,0,0
WIG_MOTO_PB,D,20200109,000000,1.313,1.338,1.307,1.321,0,0
WIG_MOTO_PB,D,20200110,000000,1.321,1.341,1.321,1.341,0,0
WIG_MOTO_PB,D,20200113,000000,1.341,1.351,1.318,1.326,0,0
WIG_MOTO_PB,D,20200114,000000,1.326,1.326,1.296,1.302,0,0
WIG_MOTO_PB,D,20200115,000000,1.302,1.31,1.29,1.305,0,0
WIG_MOTO_PB,D,20200116,000000,1.305,1.316,1.301,1.306,0,0
WIG_MOTO_PB,D,20200117,000000,1.306,1.322,1.298,1.322,0,0
WIG_MOTO_PB,D,20200120,000000,1.322,1.323,1.303,1.312,0,0
WIG_MOTO_PB,D,20200121,000000,1.312,1.387,1.312,1.354,0,0
WIG_MOTO_PB,D,20200122,000000,1.354,1.362,1.336,1.349,0,0
WIG_MOTO_PB,D,20200123,000000,1.349,1.351,1.327,1.332,0,0
WIG_MOTO_PB,D,20200124,000000,1.332,1.351,1.332,1.334,0,0
WIG_MOTO_PB,D,20200127,000000,1.334,1.336,1.314,1.322,0,0
WIG_MOTO_PB,D,20200128,000000,1.322,1.339,1.312,1.339,0,0
WIG_MOTO_PB,D,20200129,000000,1.339,1.354,1.328,1.345,0,0
WIG_MOTO_PB,D,20200130,000000,1.345,1.345,1.327,1.339,0,0
WIG_MOTO_PB,D,20200131,000000,1.339,1.339,1.316,1.321,0,0
WIG_MOTO_PB,D,20200203,000000,1.321,1.321,1.296,1.311,0,0
WIG_MOTO_PB,D,20200204,000000,1.311,1.319,1.298,1.307,0,0
WIG_MOTO_PB,D,20200205,000000,1.307,1.315,1.297,1.308,0,0
WIG_MOTO_PB,D,20200206,000000,1.308,1.317,1.288,1.296,0,0
WIG_MOTO_PB,D,20200207,000000,1.296,1.311,1.284,1.306,0,0
WIG_MOTO_PB,D,20200210,000000,1.306,1.317,1.297,1.304,0,0
WIG_MOTO_PB,D,20200211,000000,1.304,1.305,1.29,1.299,0,0
WIG_MOTO_PB,D,20200212,000000,1.299,1.308,1.288,1.288,0,0
WIG_MOTO_PB,D,20200213,000000,1.288,1.293,1.27,1.278,0,0
WIG_MOTO_PB,D,20200214,000000,1.278,1.287,1.271,1.287,0,0
WIG_MOTO_PB,D,20200217,000000,1.287,1.297,1.282,1.296,0,0
WIG_MOTO_PB,D,20200218,000000,1.296,1.3,1.274,1.285,0,0
WIG_MOTO_PB,D,20200219,000000,1.285,1.287,1.268,1.277,0,0
WIG_MOTO_PB,D,20200220,000000,1.277,1.285,1.269,1.272,0,0
WIG_MOTO_PB,D,20200221,000000,1.272,1.272,1.26,1.264,0,0
WIG_MOTO_PB,D,20200224,000000,1.264,1.264,1.204,1.205,0,0
WIG_MOTO_PB,D,20200225,000000,1.205,1.215,1.158,1.186,0,0
WIG_MOTO_PB,D,20200226,000000,1.186,1.19,1.159,1.18,0,0
WIG_MOTO_PB,D,20200227,000000,1.18,1.182,1.119,1.119,0,0
WIG_MOTO_PB,D,20200228,000000,1.119,1.119,1.038,1.098,0,0
WIG_MOTO_PB,D,20200302,000000,1.098,1.137,1.092,1.129,0,0
WIG_MOTO_PB,D,20200303,000000,1.129,1.173,1.129,1.168,0,0
WIG_MOTO_PB,D,20200304,000000,1.168,1.168,1.146,1.15,0,0
WIG_MOTO_PB,D,20200305,000000,1.15,1.169,1.139,1.151,0,0
WIG_MOTO_PB,D,20200306,000000,1.151,1.151,1.115,1.137,0,0
WIG_MOTO_PB,D,20200309,000000,1.137,1.137,1.043,1.055,0,0
WIG_MOTO_PB,D,20200310,000000,1.055,1.104,1.052,1.071,0,0
WIG_MOTO_PB,D,20200311,000000,1.071,1.086,1.004,1.02,0,0
WIG_MOTO_PB,D,20200312,000000,1.02,1.02,0.889,0.892,0,0
WIG_MOTO_PB,D,20200313,000000,0.892,0.947,0.892,0.904,0,0
WIG_MOTO_PB,D,20200316,000000,0.904,0.904,0.837,0.866,0,0
WIG_MOTO_PB,D,20200317,000000,0.866,0.914,0.866,0.905,0,0
WIG_MOTO_PB,D,20200318,000000,0.905,0.911,0.874,0.902,0,0
WIG_MOTO_PB,D,20200319,000000,0.902,0.926,0.896,0.923,0,0
WIG_MOTO_PB,D,20200320,000000,0.923,0.923,0.874,0.878,0,0
WIG_MOTO_PB,D,20200323,000000,0.878,0.878,0.833,0.834,0,0
WIG_MOTO_PB,D,20200324,000000,0.834,0.87,0.83,0.839,0,0
WIG_MOTO_PB,D,20200325,000000,0.839,0.846,0.815,0.825,0,0
WIG_MOTO_PB,D,20200326,000000,0.825,0.828,0.815,0.824,0,0
WIG_MOTO_PB,D,20200327,000000,0.824,0.84,0.824,0.829,0,0
WIG_MOTO_PB,D,20200330,000000,0.829,0.841,0.821,0.841,0,0
WIG_MOTO_PB,D,20200331,000000,0.841,0.855,0.841,0.849,0,0
WIG_MOTO_PB,D,20200401,000000,0.849,0.863,0.845,0.848,0,0
WIG_MOTO_PB,D,20200402,000000,0.848,0.858,0.845,0.855,0,0
WIG_MOTO_PB,D,20200403,000000,0.855,0.874,0.855,0.872,0,0
WIG_MOTO_PB,D,20200406,000000,0.872,0.889,0.871,0.889,0,0
WIG_MOTO_PB,D,20200407,000000,0.889,0.899,0.87,0.87,0,0
WIG_MOTO_PB,D,20200408,000000,0.87,0.887,0.861,0.869,0,0
WIG_MOTO_PB,D,20200409,000000,0.869,0.942,0.869,0.942,0,0
WIG_MOTO_PB,D,20200414,000000,0.942,1.016,0.942,1.013,0,0
WIG_MOTO_PB,D,20200415,000000,1.013,1.032,0.987,1.002,0,0
WIG_MOTO_PB,D,20200416,000000,1.002,1.027,1.002,1.02,0,0
WIG_MOTO_PB,D,20200417,000000,1.02,1.051,1.02,1.038,0,0
WIG_MOTO_PB,D,20200420,000000,1.038,1.064,1.038,1.058,0,0
WIG_MOTO_PB,D,20200421,000000,1.058,1.058,0.998,1.002,0,0
WIG_MOTO_PB,D,20200422,000000,1.002,1.011,0.991,1.008,0,0
WIG_MOTO_PB,D,20200423,000000,1.008,1.034,1.007,1.031,0,0
WIG_MOTO_PB,D,20200424,000000,1.031,1.035,1.016,1.016,0,0
WIG_MOTO_PB,D,20200427,000000,1.016,1.031,1.006,1.028,0,0
WIG_MOTO_PB,D,20200428,000000,1.028,1.04,1.014,1.016,0,0
WIG_MOTO_PB,D,20200429,000000,1.016,1.025,0.99,1.011,0,0
WIG_MOTO_PB,D,20200430,000000,1.011,1.027,1.011,1.026,0,0
WIG_MOTO_PB,D,20200504,000000,1.026,1.029,1.003,1.012,0,0
WIG_MOTO_PB,D,20200505,000000,1.012,1.033,1.007,1.014,0,0
WIG_MOTO_PB,D,20200506,000000,1.014,1.023,1.003,1.003,0,0
WIG_MOTO_PB,D,20200507,000000,1.003,1.02,0.999,1.016,0,0
WIG_MOTO_PB,D,20200508,000000,1.016,1.025,1.01,1.021,0,0
WIG_MOTO_PB,D,20200511,000000,1.021,1.027,1.005,1.022,0,0
WIG_MOTO_PB,D,20200512,000000,1.022,1.022,1.008,1.018,0,0
WIG_MOTO_PB,D,20200513,000000,1.018,1.024,1.006,1.015,0,0
WIG_MOTO_PB,D,20200514,000000,1.015,1.022,0.988,0.989,0,0
WIG_MOTO_PB,D,20200515,000000,0.989,1.013,0.989,1.006,0,0
WIG_MOTO_PB,D,20200518,000000,1.006,1.029,1.006,1.022,0,0
WIG_MOTO_PB,D,20200519,000000,1.022,1.052,1.021,1.043,0,0
WIG_MOTO_PB,D,20200520,000000,1.043,1.075,1.043,1.068,0,0
WIG_MOTO_PB,D,20200521,000000,1.068,1.074,1.053,1.065,0,0
WIG_MOTO_PB,D,20200522,000000,1.065,1.068,1.045,1.062,0,0
WIG_MOTO_PB,D,20200525,000000,1.062,1.083,1.058,1.06,0,0
WIG_MOTO_PB,D,20200526,000000,1.06,1.089,1.06,1.089,0,0
WIG_MOTO_PB,D,20200527,000000,1.089,1.11,1.082,1.082,0,0
WIG_MOTO_PB,D,20200528,000000,1.082,1.106,1.078,1.095,0,0
WIG_MOTO_PB,D,20200529,000000,1.095,1.128,1.095,1.114,0,0
WIG_MOTO_PB,D,20200601,000000,1.114,1.136,1.114,1.127,0,0
WIG_MOTO_PB,D,20200602,000000,1.127,1.129,1.112,1.125,0,0
WIG_MOTO_PB,D,20200603,000000,1.125,1.141,1.125,1.137,0,0
WIG_MOTO_PB,D,20200604,000000,1.137,1.153,1.131,1.151,0,0
WIG_MOTO_PB,D,20200605,000000,1.151,1.159,1.144,1.159,0,0
WIG_MOTO_PB,D,20200608,000000,1.159,1.159,1.132,1.134,0,0
WIG_MOTO_PB,D,20200609,000000,1.134,1.137,1.11,1.123,0,0
WIG_MOTO_PB,D,20200610,000000,1.123,1.135,1.117,1.135,0,0
WIG_MOTO_PB,D,20200612,000000,1.135,1.135,1.096,1.105,0,0
WIG_MOTO_PB,D,20200615,000000,1.105,1.116,1.088,1.107,0,0
WIG_MOTO_PB,D,20200616,000000,1.107,1.13,1.107,1.13,0,0
WIG_MOTO_PB,D,20200617,000000,1.13,1.134,1.116,1.127,0,0
WIG_MOTO_PB,D,20200618,000000,1.127,1.127,1.109,1.119,0,0
WIG_MOTO_PB,D,20200619,000000,1.119,1.134,1.115,1.132,0,0
WIG_MOTO_PB,D,20200622,000000,1.132,1.135,1.118,1.128,0,0
WIG_MOTO_PB,D,20200623,000000,1.128,1.161,1.12,1.161,0,0
WIG_MOTO_PB,D,20200624,000000,1.162,1.317,1.14,1.317,0,0
WIG_MOTO_PB,D,20200625,000000,1.317,1.321,1.299,1.321,0,0
WIG_MOTO_PB,D,20200626,000000,1.321,1.327,1.296,1.3,0,0
WIG_MOTO_PB,D,20200629,000000,1.3,1.314,1.288,1.306,0,0
WIG_MOTO_PB,D,20200630,000000,1.306,1.603,1.3,1.603,0,0
WIG_MOTO_PB,D,20200701,000000,1.603,1.606,1.567,1.601,0,0
WIG_MOTO_PB,D,20200702,000000,1.601,1.614,1.595,1.601,0,0
WIG_MOTO_PB,D,20200703,000000,1.601,1.604,1.588,1.601,0,0
WIG_MOTO_PB,D,20200706,000000,1.601,1.619,1.565,1.575,0,0
WIG_MOTO_PB,D,20200707,000000,1.575,1.583,1.55,1.56,0,0
WIG_MOTO_PB,D,20200708,000000,1.56,1.574,1.541,1.567,0,0
WIG_MOTO_PB,D,20200709,000000,1.567,1.592,1.567,1.582,0,0
WIG_MOTO_PB,D,20200710,000000,1.582,1.582,1.546,1.555,0,0
WIG_MOTO_PB,D,20200713,000000,1.555,1.56,1.532,1.544,0,0
WIG_MOTO_PB,D,20200714,000000,1.544,1.547,1.519,1.525,0,0
WIG_MOTO_PB,D,20200715,000000,1.525,1.53,1.503,1.519,0,0
WIG_MOTO_PB,D,20200716,000000,1.519,1.527,1.51,1.527,0,0
WIG_MOTO_PB,D,20200717,000000,1.527,1.541,1.526,1.534,0,0
WIG_MOTO_PB,D,20200720,000000,1.534,1.547,1.526,1.547,0,0
WIG_MOTO_PB,D,20200721,000000,1.547,1.565,1.54,1.559,0,0
WIG_MOTO_PB,D,20200722,000000,1.559,3.349,1.549,3.349,0,0
WIG_MOTO_PB,D,20200723,000000,3.349,3.396,3.342,3.355,0,0
WIG_MOTO_PB,D,20200724,000000,3.355,3.386,3.324,3.38,0,0
WIG_MOTO_PB,D,20200727,000000,3.38,3.405,3.32,3.346,0,0
WIG_MOTO_PB,D,20200728,000000,3.346,3.397,3.295,3.397,0,0
WIG_MOTO_PB,D,20200729,000000,3.397,3.397,3.325,3.341,0,0
WIG_MOTO_PB,D,20200730,000000,3.341,3.385,3.188,3.191,0,0
WIG_MOTO_PB,D,20200731,000000,3.191,3.286,3.165,3.271,0,0
WIG_MOTO_PB,D,20200803,000000,3.271,3.361,3.271,3.336,0,0
WIG_MOTO_PB,D,20200804,000000,3.336,3.428,3.336,3.374,0,0
WIG_MOTO_PB,D,20200805,000000,3.374,3.402,3.344,3.402,0,0
WIG_MOTO_PB,D,20200806,000000,3.402,3.404,3.345,3.382,0,0
WIG_MOTO_PB,D,20200807,000000,3.382,3.395,3.324,3.39,0,0
WIG_MOTO_PB,D,20200810,000000,3.39,3.482,3.39,3.458,0,0
WIG_MOTO_PB,D,20200811,000000,3.458,3.623,3.448,3.623,0,0
WIG_MOTO_PB,D,20200812,000000,3.623,3.677,3.574,3.603,0,0
WIG_MOTO_PB,D,20200813,000000,3.603,3.682,3.56,3.568,0,0
WIG_MOTO_PB,D,20200814,000000,3.568,3.633,3.568,3.608,0,0
WIG_MOTO_PB,D,20200817,000000,3.608,3.652,3.56,3.586,0,0
WIG_MOTO_PB,D,20200818,000000,3.586,3.586,3.523,3.544,0,0
WIG_MOTO_PB,D,20200819,000000,3.544,3.569,3.444,3.463,0,0
WIG_MOTO_PB,D,20200820,000000,3.463,3.49,3.44,3.453,0,0
WIG_MOTO_PB,D,20200821,000000,3.453,3.468,3.414,3.435,0,0
WIG_MOTO_PB,D,20200824,000000,3.435,3.486,3.435,3.463,0,0
WIG_MOTO_PB,D,20200825,000000,3.463,3.47,3.406,3.467,0,0
WIG_MOTO_PB,D,20200826,000000,3.467,3.483,3.434,3.483,0,0
WIG_MOTO_PB,D,20200827,000000,3.483,3.509,3.46,3.509,0,0
WIG_MOTO_PB,D,20200828,000000,3.509,3.51,3.43,3.51,0,0
WIG_MOTO_PB,D,20200831,000000,3.51,3.523,3.47,3.517,0,0
WIG_MOTO_PB,D,20200901,000000,3.517,3.567,3.477,3.491,0,0
WIG_MOTO_PB,D,20200902,000000,3.491,3.522,3.464,3.507,0,0
WIG_MOTO_PB,D,20200903,000000,3.507,3.531,3.483,3.513,0,0
WIG_MOTO_PB,D,20200904,000000,3.513,3.513,3.447,3.505,0,0
WIG_MOTO_PB,D,20200907,000000,3.505,3.541,3.464,3.507,0,0
WIG_MOTO_PB,D,20200908,000000,3.507,3.507,3.368,3.38,0,0
WIG_MOTO_PB,D,20200909,000000,3.38,3.432,3.354,3.419,0,0
WIG_MOTO_PB,D,20200910,000000,3.419,3.473,3.379,3.395,0,0
WIG_MOTO_PB,D,20200911,000000,3.395,3.442,3.368,3.385,0,0
WIG_MOTO_PB,D,20200914,000000,3.364,3.4,3.327,3.365,0,0
WIG_MOTO_PB,D,20200915,000000,3.365,3.37,3.342,3.37,0,0
WIG_MOTO_PB,D,20200916,000000,3.37,3.377,3.35,3.371,0,0
WIG_MOTO_PB,D,20200917,000000,3.371,3.402,3.324,3.324,0,0
WIG_MOTO_PB,D,20200918,000000,3.324,3.346,3.264,3.314,0,0
WIG_MOTO_PB,D,20200921,000000,3.314,3.35,3.277,3.3,0,0
WIG_MOTO_PB,D,20200922,000000,3.3,3.3,3.246,3.278,0,0
WIG_MOTO_PB,D,20200923,000000,3.278,3.296,3.246,3.268,0,0
WIG_MOTO_PB,D,20200924,000000,3.268,3.268,3.228,3.228,0,0
WIG_MOTO_PB,D,20200925,000000,3.228,3.287,3.217,3.253,0,0
WIG_MOTO_PB,D,20200928,000000,3.253,3.315,3.253,3.301,0,0
WIG_MOTO_PB,D,20200929,000000,3.301,3.322,3.285,3.31,0,0
WIG_MOTO_PB,D,20200930,000000,3.31,3.317,3.262,3.289,0,0
WIG_MOTO_PB,D,20201001,000000,3.289,3.289,1.413,1.413,0,0
WIG_MOTO_PB,D,20201002,000000,1.413,1.422,1.4,1.415,0,0
WIG_MOTO_PB,D,20201005,000000,1.415,1.423,1.412,1.418,0,0
WIG_MOTO_PB,D,20201006,000000,1.418,1.444,1.418,1.433,0,0
WIG_MOTO_PB,D,20201007,000000,1.433,1.439,1.427,1.436,0,0
WIG_MOTO_PB,D,20201008,000000,1.436,1.436,1.397,1.417,0,0
WIG_MOTO_PB,D,20201009,000000,1.417,1.417,1.387,1.393,0,0
WIG_MOTO_PB,D,20201012,000000,1.393,1.409,1.378,1.381,0,0
WIG_MOTO_PB,D,20201013,000000,1.381,1.388,1.371,1.385,0,0
WIG_MOTO_PB,D,20201014,000000,1.385,1.388,1.36,1.369,0,0
WIG_MOTO_PB,D,20201015,000000,1.369,1.369,1.332,1.338,0,0
WIG_MOTO_PB,D,20201016,000000,1.338,1.356,1.327,1.354,0,0
