<TICKER>,<PER>,<DATE>,<TIME>,<OPEN>,<HIGH>,<LOW>,<CLOSE>,<VOL>,<OPENINT>
RCFS5OIL2.PL,D,20180615,000000,13.39,13.39,13.39,13.39,680,0
RCFS5OIL2.PL,D,20180626,000000,11.86,11.86,11.86,11.86,80,0
RCFS5OIL2.PL,D,20180709,000000,9.82,9.82,9.82,9.82,276,0
RCFS5OIL2.PL,D,20180711,000000,9.52,9.52,9.52,9.52,276,0
RCFS5OIL2.PL,D,20180718,000000,13.7,13.7,13.7,13.7,223,0
RCFS5OIL2.PL,D,20180724,000000,11.5,11.5,11.5,11.5,223,0
RCFS5OIL2.PL,D,20180808,000000,10.88,10.88,10.88,10.88,394,0
RCFS5OIL2.PL,D,20180809,000000,12.41,12.41,12.41,12.41,394,0
RCFS5OIL2.PL,D,20180814,000000,11.9,11.9,11.9,11.9,10,0
RCFS5OIL2.PL,D,20180822,000000,10.84,10.84,10.84,10.84,5,0
RCFS5OIL2.PL,D,20180824,000000,9.78,9.78,9.78,9.78,5,0
RCFS5OIL2.PL,D,20180905,000000,8.83,8.9,8.83,8.9,662,0
RCFS5OIL2.PL,D,20180907,000000,9,9,9,9,550,0
RCFS5OIL2.PL,D,20180910,000000,8.88,8.88,8.88,8.88,362,0
RCFS5OIL2.PL,D,20180911,000000,8.27,8.27,8.27,8.27,362,0
RCFS5OIL2.PL,D,20180912,000000,7.76,7.87,7.76,7.76,753,0
RCFS5OIL2.PL,D,20180913,000000,7.7,7.7,7.7,7.7,100,0
RCFS5OIL2.PL,D,20180917,000000,7.89,7.89,7.89,7.89,120,0
RCFS5OIL2.PL,D,20180921,000000,7.7,7.7,7.7,7.7,150,0
RCFS5OIL2.PL,D,20180926,000000,6.65,6.65,6.54,6.54,200,0
RCFS5OIL2.PL,D,20180927,000000,6.24,6.24,6.24,6.24,200,0
RCFS5OIL2.PL,D,20180928,000000,6.24,6.24,6.04,6.04,300,0
RCFS5OIL2.PL,D,20181002,000000,5.15,5.29,5.08,5.29,966,0
RCFS5OIL2.PL,D,20181004,000000,4.9,4.94,4.9,4.94,304,0
RCFS5OIL2.PL,D,20181008,000000,5.6,5.6,5.45,5.45,394,0
RCFS5OIL2.PL,D,20181011,000000,6,6.2,5.98,5.98,760,0
RCFS5OIL2.PL,D,20181012,000000,6.19,6.19,6.05,6.1,690,0
RCFS5OIL2.PL,D,20181015,000000,6.13,6.28,6.13,6.28,316,0
RCFS5OIL2.PL,D,20181017,000000,5.9,6,5.9,6,1262,0
RCFS5OIL2.PL,D,20181018,000000,6.95,6.99,6.93,6.99,550,0
RCFS5OIL2.PL,D,20181019,000000,6.71,6.71,6.4,6.4,650,0
RCFS5OIL2.PL,D,20181024,000000,8.6,8.6,8.47,8.47,302,0
RCFS5OIL2.PL,D,20181025,000000,8.07,8.07,8.07,8.07,45,0
RCFS5OIL2.PL,D,20181026,000000,8.26,8.26,8.26,8.26,20,0
RCFS5OIL2.PL,D,20181029,000000,7.76,7.76,7.76,7.76,500,0
RCFS5OIL2.PL,D,20181031,000000,7.85,8.35,7.85,8.35,617,0
RCFS5OIL2.PL,D,20181102,000000,9.69,10.34,9.67,9.67,792,0
RCFS5OIL2.PL,D,20181105,000000,9.99,9.99,9.99,9.99,500,0
RCFS5OIL2.PL,D,20181106,000000,10.34,10.34,10.34,10.34,125,0
RCFS5OIL2.PL,D,20181108,000000,10.37,10.46,10.37,10.46,176,0
RCFS5OIL2.PL,D,20181114,000000,15.61,15.61,14.4,14.4,500,0
RCFS5OIL2.PL,D,20181116,000000,13.02,13.02,13.02,13.02,200,0
RCFS5OIL2.PL,D,20181119,000000,13.92,15.87,13.92,15.87,865,0
RCFS5OIL2.PL,D,20181120,000000,14.71,17.2,14.39,17.2,425,0
RCFS5OIL2.PL,D,20181123,000000,20.92,22.96,20.92,22.22,1430,0
RCFS5OIL2.PL,D,20181126,000000,20.01,20.01,20.01,20.01,70,0
RCFS5OIL2.PL,D,20181129,000000,22.15,22.15,22.15,22.15,12,0
RCFS5OIL2.PL,D,20181130,000000,23.3,23.3,23.3,23.3,12,0
RCFS5OIL2.PL,D,20181204,000000,17.55,17.55,17.55,17.55,500,0
RCFS5OIL2.PL,D,20181205,000000,18.76,18.76,16.93,16.93,2500,0
RCFS5OIL2.PL,D,20181207,000000,15.91,15.91,15.37,15.37,2000,0
RCFS5OIL2.PL,D,20181210,000000,17.04,19.84,17.04,19.46,2560,0
RCFS5OIL2.PL,D,20181213,000000,20.85,20.85,20.85,20.85,40,0
RCFS5OIL2.PL,D,20181214,000000,18.64,18.64,18.64,18.64,40,0
RCFS5OIL2.PL,D,20181217,000000,19.49,19.49,19.49,19.49,60,0
RCFS5OIL2.PL,D,20181220,000000,26.35,28.98,26.35,28.98,640,0
RCFS5OIL2.PL,D,20181221,000000,30.2,32.4,30.2,32.4,60,0
RCFS5OIL2.PL,D,20181227,000000,32.16,32.16,32.16,32.16,46,0
RCFS5OIL2.PL,D,20190103,000000,27.52,29.42,25.44,29.42,1000,0
RCFS5OIL2.PL,D,20190104,000000,23.62,24,21,21,1600,0
RCFS5OIL2.PL,D,20190107,000000,21.28,21.28,19.99,21.22,524,0
RCFS5OIL2.PL,D,20190108,000000,22.24,22.24,22.24,22.24,100,0
RCFS5OIL2.PL,D,20190109,000000,19.29,19.29,17.5,18.12,955,0
RCFS5OIL2.PL,D,20190110,000000,16.36,16.55,15.48,16.01,965,0
RCFS5OIL2.PL,D,20190111,000000,14.97,15.99,14.5,15.99,1000,0
RCFS5OIL2.PL,D,20190114,000000,17.13,18.25,17.13,18.25,300,0
RCFS5OIL2.PL,D,20190115,000000,17.81,17.81,16.49,16.49,300,0
RCFS5OIL2.PL,D,20190116,000000,16,16.4,15.5,16.4,400,0
RCFS5OIL2.PL,D,20190117,000000,15.51,16.25,15.5,16.25,300,0
RCFS5OIL2.PL,D,20190118,000000,14.82,14.82,13.39,13.39,1453,0
RCFS5OIL2.PL,D,20190121,000000,13.92,13.92,13.92,13.92,210,0
RCFS5OIL2.PL,D,20190122,000000,14.03,15.5,14,15.5,720,0
RCFS5OIL2.PL,D,20190123,000000,14.63,14.78,14,14.78,910,0
RCFS5OIL2.PL,D,20190124,000000,15.37,16,15.37,16,279,0
RCFS5OIL2.PL,D,20190125,000000,14.64,15.21,14.5,15.21,400,0
RCFS5OIL2.PL,D,20190128,000000,16,16.1,16,16.1,165,0
RCFS5OIL2.PL,D,20190129,000000,16.14,16.14,14.48,14.48,344,0
RCFS5OIL2.PL,D,20190130,000000,14.22,14.22,13.5,13.5,235,0
RCFS5OIL2.PL,D,20190131,000000,13.13,13.13,13.13,13.13,103,0
RCFS5OIL2.PL,D,20190201,000000,14.61,14.62,13.99,13.99,800,0
RCFS5OIL2.PL,D,20190204,000000,12.22,13.5,12,13.5,700,0
RCFS5OIL2.PL,D,20190205,000000,12.9,13.5,12.5,13,500,0
RCFS5OIL2.PL,D,20190206,000000,13.6,14,13.5,13.5,300,0
RCFS5OIL2.PL,D,20190207,000000,12.98,12.98,12.98,12.98,100,0
RCFS5OIL2.PL,D,20190208,000000,14.07,14.07,13.49,13.49,370,0
RCFS5OIL2.PL,D,20190211,000000,14,14,14,14,100,0
RCFS5OIL2.PL,D,20190212,000000,13.5,13.5,12.5,12.61,601,0
RCFS5OIL2.PL,D,20190213,000000,12,12,12,12,200,0
RCFS5OIL2.PL,D,20190214,000000,11.39,12,10.95,12,800,0
RCFS5OIL2.PL,D,20190215,000000,10.85,11,10.25,10.28,6500,0
RCFS5OIL2.PL,D,20190218,000000,9.48,9.48,9.29,9.29,601,0
RCFS5OIL2.PL,D,20190219,000000,9.38,9.38,9.38,9.38,1500,0
RCFS5OIL2.PL,D,20190221,000000,9.04,9.04,9,9,400,0
RCFS5OIL2.PL,D,20190222,000000,8.8,8.82,8.6,8.82,8400,0
RCFS5OIL2.PL,D,20190225,000000,9.1,9.85,9.1,9.85,861,0
RCFS5OIL2.PL,D,20190226,000000,10.42,10.42,9.9,9.9,800,0
RCFS5OIL2.PL,D,20190227,000000,9.39,9.45,9.2,9.2,1300,0
RCFS5OIL2.PL,D,20190228,000000,9,9,9,9,200,0
RCFS5OIL2.PL,D,20190301,000000,9.48,9.81,9.48,9.81,600,0
RCFS5OIL2.PL,D,20190304,000000,9.4,9.4,9.2,9.2,400,0
RCFS5OIL2.PL,D,20190305,000000,9.8,9.8,9.64,9.78,600,0
RCFS5OIL2.PL,D,20190306,000000,9.89,9.89,9.6,9.7,409,0
RCFS5OIL2.PL,D,20190307,000000,9.4,9.48,9,9.48,1000,0
RCFS5OIL2.PL,D,20190308,000000,9.84,10.65,9.84,10.65,600,0
RCFS5OIL2.PL,D,20190311,000000,9.39,9.39,9,9,663,0
RCFS5OIL2.PL,D,20190312,000000,8.94,8.94,8.57,8.62,800,0
RCFS5OIL2.PL,D,20190313,000000,8.49,8.5,8.49,8.5,600,0
RCFS5OIL2.PL,D,20190314,000000,8.11,8.5,8.1,8.46,1600,0
RCFS5OIL2.PL,D,20190315,000000,8.3,9.1,8.3,9.1,1200,0
RCFS5OIL2.PL,D,20190318,000000,8.59,8.59,8.4,8.4,600,0
RCFS5OIL2.PL,D,20190319,000000,8.27,8.27,8,8.23,1200,0
RCFS5OIL2.PL,D,20190320,000000,8,8,7.8,7.82,800,0
RCFS5OIL2.PL,D,20190321,000000,7.7,7.7,7.7,7.7,400,0
RCFS5OIL2.PL,D,20190322,000000,8.3,8.9,8.3,8.9,2445,0
RCFS5OIL2.PL,D,20190325,000000,8.83,8.84,8.83,8.84,400,0
RCFS5OIL2.PL,D,20190326,000000,8.47,8.47,8.1,8.1,1000,0
RCFS5OIL2.PL,D,20190327,000000,8.4,8.4,8.4,8.4,200,0
RCFS5OIL2.PL,D,20190328,000000,8.7,9,8.7,9,640,0
RCFS5OIL2.PL,D,20190329,000000,8.4,8.4,7.8,8.25,4500,0
RCFS5OIL2.PL,D,20190401,000000,7.87,7.87,7.6,7.72,7041,0
RCFS5OIL2.PL,D,20190402,000000,7.33,7.33,7.18,7.3,640,0
RCFS5OIL2.PL,D,20190403,000000,6.99,7.15,6.9,7.11,3300,0
RCFS5OIL2.PL,D,20190404,000000,7.3,7.32,7.3,7.32,400,0
RCFS5OIL2.PL,D,20190405,000000,7.09,7.09,7.09,7.09,2816,0
RCFS5OIL2.PL,D,20190408,000000,6.59,6.59,6.4,6.43,5400,0
RCFS5OIL2.PL,D,20190409,000000,6.3,6.54,6.2,6.5,1851,0
RCFS5OIL2.PL,D,20190410,000000,6.4,6.4,6.3,6.3,400,0
RCFS5OIL2.PL,D,20190411,000000,6.13,6.24,6.1,6.24,4048,0
RCFS5OIL2.PL,D,20190412,000000,6,6,5.99,5.99,600,0
RCFS5OIL2.PL,D,20190415,000000,6.2,6.2,6.2,6.2,40,0
RCFS5OIL2.PL,D,20190416,000000,6.28,6.29,6.01,6.28,4626,0
RCFS5OIL2.PL,D,20190417,000000,5.86,5.92,5.62,5.79,13248,0
RCFS5OIL2.PL,D,20190418,000000,6,6,6,6,200,0
RCFS5OIL2.PL,D,20190423,000000,4.89,4.97,4.89,4.97,14096,0
RCFS5OIL2.PL,D,20190424,000000,5.07,5.07,4.85,4.85,6213,0
RCFS5OIL2.PL,D,20190425,000000,4.8,4.8,4.69,4.8,4987,0
RCFS5OIL2.PL,D,20190426,000000,5.05,5.75,5.05,5.75,3387,0
RCFS5OIL2.PL,D,20190429,000000,5.69,5.75,5.6,5.6,685,0
RCFS5OIL2.PL,D,20190430,000000,5.5,5.5,5.2,5.4,12080,0
RCFS5OIL2.PL,D,20190502,000000,5.5,6.1,5.5,6.1,10552,0
RCFS5OIL2.PL,D,20190506,000000,6.53,6.53,5.9,5.92,747,0
RCFS5OIL2.PL,D,20190507,000000,5.8,6.4,5.8,6.4,1200,0
RCFS5OIL2.PL,D,20190508,000000,6.11,6.11,6.1,6.1,400,0
RCFS5OIL2.PL,D,20190509,000000,6.3,6.4,6.1,6.4,2200,0
RCFS5OIL2.PL,D,20190510,000000,6.03,6.03,5.8,6,1400,0
RCFS5OIL2.PL,D,20190513,000000,5.77,5.77,5.23,5.56,15726,0
RCFS5OIL2.PL,D,20190514,000000,6.01,6.1,5.8,5.8,1200,0
RCFS5OIL2.PL,D,20190515,000000,5.85,5.85,5.6,5.6,800,0
RCFS5OIL2.PL,D,20190516,000000,5.38,5.39,5.2,5.24,1397,0
RCFS5OIL2.PL,D,20190517,000000,5.2,5.2,5.1,5.1,400,0
RCFS5OIL2.PL,D,20190520,000000,5,5.27,5,5.27,400,0
RCFS5OIL2.PL,D,20190521,000000,5.42,5.44,5.42,5.44,400,0
RCFS5OIL2.PL,D,20190522,000000,5.47,5.67,5.47,5.67,600,0
RCFS5OIL2.PL,D,20190523,000000,5.98,7.1,5.97,7.1,2850,0
RCFS5OIL2.PL,D,20190524,000000,6.63,6.97,6.4,6.97,3747,0
RCFS5OIL2.PL,D,20190527,000000,6.56,6.56,6.4,6.4,1200,0
RCFS5OIL2.PL,D,20190528,000000,6.1,6.1,5.8,6,2800,0
RCFS5OIL2.PL,D,20190529,000000,6.41,6.79,6.4,6.68,2550,0
RCFS5OIL2.PL,D,20190530,000000,6.23,6.55,6.13,6.52,1700,0
RCFS5OIL2.PL,D,20190531,000000,7.98,8.56,7.98,8.11,8918,0
RCFS5OIL2.PL,D,20190603,000000,9.8,10.01,8.8,9.2,6527,0
RCFS5OIL2.PL,D,20190604,000000,10.5,10.5,9.95,9.95,400,0
RCFS5OIL2.PL,D,20190606,000000,9.62,10.32,9.62,10.32,2461,0
RCFS5OIL2.PL,D,20190607,000000,8.75,9.09,8.22,8.8,5100,0
RCFS5OIL2.PL,D,20190610,000000,8,8.27,7.9,8.27,2000,0
RCFS5OIL2.PL,D,20190611,000000,8.41,8.75,8.41,8.75,1000,0
RCFS5OIL2.PL,D,20190612,000000,9.24,9.9,9.24,9.5,2289,0
RCFS5OIL2.PL,D,20190613,000000,8.87,8.92,8.1,8.9,3432,0
RCFS5OIL2.PL,D,20190614,000000,9.43,9.43,8.9,8.9,1120,0
RCFS5OIL2.PL,D,20190617,000000,8.8,8.8,8.69,8.69,400,0
RCFS5OIL2.PL,D,20190618,000000,9.61,9.75,8.3,8.3,2800,0
RCFS5OIL2.PL,D,20190619,000000,8.64,8.81,8.4,8.4,1400,0
RCFS5OIL2.PL,D,20190621,000000,6.92,6.92,6.3,6.3,5321,0
RCFS5OIL2.PL,D,20190624,000000,6.52,6.52,6.52,6.52,200,0
RCFS5OIL2.PL,D,20190626,000000,6.07,6.07,5.79,5.79,1200,0
RCFS5OIL2.PL,D,20190701,000000,5.41,5.77,5.4,5.77,1200,0
RCFS5OIL2.PL,D,20190702,000000,5.95,6.75,5.95,6.75,2000,0
RCFS5OIL2.PL,D,20190703,000000,7.22,7.3,6.8,6.8,1400,0
RCFS5OIL2.PL,D,20190704,000000,6.7,6.7,6.5,6.5,600,0
RCFS5OIL2.PL,D,20190705,000000,6.73,6.9,6.3,6.3,1600,0
RCFS5OIL2.PL,D,20190708,000000,6.2,6.2,6,6,600,0
RCFS5OIL2.PL,D,20190709,000000,6.41,6.41,6.2,6.4,1000,0
RCFS5OIL2.PL,D,20190710,000000,6.07,6.07,5.4,5.4,1800,0
RCFS5OIL2.PL,D,20190711,000000,4.82,5,4.8,5,2047,0
RCFS5OIL2.PL,D,20190716,000000,5.11,5.19,5.1,5.19,747,0
RCFS5OIL2.PL,D,20190717,000000,5.8,5.9,5.8,5.9,1600,0
RCFS5OIL2.PL,D,20190718,000000,6.21,6.8,6,6.8,2600,0
RCFS5OIL2.PL,D,20190719,000000,6.6,6.9,6.5,6.9,1000,0
RCFS5OIL2.PL,D,20190722,000000,6.44,6.56,6.1,6.56,2000,0
RCFS5OIL2.PL,D,20190724,000000,6.11,6.11,5.8,5.8,1200,0
RCFS5OIL2.PL,D,20190725,000000,6.32,6.32,6,6,800,0
RCFS5OIL2.PL,D,20190726,000000,6.5,6.5,6.42,6.45,600,0
RCFS5OIL2.PL,D,20190730,000000,6.1,6.1,6,6,600,0
RCFS5OIL2.PL,D,20190731,000000,5.6,5.6,5.5,5.5,1000,0
RCFS5OIL2.PL,D,20190801,000000,5.88,6.24,5.88,6.23,3100,0
RCFS5OIL2.PL,D,20190802,000000,6.78,6.82,6.2,6.2,2200,0
RCFS5OIL2.PL,D,20190805,000000,7.08,7.4,7.08,7.27,4100,0
RCFS5OIL2.PL,D,20190806,000000,7.44,7.61,7.44,7.57,900,0
RCFS5OIL2.PL,D,20190807,000000,8.39,9.53,8.39,9.53,3600,0
RCFS5OIL2.PL,D,20190808,000000,8.97,9.6,8.97,9.6,800,0
RCFS5OIL2.PL,D,20190809,000000,9.1,9.1,7.9,8.21,2800,0
RCFS5OIL2.PL,D,20190812,000000,8.5,8.63,8.5,8.63,400,0
RCFS5OIL2.PL,D,20190813,000000,8.1,8.1,6.7,6.7,3000,0
RCFS5OIL2.PL,D,20190814,000000,7.2,7.51,7.2,7.51,1200,0
RCFS5OIL2.PL,D,20190816,000000,7.64,7.98,7.64,7.98,1000,0
RCFS5OIL2.PL,D,20190819,000000,7.32,7.45,7.3,7.45,1200,0
RCFS5OIL2.PL,D,20190820,000000,7.22,7.55,6.99,7.55,1800,0
RCFS5OIL2.PL,D,20190821,000000,6.81,6.81,6.3,6.62,2800,0
RCFS5OIL2.PL,D,20190822,000000,7,7.1,7,7.1,800,0
RCFS5OIL2.PL,D,20190823,000000,7.1,7.9,7.1,7.2,1800,0
RCFS5OIL2.PL,D,20190826,000000,7.1,7.4,7,7.4,800,0
RCFS5OIL2.PL,D,20190827,000000,7.7,7.7,7.7,7.7,200,0
RCFS5OIL2.PL,D,20190828,000000,7.07,7.07,6.5,6.5,1600,0
RCFS5OIL2.PL,D,20190830,000000,7,7.3,7,7.25,1200,0
RCFS5OIL2.PL,D,20190902,000000,7.45,7.45,7.45,7.45,400,0
RCFS5OIL2.PL,D,20190903,000000,7.8,8.3,7.8,8.25,1400,0
RCFS5OIL2.PL,D,20190904,000000,7.62,7.62,6.4,6.4,3200,0
RCFS5OIL2.PL,D,20190905,000000,6.24,6.24,5.5,5.5,1800,0
RCFS5OIL2.PL,D,20190906,000000,5.88,6.35,5.88,6.35,1400,0
RCFS5OIL2.PL,D,20190909,000000,5.4,5.44,5.3,5.44,1800,0
RCFS5OIL2.PL,D,20190910,000000,5.11,5.11,4.9,4.97,1050,0
RCFS5OIL2.PL,D,20190911,000000,5,5,5,5,4000,0
RCFS5OIL2.PL,D,20190912,000000,5.75,6.8,5.75,6.2,7650,0
RCFS5OIL2.PL,D,20190913,000000,6.1,6.1,6,6,400,0
RCFS5OIL2.PL,D,20190916,000000,2.06,2.06,1.89,1.9,17011,0
RCFS5OIL2.PL,D,20190917,000000,1.7,1.75,1.65,1.75,12152,0
RCFS5OIL2.PL,D,20190918,000000,2.1,2.23,2.09,2.23,7501,0
RCFS5OIL2.PL,D,20190919,000000,2.2,2.2,1.95,2.11,8800,0
RCFS5OIL2.PL,D,20190924,000000,2.18,2.22,2.18,2.22,1111,0
RCFS5OIL2.PL,D,20190925,000000,2.46,2.65,2.46,2.65,1900,0
RCFS5OIL2.PL,D,20190926,000000,2.5,2.61,2.5,2.61,800,0
RCFS5OIL2.PL,D,20190927,000000,2.5,2.77,2.5,2.63,6962,0
RCFS5OIL2.PL,D,20190930,000000,2.7,2.7,2.7,2.7,2000,0
RCFS5OIL2.PL,D,20191001,000000,2.85,2.85,2.85,2.85,800,0
RCFS5OIL2.PL,D,20191002,000000,2.98,3.24,2.98,3.24,2000,0
RCFS5OIL2.PL,D,20191003,000000,3.34,3.57,3.3,3.51,9262,0
RCFS5OIL2.PL,D,20191004,000000,3.26,3.26,3,3,1800,0
RCFS5OIL2.PL,D,20191007,000000,2.9,2.9,2.9,2.9,400,0
RCFS5OIL2.PL,D,20191008,000000,3,3.23,3,3.23,1200,0
RCFS5OIL2.PL,D,20191009,000000,3.1,3.1,2.9,3,1600,0
RCFS5OIL2.PL,D,20191010,000000,3.1,3.1,2.9,2.9,1200,0
RCFS5OIL2.PL,D,20191011,000000,2.58,2.75,2.58,2.75,1600,0
RCFS5OIL2.PL,D,20191014,000000,2.84,2.88,2.84,2.88,800,0
RCFS5OIL2.PL,D,20191015,000000,3.01,3.01,2.8,2.8,1200,0
RCFS5OIL2.PL,D,20191016,000000,2.86,2.96,2.8,2.8,5668,0
RCFS5OIL2.PL,D,20191017,000000,2.7,2.72,2.69,2.72,4868,0
RCFS5OIL2.PL,D,20191018,000000,2.62,2.62,2.6,2.6,550,0
RCFS5OIL2.PL,D,20191021,000000,2.71,2.88,2.71,2.88,4850,0
RCFS5OIL2.PL,D,20191022,000000,2.73,2.73,2.7,2.7,4850,0
RCFS5OIL2.PL,D,20191023,000000,2.6,2.6,2.5,2.5,800,0
RCFS5OIL2.PL,D,20191024,000000,2.36,2.36,2.3,2.3,2000,0
RCFS5OIL2.PL,D,20191025,000000,2.26,2.26,2.26,2.26,2000,0
RCFS5OIL2.PL,D,20191028,000000,2.2,2.2,2.2,2.2,500,0
RCFS5OIL2.PL,D,20191029,000000,2.28,2.28,2.28,2.28,500,0
RCFS5OIL2.PL,D,20191030,000000,2.21,2.31,2.2,2.31,3000,0
RCFS5OIL2.PL,D,20191031,000000,2.39,2.58,2.39,2.58,1400,0
RCFS5OIL2.PL,D,20191104,000000,2.14,2.14,1.95,1.96,19900,0
RCFS5OIL2.PL,D,20191105,000000,1.93,1.95,1.92,1.95,22900,0
RCFS5OIL2.PL,D,20191106,000000,1.89,1.89,1.89,1.89,1000,0
RCFS5OIL2.PL,D,20191107,000000,2,2.03,2,2.03,16000,0
RCFS5OIL2.PL,D,20191108,000000,2.05,2.22,2.05,2.22,2600,0
RCFS5OIL2.PL,D,20191112,000000,2,2,1.95,1.95,8797,0
RCFS5OIL2.PL,D,20191113,000000,2.09,2.13,2.09,2.13,1500,0
RCFS5OIL2.PL,D,20191114,000000,1.96,1.96,1.9,1.9,5109,0
RCFS5OIL2.PL,D,20191115,000000,2,2.01,1.95,1.95,3000,0
RCFS5OIL2.PL,D,20191118,000000,1.85,1.92,1.85,1.92,3000,0
RCFS5OIL2.PL,D,20191119,000000,1.97,2.13,1.97,2.13,9444,0
RCFS5OIL2.PL,D,20191120,000000,2.25,2.25,2.1,2.1,1000,0
RCFS5OIL2.PL,D,20191121,000000,1.98,1.98,1.8,1.8,17310,0
RCFS5OIL2.PL,D,20191122,000000,1.75,1.75,1.7,1.74,11564,0
RCFS5OIL2.PL,D,20191125,000000,1.75,1.8,1.75,1.8,2000,0
RCFS5OIL2.PL,D,20191126,000000,1.75,1.75,1.7,1.7,2000,0
RCFS5OIL2.PL,D,20191127,000000,1.69,1.69,1.69,1.69,1400,0
RCFS5OIL2.PL,D,20191129,000000,1.75,1.92,1.75,1.91,4100,0
RCFS5OIL2.PL,D,20191202,000000,1.89,1.89,1.8,1.85,14500,0
RCFS5OIL2.PL,D,20191203,000000,1.86,2.04,1.86,2.04,21404,0
RCFS5OIL2.PL,D,20191204,000000,1.9,1.9,1.65,1.65,13561,0
RCFS5OIL2.PL,D,20191205,000000,1.64,1.64,1.55,1.55,13118,0
RCFS5OIL2.PL,D,20191206,000000,1.55,1.62,1.43,1.43,16759,0
RCFS5OIL2.PL,D,20191209,000000,1.53,1.53,1.45,1.45,10457,0
RCFS5OIL2.PL,D,20191210,000000,1.45,1.45,1.45,1.45,3437,0
RCFS5OIL2.PL,D,20191211,000000,1.55,1.56,1.55,1.56,3000,0
RCFS5OIL2.PL,D,20191212,000000,1.5,1.5,1.4,1.4,3000,0
RCFS5OIL2.PL,D,20191213,000000,1.35,1.38,1.3,1.38,4000,0
RCFS5OIL2.PL,D,20191216,000000,1.35,1.35,1.35,1.35,1000,0
RCFS5OIL2.PL,D,20191217,000000,1.3,1.3,1.3,1.3,1000,0
RCFS5OIL2.PL,D,20191218,000000,1.25,1.25,1.25,1.25,1000,0
RCFS5OIL2.PL,D,20191223,000000,1.25,1.25,1.25,1.25,898,0
RCFS5OIL2.PL,D,20191227,000000,1.11,1.12,1.1,1.12,4000,0
RCFS5OIL2.PL,D,20200102,000000,1.14,1.14,1.14,1.14,1800,0
RCFS5OIL2.PL,D,20200103,000000,0.99,1,0.9,0.92,21100,0
RCFS5OIL2.PL,D,20200107,000000,0.94,0.95,0.94,0.95,4500,0
RCFS5OIL2.PL,D,20200108,000000,0.95,1.04,0.95,1.04,20000,0
RCFS5OIL2.PL,D,20200109,000000,1.14,1.22,1.14,1.2,2700,0
RCFS5OIL2.PL,D,20200113,000000,1.2,1.2,1.2,1.2,600,0
RCFS5OIL2.PL,D,20200114,000000,1.25,1.26,1.25,1.26,1500,0
RCFS5OIL2.PL,D,20200116,000000,1.2,1.2,1.18,1.18,4008,0
RCFS5OIL2.PL,D,20200122,000000,1.27,1.31,1.27,1.31,2000,0
RCFS5OIL2.PL,D,20200123,000000,1.4,1.5,1.4,1.5,3000,0
RCFS5OIL2.PL,D,20200124,000000,1.55,1.6,1.55,1.6,4800,0
RCFS5OIL2.PL,D,20200127,000000,1.8,1.9,1.8,1.8,20014,0
RCFS5OIL2.PL,D,20200128,000000,1.9,1.9,1.7,1.7,4000,0
RCFS5OIL2.PL,D,20200129,000000,1.7,1.8,1.7,1.76,3900,0
RCFS5OIL2.PL,D,20200130,000000,1.92,1.98,1.92,1.97,4700,0
RCFS5OIL2.PL,D,20200131,000000,2.05,2.1,2.05,2.1,1500,0
RCFS5OIL2.PL,D,20200203,000000,2.2,2.28,2.2,2.28,4300,0
RCFS5OIL2.PL,D,20200204,000000,2.46,2.46,2.3,2.42,2000,0
RCFS5OIL2.PL,D,20200205,000000,2.3,2.3,2.1,2.11,3700,0
RCFS5OIL2.PL,D,20200206,000000,2.2,2.4,2.2,2.4,1500,0
RCFS5OIL2.PL,D,20200207,000000,2.41,2.5,2.41,2.5,3246,0
RCFS5OIL2.PL,D,20200210,000000,2.51,2.56,2.5,2.56,3246,0
RCFS5OIL2.PL,D,20200211,000000,2.5,2.5,2.5,2.5,500,0
RCFS5OIL2.PL,D,20200212,000000,2.33,2.33,2.1,2.1,2000,0
RCFS5OIL2.PL,D,20200213,000000,2.21,2.21,2.1,2.1,1000,0
RCFS5OIL2.PL,D,20200214,000000,2,2,1.9,1.9,2650,0
RCFS5OIL2.PL,D,20200218,000000,1.98,1.98,1.9,1.9,2000,0
RCFS5OIL2.PL,D,20200219,000000,1.8,1.8,1.7,1.7,4000,0
RCFS5OIL2.PL,D,20200220,000000,1.65,1.65,1.6,1.6,2000,0
RCFS5OIL2.PL,D,20200221,000000,1.73,1.73,1.73,1.73,2000,0
RCFS5OIL2.PL,D,20200224,000000,1.96,2.1,1.96,2.1,7450,0
RCFS5OIL2.PL,D,20200225,000000,1.98,2.07,1.97,2.07,3950,0
RCFS5OIL2.PL,D,20200226,000000,2.32,2.48,2.3,2.3,3500,0
RCFS5OIL2.PL,D,20200227,000000,2.75,3.1,2.75,3.1,11500,0
RCFS5OIL2.PL,D,20200228,000000,3.2,3.35,3.1,3.35,5400,0
RCFS5OIL2.PL,D,20200302,000000,2.74,3.2,2.7,2.9,4800,0
RCFS5OIL2.PL,D,20200303,000000,2.47,2.47,2.2,2.44,13878,0
RCFS5OIL2.PL,D,20200304,000000,2.57,2.57,2.38,2.38,6818,0
RCFS5OIL2.PL,D,20200305,000000,2.68,2.91,2.67,2.91,6437,0
RCFS5OIL2.PL,D,20200306,000000,3.27,4.1,3.27,4.1,23597,0
RCFS5OIL2.PL,D,20200309,000000,8.37,8.37,8.37,8.37,330,0
RCFS5OIL2.PL,D,20200310,000000,8,8,8,8,1000,0
RCFS5OIL2.PL,D,20200311,000000,6.17,6.92,6.17,6.8,23192,0
RCFS5OIL2.PL,D,20200312,000000,8.3,9.41,8.26,9.41,5512,0
RCFS5OIL2.PL,D,20200313,000000,6.66,6.66,6.58,6.58,1630,0
RCFS5OIL2.PL,D,20200317,000000,14.08,14.22,13.44,14.06,2502,0
RCFS5OIL2.PL,D,20200318,000000,18.93,22.5,18.93,22.5,830,0
RCFS5OIL2.PL,D,20200320,000000,5.05,9.3,5.05,9.3,7298,0
RCFS5OIL2.PL,D,20200323,000000,12,12.3,10,10.52,7564,0
RCFS5OIL2.PL,D,20200324,000000,6.96,6.96,6.96,6.96,30,0
RCFS5OIL2.PL,D,20200325,000000,7.88,10.44,7.88,8.45,2289,0
RCFS5OIL2.PL,D,20200326,000000,9,9,9,9,209,0
RCFS5OIL2.PL,D,20200327,000000,10.42,11.52,10.42,11.52,1050,0
RCFS5OIL2.PL,D,20200401,000000,17.33,17.33,17.33,17.33,100,0
RCFS5OIL2.PL,D,20200402,000000,9.11,13.71,8.9,13.71,19724,0
RCFS5OIL2.PL,D,20200403,000000,1.37,1.37,0.4,0.42,333140,0
RCFS5OIL2.PL,D,20200406,000000,0.49,0.51,0.45,0.46,85250,0
RCFS5OIL2.PL,D,20200407,000000,0.4,0.45,0.4,0.45,55500,0
RCFS5OIL2.PL,D,20200408,000000,0.57,0.57,0.57,0.57,877,0
RCFS5OIL2.PL,D,20200409,000000,0.43,0.43,0.43,0.43,275,0
RCFS5OIL2.PL,D,20200414,000000,0.54,0.64,0.54,0.64,18775,0
RCFS5OIL2.PL,D,20200415,000000,0.86,0.91,0.86,0.91,554,0
RCFS5OIL2.PL,D,20200416,000000,0.96,0.96,0.76,0.76,2991,0
RCFS5OIL2.PL,D,20200417,000000,0.88,0.88,0.88,0.88,5929,0
RCFS5OIL2.PL,D,20200420,000000,1,1.1,0.97,1.1,6991,0
RCFS5OIL2.PL,D,20200421,000000,1.56,2.32,1.56,2.2,14204,0
RCFS5OIL2.PL,D,20200422,000000,4.34,4.34,4.05,4.05,3678,0
RCFS5OIL2.PL,D,20200423,000000,0.51,0.51,0.51,0.51,998,0
RCFS5OIL2.PL,D,20200428,000000,0.92,0.92,0.92,0.92,1200,0
RCFS5OIL2.PL,D,20200518,000000,0.08,0.08,0.08,0.08,150,0
