<TICKER>,<PER>,<DATE>,<TIME>,<OPEN>,<HIGH>,<LOW>,<CLOSE>,<VOL>,<OPENINT>
7LV_MV,D,20180605,000000,38.85,38.85,38.85,38.85,0,0
7LV_MV,D,20180606,000000,37.28,38.59,34.65,36.64,0,0
7LV_MV,D,20180607,000000,37.28,37.28,35.18,36.75,0,0
7LV_MV,D,20180608,000000,36.65,38.06,35.96,38.06,0,0
7LV_MV,D,20180611,000000,38.06,38.06,34.14,34.65,0,0
7LV_MV,D,20180612,000000,35.7,35.7,34.65,34.65,0,0
7LV_MV,D,20180613,000000,35.39,35.39,30.45,31.71,0,0
7LV_MV,D,20180614,000000,31.71,31.71,27.35,30.92,0,0
7LV_MV,D,20180615,000000,30.86,30.86,28.88,28.88,0,0
7LV_MV,D,20180618,000000,27.93,30.26,24.15,24.68,0,0
7LV_MV,D,20180619,000000,25.67,26.77,25.67,25.73,0,0
7LV_MV,D,20180620,000000,26.78,26.78,23.63,23.81,0,0
7LV_MV,D,20180621,000000,24.68,24.68,24.68,24.68,0,0
7LV_MV,D,20180622,000000,24.15,25.2,24.15,25.2,0,0
7LV_MV,D,20180625,000000,26.77,26.77,26.24,26.24,0,0
7LV_MV,D,20180626,000000,26.24,26.24,26.24,26.24,0,0
7LV_MV,D,20180627,000000,26.24,26.24,25,25,0,0
7LV_MV,D,20180628,000000,26.64,26.78,26.64,26.72,0,0
7LV_MV,D,20180629,000000,26.67,26.67,26.67,26.67,0,0
7LV_MV,D,20180702,000000,26.67,26.67,26.67,26.67,0,0
7LV_MV,D,20180703,000000,26.46,26.46,26.46,26.46,0,0
7LV_MV,D,20180704,000000,26.41,26.41,24.15,25.2,0,0
7LV_MV,D,20180705,000000,26.41,26.41,21.53,22.58,0,0
7LV_MV,D,20180706,000000,22.52,22.52,21.53,22.52,0,0
7LV_MV,D,20180709,000000,24.15,24.15,22.05,22.58,0,0
7LV_MV,D,20180710,000000,24.15,28.98,24.15,27.56,0,0
7LV_MV,D,20180711,000000,27.2,27.2,24.15,25.2,0,0
7LV_MV,D,20180712,000000,25.38,28.88,25.38,28.87,0,0
7LV_MV,D,20180713,000000,29.93,29.93,23.97,27.3,0,0
7LV_MV,D,20180716,000000,29.93,29.93,27.83,28.35,0,0
7LV_MV,D,20180717,000000,28.34,28.34,23.68,25.2,0,0
7LV_MV,D,20180718,000000,27.03,27.03,25.2,25.2,0,0
7LV_MV,D,20180720,000000,25.2,28.77,21.53,21.53,0,0
7LV_MV,D,20180723,000000,21.53,23.1,21.53,23.1,0,0
7LV_MV,D,20180724,000000,24.68,24.68,21.53,22.58,0,0
7LV_MV,D,20180726,000000,24.14,24.14,24.14,24.14,0,0
7LV_MV,D,20180727,000000,25.19,25.19,24.14,24.14,0,0
7LV_MV,D,20180730,000000,24.14,24.14,24.1,24.1,0,0
7LV_MV,D,20180731,000000,25.73,25.73,24.15,24.15,0,0
7LV_MV,D,20180802,000000,25.35,25.35,25.35,25.35,0,0
7LV_MV,D,20180806,000000,25.73,25.73,23.1,23.1,0,0
7LV_MV,D,20180807,000000,22.59,22.59,22.59,22.59,0,0
7LV_MV,D,20180808,000000,22.05,22.58,22.05,22.21,0,0
7LV_MV,D,20180809,000000,22.05,23.63,22.05,23.63,0,0
7LV_MV,D,20180810,000000,23.57,23.57,22.05,22.05,0,0
7LV_MV,D,20180813,000000,23.57,24.1,22.58,22.58,0,0
7LV_MV,D,20180814,000000,23.36,23.36,22.84,22.84,0,0
7LV_MV,D,20180816,000000,24.15,24.15,22.47,22.52,0,0
7LV_MV,D,20180817,000000,22.47,23.52,22.47,23.52,0,0
7LV_MV,D,20180820,000000,24.15,24.15,22.05,24.15,0,0
7LV_MV,D,20180821,000000,24.15,24.89,22.84,24.83,0,0
7LV_MV,D,20180822,000000,24.73,24.73,23.1,23.1,0,0
7LV_MV,D,20180824,000000,22.1,23.63,22.1,23.63,0,0
7LV_MV,D,20180827,000000,23.63,23.63,22.05,22.05,0,0
7LV_MV,D,20180828,000000,23.63,23.63,23.63,23.63,0,0
7LV_MV,D,20180829,000000,24.15,24.15,24.15,24.15,0,0
7LV_MV,D,20180830,000000,23.89,23.89,23.89,23.89,0,0
7LV_MV,D,20180831,000000,23.89,23.89,23.89,23.89,0,0
7LV_MV,D,20180903,000000,23.89,23.89,23.89,23.89,0,0
7LV_MV,D,20180904,000000,23.89,23.89,23.05,23.05,0,0
7LV_MV,D,20180905,000000,23.89,23.89,21,22.84,0,0
7LV_MV,D,20180906,000000,23.89,23.89,23.89,23.89,0,0
7LV_MV,D,20180907,000000,23.89,23.89,21.53,21.53,0,0
7LV_MV,D,20180910,000000,23.89,23.89,23.89,23.89,0,0
7LV_MV,D,20180911,000000,23.89,23.89,23.89,23.89,0,0
7LV_MV,D,20180912,000000,23.89,23.89,23.89,23.89,0,0
7LV_MV,D,20180913,000000,23.89,23.89,23.89,23.89,0,0
7LV_MV,D,20180914,000000,23.63,23.63,23.63,23.63,0,0
7LV_MV,D,20180917,000000,23.89,23.89,23.89,23.89,0,0
7LV_MV,D,20180918,000000,23.63,23.63,23.63,23.63,0,0
7LV_MV,D,20180919,000000,23.63,23.63,21,22.58,0,0
7LV_MV,D,20180920,000000,23.63,23.63,20.48,20.48,0,0
7LV_MV,D,20180921,000000,21,21,21,21,0,0
7LV_MV,D,20180924,000000,21,21,21,21,0,0
7LV_MV,D,20180925,000000,21,21,21,21,0,0
7LV_MV,D,20180926,000000,21,21,20.53,20.53,0,0
7LV_MV,D,20180927,000000,22.05,22.05,22.05,22.05,0,0
7LV_MV,D,20180928,000000,22.05,22.05,22.05,22.05,0,0
7LV_MV,D,20181001,000000,21.47,21.47,21.47,21.47,0,0
7LV_MV,D,20181002,000000,22.05,22.05,22.05,22.05,0,0
7LV_MV,D,20181003,000000,22.05,22.05,22.05,22.05,0,0
7LV_MV,D,20181004,000000,22.05,23.63,22.05,23.63,0,0
7LV_MV,D,20181005,000000,24.15,24.15,24.15,24.15,0,0
7LV_MV,D,20181008,000000,23.57,23.63,23.1,23.63,0,0
7LV_MV,D,20181009,000000,23.63,23.63,23.1,23.1,0,0
7LV_MV,D,20181010,000000,23.63,23.63,22.05,22.05,0,0
7LV_MV,D,20181012,000000,23.63,23.63,23.63,23.63,0,0
7LV_MV,D,20181015,000000,22.58,22.58,21.53,21.53,0,0
7LV_MV,D,20181016,000000,22.58,22.58,22.58,22.58,0,0
7LV_MV,D,20181017,000000,22.58,22.58,22.58,22.58,0,0
7LV_MV,D,20181018,000000,22.58,22.58,22.58,22.58,0,0
7LV_MV,D,20181019,000000,22.58,22.58,22.58,22.58,0,0
7LV_MV,D,20181022,000000,22.58,22.58,22.58,22.58,0,0
7LV_MV,D,20181023,000000,22.58,22.58,21,21.95,0,0
7LV_MV,D,20181024,000000,22.58,22.58,21.53,21.53,0,0
7LV_MV,D,20181025,000000,22.58,22.58,22.58,22.58,0,0
7LV_MV,D,20181026,000000,23.63,23.63,22.05,22.58,0,0
7LV_MV,D,20181029,000000,23.63,23.63,23.63,23.63,0,0
7LV_MV,D,20181030,000000,23.63,23.63,23.63,23.63,0,0
7LV_MV,D,20181031,000000,23.63,23.63,21.58,21.58,0,0
7LV_MV,D,20181102,000000,23.63,23.63,23.63,23.63,0,0
7LV_MV,D,20181105,000000,23.63,23.63,23.63,23.63,0,0
7LV_MV,D,20181106,000000,23.63,23.63,23.63,23.63,0,0
7LV_MV,D,20181107,000000,23.63,23.63,23.63,23.63,0,0
7LV_MV,D,20181108,000000,23.63,23.63,23.63,23.63,0,0
7LV_MV,D,20181109,000000,23.57,23.57,23.57,23.57,0,0
7LV_MV,D,20181113,000000,23.57,23.57,23.57,23.57,0,0
7LV_MV,D,20181114,000000,23.57,23.57,23.57,23.57,0,0
7LV_MV,D,20181115,000000,23.57,23.57,23.57,23.57,0,0
7LV_MV,D,20181116,000000,23.57,23.57,23.57,23.57,0,0
7LV_MV,D,20181119,000000,23.57,23.57,22.52,22.52,0,0
7LV_MV,D,20181120,000000,23.57,23.57,21.53,21.53,0,0
7LV_MV,D,20181121,000000,20.48,20.48,20.48,20.48,0,0
7LV_MV,D,20181122,000000,20.9,20.9,19.53,19.53,0,0
7LV_MV,D,20181126,000000,18.38,18.38,18.38,18.38,0,0
7LV_MV,D,20181127,000000,18.38,18.38,18.38,18.38,0,0
7LV_MV,D,20181128,000000,18.32,19.43,18.32,18.9,0,0
7LV_MV,D,20181129,000000,19.37,19.37,18.9,18.9,0,0
7LV_MV,D,20181130,000000,18.38,18.38,18.38,18.38,0,0
7LV_MV,D,20181203,000000,18.8,18.8,13.76,13.76,0,0
7LV_MV,D,20181204,000000,13.76,13.76,13.76,13.76,0,0
7LV_MV,D,20181207,000000,13.34,13.34,10.76,12.6,0,0
7LV_MV,D,20181210,000000,12.55,12.55,11.76,11.76,0,0
7LV_MV,D,20181211,000000,11.81,11.81,10.5,11.55,0,0
7LV_MV,D,20181212,000000,11.81,11.81,11.81,11.81,0,0
7LV_MV,D,20181213,000000,11.81,11.81,11.03,11.81,0,0
7LV_MV,D,20181214,000000,12.08,12.08,12.08,12.08,0,0
7LV_MV,D,20181218,000000,12.55,12.55,12.55,12.55,0,0
7LV_MV,D,20181219,000000,12.55,12.55,11.76,11.76,0,0
7LV_MV,D,20181220,000000,11.76,11.76,11.76,11.76,0,0
7LV_MV,D,20190102,000000,11.6,12.29,11.6,12.29,0,0
7LV_MV,D,20190103,000000,12.44,12.44,12.29,12.29,0,0
7LV_MV,D,20190104,000000,12.29,12.29,12.23,12.23,0,0
7LV_MV,D,20190107,000000,12.29,12.29,12.29,12.29,0,0
7LV_MV,D,20190108,000000,12.29,12.29,12.29,12.29,0,0
7LV_MV,D,20190109,000000,12.29,12.29,12.29,12.29,0,0
7LV_MV,D,20190110,000000,12.29,12.29,12.29,12.29,0,0
7LV_MV,D,20190111,000000,12.29,12.29,12.29,12.29,0,0
7LV_MV,D,20190114,000000,12.29,12.29,12.29,12.29,0,0
7LV_MV,D,20190115,000000,12.29,12.29,11.6,11.6,0,0
7LV_MV,D,20190116,000000,12.29,12.29,12.29,12.29,0,0
7LV_MV,D,20190121,000000,12.39,12.39,12.39,12.39,0,0
7LV_MV,D,20190123,000000,12.71,13.6,12.71,13.6,0,0
7LV_MV,D,20190124,000000,13.6,16.28,13.6,16.28,0,0
7LV_MV,D,20190125,000000,18.38,22.05,18.38,22.05,0,0
7LV_MV,D,20190128,000000,26.25,26.25,21,21,0,0
7LV_MV,D,20190129,000000,21,21,19.95,19.95,0,0
7LV_MV,D,20190130,000000,20.32,20.32,20.32,20.32,0,0
7LV_MV,D,20190131,000000,20.32,20.84,20.32,20.84,0,0
7LV_MV,D,20190201,000000,20.48,20.48,20.37,20.37,0,0
7LV_MV,D,20190204,000000,20.69,20.69,20.48,20.48,0,0
7LV_MV,D,20190205,000000,20.53,20.53,19.95,20.53,0,0
7LV_MV,D,20190206,000000,20.53,20.53,19.32,20.48,0,0
7LV_MV,D,20190207,000000,20.48,20.48,19.32,19.32,0,0
7LV_MV,D,20190208,000000,20.48,20.48,18.9,18.9,0,0
7LV_MV,D,20190211,000000,19.27,19.27,17.01,18.27,0,0
7LV_MV,D,20190213,000000,18.27,18.27,18.27,18.27,0,0
7LV_MV,D,20190214,000000,18.27,18.27,18.22,18.22,0,0
7LV_MV,D,20190215,000000,17.8,17.8,17.8,17.8,0,0
7LV_MV,D,20190218,000000,17.85,17.85,17.8,17.8,0,0
7LV_MV,D,20190219,000000,17.8,17.8,17.8,17.8,0,0
7LV_MV,D,20190220,000000,16.7,16.7,16.64,16.64,0,0
7LV_MV,D,20190225,000000,16.8,16.91,16.8,16.91,0,0
7LV_MV,D,20190227,000000,16.91,16.91,16.91,16.91,0,0
7LV_MV,D,20190228,000000,16.28,16.28,16.28,16.28,0,0
7LV_MV,D,20190301,000000,14.7,14.7,14.7,14.7,0,0
7LV_MV,D,20190304,000000,15.17,15.23,15.17,15.23,0,0
7LV_MV,D,20190305,000000,15.75,16.01,15.75,16.01,0,0
7LV_MV,D,20190306,000000,15.23,15.23,14.96,14.96,0,0
7LV_MV,D,20190307,000000,15.23,15.23,15.23,15.23,0,0
7LV_MV,D,20190308,000000,15.23,15.23,15.23,15.23,0,0
7LV_MV,D,20190311,000000,15.44,16.8,15.44,16.54,0,0
7LV_MV,D,20190312,000000,16.49,23,16.28,21,0,0
7LV_MV,D,20190313,000000,20.48,23.05,20.48,23.05,0,0
7LV_MV,D,20190314,000000,23.05,23.05,23.05,23.05,0,0
7LV_MV,D,20190315,000000,23.05,23.05,21,21,0,0
7LV_MV,D,20190318,000000,21,21,21,21,0,0
7LV_MV,D,20190319,000000,21,21,20.53,20.53,0,0
7LV_MV,D,20190320,000000,19.43,19.43,19.01,19.01,0,0
7LV_MV,D,20190321,000000,19.43,19.43,19.43,19.43,0,0
7LV_MV,D,20190322,000000,19.43,19.43,17.9,17.9,0,0
7LV_MV,D,20190325,000000,18.38,18.38,16.8,16.8,0,0
7LV_MV,D,20190326,000000,16.8,16.8,16.8,16.8,0,0
7LV_MV,D,20190327,000000,16.8,16.8,16.8,16.8,0,0
7LV_MV,D,20190328,000000,16.8,16.8,15.75,15.75,0,0
7LV_MV,D,20190329,000000,16.8,16.8,15.75,15.75,0,0
7LV_MV,D,20190401,000000,15.75,17.85,15.75,17.85,0,0
7LV_MV,D,20190402,000000,20.48,23.63,17.33,23.63,0,0
7LV_MV,D,20190403,000000,23.63,23.63,15.86,16.91,0,0
7LV_MV,D,20190404,000000,17.33,17.85,17.33,17.54,0,0
7LV_MV,D,20190405,000000,17.64,18.9,17.64,18.9,0,0
7LV_MV,D,20190408,000000,19.43,19.64,19.43,19.64,0,0
7LV_MV,D,20190409,000000,19.53,19.53,17.75,17.75,0,0
7LV_MV,D,20190410,000000,17.64,17.64,16.28,16.28,0,0
7LV_MV,D,20190411,000000,16.28,16.28,16.28,16.28,0,0
7LV_MV,D,20190412,000000,16.28,16.28,15.44,15.44,0,0
7LV_MV,D,20190415,000000,15.75,16.28,15.75,16.28,0,0
7LV_MV,D,20190416,000000,16.91,16.91,16.91,16.91,0,0
7LV_MV,D,20190417,000000,17.33,17.33,17.33,17.33,0,0
7LV_MV,D,20190418,000000,17.75,17.75,16.17,16.17,0,0
7LV_MV,D,20190424,000000,15.23,15.23,15.23,15.23,0,0
7LV_MV,D,20190425,000000,15.86,16.91,15.86,16.91,0,0
7LV_MV,D,20190426,000000,16.8,16.8,15.75,15.75,0,0
7LV_MV,D,20190429,000000,16.28,16.28,16.28,16.28,0,0
7LV_MV,D,20190430,000000,17.33,17.33,17.33,17.33,0,0
7LV_MV,D,20190502,000000,17.64,17.64,16.07,16.07,0,0
7LV_MV,D,20190506,000000,15.75,16.28,14.7,14.7,0,0
7LV_MV,D,20190507,000000,14.91,15.86,14.91,15.86,0,0
7LV_MV,D,20190508,000000,16.28,16.28,16.28,16.28,0,0
7LV_MV,D,20190509,000000,16.28,16.28,16.28,16.28,0,0
7LV_MV,D,20190510,000000,16.28,16.28,16.28,16.28,0,0
7LV_MV,D,20190513,000000,16.28,16.28,16.28,16.28,0,0
7LV_MV,D,20190514,000000,16.28,18.06,16.28,18.06,0,0
7LV_MV,D,20190515,000000,18.06,18.06,17.75,17.75,0,0
7LV_MV,D,20190516,000000,18.06,18.06,18.06,18.06,0,0
7LV_MV,D,20190517,000000,17.33,17.33,17.33,17.33,0,0
7LV_MV,D,20190520,000000,17.33,17.33,17.33,17.33,0,0
7LV_MV,D,20190521,000000,16.28,16.28,16.28,16.28,0,0
7LV_MV,D,20190522,000000,17.22,17.22,17.22,17.22,0,0
7LV_MV,D,20190523,000000,17.22,17.22,16.49,16.49,0,0
7LV_MV,D,20190524,000000,17.22,17.22,15.23,15.23,0,0
7LV_MV,D,20190527,000000,15.23,15.23,15.23,15.23,0,0
7LV_MV,D,20190528,000000,15.23,15.23,15.23,15.23,0,0
7LV_MV,D,20190529,000000,15.23,15.23,14.28,14.28,0,0
7LV_MV,D,20190530,000000,14.28,14.28,14.28,14.28,0,0
7LV_MV,D,20190531,000000,15.23,15.23,15.23,15.23,0,0
7LV_MV,D,20190603,000000,15.23,15.23,15.23,15.23,0,0
7LV_MV,D,20190605,000000,15.23,15.23,14.39,14.39,0,0
7LV_MV,D,20190607,000000,14.39,14.39,14.39,14.39,0,0
7LV_MV,D,20190610,000000,14.28,14.28,12.92,12.92,0,0
7LV_MV,D,20190611,000000,12.81,12.81,12.81,12.81,0,0
7LV_MV,D,20190612,000000,12.81,12.81,11.34,11.34,0,0
7LV_MV,D,20190613,000000,11.34,11.45,11.34,11.45,0,0
7LV_MV,D,20190614,000000,11.45,11.45,11.45,11.45,0,0
7LV_MV,D,20190617,000000,12.08,12.18,12.08,12.18,0,0
7LV_MV,D,20190618,000000,12.08,12.6,12.08,12.6,0,0
7LV_MV,D,20190619,000000,12.08,12.39,12.08,12.39,0,0
7LV_MV,D,20190621,000000,12.6,12.71,12.6,12.71,0,0
7LV_MV,D,20190624,000000,13.23,13.23,13.23,13.23,0,0
7LV_MV,D,20190628,000000,13.65,13.65,13.65,13.65,0,0
7LV_MV,D,20190701,000000,13.65,13.65,13.65,13.65,0,0
7LV_MV,D,20190702,000000,14.18,15.75,14.18,15.75,0,0
7LV_MV,D,20190703,000000,15.75,15.75,15.75,15.75,0,0
7LV_MV,D,20190704,000000,15.75,15.75,15.75,15.75,0,0
7LV_MV,D,20190705,000000,15.75,15.75,14.91,14.91,0,0
7LV_MV,D,20190708,000000,15.23,15.23,15.23,15.23,0,0
7LV_MV,D,20190709,000000,15.23,15.23,15.23,15.23,0,0
7LV_MV,D,20190710,000000,15.23,15.23,15.23,15.23,0,0
7LV_MV,D,20190711,000000,15.75,15.75,15.23,15.23,0,0
7LV_MV,D,20190712,000000,15.23,15.23,15.23,15.23,0,0
7LV_MV,D,20190715,000000,15.23,15.23,15.23,15.23,0,0
7LV_MV,D,20190716,000000,15.23,15.23,15.23,15.23,0,0
7LV_MV,D,20190717,000000,15.23,15.23,14.7,15.23,0,0
7LV_MV,D,20190718,000000,15.75,15.75,15.23,15.23,0,0
7LV_MV,D,20190719,000000,15.75,15.75,15.75,15.75,0,0
7LV_MV,D,20190722,000000,15.75,15.75,14.7,14.7,0,0
7LV_MV,D,20190723,000000,15.44,15.44,14.49,14.49,0,0
7LV_MV,D,20190724,000000,14.39,14.39,13.55,14.39,0,0
7LV_MV,D,20190725,000000,14.39,14.39,14.39,14.39,0,0
7LV_MV,D,20190726,000000,14.39,14.39,14.39,14.39,0,0
7LV_MV,D,20190805,000000,14.81,15.75,14.7,14.81,0,0
7LV_MV,D,20190806,000000,14.28,14.28,14.28,14.28,0,0
7LV_MV,D,20190807,000000,14.39,14.39,14.28,14.28,0,0
7LV_MV,D,20190808,000000,13.86,13.86,13.76,13.86,0,0
7LV_MV,D,20190809,000000,13.86,13.86,13.86,13.86,0,0
7LV_MV,D,20190812,000000,13.86,13.86,13.44,13.86,0,0
7LV_MV,D,20190813,000000,13.86,13.86,13.55,13.55,0,0
7LV_MV,D,20190814,000000,13.55,13.55,13.55,13.55,0,0
7LV_MV,D,20190819,000000,13.86,13.86,13.13,13.13,0,0
7LV_MV,D,20190821,000000,13.23,13.34,13.13,13.34,0,0
7LV_MV,D,20190822,000000,13.34,14.81,13.34,14.81,0,0
7LV_MV,D,20190823,000000,13.86,13.86,13.86,13.86,0,0
7LV_MV,D,20190826,000000,14.18,14.18,14.18,14.18,0,0
7LV_MV,D,20190827,000000,14.28,17.33,14.28,16.8,0,0
7LV_MV,D,20190829,000000,15.65,15.65,12.6,14.18,0,0
7LV_MV,D,20190830,000000,14.18,14.18,14.18,14.18,0,0
7LV_MV,D,20190902,000000,14.18,14.18,14.18,14.18,0,0
7LV_MV,D,20190903,000000,14.18,14.18,13.65,13.65,0,0
7LV_MV,D,20190904,000000,14.07,14.07,13.55,13.55,0,0
7LV_MV,D,20190905,000000,14.07,14.07,13.65,13.65,0,0
7LV_MV,D,20190906,000000,14.07,14.49,14.07,14.49,0,0
7LV_MV,D,20190909,000000,15.23,15.86,14.28,15.86,0,0
7LV_MV,D,20190910,000000,15.75,15.75,15.75,15.75,0,0
7LV_MV,D,20190911,000000,15.75,15.75,15.33,15.33,0,0
7LV_MV,D,20190912,000000,15.33,15.33,15.33,15.33,0,0
7LV_MV,D,20190913,000000,15.75,15.75,15.12,15.12,0,0
7LV_MV,D,20190916,000000,15.12,15.75,14.7,14.7,0,0
7LV_MV,D,20190917,000000,14.91,16.28,14.91,16.28,0,0
7LV_MV,D,20190918,000000,16.8,17.33,15.23,17.33,0,0
7LV_MV,D,20190919,000000,17.12,17.12,14.18,14.18,0,0
7LV_MV,D,20190920,000000,14.28,14.28,14.07,14.07,0,0
7LV_MV,D,20190923,000000,14.07,14.07,14.07,14.07,0,0
7LV_MV,D,20190924,000000,14.07,14.7,14.07,14.7,0,0
7LV_MV,D,20190925,000000,14.7,14.7,14.7,14.7,0,0
7LV_MV,D,20190926,000000,14.7,14.7,14.07,14.07,0,0
7LV_MV,D,20190927,000000,14.6,15.02,14.6,15.02,0,0
7LV_MV,D,20190930,000000,15.65,15.65,14.81,14.81,0,0
7LV_MV,D,20191001,000000,15.12,15.23,15.12,15.23,0,0
7LV_MV,D,20191002,000000,15.86,15.86,14.91,14.91,0,0
7LV_MV,D,20191004,000000,15.33,15.33,15.33,15.33,0,0
7LV_MV,D,20191007,000000,15.33,15.44,15.33,15.44,0,0
7LV_MV,D,20191008,000000,15.44,15.44,15.44,15.44,0,0
7LV_MV,D,20191009,000000,15.96,15.96,15.96,15.96,0,0
7LV_MV,D,20191010,000000,15.75,15.75,14.91,14.91,0,0
7LV_MV,D,20191011,000000,14.7,14.7,14.7,14.7,0,0
7LV_MV,D,20191017,000000,14.6,14.6,14.6,14.6,0,0
7LV_MV,D,20191018,000000,14.7,14.7,14.18,14.18,0,0
7LV_MV,D,20191021,000000,14.39,14.39,12.71,12.71,0,0
7LV_MV,D,20191022,000000,12.81,13.65,12.81,13.65,0,0
7LV_MV,D,20191029,000000,13.65,13.65,12.08,12.08,0,0
7LV_MV,D,20191105,000000,12.6,12.6,12.5,12.5,0,0
7LV_MV,D,20191106,000000,12.6,12.6,12.6,12.6,0,0
7LV_MV,D,20191107,000000,12.92,12.92,12.81,12.81,0,0
7LV_MV,D,20191108,000000,13.13,13.13,11.76,11.76,0,0
7LV_MV,D,20191112,000000,12.29,12.29,12.29,12.29,0,0
7LV_MV,D,20191113,000000,12.29,12.29,12.29,12.29,0,0
7LV_MV,D,20191114,000000,12.29,12.29,12.29,12.29,0,0
7LV_MV,D,20191115,000000,12.29,12.29,12.29,12.29,0,0
7LV_MV,D,20191118,000000,12.29,12.29,11.55,11.55,0,0
7LV_MV,D,20191119,000000,12.29,12.29,12.29,12.29,0,0
7LV_MV,D,20191120,000000,12.29,12.29,10.92,10.92,0,0
7LV_MV,D,20191121,000000,11.03,11.76,11.03,11.76,0,0
7LV_MV,D,20191122,000000,12.29,12.29,12.29,12.29,0,0
7LV_MV,D,20191125,000000,12.29,12.29,12.29,12.29,0,0
7LV_MV,D,20191126,000000,12.29,12.29,12.29,12.29,0,0
7LV_MV,D,20191127,000000,12.29,12.29,12.29,12.29,0,0
7LV_MV,D,20191128,000000,12.29,12.29,12.29,12.29,0,0
7LV_MV,D,20191129,000000,12.29,12.29,12.29,12.29,0,0
7LV_MV,D,20191202,000000,12.29,12.29,12.29,12.29,0,0
7LV_MV,D,20191203,000000,12.29,12.29,12.29,12.29,0,0
7LV_MV,D,20191204,000000,12.29,12.29,12.29,12.29,0,0
7LV_MV,D,20191205,000000,12.29,12.29,12.29,12.29,0,0
7LV_MV,D,20191206,000000,12.29,12.29,11.34,11.34,0,0
7LV_MV,D,20191209,000000,11.34,11.34,11.24,11.24,0,0
7LV_MV,D,20191210,000000,11.24,11.24,11.24,11.24,0,0
7LV_MV,D,20191211,000000,11.24,11.24,11.24,11.24,0,0
7LV_MV,D,20191212,000000,12.08,12.08,12.08,12.08,0,0
7LV_MV,D,20191213,000000,12.08,12.08,11.76,11.76,0,0
7LV_MV,D,20191217,000000,12.08,12.08,12.08,12.08,0,0
7LV_MV,D,20191218,000000,12.08,12.08,11.13,11.13,0,0
7LV_MV,D,20191219,000000,11.13,11.13,11.13,11.13,0,0
7LV_MV,D,20191220,000000,11.13,11.13,11.13,11.13,0,0
7LV_MV,D,20191223,000000,11.13,11.13,10.5,10.5,0,0
7LV_MV,D,20191227,000000,10.5,11.76,10.5,11.76,0,0
7LV_MV,D,20191230,000000,11.97,11.97,11.97,11.97,0,0
7LV_MV,D,20200102,000000,11.76,12.6,11.76,12.6,0,0
7LV_MV,D,20200103,000000,12.6,12.6,12.5,12.5,0,0
7LV_MV,D,20200107,000000,12.6,12.6,12.6,12.6,0,0
7LV_MV,D,20200108,000000,12.5,12.5,12.5,12.5,0,0
7LV_MV,D,20200109,000000,12.5,12.5,12.5,12.5,0,0
7LV_MV,D,20200110,000000,12.5,12.5,12.5,12.5,0,0
7LV_MV,D,20200113,000000,12.5,12.5,12.5,12.5,0,0
7LV_MV,D,20200114,000000,12.92,12.92,12.92,12.92,0,0
7LV_MV,D,20200115,000000,12.81,12.81,12.81,12.81,0,0
7LV_MV,D,20200116,000000,12.81,12.81,12.81,12.81,0,0
7LV_MV,D,20200117,000000,12.92,12.92,12.6,12.6,0,0
7LV_MV,D,20200120,000000,12.6,12.6,11.76,11.76,0,0
7LV_MV,D,20200121,000000,12.29,12.29,12.29,12.29,0,0
7LV_MV,D,20200122,000000,12.29,12.29,11.87,11.87,0,0
7LV_MV,D,20200123,000000,12.18,12.18,11.13,11.13,0,0
7LV_MV,D,20200124,000000,11.24,11.24,11.24,11.24,0,0
7LV_MV,D,20200127,000000,11.24,11.24,11.24,11.24,0,0
7LV_MV,D,20200128,000000,11.24,11.24,11.24,11.24,0,0
7LV_MV,D,20200129,000000,11.76,11.87,11.76,11.87,0,0
7LV_MV,D,20200130,000000,11.87,12.92,11.34,11.66,0,0
7LV_MV,D,20200131,000000,11.66,12.6,11.66,12.6,0,0
7LV_MV,D,20200203,000000,12.71,14.39,12.71,14.28,0,0
7LV_MV,D,20200204,000000,14.28,14.28,13.02,13.34,0,0
7LV_MV,D,20200205,000000,14.18,14.18,14.18,14.18,0,0
7LV_MV,D,20200206,000000,14.28,14.28,14.18,14.18,0,0
7LV_MV,D,20200207,000000,13.97,13.97,13.13,13.13,0,0
7LV_MV,D,20200210,000000,13.13,13.13,12.71,13.13,0,0
7LV_MV,D,20200211,000000,13.97,13.97,12.6,12.6,0,0
7LV_MV,D,20200212,000000,12.08,13.23,12.08,13.13,0,0
7LV_MV,D,20200213,000000,13.23,13.23,12.92,12.92,0,0
7LV_MV,D,20200214,000000,13.13,13.23,13.13,13.23,0,0
7LV_MV,D,20200217,000000,13.23,13.23,13.23,13.23,0,0
7LV_MV,D,20200218,000000,13.23,13.23,12.6,12.6,0,0
7LV_MV,D,20200219,000000,13.23,13.23,12.08,12.08,0,0
7LV_MV,D,20200220,000000,13.13,13.13,13.13,13.13,0,0
7LV_MV,D,20200221,000000,12.5,12.6,12.5,12.5,0,0
7LV_MV,D,20200224,000000,13.02,13.02,10.45,12.08,0,0
7LV_MV,D,20200225,000000,12.29,13.02,10.03,10.5,0,0
7LV_MV,D,20200226,000000,11.13,11.55,9.98,10.5,0,0
7LV_MV,D,20200227,000000,10.71,10.71,10.5,10.5,0,0
7LV_MV,D,20200228,000000,10.08,10.08,8.09,9.71,0,0
7LV_MV,D,20200302,000000,9.98,9.98,9.92,9.92,0,0
7LV_MV,D,20200303,000000,9.87,11.55,9.87,11.55,0,0
7LV_MV,D,20200304,000000,11.55,11.55,11.55,11.55,0,0
7LV_MV,D,20200305,000000,11.55,11.55,11.55,11.55,0,0
7LV_MV,D,20200306,000000,11.55,11.55,11.13,11.13,0,0
7LV_MV,D,20200309,000000,11.13,11.13,9.82,9.82,0,0
7LV_MV,D,20200310,000000,9.29,9.5,8.82,8.82,0,0
7LV_MV,D,20200311,000000,9.5,9.5,8.93,8.93,0,0
7LV_MV,D,20200312,000000,7.35,8.35,6.3,8.35,0,0
7LV_MV,D,20200313,000000,8.4,8.4,7.3,7.46,0,0
7LV_MV,D,20200316,000000,8.4,8.4,8.4,8.4,0,0
7LV_MV,D,20200317,000000,8.4,8.4,8.4,8.4,0,0
7LV_MV,D,20200318,000000,8.4,8.66,8.4,8.66,0,0
7LV_MV,D,20200319,000000,8.4,8.4,8.4,8.4,0,0
7LV_MV,D,20200320,000000,8.4,8.4,8.03,8.03,0,0
7LV_MV,D,20200323,000000,8.4,8.4,7.88,7.88,0,0
7LV_MV,D,20200324,000000,8.4,8.66,8.4,8.66,0,0
7LV_MV,D,20200325,000000,8.66,8.82,8.66,8.66,0,0
7LV_MV,D,20200326,000000,8.66,8.66,8.66,8.66,0,0
7LV_MV,D,20200327,000000,8.93,8.93,8.93,8.93,0,0
7LV_MV,D,20200330,000000,8.66,8.66,8.4,8.4,0,0
7LV_MV,D,20200331,000000,8.4,8.4,8.3,8.3,0,0
7LV_MV,D,20200401,000000,8.87,8.87,8.87,8.87,0,0
7LV_MV,D,20200402,000000,8.87,8.87,8.87,8.87,0,0
7LV_MV,D,20200403,000000,8.82,8.82,8.4,8.4,0,0
7LV_MV,D,20200406,000000,8.82,8.82,8.82,8.82,0,0
7LV_MV,D,20200407,000000,8.77,8.77,8.77,8.77,0,0
7LV_MV,D,20200408,000000,8.77,8.82,8.4,8.82,0,0
7LV_MV,D,20200409,000000,8.77,8.77,8.77,8.77,0,0
7LV_MV,D,20200414,000000,8.77,9.92,8.77,9.92,0,0
7LV_MV,D,20200415,000000,9.92,9.92,9.45,9.92,0,0
7LV_MV,D,20200416,000000,11.03,11.03,10.92,10.92,0,0
7LV_MV,D,20200417,000000,10.92,10.92,10.24,10.24,0,0
7LV_MV,D,20200420,000000,10.24,11.03,10.24,11.03,0,0
7LV_MV,D,20200421,000000,11.03,11.03,11.03,11.03,0,0
7LV_MV,D,20200422,000000,11.03,11.03,10.5,10.5,0,0
7LV_MV,D,20200423,000000,10.61,13.55,10.5,13.55,0,0
7LV_MV,D,20200424,000000,13.97,14.18,13.13,13.44,0,0
7LV_MV,D,20200427,000000,14.18,14.18,11.34,12.29,0,0
7LV_MV,D,20200428,000000,12.39,13.13,10.82,11.34,0,0
7LV_MV,D,20200429,000000,11.03,13.02,10.82,10.82,0,0
7LV_MV,D,20200430,000000,11.34,11.76,9.98,11.24,0,0
7LV_MV,D,20200504,000000,11.45,12.5,11.45,12.5,0,0
7LV_MV,D,20200505,000000,12.39,13.13,11.66,12.39,0,0
7LV_MV,D,20200506,000000,13.02,13.13,11.97,12.6,0,0
7LV_MV,D,20200507,000000,12.5,12.5,11.66,12.18,0,0
7LV_MV,D,20200508,000000,12.18,12.18,12.18,12.18,0,0
7LV_MV,D,20200511,000000,12.5,13.02,12.29,12.92,0,0
7LV_MV,D,20200512,000000,13.23,13.97,13.23,13.44,0,0
7LV_MV,D,20200513,000000,13.55,15.75,13.55,14.7,0,0
7LV_MV,D,20200514,000000,14.81,15.86,13.65,13.65,0,0
7LV_MV,D,20200515,000000,13.34,15.65,13.34,15.44,0,0
7LV_MV,D,20200518,000000,16.28,18.9,16.28,18.17,0,0
7LV_MV,D,20200519,000000,18.38,21.84,18.38,21,0,0
7LV_MV,D,20200520,000000,21,24.15,18.9,18.9,0,0
7LV_MV,D,20200521,000000,18.9,20.16,18.9,19.01,0,0
7LV_MV,D,20200522,000000,19.01,19.01,18.9,18.9,0,0
7LV_MV,D,20200525,000000,18.9,18.9,16.28,18.9,0,0
7LV_MV,D,20200526,000000,18.9,18.9,16.8,18.9,0,0
7LV_MV,D,20200527,000000,18.9,18.9,18.8,18.8,0,0
7LV_MV,D,20200528,000000,18.38,18.38,16.28,16.8,0,0
7LV_MV,D,20200529,000000,16.8,16.8,14.7,16.28,0,0
7LV_MV,D,20200601,000000,16.7,17.64,15.33,15.33,0,0
7LV_MV,D,20200602,000000,14.81,17.75,12.71,17.33,0,0
7LV_MV,D,20200603,000000,17.64,17.64,15.54,17.22,0,0
7LV_MV,D,20200604,000000,17.12,17.12,17.12,17.12,0,0
7LV_MV,D,20200605,000000,16.28,16.8,16.28,16.28,0,0
7LV_MV,D,20200608,000000,16.28,16.7,16.28,16.49,0,0
7LV_MV,D,20200609,000000,16.49,16.49,16.28,16.28,0,0
7LV_MV,D,20200610,000000,16.8,23.52,15.75,22.26,0,0
7LV_MV,D,20200612,000000,22.26,23.1,20.16,22.79,0,0
7LV_MV,D,20200615,000000,23.42,23.42,22.79,23.1,0,0
7LV_MV,D,20200616,000000,23.63,23.63,21,21,0,0
7LV_MV,D,20200617,000000,21.95,26.25,21.74,23.63,0,0
7LV_MV,D,20200618,000000,23.63,23.63,23.63,23.63,0,0
7LV_MV,D,20200619,000000,23.63,23.63,21.11,22.05,0,0
7LV_MV,D,20200622,000000,22.05,27.04,22.05,25.73,0,0
7LV_MV,D,20200623,000000,27.04,38.59,26.78,38.59,0,0
7LV_MV,D,20200624,000000,38.59,46.2,38.59,40.69,0,0
7LV_MV,D,20200625,000000,44.63,47.25,39.38,41.74,0,0
7LV_MV,D,20200626,000000,44.1,44.1,42.26,43.05,0,0
7LV_MV,D,20200629,000000,43.05,45.68,38.85,40.16,0,0
7LV_MV,D,20200630,000000,40.16,43.31,39.9,39.9,0,0
7LV_MV,D,20200701,000000,36.75,42.26,34.13,36.23,0,0
7LV_MV,D,20200702,000000,36.23,36.75,35.44,36.75,0,0
7LV_MV,D,20200703,000000,36.75,36.75,34.65,35.18,0,0
7LV_MV,D,20200706,000000,34.65,34.65,32.55,34.39,0,0
7LV_MV,D,20200707,000000,34.13,35.7,32.55,34.65,0,0
7LV_MV,D,20200708,000000,33.34,34.39,30.71,33.08,0,0
7LV_MV,D,20200709,000000,34.39,43.84,34.39,39.9,0,0
7LV_MV,D,20200710,000000,41.48,41.48,36.49,39.38,0,0
7LV_MV,D,20200713,000000,41.48,41.48,35.18,37.01,0,0
7LV_MV,D,20200714,000000,36.23,36.23,33.6,34.65,0,0
7LV_MV,D,20200715,000000,32.55,34.65,32.03,34.13,0,0
7LV_MV,D,20200716,000000,35.44,36.23,29.93,32.55,0,0
7LV_MV,D,20200717,000000,34.13,34.13,29.4,32.03,0,0
7LV_MV,D,20200720,000000,32.55,32.55,29.4,30.98,0,0
7LV_MV,D,20200721,000000,31.24,32.03,31.24,32.03,0,0
7LV_MV,D,20200722,000000,29.93,31.24,29.93,30.45,0,0
7LV_MV,D,20200723,000000,29.66,32.55,27.3,27.56,0,0
7LV_MV,D,20200724,000000,29.4,29.4,26.78,27.56,0,0
7LV_MV,D,20200727,000000,26.25,26.78,21,25.2,0,0
7LV_MV,D,20200728,000000,24.15,25.2,23.31,25.2,0,0
7LV_MV,D,20200729,000000,24.99,26.25,23.63,26.25,0,0
7LV_MV,D,20200730,000000,26.25,27.3,23.63,23.63,0,0
7LV_MV,D,20200731,000000,23.63,24.99,23.63,24.68,0,0
7LV_MV,D,20200803,000000,25.2,25.2,23.73,24.68,0,0
7LV_MV,D,20200804,000000,25.2,25.2,23.63,24.15,0,0
7LV_MV,D,20200805,000000,25.2,26.25,24.78,25.2,0,0
7LV_MV,D,20200806,000000,25.2,25.2,23.63,23.63,0,0
7LV_MV,D,20200807,000000,23.63,23.63,22.05,23.21,0,0
7LV_MV,D,20200810,000000,23.1,23.1,21,21.84,0,0
7LV_MV,D,20200811,000000,21.84,22.79,21.84,22.68,0,0
7LV_MV,D,20200812,000000,22.68,22.68,18.38,19.95,0,0
7LV_MV,D,20200813,000000,19.95,20.06,17.01,19.43,0,0
7LV_MV,D,20200814,000000,19.43,19.43,19.32,19.32,0,0
7LV_MV,D,20200817,000000,19.85,23.63,19.85,22.58,0,0
7LV_MV,D,20200818,000000,22.68,22.68,18.17,18.8,0,0
7LV_MV,D,20200819,000000,18.9,21.84,18.9,21.84,0,0
7LV_MV,D,20200820,000000,19.43,21,19.43,20.69,0,0
7LV_MV,D,20200821,000000,20.69,20.69,19.64,20.69,0,0
7LV_MV,D,20200824,000000,21.53,21.53,20.48,21.53,0,0
7LV_MV,D,20200825,000000,21.53,22.47,21.21,21.53,0,0
7LV_MV,D,20200826,000000,21.53,21.53,21.53,21.53,0,0
7LV_MV,D,20200827,000000,21.95,21.95,20.48,20.48,0,0
7LV_MV,D,20200828,000000,21.32,21.32,20.16,20.79,0,0
7LV_MV,D,20200831,000000,20.16,21.32,20.16,21,0,0
7LV_MV,D,20200901,000000,20.9,20.9,19.95,19.95,0,0
7LV_MV,D,20200902,000000,20.58,20.58,18.9,19.95,0,0
7LV_MV,D,20200903,000000,20.48,21.53,20.48,21,0,0
7LV_MV,D,20200904,000000,21,21,20.48,21,0,0
7LV_MV,D,20200907,000000,21.53,21.53,18.9,20.27,0,0
7LV_MV,D,20200908,000000,18.9,19.01,18.38,18.38,0,0
7LV_MV,D,20200909,000000,18.69,19.32,18.69,18.69,0,0
7LV_MV,D,20200910,000000,19.95,19.95,19.11,19.22,0,0
7LV_MV,D,20200911,000000,19.95,19.95,19.43,19.43,0,0
7LV_MV,D,20200914,000000,19.43,19.95,19.43,19.95,0,0
7LV_MV,D,20200915,000000,19.95,22.26,19.43,19.43,0,0
7LV_MV,D,20200916,000000,22.05,22.05,22.05,22.05,0,0
7LV_MV,D,20200917,000000,22.16,22.16,20.48,21,0,0
7LV_MV,D,20200918,000000,22.26,22.58,22.05,22.05,0,0
7LV_MV,D,20200921,000000,22.26,22.26,18.06,21.53,0,0
7LV_MV,D,20200922,000000,22.16,22.16,22.16,22.16,0,0
7LV_MV,D,20200923,000000,22.05,22.05,21.53,21.63,0,0
7LV_MV,D,20200924,000000,22.05,22.05,19.74,19.74,0,0
7LV_MV,D,20200925,000000,18.27,21.11,18.27,21.11,0,0
7LV_MV,D,20200928,000000,21.53,21.53,21.42,21.53,0,0
7LV_MV,D,20200929,000000,21.53,21.53,21.53,21.53,0,0
7LV_MV,D,20200930,000000,21.42,21.42,18.9,19.11,0,0
7LV_MV,D,20201001,000000,20.48,20.48,20.48,20.48,0,0
7LV_MV,D,20201002,000000,20.79,20.79,18.9,18.9,0,0
7LV_MV,D,20201005,000000,20.48,20.48,18.9,19.01,0,0
7LV_MV,D,20201006,000000,19.11,19.95,19.11,19.95,0,0
7LV_MV,D,20201007,000000,19.95,19.95,18.27,18.27,0,0
7LV_MV,D,20201008,000000,18.9,18.9,18.06,18.06,0,0
7LV_MV,D,20201009,000000,19.85,19.85,19.22,19.32,0,0
7LV_MV,D,20201012,000000,19.74,19.74,16.59,17.75,0,0
7LV_MV,D,20201013,000000,17.85,17.85,17.85,17.85,0,0
7LV_MV,D,20201014,000000,17.96,17.96,15.54,16.38,0,0
7LV_MV,D,20201015,000000,16.28,17.43,15.23,16.07,0,0
7LV_MV,D,20201016,000000,16.8,16.8,15.44,15.75,0,0
