<TICKER>,<PER>,<DATE>,<TIME>,<OPEN>,<HIGH>,<LOW>,<CLOSE>,<VOL>,<OPENINT>
BPX_PB,D,20081105,000000,3.16,3.16,3.16,3.16,0,0
BPX_PB,D,20081106,000000,3.94,4.92,3.94,4.92,0,0
BPX_PB,D,20081107,000000,4.65,6.07,4.65,5.52,0,0
BPX_PB,D,20081110,000000,5.52,5.52,4.97,5.41,0,0
BPX_PB,D,20081112,000000,4.93,5.46,4.89,5.46,0,0
BPX_PB,D,20081113,000000,5.39,5.39,5.29,5.29,0,0
BPX_PB,D,20081114,000000,4.38,4.69,4.38,4.38,0,0
BPX_PB,D,20081117,000000,4.73,4.73,4.26,4.68,0,0
BPX_PB,D,20081118,000000,4.66,4.73,4.66,4.73,0,0
BPX_PB,D,20081119,000000,4.88,4.88,4.88,4.88,0,0
BPX_PB,D,20081120,000000,4.42,4.88,4.42,4.69,0,0
BPX_PB,D,20081121,000000,4.73,5.03,4.69,4.77,0,0
BPX_PB,D,20081124,000000,5.1,5.1,4.65,4.65,0,0
BPX_PB,D,20081125,000000,4.65,4.65,3.98,4.58,0,0
BPX_PB,D,20081126,000000,4.81,4.81,4.02,4.8,0,0
BPX_PB,D,20081127,000000,4.34,4.73,4.34,4.73,0,0
BPX_PB,D,20081201,000000,4.42,4.8,4.42,4.73,0,0
BPX_PB,D,20081202,000000,4.42,4.73,4.42,4.73,0,0
BPX_PB,D,20081205,000000,4.42,4.7,4.42,4.69,0,0
BPX_PB,D,20081208,000000,4.42,4.65,4.42,4.65,0,0
BPX_PB,D,20081209,000000,4.33,4.65,3.94,3.94,0,0
BPX_PB,D,20081211,000000,3.94,4.34,3.17,3.17,0,0
BPX_PB,D,20081212,000000,3.8,4.06,3.8,3.94,0,0
BPX_PB,D,20081216,000000,3.16,3.94,3.16,3.94,0,0
BPX_PB,D,20081223,000000,4.02,4.14,4.02,4.14,0,0
BPX_PB,D,20081229,000000,4.54,4.54,4.54,4.54,0,0
BPX_PB,D,20081230,000000,4.09,4.5,4.09,4.5,0,0
BPX_PB,D,20090105,000000,4.46,5.13,4.46,5.13,0,0
BPX_PB,D,20090106,000000,4.88,4.88,4.88,4.88,0,0
BPX_PB,D,20090107,000000,4.73,4.73,4.34,4.34,0,0
BPX_PB,D,20090109,000000,4.62,4.73,4.62,4.73,0,0
BPX_PB,D,20090112,000000,4.73,5.48,4.73,5.48,0,0
BPX_PB,D,20090113,000000,5.48,6.3,5.48,6.3,0,0
BPX_PB,D,20090114,000000,5.92,6.23,5.92,6.23,0,0
BPX_PB,D,20090121,000000,6.08,6.3,6.08,6.3,0,0
BPX_PB,D,20090122,000000,7.01,7.01,5.04,5.04,0,0
BPX_PB,D,20090123,000000,5.04,7.01,5.04,7.01,0,0
BPX_PB,D,20090127,000000,5.68,5.68,5.68,5.68,0,0
BPX_PB,D,20090128,000000,4.89,5.92,4.89,5.92,0,0
BPX_PB,D,20090130,000000,6.82,6.82,6.82,6.82,0,0
BPX_PB,D,20090202,000000,6.13,7.1,6.13,7.1,0,0
BPX_PB,D,20090203,000000,7.01,7.01,6.94,6.94,0,0
BPX_PB,D,20090204,000000,6.94,7.81,6.94,7.81,0,0
BPX_PB,D,20090205,000000,7.89,7.89,7.5,7.5,0,0
BPX_PB,D,20090206,000000,8.05,8.6,8.05,8.6,0,0
BPX_PB,D,20090209,000000,9.31,9.47,9.31,9.47,0,0
BPX_PB,D,20090304,000000,9.47,9.47,9.47,9.47,0,0
BPX_PB,D,20090323,000000,7.1,7.1,7.1,7.1,0,0
BPX_PB,D,20090330,000000,7.89,7.89,7.89,7.89,0,0
BPX_PB,D,20090331,000000,9.39,9.39,9.39,9.39,0,0
BPX_PB,D,20090401,000000,9.47,10.18,9.47,10.18,0,0
BPX_PB,D,20090406,000000,10.06,10.06,10.06,10.06,0,0
BPX_PB,D,20090409,000000,8.28,10.1,8.28,10.1,0,0
BPX_PB,D,20090414,000000,8.68,8.68,8.68,8.68,0,0
BPX_PB,D,20090422,000000,7.1,7.5,7.1,7.5,0,0
BPX_PB,D,20090427,000000,7.5,7.5,7.5,7.5,0,0
BPX_PB,D,20090430,000000,7.73,7.73,7.73,7.73,0,0
BPX_PB,D,20090504,000000,8.99,9.47,8.99,9.47,0,0
BPX_PB,D,20090505,000000,11.36,11.36,11.36,11.36,0,0
BPX_PB,D,20090507,000000,10.33,10.33,10.33,10.33,0,0
BPX_PB,D,20090511,000000,9.31,11.36,8.27,8.27,0,0
BPX_PB,D,20090512,000000,8.28,9.78,7.89,7.89,0,0
BPX_PB,D,20090522,000000,6.39,6.39,6.39,6.39,0,0
BPX_PB,D,20090526,000000,6.3,6.3,6.3,6.3,0,0
BPX_PB,D,20090602,000000,5.51,5.51,5.13,5.13,0,0
BPX_PB,D,20090610,000000,5.13,5.13,5.13,5.13,0,0
BPX_PB,D,20090616,000000,5.72,5.72,5.72,5.72,0,0
BPX_PB,D,20090715,000000,5.1,6.63,5.1,6.63,0,0
BPX_PB,D,20090807,000000,6.31,6.31,5.74,5.74,0,0
BPX_PB,D,20090821,000000,5.59,5.59,5.59,5.59,0,0
BPX_PB,D,20090826,000000,5.16,5.16,5.16,5.16,0,0
BPX_PB,D,20090827,000000,4.73,4.73,4.73,4.73,0,0
BPX_PB,D,20090828,000000,4.73,4.73,3.79,3.8,0,0
BPX_PB,D,20090831,000000,3.8,3.8,3.58,3.58,0,0
BPX_PB,D,20090901,000000,3.58,3.58,3.58,3.58,0,0
BPX_PB,D,20090902,000000,3.58,3.8,3.58,3.8,0,0
BPX_PB,D,20090903,000000,3.8,3.8,3.8,3.8,0,0
BPX_PB,D,20090904,000000,3.8,3.8,3.8,3.8,0,0
BPX_PB,D,20090907,000000,3.3,3.58,3.3,3.58,0,0
BPX_PB,D,20090908,000000,3.58,3.59,3.58,3.59,0,0
BPX_PB,D,20090909,000000,3.79,3.79,3.79,3.79,0,0
BPX_PB,D,20090914,000000,3.58,3.58,3.58,3.58,0,0
BPX_PB,D,20090915,000000,3.58,3.73,3.58,3.73,0,0
BPX_PB,D,20090922,000000,3.58,3.58,3.58,3.58,0,0
BPX_PB,D,20090923,000000,3.3,3.73,3.23,3.73,0,0
BPX_PB,D,20090928,000000,3.01,3.73,3.01,3.73,0,0
BPX_PB,D,20090930,000000,3.01,3.58,3.01,3.58,0,0
BPX_PB,D,20091008,000000,3.73,3.73,3.73,3.73,0,0
BPX_PB,D,20091021,000000,3.3,3.72,3.3,3.72,0,0
BPX_PB,D,20091026,000000,2.98,2.98,2.98,2.98,0,0
BPX_PB,D,20091027,000000,3.58,3.73,3.23,3.23,0,0
BPX_PB,D,20091028,000000,3.58,3.58,3.01,3.01,0,0
BPX_PB,D,20091030,000000,3.57,3.57,3.57,3.57,0,0
BPX_PB,D,20091102,000000,3.51,3.51,3.51,3.51,0,0
BPX_PB,D,20091106,000000,3.51,3.58,3.51,3.58,0,0
BPX_PB,D,20091109,000000,3.58,3.58,3.58,3.58,0,0
BPX_PB,D,20091124,000000,3.58,3.58,3.58,3.58,0,0
BPX_PB,D,20091125,000000,3.28,3.28,3.28,3.28,0,0
BPX_PB,D,20091208,000000,3.14,3.14,2.79,3.14,0,0
BPX_PB,D,20091209,000000,3.49,3.49,3.49,3.49,0,0
BPX_PB,D,20091229,000000,3.46,3.49,3.46,3.49,0,0
BPX_PB,D,20100115,000000,3.46,3.48,3.46,3.48,0,0
BPX_PB,D,20100119,000000,3.47,3.47,3.47,3.47,0,0
BPX_PB,D,20100122,000000,3.47,3.47,3.47,3.47,0,0
BPX_PB,D,20100125,000000,3.46,3.46,3.46,3.46,0,0
BPX_PB,D,20100129,000000,3.21,3.28,3.21,3.28,0,0
BPX_PB,D,20100202,000000,3.28,3.28,3.28,3.28,0,0
BPX_PB,D,20100203,000000,3.46,3.46,3.46,3.46,0,0
BPX_PB,D,20100204,000000,3.42,3.42,3.42,3.42,0,0
BPX_PB,D,20100215,000000,3.42,3.46,3.42,3.46,0,0
BPX_PB,D,20100305,000000,3.37,3.37,3.19,3.19,0,0
BPX_PB,D,20100309,000000,3.19,3.19,2.83,2.83,0,0
BPX_PB,D,20100310,000000,2.85,3.18,2.83,3.18,0,0
BPX_PB,D,20100315,000000,2.87,3.19,2.86,3.19,0,0
BPX_PB,D,20100316,000000,2.87,3.17,2.87,3.15,0,0
BPX_PB,D,20100317,000000,2.93,3.17,2.93,2.93,0,0
BPX_PB,D,20100318,000000,2.93,3.17,2.93,2.93,0,0
BPX_PB,D,20100319,000000,3.15,3.15,3.15,3.15,0,0
BPX_PB,D,20100324,000000,2.96,2.96,2.96,2.96,0,0
BPX_PB,D,20100325,000000,3.08,3.08,3.08,3.08,0,0
BPX_PB,D,20100329,000000,3.01,3.01,2.86,2.86,0,0
BPX_PB,D,20100401,000000,2.86,2.86,2.86,2.86,0,0
BPX_PB,D,20100406,000000,2.7,2.86,2.7,2.86,0,0
BPX_PB,D,20100407,000000,2.87,3,2.86,2.86,0,0
BPX_PB,D,20100408,000000,2.97,2.97,2.97,2.97,0,0
BPX_PB,D,20100413,000000,2.9,2.9,2.9,2.9,0,0
BPX_PB,D,20100421,000000,2.9,2.9,2.9,2.9,0,0
BPX_PB,D,20100426,000000,2.59,2.9,2.59,2.66,0,0
BPX_PB,D,20100427,000000,2.89,3.12,2.89,3.08,0,0
BPX_PB,D,20100428,000000,3.11,3.19,3.11,3.19,0,0
BPX_PB,D,20100429,000000,2.83,2.83,2.83,2.83,0,0
BPX_PB,D,20100506,000000,3.19,3.4,3.19,3.4,0,0
BPX_PB,D,20100513,000000,3.37,3.37,3.37,3.37,0,0
BPX_PB,D,20100519,000000,2.85,2.85,2.82,2.82,0,0
BPX_PB,D,20100520,000000,3.13,3.13,2.82,3.13,0,0
BPX_PB,D,20100521,000000,3.09,3.09,3.09,3.09,0,0
BPX_PB,D,20100614,000000,2.94,2.94,2.94,2.94,0,0
BPX_PB,D,20100623,000000,2.68,2.85,2.68,2.85,0,0
BPX_PB,D,20100729,000000,2.4,2.87,2.4,2.87,0,0
BPX_PB,D,20100804,000000,2.57,2.86,2.57,2.57,0,0
BPX_PB,D,20100805,000000,2.59,2.59,2.59,2.59,0,0
BPX_PB,D,20100818,000000,2.41,2.61,2.41,2.61,0,0
BPX_PB,D,20100820,000000,2.83,2.83,2.83,2.83,0,0
BPX_PB,D,20100823,000000,2.79,2.79,2.79,2.79,0,0
BPX_PB,D,20100901,000000,2.69,2.69,2.69,2.69,0,0
BPX_PB,D,20100903,000000,2.69,2.79,2.69,2.69,0,0
BPX_PB,D,20100917,000000,2.41,3.19,2.41,3.19,0,0
BPX_PB,D,20100920,000000,3.29,3.29,3.29,3.29,0,0
BPX_PB,D,20100922,000000,3.21,3.21,3.21,3.21,0,0
BPX_PB,D,20101007,000000,2.62,2.62,2.62,2.62,0,0
BPX_PB,D,20101013,000000,2.83,2.83,2.83,2.83,0,0
BPX_PB,D,20101015,000000,2.83,2.83,2.83,2.83,0,0
BPX_PB,D,20101019,000000,2.83,2.83,2.83,2.83,0,0
BPX_PB,D,20101022,000000,2.63,2.63,2.62,2.62,0,0
BPX_PB,D,20101115,000000,2.63,2.67,2.63,2.67,0,0
BPX_PB,D,20101119,000000,2.67,2.67,2.67,2.67,0,0
BPX_PB,D,20101129,000000,2.73,2.73,2.73,2.73,0,0
BPX_PB,D,20101201,000000,2.75,2.75,2.75,2.75,0,0
BPX_PB,D,20101202,000000,2.52,2.52,2.52,2.52,0,0
BPX_PB,D,20101221,000000,2.52,2.52,2.52,2.52,0,0
BPX_PB,D,20101227,000000,2.44,2.44,2.44,2.44,0,0
BPX_PB,D,20101231,000000,2.5,2.75,2.5,2.75,0,0
BPX_PB,D,20110128,000000,2.62,2.62,2.62,2.62,0,0
BPX_PB,D,20110131,000000,2.73,2.73,2.34,2.55,0,0
BPX_PB,D,20110201,000000,2.18,2.33,2.11,2.33,0,0
BPX_PB,D,20110202,000000,2.08,2.12,2.08,2.12,0,0
BPX_PB,D,20110203,000000,2.33,2.33,2.33,2.33,0,0
BPX_PB,D,20110204,000000,2.32,2.32,2.06,2.31,0,0
BPX_PB,D,20110207,000000,2.06,2.15,1.9,2.01,0,0
BPX_PB,D,20110208,000000,2.16,2.16,2.16,2.16,0,0
BPX_PB,D,20110209,000000,2.16,2.16,2.16,2.16,0,0
BPX_PB,D,20110210,000000,2.16,2.16,2.16,2.16,0,0
BPX_PB,D,20110211,000000,2.16,2.16,2.16,2.16,0,0
BPX_PB,D,20110214,000000,2.16,2.16,1.87,1.87,0,0
BPX_PB,D,20110215,000000,1.99,1.99,1.72,1.86,0,0
BPX_PB,D,20110228,000000,1.86,1.96,1.78,1.78,0,0
BPX_PB,D,20110301,000000,1.86,1.96,1.86,1.96,0,0
BPX_PB,D,20110309,000000,1.94,1.94,1.94,1.94,0,0
BPX_PB,D,20110310,000000,1.78,1.78,1.72,1.78,0,0
BPX_PB,D,20110315,000000,1.66,1.66,1.63,1.63,0,0
BPX_PB,D,20110406,000000,1.63,1.63,1.63,1.63,0,0
BPX_PB,D,20110413,000000,1.56,1.56,1.48,1.48,0,0
BPX_PB,D,20110414,000000,1.42,1.42,1.42,1.42,0,0
BPX_PB,D,20110415,000000,1.4,1.4,1.4,1.4,0,0
BPX_PB,D,20110418,000000,1.43,1.43,1.43,1.43,0,0
BPX_PB,D,20110428,000000,1.54,1.54,1.54,1.54,0,0
BPX_PB,D,20110429,000000,1.54,1.54,1.54,1.54,0,0
BPX_PB,D,20110504,000000,1.47,1.47,1.47,1.47,0,0
BPX_PB,D,20110512,000000,1.47,1.47,1.46,1.46,0,0
BPX_PB,D,20110520,000000,1.46,1.46,1.45,1.45,0,0
BPX_PB,D,20110526,000000,1.44,1.44,1.44,1.44,0,0
BPX_PB,D,20110610,000000,1.44,1.44,1.44,1.44,0,0
BPX_PB,D,20110630,000000,1.33,1.33,1.33,1.33,0,0
BPX_PB,D,20110704,000000,1.39,1.39,1.39,1.39,0,0
BPX_PB,D,20110718,000000,1.26,1.26,1.25,1.25,0,0
BPX_PB,D,20110721,000000,1.25,1.25,1.25,1.25,0,0
BPX_PB,D,20110722,000000,1.2,1.2,1.2,1.2,0,0
BPX_PB,D,20110729,000000,1.2,1.2,1.2,1.2,0,0
BPX_PB,D,20110801,000000,1.14,1.14,1.14,1.14,0,0
BPX_PB,D,20110802,000000,1.19,1.19,1.19,1.19,0,0
BPX_PB,D,20110803,000000,1.11,1.11,1.06,1.06,0,0
BPX_PB,D,20110804,000000,1.19,1.19,1.19,1.19,0,0
BPX_PB,D,20110809,000000,1.06,1.06,1.06,1.06,0,0
BPX_PB,D,20110812,000000,1.19,1.19,1.19,1.19,0,0
BPX_PB,D,20110824,000000,1.07,1.07,1.07,1.07,0,0
BPX_PB,D,20110830,000000,1.19,1.19,1.19,1.19,0,0
BPX_PB,D,20110912,000000,1.18,1.18,1.18,1.18,0,0
BPX_PB,D,20111107,000000,1.06,1.06,1.06,1.06,0,0
BPX_PB,D,20111108,000000,0.94,1.18,0.94,1.18,0,0
BPX_PB,D,20111116,000000,1.18,1.18,1.18,1.18,0,0
BPX_PB,D,20111129,000000,1.16,1.19,1.16,1.19,0,0
BPX_PB,D,20111201,000000,1.19,1.19,1.19,1.19,0,0
BPX_PB,D,20111207,000000,0.97,1.19,0.97,1.19,0,0
BPX_PB,D,20111227,000000,0.88,0.88,0.88,0.88,0,0
BPX_PB,D,20111228,000000,0.73,0.73,0.73,0.73,0,0
BPX_PB,D,20120102,000000,0.64,0.64,0.64,0.64,0,0
BPX_PB,D,20120105,000000,0.76,0.76,0.76,0.76,0,0
BPX_PB,D,20120117,000000,0.95,0.95,0.95,0.95,0,0
BPX_PB,D,20120119,000000,1.13,1.13,1.13,1.13,0,0
BPX_PB,D,20120214,000000,0.9,0.9,0.9,0.9,0,0
BPX_PB,D,20120411,000000,0.92,0.92,0.92,0.92,0,0
BPX_PB,D,20120412,000000,1.08,1.08,1.08,1.08,0,0
BPX_PB,D,20120423,000000,0.85,0.85,0.85,0.85,0,0
BPX_PB,D,20120427,000000,0.85,0.85,0.79,0.79,0,0
BPX_PB,D,20120618,000000,0.82,0.82,0.82,0.82,0,0
BPX_PB,D,20120627,000000,0.82,0.82,0.82,0.82,0,0
BPX_PB,D,20120629,000000,0.82,0.82,0.82,0.82,0,0
BPX_PB,D,20120704,000000,0.83,0.83,0.83,0.83,0,0
BPX_PB,D,20120709,000000,0.99,0.99,0.99,0.99,0,0
BPX_PB,D,20120712,000000,1.07,1.07,1.07,1.07,0,0
BPX_PB,D,20120713,000000,1.28,1.28,1.28,1.28,0,0
BPX_PB,D,20120716,000000,1.29,1.29,1.29,1.29,0,0
BPX_PB,D,20120828,000000,1.11,1.11,1.11,1.11,0,0
BPX_PB,D,20120921,000000,1.22,1.22,1.22,1.22,0,0
BPX_PB,D,20120926,000000,1.22,1.33,1.22,1.33,0,0
BPX_PB,D,20121001,000000,1.32,1.32,1.32,1.32,0,0
BPX_PB,D,20121004,000000,1.08,1.08,1.08,1.08,0,0
BPX_PB,D,20121005,000000,1.08,1.08,1.07,1.07,0,0
BPX_PB,D,20121012,000000,1.08,1.08,1.08,1.08,0,0
BPX_PB,D,20121102,000000,1.07,1.07,1.07,1.07,0,0
BPX_PB,D,20130122,000000,1.32,1.32,1.32,1.32,0,0
BPX_PB,D,20130125,000000,1.1,1.1,1.1,1.1,0,0
BPX_PB,D,20130227,000000,1.11,1.11,1.11,1.11,0,0
BPX_PB,D,20130228,000000,1.14,1.14,1.1,1.1,0,0
BPX_PB,D,20130301,000000,1.1,1.1,1.1,1.1,0,0
BPX_PB,D,20130304,000000,1.1,1.1,1.1,1.1,0,0
BPX_PB,D,20130305,000000,1.1,1.1,1.1,1.1,0,0
BPX_PB,D,20130306,000000,1.1,1.1,1.1,1.1,0,0
BPX_PB,D,20130307,000000,1.1,1.1,1.01,1.01,0,0
BPX_PB,D,20130308,000000,1.01,1.01,0.83,0.83,0,0
BPX_PB,D,20130311,000000,0.83,0.83,0.83,0.83,0,0
BPX_PB,D,20130312,000000,0.83,0.83,0.83,0.83,0,0
BPX_PB,D,20130314,000000,0.83,0.83,0.83,0.83,0,0
BPX_PB,D,20130326,000000,0.85,0.85,0.83,0.83,0,0
BPX_PB,D,20130328,000000,0.83,0.83,0.83,0.83,0,0
BPX_PB,D,20130402,000000,0.85,0.91,0.85,0.91,0,0
BPX_PB,D,20130410,000000,0.92,0.99,0.92,0.99,0,0
BPX_PB,D,20130412,000000,0.99,0.99,0.99,0.99,0,0
BPX_PB,D,20130419,000000,1.01,1.01,1.01,1.01,0,0
BPX_PB,D,20130423,000000,1.01,1.01,0.96,0.96,0,0
BPX_PB,D,20130425,000000,0.96,0.96,0.96,0.96,0,0
BPX_PB,D,20130426,000000,0.96,0.96,0.96,0.96,0,0
BPX_PB,D,20130429,000000,0.96,0.96,0.92,0.92,0,0
BPX_PB,D,20130430,000000,0.96,0.96,0.96,0.96,0,0
BPX_PB,D,20130507,000000,0.94,0.94,0.94,0.94,0,0
BPX_PB,D,20130513,000000,0.94,0.94,0.94,0.94,0,0
BPX_PB,D,20130515,000000,0.94,0.94,0.94,0.94,0,0
BPX_PB,D,20130517,000000,0.94,0.94,0.94,0.94,0,0
BPX_PB,D,20130520,000000,0.94,0.94,0.94,0.94,0,0
BPX_PB,D,20130521,000000,0.94,0.94,0.94,0.94,0,0
BPX_PB,D,20130522,000000,0.94,0.94,0.94,0.94,0,0
BPX_PB,D,20130523,000000,0.94,0.94,0.94,0.94,0,0
BPX_PB,D,20130524,000000,0.94,0.94,0.94,0.94,0,0
BPX_PB,D,20130527,000000,0.94,0.94,0.94,0.94,0,0
BPX_PB,D,20130528,000000,0.94,0.94,0.94,0.94,0,0
BPX_PB,D,20130531,000000,0.94,0.94,0.94,0.94,0,0
BPX_PB,D,20130603,000000,0.96,0.96,0.96,0.96,0,0
BPX_PB,D,20130620,000000,1.23,1.23,1.23,1.23,0,0
BPX_PB,D,20130621,000000,1.23,1.23,1.23,1.23,0,0
BPX_PB,D,20130624,000000,1.23,1.23,1.23,1.23,0,0
BPX_PB,D,20130625,000000,1.23,1.23,1.23,1.23,0,0
BPX_PB,D,20130626,000000,1.23,1.23,1.23,1.23,0,0
BPX_PB,D,20130627,000000,1.23,1.23,1.23,1.23,0,0
BPX_PB,D,20130628,000000,1.23,1.23,1.23,1.23,0,0
BPX_PB,D,20130701,000000,1.23,1.23,1.23,1.23,0,0
BPX_PB,D,20130702,000000,1.23,1.23,1.23,1.23,0,0
BPX_PB,D,20130703,000000,1.23,1.23,1.23,1.23,0,0
BPX_PB,D,20130704,000000,1.23,1.23,1.23,1.23,0,0
BPX_PB,D,20130705,000000,1.23,1.23,1.23,1.23,0,0
BPX_PB,D,20130814,000000,1.23,1.23,1.23,1.23,0,0
BPX_PB,D,20130816,000000,1.23,1.23,1.23,1.23,0,0
BPX_PB,D,20130819,000000,1.23,1.23,1.23,1.23,0,0
BPX_PB,D,20130820,000000,1.23,1.23,1.23,1.23,0,0
BPX_PB,D,20130822,000000,1.23,1.23,1.23,1.23,0,0
BPX_PB,D,20130827,000000,1.23,1.23,1.22,1.22,0,0
BPX_PB,D,20130828,000000,1.22,1.22,1.22,1.22,0,0
BPX_PB,D,20130829,000000,1.22,1.22,1.22,1.22,0,0
BPX_PB,D,20130902,000000,1.22,1.22,1.22,1.22,0,0
BPX_PB,D,20130903,000000,1.22,1.22,1.22,1.22,0,0
BPX_PB,D,20130904,000000,1.22,1.22,1.22,1.22,0,0
BPX_PB,D,20130905,000000,1.22,1.22,1.22,1.22,0,0
BPX_PB,D,20130906,000000,1.22,1.22,1.22,1.22,0,0
BPX_PB,D,20130909,000000,1.22,1.22,1.22,1.22,0,0
BPX_PB,D,20130911,000000,1.22,1.22,1.22,1.22,0,0
BPX_PB,D,20130917,000000,1.22,1.22,1.22,1.22,0,0
BPX_PB,D,20130920,000000,1.22,1.22,1.22,1.22,0,0
BPX_PB,D,20130923,000000,1.22,1.22,1.22,1.22,0,0
BPX_PB,D,20130924,000000,1.22,1.22,1.22,1.22,0,0
BPX_PB,D,20130925,000000,1.22,1.22,1.22,1.22,0,0
BPX_PB,D,20130926,000000,1.22,1.22,1.22,1.22,0,0
BPX_PB,D,20130930,000000,1.22,1.22,1.22,1.22,0,0
BPX_PB,D,20131001,000000,1.22,1.22,1.22,1.22,0,0
BPX_PB,D,20131002,000000,1.29,1.29,1.29,1.29,0,0
BPX_PB,D,20131003,000000,1.29,1.29,1.29,1.29,0,0
BPX_PB,D,20131004,000000,1.29,1.29,1.29,1.29,0,0
BPX_PB,D,20131007,000000,1.29,1.29,1.29,1.29,0,0
BPX_PB,D,20131008,000000,1.29,1.29,1.29,1.29,0,0
BPX_PB,D,20131009,000000,1.29,1.29,1.29,1.29,0,0
BPX_PB,D,20131010,000000,1.29,1.29,1.29,1.29,0,0
BPX_PB,D,20131011,000000,1.29,1.29,1.29,1.29,0,0
BPX_PB,D,20131014,000000,1.29,1.29,1.29,1.29,0,0
BPX_PB,D,20131015,000000,1.29,1.29,1.26,1.26,0,0
BPX_PB,D,20131016,000000,1.29,1.29,1.29,1.29,0,0
BPX_PB,D,20131017,000000,1.29,1.29,1.29,1.29,0,0
BPX_PB,D,20131018,000000,1.29,1.29,1.29,1.29,0,0
BPX_PB,D,20131021,000000,1.29,1.29,1.29,1.29,0,0
BPX_PB,D,20131022,000000,1.29,1.29,1.29,1.29,0,0
BPX_PB,D,20131023,000000,1.29,1.29,1.29,1.29,0,0
BPX_PB,D,20131024,000000,1.29,1.29,1.29,1.29,0,0
BPX_PB,D,20131025,000000,1.29,1.29,1.29,1.29,0,0
BPX_PB,D,20131028,000000,1.29,1.29,1.29,1.29,0,0
BPX_PB,D,20131029,000000,1.29,1.29,1.29,1.29,0,0
BPX_PB,D,20131122,000000,1.33,1.33,1.29,1.29,0,0
BPX_PB,D,20131125,000000,1.33,1.33,1.33,1.33,0,0
BPX_PB,D,20131126,000000,1.33,1.33,1.33,1.33,0,0
BPX_PB,D,20131127,000000,1.33,1.33,1.33,1.33,0,0
BPX_PB,D,20131128,000000,1.33,1.33,1.33,1.33,0,0
BPX_PB,D,20131129,000000,1.33,1.33,1.33,1.33,0,0
BPX_PB,D,20131202,000000,1.29,1.29,1.26,1.26,0,0
BPX_PB,D,20131203,000000,1.26,1.26,1.26,1.26,0,0
BPX_PB,D,20131204,000000,1.26,1.26,1.26,1.26,0,0
BPX_PB,D,20131205,000000,1.26,1.26,1.26,1.26,0,0
BPX_PB,D,20131206,000000,1.26,1.26,1.26,1.26,0,0
BPX_PB,D,20131209,000000,1.26,1.26,1.26,1.26,0,0
BPX_PB,D,20131210,000000,1.29,1.29,1.29,1.29,0,0
BPX_PB,D,20131211,000000,1.29,1.29,1.29,1.29,0,0
BPX_PB,D,20131212,000000,1.29,1.29,1.29,1.29,0,0
BPX_PB,D,20131213,000000,1.29,1.29,1.29,1.29,0,0
BPX_PB,D,20131216,000000,1.29,1.29,1.29,1.29,0,0
BPX_PB,D,20131217,000000,1.29,1.29,1.29,1.29,0,0
BPX_PB,D,20131227,000000,1.29,1.29,1.29,1.29,0,0
BPX_PB,D,20131230,000000,1.4,1.6,1.4,1.6,0,0
BPX_PB,D,20140102,000000,1.65,1.65,1.65,1.65,0,0
BPX_PB,D,20140107,000000,1.65,1.65,1.43,1.43,0,0
BPX_PB,D,20140113,000000,1.58,1.65,1.58,1.65,0,0
BPX_PB,D,20140114,000000,1.65,1.65,1.65,1.65,0,0
BPX_PB,D,20140115,000000,1.65,1.65,1.65,1.65,0,0
BPX_PB,D,20140116,000000,1.65,1.65,1.65,1.65,0,0
BPX_PB,D,20140117,000000,1.65,1.65,1.65,1.65,0,0
BPX_PB,D,20140127,000000,1.65,2.01,1.65,2.01,0,0
BPX_PB,D,20140128,000000,2.01,2.15,2.01,2.15,0,0
BPX_PB,D,20140129,000000,2.01,2.12,2.01,2.12,0,0
BPX_PB,D,20140130,000000,2.1,2.37,2.1,2.37,0,0
BPX_PB,D,20140131,000000,2.37,2.41,2.37,2.41,0,0
BPX_PB,D,20140203,000000,2.37,2.37,2.34,2.34,0,0
BPX_PB,D,20140204,000000,2.34,2.34,2.26,2.26,0,0
BPX_PB,D,20140205,000000,2.26,2.26,2.12,2.12,0,0
BPX_PB,D,20140213,000000,1.82,1.82,1.82,1.82,0,0
BPX_PB,D,20140218,000000,1.7,1.7,1.58,1.58,0,0
BPX_PB,D,20140219,000000,1.58,1.58,1.55,1.55,0,0
BPX_PB,D,20140221,000000,1.55,1.55,1.55,1.55,0,0
BPX_PB,D,20140224,000000,1.55,1.55,1.55,1.55,0,0
BPX_PB,D,20140225,000000,1.55,1.55,1.47,1.47,0,0
BPX_PB,D,20140226,000000,1.47,1.47,1.41,1.41,0,0
BPX_PB,D,20140228,000000,1.47,1.47,1.47,1.47,0,0
BPX_PB,D,20140304,000000,1.47,1.47,1.47,1.47,0,0
BPX_PB,D,20140305,000000,1.47,1.47,1.47,1.47,0,0
BPX_PB,D,20140306,000000,1.47,1.58,1.47,1.58,0,0
BPX_PB,D,20140307,000000,1.57,1.57,1.57,1.57,0,0
BPX_PB,D,20140310,000000,1.57,1.57,1.57,1.57,0,0
BPX_PB,D,20140311,000000,1.57,1.57,1.57,1.57,0,0
BPX_PB,D,20140312,000000,1.57,1.57,1.57,1.57,0,0
BPX_PB,D,20140313,000000,1.57,1.57,1.57,1.57,0,0
BPX_PB,D,20140314,000000,1.57,1.57,1.57,1.57,0,0
BPX_PB,D,20140317,000000,1.57,1.57,1.57,1.57,0,0
BPX_PB,D,20140318,000000,1.57,1.57,1.57,1.57,0,0
BPX_PB,D,20140319,000000,1.57,1.57,1.57,1.57,0,0
BPX_PB,D,20140320,000000,1.57,1.57,1.57,1.57,0,0
BPX_PB,D,20140321,000000,1.57,1.57,1.57,1.57,0,0
BPX_PB,D,20140324,000000,1.57,1.57,1.57,1.57,0,0
BPX_PB,D,20140325,000000,1.57,1.57,1.57,1.57,0,0
BPX_PB,D,20140326,000000,1.57,1.57,1.57,1.57,0,0
BPX_PB,D,20140327,000000,1.57,1.57,1.57,1.57,0,0
BPX_PB,D,20140328,000000,1.57,1.57,1.57,1.57,0,0
BPX_PB,D,20140331,000000,1.57,1.57,1.57,1.57,0,0
BPX_PB,D,20140401,000000,1.57,1.57,1.57,1.57,0,0
BPX_PB,D,20140402,000000,1.57,1.57,1.57,1.57,0,0
BPX_PB,D,20140403,000000,1.57,1.57,1.57,1.57,0,0
BPX_PB,D,20140404,000000,1.57,1.57,1.57,1.57,0,0
BPX_PB,D,20140407,000000,1.57,1.57,1.57,1.57,0,0
BPX_PB,D,20140408,000000,1.57,1.57,1.57,1.57,0,0
BPX_PB,D,20140409,000000,1.57,1.57,1.57,1.57,0,0
BPX_PB,D,20140410,000000,1.57,1.57,1.57,1.57,0,0
BPX_PB,D,20140411,000000,1.57,1.57,1.39,1.39,0,0
BPX_PB,D,20140414,000000,1.39,1.39,1.39,1.39,0,0
BPX_PB,D,20140415,000000,1.39,1.39,1.39,1.39,0,0
BPX_PB,D,20140416,000000,1.39,1.5,1.39,1.5,0,0
BPX_PB,D,20140417,000000,1.5,1.5,1.5,1.5,0,0
BPX_PB,D,20140422,000000,1.5,1.5,1.5,1.5,0,0
BPX_PB,D,20140423,000000,1.5,1.5,1.5,1.5,0,0
BPX_PB,D,20140424,000000,1.5,1.5,1.5,1.5,0,0
BPX_PB,D,20140425,000000,1.5,1.5,1.5,1.5,0,0
BPX_PB,D,20140428,000000,1.5,1.5,1.5,1.5,0,0
BPX_PB,D,20140429,000000,1.5,1.5,1.5,1.5,0,0
BPX_PB,D,20140430,000000,1.5,1.5,1.5,1.5,0,0
BPX_PB,D,20140502,000000,1.5,1.5,1.5,1.5,0,0
BPX_PB,D,20140506,000000,1.57,1.89,1.57,1.89,0,0
BPX_PB,D,20140507,000000,1.88,1.88,1.88,1.88,0,0
BPX_PB,D,20140508,000000,1.88,1.88,1.88,1.88,0,0
BPX_PB,D,20140512,000000,1.88,1.88,1.88,1.88,0,0
BPX_PB,D,20140513,000000,1.88,1.88,1.88,1.88,0,0
BPX_PB,D,20140514,000000,1.88,1.88,1.88,1.88,0,0
BPX_PB,D,20140515,000000,1.88,1.88,1.88,1.88,0,0
BPX_PB,D,20140516,000000,1.88,1.88,1.88,1.88,0,0
BPX_PB,D,20140519,000000,1.88,1.88,1.88,1.88,0,0
BPX_PB,D,20140520,000000,1.88,1.88,1.88,1.88,0,0
BPX_PB,D,20140521,000000,1.88,1.88,1.88,1.88,0,0
BPX_PB,D,20140522,000000,1.88,1.88,1.88,1.88,0,0
BPX_PB,D,20140523,000000,1.88,1.88,1.88,1.88,0,0
BPX_PB,D,20140526,000000,1.88,1.88,1.88,1.88,0,0
BPX_PB,D,20140527,000000,1.88,1.88,1.88,1.88,0,0
BPX_PB,D,20140528,000000,1.88,1.88,1.88,1.88,0,0
BPX_PB,D,20140529,000000,1.88,1.88,1.88,1.88,0,0
BPX_PB,D,20140530,000000,1.88,2.04,1.88,2.04,0,0
BPX_PB,D,20140602,000000,2.04,2.04,2.04,2.04,0,0
BPX_PB,D,20140603,000000,2.04,2.04,2.04,2.04,0,0
BPX_PB,D,20140604,000000,2.04,2.04,2.04,2.04,0,0
BPX_PB,D,20140605,000000,2.04,2.04,2.04,2.04,0,0
BPX_PB,D,20140610,000000,2.04,2.04,2.04,2.04,0,0
BPX_PB,D,20140612,000000,2.04,2.04,2.04,2.04,0,0
BPX_PB,D,20140613,000000,2.04,2.04,2.04,2.04,0,0
BPX_PB,D,20140616,000000,2.04,2.04,2.04,2.04,0,0
BPX_PB,D,20140617,000000,2.04,2.04,2.04,2.04,0,0
BPX_PB,D,20140618,000000,2.04,2.04,2.04,2.04,0,0
BPX_PB,D,20140620,000000,2.04,2.04,2.04,2.04,0,0
BPX_PB,D,20140623,000000,2.04,2.04,1.95,1.95,0,0
BPX_PB,D,20140624,000000,1.89,1.89,1.89,1.89,0,0
BPX_PB,D,20140625,000000,1.82,1.89,1.82,1.89,0,0
BPX_PB,D,20140626,000000,1.89,1.89,1.8,1.8,0,0
BPX_PB,D,20140627,000000,1.8,2.49,1.8,2.49,0,0
BPX_PB,D,20140630,000000,2.49,2.49,2.35,2.35,0,0
BPX_PB,D,20140701,000000,2.35,2.35,2.35,2.35,0,0
BPX_PB,D,20140702,000000,2.35,2.35,2.17,2.17,0,0
BPX_PB,D,20140703,000000,2.17,2.17,2.17,2.17,0,0
BPX_PB,D,20140707,000000,2.17,2.17,2.17,2.17,0,0
BPX_PB,D,20140708,000000,2.09,2.09,2.07,2.07,0,0
BPX_PB,D,20140710,000000,2.07,2.07,2.07,2.07,0,0
BPX_PB,D,20140711,000000,2.07,2.07,2.07,2.07,0,0
BPX_PB,D,20140714,000000,2.07,2.07,2.07,2.07,0,0
BPX_PB,D,20140715,000000,2.07,2.07,2.07,2.07,0,0
BPX_PB,D,20140717,000000,2.07,2.07,2.07,2.07,0,0
BPX_PB,D,20140718,000000,2.07,2.07,2.07,2.07,0,0
BPX_PB,D,20140721,000000,2.07,2.07,2.07,2.07,0,0
BPX_PB,D,20140722,000000,2.07,2.07,2.07,2.07,0,0
BPX_PB,D,20140723,000000,2.07,2.07,2.07,2.07,0,0
BPX_PB,D,20140724,000000,2.07,2.07,2.07,2.07,0,0
BPX_PB,D,20140725,000000,2.07,2.07,2.07,2.07,0,0
BPX_PB,D,20140728,000000,2.07,2.07,2.07,2.07,0,0
BPX_PB,D,20140729,000000,2.07,2.07,2.07,2.07,0,0
BPX_PB,D,20140730,000000,2.07,2.07,2.07,2.07,0,0
BPX_PB,D,20140731,000000,2.07,2.07,2.07,2.07,0,0
BPX_PB,D,20140804,000000,2.07,2.07,2.07,2.07,0,0
BPX_PB,D,20140812,000000,2,2,1.9,1.9,0,0
BPX_PB,D,20140818,000000,1.87,1.87,1.87,1.87,0,0
BPX_PB,D,20140819,000000,1.9,1.9,1.9,1.9,0,0
BPX_PB,D,20140820,000000,1.9,1.9,1.9,1.9,0,0
BPX_PB,D,20140821,000000,1.9,1.9,1.9,1.9,0,0
BPX_PB,D,20140822,000000,1.9,1.9,1.9,1.9,0,0
BPX_PB,D,20140825,000000,1.9,1.9,1.9,1.9,0,0
BPX_PB,D,20140826,000000,1.9,1.9,1.9,1.9,0,0
BPX_PB,D,20140827,000000,1.9,1.9,1.9,1.9,0,0
BPX_PB,D,20140828,000000,1.9,1.9,1.9,1.9,0,0
BPX_PB,D,20140829,000000,1.9,1.9,1.9,1.9,0,0
BPX_PB,D,20140901,000000,1.9,1.9,1.9,1.9,0,0
BPX_PB,D,20140902,000000,1.9,1.9,1.9,1.9,0,0
BPX_PB,D,20140903,000000,1.9,1.9,1.9,1.9,0,0
BPX_PB,D,20140904,000000,1.9,1.9,1.9,1.9,0,0
BPX_PB,D,20140905,000000,1.9,1.94,1.9,1.91,0,0
BPX_PB,D,20140908,000000,1.91,1.96,1.91,1.96,0,0
BPX_PB,D,20140909,000000,2,2,2,2,0,0
BPX_PB,D,20140910,000000,2,2,2,2,0,0
BPX_PB,D,20140911,000000,2,2.04,2,2.04,0,0
BPX_PB,D,20140912,000000,2.04,2.04,2.02,2.02,0,0
BPX_PB,D,20140915,000000,2.02,2.02,2.02,2.02,0,0
BPX_PB,D,20140916,000000,2.02,2.04,1.96,1.96,0,0
BPX_PB,D,20140917,000000,2.14,2.14,1.94,1.94,0,0
BPX_PB,D,20140918,000000,2.14,2.19,2.14,2.18,0,0
BPX_PB,D,20140919,000000,2.39,2.39,2.39,2.39,0,0
BPX_PB,D,20140922,000000,2.39,2.39,2.19,2.19,0,0
BPX_PB,D,20140923,000000,2.39,2.51,2.12,2.41,0,0
BPX_PB,D,20140924,000000,2.49,2.49,2.49,2.49,0,0
BPX_PB,D,20140925,000000,2.49,2.49,2.49,2.49,0,0
BPX_PB,D,20140926,000000,2.49,2.49,2.49,2.49,0,0
BPX_PB,D,20140929,000000,2.49,2.49,2.49,2.49,0,0
BPX_PB,D,20140930,000000,2.49,2.49,2.43,2.43,0,0
BPX_PB,D,20141002,000000,2.49,2.49,2.49,2.49,0,0
BPX_PB,D,20141003,000000,2.49,2.49,2.49,2.49,0,0
BPX_PB,D,20141006,000000,2.49,2.49,2.49,2.49,0,0
BPX_PB,D,20141007,000000,2.49,2.5,2.35,2.35,0,0
BPX_PB,D,20141022,000000,2.5,2.5,2.5,2.5,0,0
BPX_PB,D,20141023,000000,2.5,2.5,2.5,2.5,0,0
BPX_PB,D,20141024,000000,2.5,2.5,2.5,2.5,0,0
BPX_PB,D,20141027,000000,2.5,2.5,2.07,2.07,0,0
BPX_PB,D,20141029,000000,2.45,2.47,2.45,2.47,0,0
BPX_PB,D,20141030,000000,2.47,2.47,2.47,2.47,0,0
BPX_PB,D,20141031,000000,2.47,2.47,2.47,2.47,0,0
BPX_PB,D,20141103,000000,2.47,2.47,2.47,2.47,0,0
BPX_PB,D,20141104,000000,2.47,2.47,2.47,2.47,0,0
BPX_PB,D,20141105,000000,2.47,2.47,2.47,2.47,0,0
BPX_PB,D,20141106,000000,2.47,2.47,2.47,2.47,0,0
BPX_PB,D,20141107,000000,2.47,2.47,2.47,2.47,0,0
BPX_PB,D,20141110,000000,2.5,2.5,2.5,2.5,0,0
BPX_PB,D,20141112,000000,2.53,2.53,2.53,2.53,0,0
BPX_PB,D,20141113,000000,2.5,2.5,2.5,2.5,0,0
BPX_PB,D,20141114,000000,2.51,2.51,2.51,2.51,0,0
BPX_PB,D,20141117,000000,2.52,2.52,2.52,2.52,0,0
BPX_PB,D,20141118,000000,2.52,2.52,2.52,2.52,0,0
BPX_PB,D,20141119,000000,2.52,2.52,2.52,2.52,0,0
BPX_PB,D,20141120,000000,2.52,2.52,2.52,2.52,0,0
BPX_PB,D,20141121,000000,2.5,2.5,2.5,2.5,0,0
BPX_PB,D,20141124,000000,2.52,2.52,2.52,2.52,0,0
BPX_PB,D,20141125,000000,2.52,2.52,2.52,2.52,0,0
BPX_PB,D,20141126,000000,2.52,2.52,2.5,2.5,0,0
BPX_PB,D,20141127,000000,2.52,2.52,2.52,2.52,0,0
BPX_PB,D,20141128,000000,2.52,2.52,2.52,2.52,0,0
BPX_PB,D,20141201,000000,2.52,2.52,2.52,2.52,0,0
BPX_PB,D,20141202,000000,2.52,2.52,2.07,2.07,0,0
BPX_PB,D,20141204,000000,2.07,2.07,1.98,1.98,0,0
BPX_PB,D,20141205,000000,1.96,1.96,1.72,1.72,0,0
BPX_PB,D,20141208,000000,1.96,2.31,1.72,1.72,0,0
BPX_PB,D,20141209,000000,1.96,1.96,1.93,1.93,0,0
BPX_PB,D,20141210,000000,1.93,1.93,1.69,1.69,0,0
BPX_PB,D,20141230,000000,1.78,1.78,1.69,1.69,0,0
BPX_PB,D,20150102,000000,1.78,2.12,1.69,1.69,0,0
BPX_PB,D,20150105,000000,1.73,1.73,1.73,1.73,0,0
BPX_PB,D,20150107,000000,1.73,1.73,1.69,1.69,0,0
BPX_PB,D,20150108,000000,1.76,1.82,1.76,1.82,0,0
BPX_PB,D,20150109,000000,1.84,1.84,1.61,1.61,0,0
BPX_PB,D,20150119,000000,1.69,1.69,1.69,1.69,0,0
BPX_PB,D,20150128,000000,1.56,1.56,1.56,1.56,0,0
BPX_PB,D,20150129,000000,1.57,1.57,1.57,1.57,0,0
BPX_PB,D,20150130,000000,1.57,1.57,1.57,1.57,0,0
BPX_PB,D,20150202,000000,1.57,1.57,1.57,1.57,0,0
BPX_PB,D,20150203,000000,1.57,1.57,1.57,1.57,0,0
BPX_PB,D,20150204,000000,1.57,1.57,1.57,1.57,0,0
BPX_PB,D,20150205,000000,1.57,1.57,1.57,1.57,0,0
BPX_PB,D,20150206,000000,1.69,1.86,1.69,1.8,0,0
BPX_PB,D,20150213,000000,1.8,2.12,1.8,2.12,0,0
BPX_PB,D,20150216,000000,2,2.37,2,2.03,0,0
BPX_PB,D,20150217,000000,2.16,2.16,2.02,2.02,0,0
BPX_PB,D,20150219,000000,2.01,2.01,1.96,1.96,0,0
BPX_PB,D,20150223,000000,1.93,1.93,1.93,1.93,0,0
BPX_PB,D,20150224,000000,1.99,1.99,1.99,1.99,0,0
BPX_PB,D,20150225,000000,1.99,1.99,1.99,1.99,0,0
BPX_PB,D,20150226,000000,1.99,1.99,1.99,1.99,0,0
BPX_PB,D,20150227,000000,1.96,2.3,1.96,2.29,0,0
BPX_PB,D,20150310,000000,2.3,2.34,2.3,2.34,0,0
BPX_PB,D,20150311,000000,2.36,2.55,2.36,2.38,0,0
BPX_PB,D,20150312,000000,2.3,2.3,2.15,2.15,0,0
BPX_PB,D,20150313,000000,2.38,2.38,2.38,2.38,0,0
BPX_PB,D,20150316,000000,2.38,2.38,2.38,2.38,0,0
BPX_PB,D,20150317,000000,2.38,2.38,2.38,2.38,0,0
BPX_PB,D,20150318,000000,2.38,2.38,2.38,2.38,0,0
BPX_PB,D,20150319,000000,2.38,2.38,2.38,2.38,0,0
BPX_PB,D,20150320,000000,2.38,2.38,2.38,2.38,0,0
BPX_PB,D,20150323,000000,2.38,2.38,2.38,2.38,0,0
BPX_PB,D,20150324,000000,2.38,2.53,2.38,2.53,0,0
BPX_PB,D,20150325,000000,2.53,2.53,2.53,2.53,0,0
BPX_PB,D,20150326,000000,2.53,2.53,2.53,2.53,0,0
BPX_PB,D,20150327,000000,2.53,2.53,2.53,2.53,0,0
BPX_PB,D,20150330,000000,2.53,2.53,2.53,2.53,0,0
BPX_PB,D,20150331,000000,2.53,2.53,2.37,2.37,0,0
BPX_PB,D,20150401,000000,2.37,2.37,2.37,2.37,0,0
BPX_PB,D,20150402,000000,2.37,2.37,2.37,2.37,0,0
BPX_PB,D,20150407,000000,2.37,2.37,2.37,2.37,0,0
BPX_PB,D,20150408,000000,2.37,2.37,2.37,2.37,0,0
BPX_PB,D,20150409,000000,2.37,2.37,2.37,2.37,0,0
BPX_PB,D,20150410,000000,2.4,2.53,2.4,2.53,0,0
BPX_PB,D,20150413,000000,2.53,2.53,2.53,2.53,0,0
BPX_PB,D,20150414,000000,2.53,2.53,2.37,2.37,0,0
BPX_PB,D,20150415,000000,2.53,2.53,2.53,2.53,0,0
BPX_PB,D,20150416,000000,2.53,2.53,2.53,2.53,0,0
BPX_PB,D,20150417,000000,2.53,2.53,2.53,2.53,0,0
BPX_PB,D,20150420,000000,2.53,2.53,2.37,2.37,0,0
BPX_PB,D,20150421,000000,2.34,2.34,2.34,2.34,0,0
BPX_PB,D,20150422,000000,2.37,2.37,2.37,2.37,0,0
BPX_PB,D,20150423,000000,2.37,2.37,2.37,2.37,0,0
BPX_PB,D,20150424,000000,2.37,2.37,2.3,2.3,0,0
BPX_PB,D,20150427,000000,2.37,2.37,2.37,2.37,0,0
BPX_PB,D,20150428,000000,2.37,2.37,2.37,2.37,0,0
BPX_PB,D,20150429,000000,2.37,2.37,2.37,2.37,0,0
BPX_PB,D,20150430,000000,2.37,2.37,2.21,2.21,0,0
BPX_PB,D,20150504,000000,2.21,2.21,2.21,2.21,0,0
BPX_PB,D,20150505,000000,2.21,2.21,2.21,2.21,0,0
BPX_PB,D,20150506,000000,2.21,2.21,2.21,2.21,0,0
BPX_PB,D,20150507,000000,2.21,2.21,2.21,2.21,0,0
BPX_PB,D,20150508,000000,2.21,2.21,2.21,2.21,0,0
BPX_PB,D,20150511,000000,2.21,2.34,2.21,2.34,0,0
BPX_PB,D,20150512,000000,2.34,2.34,2.34,2.34,0,0
BPX_PB,D,20150513,000000,2.34,2.34,2.34,2.34,0,0
BPX_PB,D,20150514,000000,2.34,2.34,2.29,2.29,0,0
BPX_PB,D,20150515,000000,2.29,2.29,2.29,2.29,0,0
BPX_PB,D,20150518,000000,2.29,2.29,2.29,2.29,0,0
BPX_PB,D,20150519,000000,2.29,2.29,2.21,2.21,0,0
BPX_PB,D,20150520,000000,2.21,2.21,1.83,1.83,0,0
BPX_PB,D,20150722,000000,1.83,1.83,1.7,1.7,0,0
BPX_PB,D,20150723,000000,1.7,1.7,1.7,1.7,0,0
BPX_PB,D,20150724,000000,1.7,1.7,1.7,1.7,0,0
BPX_PB,D,20150727,000000,1.7,1.7,1.7,1.7,0,0
BPX_PB,D,20150728,000000,1.7,1.7,1.7,1.7,0,0
BPX_PB,D,20150729,000000,1.7,1.76,1.7,1.76,0,0
BPX_PB,D,20150814,000000,1.76,1.79,1.76,1.79,0,0
BPX_PB,D,20150817,000000,1.79,1.79,1.7,1.7,0,0
BPX_PB,D,20150911,000000,10.32,10.32,9.63,9.63,0,0
BPX_PB,D,20150924,000000,9.86,10.27,9.86,10.27,0,0
BPX_PB,D,20150925,000000,10.27,10.27,10.27,10.27,0,0
BPX_PB,D,20150928,000000,10.27,10.27,10.27,10.27,0,0
BPX_PB,D,20150929,000000,10.27,10.27,10.27,10.27,0,0
BPX_PB,D,20151001,000000,10.27,10.27,10.27,10.27,0,0
BPX_PB,D,20151002,000000,10.27,10.27,10.27,10.27,0,0
BPX_PB,D,20151005,000000,10.27,10.27,10.27,10.27,0,0
BPX_PB,D,20151006,000000,10.27,10.41,10.27,10.41,0,0
BPX_PB,D,20151123,000000,10.09,10.09,9.04,9.04,0,0
BPX_PB,D,20151202,000000,1.9,1.9,1.9,1.9,0,0
BPX_PB,D,20151214,000000,1.82,1.82,1.62,1.62,0,0
BPX_PB,D,20160525,000000,1.7,1.7,1.7,1.7,0,0
BPX_PB,D,20160527,000000,1.7,1.7,1.7,1.7,0,0
BPX_PB,D,20160530,000000,1.7,1.7,1.7,1.7,0,0
BPX_PB,D,20160531,000000,1.7,1.7,1.7,1.7,0,0
BPX_PB,D,20160601,000000,1.7,1.7,1.7,1.7,0,0
BPX_PB,D,20160602,000000,1.7,1.7,1.7,1.7,0,0
BPX_PB,D,20160603,000000,1.7,1.77,1.7,1.77,0,0
BPX_PB,D,20160606,000000,1.77,1.77,1.77,1.77,0,0
BPX_PB,D,20160607,000000,1.77,1.77,1.77,1.77,0,0
BPX_PB,D,20160608,000000,1.77,1.77,1.77,1.77,0,0
BPX_PB,D,20160609,000000,1.77,1.77,1.77,1.77,0,0
BPX_PB,D,20160610,000000,1.77,1.77,1.77,1.77,0,0
BPX_PB,D,20160613,000000,1.77,1.77,1.77,1.77,0,0
BPX_PB,D,20160614,000000,1.77,1.77,1.77,1.77,0,0
BPX_PB,D,20160615,000000,1.77,1.77,1.77,1.77,0,0
BPX_PB,D,20160616,000000,1.77,1.77,1.77,1.77,0,0
BPX_PB,D,20160617,000000,1.77,1.77,1.77,1.77,0,0
BPX_PB,D,20160620,000000,1.77,1.77,1.77,1.77,0,0
BPX_PB,D,20160621,000000,1.77,1.77,1.77,1.77,0,0
BPX_PB,D,20160622,000000,1.77,1.77,1.77,1.77,0,0
BPX_PB,D,20160623,000000,1.77,1.77,1.77,1.77,0,0
BPX_PB,D,20160624,000000,1.77,1.77,1.77,1.77,0,0
BPX_PB,D,20160627,000000,1.77,1.77,1.77,1.77,0,0
BPX_PB,D,20160628,000000,1.77,1.77,1.77,1.77,0,0
BPX_PB,D,20160629,000000,1.77,1.77,1.77,1.77,0,0
BPX_PB,D,20160630,000000,1.77,1.77,1.77,1.77,0,0
BPX_PB,D,20160701,000000,1.77,1.77,1.77,1.77,0,0
BPX_PB,D,20160704,000000,1.77,1.77,1.77,1.77,0,0
BPX_PB,D,20160705,000000,1.77,1.77,1.77,1.77,0,0
BPX_PB,D,20160706,000000,1.77,1.77,1.77,1.77,0,0
BPX_PB,D,20160707,000000,1.77,1.77,1.77,1.77,0,0
BPX_PB,D,20160708,000000,1.77,1.77,1.77,1.77,0,0
BPX_PB,D,20160711,000000,1.77,1.77,1.77,1.77,0,0
BPX_PB,D,20160712,000000,1.77,1.77,1.77,1.77,0,0
BPX_PB,D,20160713,000000,1.77,1.77,1.77,1.77,0,0
BPX_PB,D,20160714,000000,1.77,1.77,1.77,1.77,0,0
BPX_PB,D,20160715,000000,1.77,1.77,1.77,1.77,0,0
BPX_PB,D,20160718,000000,1.77,1.77,1.77,1.77,0,0
BPX_PB,D,20160719,000000,1.77,1.77,1.77,1.77,0,0
BPX_PB,D,20160720,000000,1.77,1.77,1.77,1.77,0,0
BPX_PB,D,20160721,000000,1.77,1.77,1.77,1.77,0,0
BPX_PB,D,20160722,000000,1.77,1.77,1.77,1.77,0,0
BPX_PB,D,20160725,000000,1.77,1.77,1.77,1.77,0,0
BPX_PB,D,20160726,000000,1.77,1.77,1.77,1.77,0,0
BPX_PB,D,20160727,000000,1.77,1.77,1.77,1.77,0,0
BPX_PB,D,20160728,000000,1.77,1.77,1.77,1.77,0,0
BPX_PB,D,20160729,000000,1.77,1.77,1.77,1.77,0,0
BPX_PB,D,20160801,000000,1.77,1.77,1.77,1.77,0,0
BPX_PB,D,20160802,000000,1.77,1.77,1.77,1.77,0,0
BPX_PB,D,20160803,000000,1.77,1.77,1.77,1.77,0,0
BPX_PB,D,20160804,000000,1.77,1.77,1.77,1.77,0,0
BPX_PB,D,20160805,000000,1.77,1.77,1.77,1.77,0,0
BPX_PB,D,20160808,000000,1.77,1.77,1.77,1.77,0,0
BPX_PB,D,20160809,000000,1.77,1.77,1.77,1.77,0,0
BPX_PB,D,20160810,000000,1.77,1.77,1.77,1.77,0,0
BPX_PB,D,20160811,000000,1.77,1.77,1.77,1.77,0,0
BPX_PB,D,20160812,000000,1.77,1.77,1.77,1.77,0,0
BPX_PB,D,20160816,000000,1.77,1.77,1.77,1.77,0,0
BPX_PB,D,20160817,000000,1.77,1.77,1.77,1.77,0,0
BPX_PB,D,20160818,000000,1.77,1.77,1.77,1.77,0,0
BPX_PB,D,20160819,000000,1.77,1.77,1.77,1.77,0,0
BPX_PB,D,20160822,000000,1.77,1.77,1.77,1.77,0,0
BPX_PB,D,20160823,000000,1.77,1.77,1.77,1.77,0,0
BPX_PB,D,20160824,000000,1.77,1.77,1.77,1.77,0,0
BPX_PB,D,20160825,000000,1.77,1.77,1.77,1.77,0,0
BPX_PB,D,20160826,000000,1.77,1.77,1.77,1.77,0,0
BPX_PB,D,20160829,000000,1.77,1.77,1.77,1.77,0,0
BPX_PB,D,20160830,000000,1.77,1.77,1.77,1.77,0,0
BPX_PB,D,20160831,000000,1.77,1.77,1.77,1.77,0,0
BPX_PB,D,20160912,000000,1.78,1.78,1.78,1.78,0,0
BPX_PB,D,20160913,000000,1.78,1.78,1.78,1.78,0,0
BPX_PB,D,20160914,000000,1.78,1.78,1.78,1.78,0,0
BPX_PB,D,20160915,000000,1.78,1.78,1.78,1.78,0,0
BPX_PB,D,20160916,000000,1.78,1.78,1.78,1.78,0,0
BPX_PB,D,20160919,000000,1.78,1.78,1.78,1.78,0,0
BPX_PB,D,20160920,000000,1.78,1.78,1.78,1.78,0,0
BPX_PB,D,20160921,000000,1.78,1.78,1.78,1.78,0,0
BPX_PB,D,20160922,000000,1.78,1.78,1.78,1.78,0,0
BPX_PB,D,20160923,000000,1.78,1.78,1.78,1.78,0,0
BPX_PB,D,20160926,000000,1.78,1.78,1.78,1.78,0,0
BPX_PB,D,20160927,000000,1.78,1.78,1.78,1.78,0,0
BPX_PB,D,20160928,000000,1.78,1.78,1.78,1.78,0,0
BPX_PB,D,20160929,000000,1.78,1.78,1.78,1.78,0,0
BPX_PB,D,20160930,000000,1.78,1.78,1.74,1.74,0,0
BPX_PB,D,20161003,000000,1.78,1.78,1.78,1.78,0,0
BPX_PB,D,20161004,000000,1.78,1.78,1.78,1.78,0,0
BPX_PB,D,20161005,000000,1.78,1.78,1.78,1.78,0,0
BPX_PB,D,20161006,000000,1.78,1.78,1.78,1.78,0,0
BPX_PB,D,20161007,000000,1.78,1.78,1.78,1.78,0,0
BPX_PB,D,20161010,000000,1.78,1.78,1.78,1.78,0,0
BPX_PB,D,20161011,000000,1.78,1.78,1.78,1.78,0,0
BPX_PB,D,20161012,000000,1.78,1.78,1.78,1.78,0,0
BPX_PB,D,20161013,000000,1.78,1.78,1.78,1.78,0,0
BPX_PB,D,20161014,000000,1.78,1.78,1.78,1.78,0,0
BPX_PB,D,20161017,000000,1.78,1.78,1.78,1.78,0,0
BPX_PB,D,20161018,000000,1.78,1.78,1.78,1.78,0,0
BPX_PB,D,20161019,000000,1.78,1.78,1.78,1.78,0,0
BPX_PB,D,20161020,000000,1.77,1.77,1.77,1.77,0,0
BPX_PB,D,20161021,000000,1.77,1.77,1.77,1.77,0,0
BPX_PB,D,20161024,000000,1.77,1.77,1.77,1.77,0,0
BPX_PB,D,20161025,000000,1.77,1.77,1.77,1.77,0,0
BPX_PB,D,20161026,000000,1.77,1.77,1.77,1.77,0,0
BPX_PB,D,20161027,000000,1.77,1.77,1.77,1.77,0,0
BPX_PB,D,20161028,000000,1.77,1.77,1.77,1.77,0,0
BPX_PB,D,20161031,000000,1.77,1.77,1.77,1.77,0,0
BPX_PB,D,20161102,000000,1.77,1.77,1.77,1.77,0,0
BPX_PB,D,20161103,000000,1.77,1.77,1.77,1.77,0,0
BPX_PB,D,20161104,000000,1.77,1.77,1.77,1.77,0,0
BPX_PB,D,20161107,000000,1.77,1.77,1.77,1.77,0,0
BPX_PB,D,20161108,000000,1.77,1.77,1.77,1.77,0,0
BPX_PB,D,20161109,000000,1.77,1.77,1.77,1.77,0,0
BPX_PB,D,20161110,000000,1.77,1.77,1.61,1.61,0,0
BPX_PB,D,20161114,000000,1.61,1.61,1.61,1.61,0,0
BPX_PB,D,20161115,000000,1.61,1.61,1.61,1.61,0,0
BPX_PB,D,20161116,000000,1.61,1.61,1.61,1.61,0,0
BPX_PB,D,20161117,000000,1.61,1.61,1.61,1.61,0,0
BPX_PB,D,20161122,000000,1.48,1.48,1.48,1.48,0,0
BPX_PB,D,20161123,000000,1.48,1.48,1.48,1.48,0,0
BPX_PB,D,20161124,000000,1.48,1.48,1.48,1.48,0,0
BPX_PB,D,20161125,000000,1.48,1.48,1.48,1.48,0,0
BPX_PB,D,20161128,000000,1.48,1.48,1.48,1.48,0,0
BPX_PB,D,20161129,000000,1.48,1.48,1.48,1.48,0,0
BPX_PB,D,20161130,000000,1.48,1.48,1.07,1.27,0,0
BPX_PB,D,20161205,000000,1.33,1.33,1.33,1.33,0,0
BPX_PB,D,20161208,000000,1.11,1.11,1.07,1.07,0,0
BPX_PB,D,20161209,000000,1.07,1.07,1.07,1.07,0,0
BPX_PB,D,20161212,000000,1.07,1.07,1.07,1.07,0,0
BPX_PB,D,20161213,000000,1.07,1.07,1.07,1.07,0,0
BPX_PB,D,20161214,000000,1.07,1.07,1.07,1.07,0,0
BPX_PB,D,20161215,000000,1.07,1.07,1.07,1.07,0,0
BPX_PB,D,20161216,000000,1.07,1.07,1.07,1.07,0,0
BPX_PB,D,20161227,000000,1.11,1.11,1.11,1.11,0,0
BPX_PB,D,20161229,000000,0.85,0.85,0.85,0.85,0,0
BPX_PB,D,20170103,000000,0.86,0.86,0.86,0.86,0,0
BPX_PB,D,20170104,000000,0.88,0.88,0.88,0.88,0,0
BPX_PB,D,20170119,000000,0.88,0.88,0.88,0.88,0,0
BPX_PB,D,20170130,000000,0.89,0.89,0.89,0.89,0,0
BPX_PB,D,20170201,000000,0.93,0.93,0.93,0.93,0,0
BPX_PB,D,20170202,000000,0.93,0.93,0.93,0.93,0,0
BPX_PB,D,20170203,000000,0.93,0.93,0.93,0.93,0,0
BPX_PB,D,20170206,000000,0.93,0.93,0.93,0.93,0,0
BPX_PB,D,20170207,000000,0.93,0.93,0.93,0.93,0,0
BPX_PB,D,20170208,000000,0.93,0.93,0.93,0.93,0,0
BPX_PB,D,20170209,000000,0.93,0.93,0.93,0.93,0,0
BPX_PB,D,20170210,000000,0.93,0.93,0.93,0.93,0,0
BPX_PB,D,20170213,000000,0.92,0.92,0.92,0.92,0,0
BPX_PB,D,20170214,000000,0.93,0.93,0.93,0.93,0,0
BPX_PB,D,20170215,000000,0.93,0.93,0.92,0.92,0,0
BPX_PB,D,20170216,000000,0.93,0.93,0.93,0.93,0,0
BPX_PB,D,20170217,000000,0.93,0.93,0.93,0.93,0,0
BPX_PB,D,20170220,000000,0.93,0.93,0.93,0.93,0,0
BPX_PB,D,20170222,000000,0.93,0.93,0.93,0.93,0,0
BPX_PB,D,20170223,000000,0.93,0.93,0.93,0.93,0,0
BPX_PB,D,20170224,000000,0.93,0.93,0.93,0.93,0,0
BPX_PB,D,20170227,000000,0.93,0.93,0.93,0.93,0,0
BPX_PB,D,20170228,000000,0.93,0.93,0.93,0.93,0,0
BPX_PB,D,20170301,000000,0.93,0.93,0.93,0.93,0,0
BPX_PB,D,20170302,000000,0.93,0.93,0.92,0.92,0,0
BPX_PB,D,20170307,000000,0.93,0.93,0.93,0.93,0,0
BPX_PB,D,20170321,000000,0.92,0.92,0.92,0.92,0,0
BPX_PB,D,20170322,000000,0.88,0.88,0.85,0.85,0,0
BPX_PB,D,20170323,000000,0.85,0.85,0.85,0.85,0,0
BPX_PB,D,20170324,000000,0.85,0.85,0.85,0.85,0,0
BPX_PB,D,20170327,000000,0.85,0.85,0.85,0.85,0,0
BPX_PB,D,20170328,000000,0.85,0.85,0.85,0.85,0,0
BPX_PB,D,20170329,000000,0.85,0.86,0.85,0.86,0,0
BPX_PB,D,20170330,000000,0.86,0.86,0.86,0.86,0,0
BPX_PB,D,20170331,000000,0.86,0.86,0.85,0.85,0,0
BPX_PB,D,20170405,000000,0.85,0.85,0.68,0.73,0,0
BPX_PB,D,20170411,000000,0.73,0.73,0.71,0.71,0,0
BPX_PB,D,20170412,000000,0.69,0.69,0.68,0.68,0,0
BPX_PB,D,20170418,000000,0.73,0.73,0.73,0.73,0,0
BPX_PB,D,20170419,000000,0.73,0.73,0.73,0.73,0,0
BPX_PB,D,20170420,000000,0.73,0.73,0.73,0.73,0,0
BPX_PB,D,20170421,000000,0.73,0.73,0.73,0.73,0,0
BPX_PB,D,20170424,000000,0.73,0.73,0.73,0.73,0,0
BPX_PB,D,20170512,000000,0.74,0.74,0.68,0.68,0,0
BPX_PB,D,20170515,000000,0.72,0.72,0.72,0.72,0,0
BPX_PB,D,20170612,000000,0.73,0.73,0.73,0.73,0,0
BPX_PB,D,20171003,000000,0.69,0.69,0.69,0.69,0,0
BPX_PB,D,20171004,000000,0.69,0.69,0.69,0.69,0,0
BPX_PB,D,20171005,000000,0.69,0.69,0.69,0.69,0,0
BPX_PB,D,20171006,000000,0.69,0.69,0.69,0.69,0,0
BPX_PB,D,20171009,000000,0.69,0.69,0.69,0.69,0,0
BPX_PB,D,20171010,000000,0.69,0.69,0.68,0.68,0,0
BPX_PB,D,20171011,000000,0.67,0.67,0.67,0.67,0,0
BPX_PB,D,20171012,000000,0.67,0.67,0.67,0.67,0,0
BPX_PB,D,20171013,000000,0.67,0.67,0.67,0.67,0,0
BPX_PB,D,20171016,000000,0.67,0.67,0.67,0.67,0,0
BPX_PB,D,20171017,000000,0.67,0.67,0.67,0.67,0,0
BPX_PB,D,20171030,000000,0.71,0.71,0.71,0.71,0,0
BPX_PB,D,20171114,000000,0.68,0.68,0.63,0.63,0,0
BPX_PB,D,20171129,000000,0.65,0.65,0.63,0.63,0,0
BPX_PB,D,20171130,000000,0.63,0.63,0.63,0.63,0,0
BPX_PB,D,20171204,000000,0.68,0.68,0.68,0.68,0,0
BPX_PB,D,20180205,000000,0.71,0.74,0.71,0.74,0,0
BPX_PB,D,20180212,000000,0.75,0.75,0.75,0.75,0,0
BPX_PB,D,20180213,000000,0.75,0.75,0.75,0.75,0,0
BPX_PB,D,20180215,000000,0.75,0.75,0.75,0.75,0,0
BPX_PB,D,20180216,000000,0.75,0.75,0.75,0.75,0,0
BPX_PB,D,20180219,000000,0.75,0.75,0.75,0.75,0,0
BPX_PB,D,20180220,000000,0.75,0.75,0.75,0.75,0,0
BPX_PB,D,20180221,000000,0.75,0.75,0.75,0.75,0,0
BPX_PB,D,20180222,000000,0.75,0.75,0.75,0.75,0,0
BPX_PB,D,20180223,000000,0.75,0.75,0.75,0.75,0,0
BPX_PB,D,20180226,000000,0.75,0.75,0.75,0.75,0,0
BPX_PB,D,20180227,000000,0.75,0.75,0.75,0.75,0,0
BPX_PB,D,20180228,000000,0.75,0.75,0.75,0.75,0,0
BPX_PB,D,20180301,000000,0.75,0.75,0.75,0.75,0,0
BPX_PB,D,20180305,000000,0.71,0.71,0.67,0.67,0,0
BPX_PB,D,20180528,000000,0.66,0.66,0.59,0.59,0,0
BPX_PB,D,20180604,000000,0.56,0.56,0.56,0.56,0,0
BPX_PB,D,20180810,000000,0.56,0.56,0.56,0.56,0,0
BPX_PB,D,20180814,000000,0.56,0.73,0.56,0.71,0,0
BPX_PB,D,20180816,000000,0.75,0.75,0.75,0.75,0,0
BPX_PB,D,20180817,000000,0.56,0.56,0.56,0.56,0,0
BPX_PB,D,20180820,000000,0.56,0.56,0.52,0.52,0,0
BPX_PB,D,20180829,000000,0.6,0.6,0.6,0.6,0,0
BPX_PB,D,20180924,000000,0.6,0.6,0.6,0.6,0,0
BPX_PB,D,20181009,000000,0.52,0.52,0.52,0.52,0,0
BPX_PB,D,20181011,000000,0.52,0.74,0.52,0.74,0,0
BPX_PB,D,20181012,000000,0.79,1.12,0.79,1.12,0,0
BPX_PB,D,20181015,000000,1.3,1.56,1.3,1.56,0,0
BPX_PB,D,20181016,000000,1.56,1.67,1.56,1.67,0,0
BPX_PB,D,20181017,000000,1.69,1.69,1.4,1.65,0,0
BPX_PB,D,20181018,000000,1.65,1.65,1.4,1.49,0,0
BPX_PB,D,20181019,000000,1.53,1.55,1.34,1.47,0,0
BPX_PB,D,20181022,000000,1.47,1.47,1.18,1.4,0,0
BPX_PB,D,20181023,000000,1.4,1.4,1.15,1.15,0,0
BPX_PB,D,20181024,000000,1,1,0.8,0.98,0,0
BPX_PB,D,20181025,000000,1.1,1.1,0.88,1.02,0,0
BPX_PB,D,20181026,000000,1.09,1.15,0.88,0.94,0,0
BPX_PB,D,20181029,000000,1.03,1.03,0.96,1,0,0
BPX_PB,D,20181030,000000,1,1,0.8,0.94,0,0
BPX_PB,D,20181031,000000,0.96,0.96,0.78,0.78,0,0
BPX_PB,D,20181102,000000,0.8,0.8,0.68,0.78,0,0
BPX_PB,D,20181105,000000,0.78,0.93,0.7,0.9,0,0
BPX_PB,D,20181106,000000,0.8,0.87,0.64,0.69,0,0
BPX_PB,D,20181107,000000,0.75,0.76,0.69,0.75,0,0
BPX_PB,D,20181108,000000,0.75,0.75,0.75,0.75,0,0
BPX_PB,D,20181109,000000,0.75,0.75,0.61,0.61,0,0
BPX_PB,D,20181113,000000,0.64,0.64,0.64,0.64,0,0
BPX_PB,D,20181114,000000,0.66,0.9,0.66,0.9,0,0
BPX_PB,D,20181115,000000,0.88,1,0.88,1,0,0
BPX_PB,D,20181116,000000,0.99,0.99,0.8,0.8,0,0
BPX_PB,D,20181120,000000,0.81,0.81,0.69,0.69,0,0
BPX_PB,D,20181121,000000,0.69,0.69,0.66,0.66,0,0
BPX_PB,D,20181122,000000,0.74,0.78,0.74,0.78,0,0
BPX_PB,D,20181123,000000,0.78,0.78,0.78,0.78,0,0
BPX_PB,D,20181126,000000,0.78,0.78,0.78,0.78,0,0
BPX_PB,D,20181127,000000,0.78,0.78,0.78,0.78,0,0
BPX_PB,D,20181128,000000,0.78,0.78,0.78,0.78,0,0
BPX_PB,D,20181129,000000,0.78,0.78,0.78,0.78,0,0
BPX_PB,D,20181130,000000,0.78,0.78,0.78,0.78,0,0
BPX_PB,D,20181203,000000,0.78,0.78,0.78,0.78,0,0
BPX_PB,D,20181204,000000,0.78,0.78,0.78,0.78,0,0
BPX_PB,D,20181205,000000,0.78,0.78,0.72,0.72,0,0
BPX_PB,D,20181206,000000,0.72,0.72,0.72,0.72,0,0
BPX_PB,D,20181221,000000,0.68,0.68,0.68,0.68,0,0
BPX_PB,D,20190103,000000,0.68,0.68,0.68,0.68,0,0
BPX_PB,D,20190104,000000,0.68,0.68,0.68,0.68,0,0
BPX_PB,D,20190107,000000,0.68,0.69,0.68,0.69,0,0
BPX_PB,D,20190109,000000,0.69,0.69,0.69,0.69,0,0
BPX_PB,D,20190110,000000,0.69,0.69,0.69,0.69,0,0
BPX_PB,D,20190114,000000,0.69,0.69,0.69,0.69,0,0
BPX_PB,D,20190115,000000,0.69,0.69,0.69,0.69,0,0
BPX_PB,D,20190117,000000,0.69,0.83,0.69,0.82,0,0
BPX_PB,D,20190118,000000,0.78,0.88,0.78,0.88,0,0
BPX_PB,D,20190121,000000,0.78,0.78,0.78,0.78,0,0
BPX_PB,D,20190122,000000,0.78,0.78,0.74,0.74,0,0
BPX_PB,D,20190123,000000,0.74,0.74,0.69,0.69,0,0
BPX_PB,D,20190207,000000,0.71,0.85,0.71,0.85,0,0
BPX_PB,D,20190208,000000,0.71,0.71,0.69,0.69,0,0
BPX_PB,D,20190218,000000,0.69,0.69,0.69,0.69,0,0
BPX_PB,D,20190219,000000,0.74,0.77,0.74,0.77,0,0
BPX_PB,D,20190220,000000,0.77,0.77,0.77,0.77,0,0
BPX_PB,D,20190225,000000,0.88,0.88,0.88,0.88,0,0
BPX_PB,D,20190226,000000,0.9,0.9,0.83,0.83,0,0
BPX_PB,D,20190308,000000,0.83,0.83,0.83,0.83,0,0
BPX_PB,D,20190319,000000,0.83,0.83,0.83,0.83,0,0
BPX_PB,D,20190322,000000,0.87,0.91,0.7,0.9,0,0
BPX_PB,D,20190325,000000,0.82,0.82,0.79,0.79,0,0
BPX_PB,D,20190328,000000,0.82,0.95,0.82,0.94,0,0
BPX_PB,D,20190405,000000,0.88,0.88,0.88,0.88,0,0
BPX_PB,D,20190408,000000,0.88,0.88,0.88,0.88,0,0
BPX_PB,D,20190409,000000,0.88,0.88,0.88,0.88,0,0
BPX_PB,D,20190410,000000,0.88,0.88,0.88,0.88,0,0
BPX_PB,D,20190411,000000,0.88,0.94,0.88,0.94,0,0
BPX_PB,D,20190412,000000,0.88,0.88,0.88,0.88,0,0
BPX_PB,D,20190415,000000,0.88,0.88,0.88,0.88,0,0
BPX_PB,D,20190423,000000,0.8,0.8,0.7,0.7,0,0
BPX_PB,D,20190424,000000,0.8,0.86,0.8,0.86,0,0
BPX_PB,D,20190425,000000,0.86,0.86,0.86,0.86,0,0
BPX_PB,D,20190426,000000,0.86,0.86,0.86,0.86,0,0
BPX_PB,D,20190429,000000,0.81,0.81,0.81,0.81,0,0
BPX_PB,D,20190506,000000,0.81,0.81,0.81,0.81,0,0
BPX_PB,D,20190507,000000,0.81,0.81,0.81,0.81,0,0
BPX_PB,D,20190508,000000,0.81,0.81,0.81,0.81,0,0
BPX_PB,D,20190509,000000,0.81,0.81,0.81,0.81,0,0
BPX_PB,D,20190510,000000,0.81,0.81,0.81,0.81,0,0
BPX_PB,D,20190513,000000,0.81,0.81,0.81,0.81,0,0
BPX_PB,D,20190514,000000,0.81,0.81,0.81,0.81,0,0
BPX_PB,D,20190515,000000,0.81,0.81,0.81,0.81,0,0
BPX_PB,D,20190516,000000,0.88,0.96,0.88,0.96,0,0
BPX_PB,D,20190517,000000,0.95,0.95,0.95,0.95,0,0
BPX_PB,D,20190520,000000,0.94,0.94,0.94,0.94,0,0
BPX_PB,D,20190521,000000,0.94,0.94,0.94,0.94,0,0
BPX_PB,D,20190522,000000,0.94,0.94,0.94,0.94,0,0
BPX_PB,D,20190523,000000,0.94,0.94,0.87,0.87,0,0
BPX_PB,D,20190524,000000,0.8,0.8,0.8,0.8,0,0
BPX_PB,D,20190527,000000,0.82,0.82,0.82,0.82,0,0
BPX_PB,D,20190531,000000,0.78,0.78,0.78,0.78,0,0
BPX_PB,D,20190603,000000,0.78,0.78,0.78,0.78,0,0
BPX_PB,D,20190604,000000,0.78,0.78,0.78,0.78,0,0
BPX_PB,D,20190605,000000,0.78,0.78,0.78,0.78,0,0
BPX_PB,D,20190606,000000,0.78,0.78,0.78,0.78,0,0
BPX_PB,D,20190607,000000,0.78,0.78,0.78,0.78,0,0
BPX_PB,D,20190610,000000,0.78,0.78,0.78,0.78,0,0
BPX_PB,D,20190611,000000,0.78,0.78,0.78,0.78,0,0
BPX_PB,D,20190612,000000,0.78,0.78,0.78,0.78,0,0
BPX_PB,D,20190613,000000,0.73,0.78,0.73,0.78,0,0
BPX_PB,D,20190627,000000,0.78,0.78,0.78,0.78,0,0
BPX_PB,D,20190628,000000,0.78,0.78,0.78,0.78,0,0
BPX_PB,D,20190701,000000,0.78,0.78,0.78,0.78,0,0
BPX_PB,D,20190703,000000,0.78,0.78,0.78,0.78,0,0
BPX_PB,D,20190704,000000,0.78,0.78,0.78,0.78,0,0
BPX_PB,D,20190708,000000,0.78,0.78,0.78,0.78,0,0
BPX_PB,D,20190709,000000,0.78,0.78,0.78,0.78,0,0
BPX_PB,D,20190710,000000,0.78,0.78,0.78,0.78,0,0
BPX_PB,D,20190711,000000,0.78,0.78,0.78,0.78,0,0
BPX_PB,D,20190712,000000,0.78,0.78,0.78,0.78,0,0
BPX_PB,D,20190715,000000,0.78,0.78,0.78,0.78,0,0
BPX_PB,D,20190716,000000,0.78,0.78,0.78,0.78,0,0
BPX_PB,D,20190717,000000,0.78,0.78,0.78,0.78,0,0
BPX_PB,D,20190718,000000,0.78,0.78,0.78,0.78,0,0
BPX_PB,D,20190719,000000,0.78,0.79,0.78,0.79,0,0
BPX_PB,D,20190722,000000,0.89,0.94,0.89,0.94,0,0
BPX_PB,D,20190723,000000,0.94,0.94,0.89,0.89,0,0
BPX_PB,D,20190724,000000,0.89,0.89,0.89,0.89,0,0
BPX_PB,D,20190726,000000,0.89,0.89,0.89,0.89,0,0
BPX_PB,D,20190730,000000,0.9,0.99,0.9,0.99,0,0
BPX_PB,D,20190731,000000,1.02,1.06,1.02,1.06,0,0
BPX_PB,D,20190801,000000,1.06,1.07,1.01,1.01,0,0
BPX_PB,D,20190802,000000,1.01,1.07,1.01,1.07,0,0
BPX_PB,D,20190805,000000,1,1,0.99,0.99,0,0
BPX_PB,D,20190807,000000,0.91,0.91,0.91,0.91,0,0
BPX_PB,D,20190808,000000,0.97,1.14,0.97,1.12,0,0
BPX_PB,D,20190809,000000,1.08,1.08,1.08,1.08,0,0
BPX_PB,D,20190812,000000,1.05,1.05,1.05,1.05,0,0
BPX_PB,D,20190813,000000,1.08,1.08,1.08,1.08,0,0
BPX_PB,D,20190816,000000,1.08,1.08,1.08,1.08,0,0
BPX_PB,D,20190819,000000,1.12,1.16,1.12,1.16,0,0
BPX_PB,D,20190820,000000,1.16,1.21,1.16,1.16,0,0
BPX_PB,D,20190821,000000,1.18,1.18,1.15,1.15,0,0
BPX_PB,D,20190822,000000,1.18,1.31,1.18,1.21,0,0
BPX_PB,D,20190823,000000,1.21,1.36,1.21,1.25,0,0
BPX_PB,D,20190826,000000,1.32,1.36,1.32,1.36,0,0
BPX_PB,D,20190827,000000,1.42,1.42,1.42,1.42,0,0
BPX_PB,D,20190829,000000,1.42,1.42,1.42,1.42,0,0
BPX_PB,D,20190830,000000,1.38,1.42,1.38,1.42,0,0
BPX_PB,D,20190903,000000,1.42,1.5,1.42,1.42,0,0
BPX_PB,D,20190904,000000,1.42,1.42,1.42,1.42,0,0
BPX_PB,D,20190905,000000,1.42,1.42,1.42,1.42,0,0
BPX_PB,D,20190906,000000,1.42,1.58,1.42,1.5,0,0
BPX_PB,D,20190909,000000,1.51,1.63,1.51,1.61,0,0
BPX_PB,D,20190910,000000,1.61,1.61,1.55,1.55,0,0
BPX_PB,D,20190916,000000,1.47,1.47,1.47,1.47,0,0
BPX_PB,D,20190918,000000,1.48,1.54,1.48,1.54,0,0
BPX_PB,D,20190919,000000,1.48,1.48,1.48,1.48,0,0
BPX_PB,D,20190923,000000,1.41,1.41,1.37,1.37,0,0
BPX_PB,D,20190930,000000,1.34,1.34,1.22,1.22,0,0
BPX_PB,D,20191001,000000,1.27,1.27,1.27,1.27,0,0
BPX_PB,D,20191002,000000,1.16,1.16,1.16,1.16,0,0
BPX_PB,D,20191007,000000,1.16,1.16,1.16,1.16,0,0
BPX_PB,D,20191009,000000,1.16,1.19,1.16,1.19,0,0
BPX_PB,D,20191010,000000,1.19,1.26,1.19,1.26,0,0
BPX_PB,D,20191011,000000,1.26,1.26,1.26,1.26,0,0
BPX_PB,D,20191021,000000,1.19,1.19,1.19,1.19,0,0
BPX_PB,D,20191023,000000,1.26,1.26,1.26,1.26,0,0
BPX_PB,D,20191025,000000,1.26,1.26,1.22,1.22,0,0
BPX_PB,D,20191028,000000,1.22,1.37,1.22,1.37,0,0
BPX_PB,D,20191029,000000,1.22,1.22,1.22,1.22,0,0
BPX_PB,D,20191030,000000,1.15,1.15,1.15,1.15,0,0
BPX_PB,D,20191104,000000,1.15,1.16,1.15,1.16,0,0
BPX_PB,D,20191105,000000,1.16,1.16,1.05,1.05,0,0
BPX_PB,D,20191106,000000,1.06,1.16,1.06,1.16,0,0
BPX_PB,D,20191107,000000,1.14,1.14,1.14,1.14,0,0
BPX_PB,D,20191108,000000,1.11,1.11,1.11,1.11,0,0
BPX_PB,D,20191112,000000,1.11,1.12,1.06,1.12,0,0
BPX_PB,D,20191113,000000,1.14,1.14,1.08,1.08,0,0
BPX_PB,D,20191115,000000,1.08,1.08,0.99,0.99,0,0
BPX_PB,D,20191118,000000,1.01,1.01,0.97,0.97,0,0
BPX_PB,D,20191120,000000,0.97,1.03,0.96,0.96,0,0
BPX_PB,D,20191121,000000,0.96,0.97,0.89,0.95,0,0
BPX_PB,D,20191122,000000,0.95,0.96,0.95,0.96,0,0
BPX_PB,D,20191125,000000,0.96,0.96,0.96,0.96,0,0
BPX_PB,D,20191126,000000,0.89,0.89,0.89,0.89,0,0
BPX_PB,D,20191127,000000,0.89,0.89,0.89,0.89,0,0
BPX_PB,D,20191128,000000,0.89,0.89,0.89,0.89,0,0
BPX_PB,D,20191129,000000,0.89,0.89,0.89,0.89,0,0
BPX_PB,D,20191202,000000,0.89,0.89,0.84,0.86,0,0
BPX_PB,D,20191209,000000,0.79,0.79,0.72,0.72,0,0
BPX_PB,D,20191210,000000,0.69,0.71,0.69,0.71,0,0
BPX_PB,D,20191212,000000,0.69,0.69,0.62,0.69,0,0
BPX_PB,D,20191217,000000,0.7,0.7,0.7,0.7,0,0
BPX_PB,D,20191218,000000,0.7,0.7,0.7,0.7,0,0
BPX_PB,D,20191219,000000,0.7,0.7,0.7,0.7,0,0
BPX_PB,D,20191220,000000,0.7,0.7,0.7,0.7,0,0
BPX_PB,D,20191223,000000,0.7,0.7,0.7,0.7,0,0
BPX_PB,D,20191227,000000,0.7,0.7,0.7,0.7,0,0
BPX_PB,D,20191230,000000,0.72,0.72,0.72,0.72,0,0
BPX_PB,D,20200110,000000,0.65,0.65,0.65,0.65,0,0
BPX_PB,D,20200117,000000,0.65,0.65,0.63,0.63,0,0
BPX_PB,D,20200120,000000,0.65,0.76,0.65,0.76,0,0
BPX_PB,D,20200121,000000,0.79,1.07,0.79,1.07,0,0
BPX_PB,D,20200122,000000,1.07,1.27,1.07,1.09,0,0
BPX_PB,D,20200123,000000,1,1,0.82,0.82,0,0
BPX_PB,D,20200124,000000,0.85,0.85,0.85,0.85,0,0
BPX_PB,D,20200127,000000,0.89,0.89,0.82,0.82,0,0
BPX_PB,D,20200128,000000,0.82,0.82,0.82,0.82,0,0
BPX_PB,D,20200129,000000,0.85,0.85,0.85,0.85,0,0
BPX_PB,D,20200130,000000,0.86,0.86,0.86,0.86,0,0
BPX_PB,D,20200131,000000,0.87,1.02,0.87,1,0,0
BPX_PB,D,20200203,000000,1,1,0.89,0.89,0,0
BPX_PB,D,20200205,000000,0.82,0.89,0.82,0.89,0,0
BPX_PB,D,20200207,000000,0.89,1,0.89,0.93,0,0
BPX_PB,D,20200210,000000,0.98,0.98,0.88,0.88,0,0
BPX_PB,D,20200211,000000,0.89,0.89,0.89,0.89,0,0
BPX_PB,D,20200212,000000,0.93,1.1,0.93,1.1,0,0
BPX_PB,D,20200213,000000,1.01,1.44,1.01,1.44,0,0
BPX_PB,D,20200214,000000,1.44,1.79,1.44,1.76,0,0
BPX_PB,D,20200217,000000,1.99,2.36,1.68,2.06,0,0
BPX_PB,D,20200218,000000,2.07,2.24,1.99,1.99,0,0
BPX_PB,D,20200219,000000,1.94,1.99,1.55,1.99,0,0
BPX_PB,D,20200220,000000,1.99,1.99,1.92,1.92,0,0
BPX_PB,D,20200221,000000,1.92,1.92,1.72,1.75,0,0
BPX_PB,D,20200224,000000,1.69,1.69,1.35,1.53,0,0
BPX_PB,D,20200225,000000,1.58,1.65,1.58,1.58,0,0
BPX_PB,D,20200226,000000,1.53,1.54,1.37,1.54,0,0
BPX_PB,D,20200227,000000,1.54,1.55,1.24,1.27,0,0
BPX_PB,D,20200228,000000,1.44,1.44,1.37,1.37,0,0
BPX_PB,D,20200302,000000,1.37,1.37,1.37,1.37,0,0
BPX_PB,D,20200303,000000,1.44,1.44,1.44,1.44,0,0
BPX_PB,D,20200304,000000,1.37,1.37,1.27,1.37,0,0
BPX_PB,D,20200305,000000,1.4,1.72,1.4,1.51,0,0
BPX_PB,D,20200306,000000,1.48,1.48,1.47,1.47,0,0
BPX_PB,D,20200309,000000,1.47,1.47,1.15,1.24,0,0
BPX_PB,D,20200310,000000,1.31,1.58,1.29,1.58,0,0
BPX_PB,D,20200311,000000,1.44,1.58,1.16,1.31,0,0
BPX_PB,D,20200312,000000,1.24,1.24,1.17,1.17,0,0
BPX_PB,D,20200313,000000,1.46,1.51,1.37,1.51,0,0
BPX_PB,D,20200316,000000,1.51,1.58,1.51,1.58,0,0
BPX_PB,D,20200317,000000,1.65,1.76,1.65,1.7,0,0
BPX_PB,D,20200318,000000,1.51,1.8,1.51,1.8,0,0
BPX_PB,D,20200319,000000,1.8,1.8,1.8,1.8,0,0
BPX_PB,D,20200320,000000,1.58,1.76,1.55,1.72,0,0
BPX_PB,D,20200323,000000,1.72,1.79,1.33,1.33,0,0
BPX_PB,D,20200324,000000,1.35,1.91,1.35,1.6,0,0
BPX_PB,D,20200325,000000,1.68,2.14,1.68,2,0,0
BPX_PB,D,20200326,000000,2.15,3.21,2.15,3.21,0,0
BPX_PB,D,20200327,000000,3.85,4.02,2.78,2.79,0,0
BPX_PB,D,20200330,000000,2.79,2.89,2.37,2.51,0,0
BPX_PB,D,20200331,000000,2.4,3.15,2.31,2.7,0,0
BPX_PB,D,20200401,000000,2.21,2.75,2.13,2.24,0,0
BPX_PB,D,20200402,000000,2.36,2.49,2.15,2.15,0,0
BPX_PB,D,20200403,000000,2.04,2.08,1.65,1.91,0,0
BPX_PB,D,20200406,000000,1.92,2.24,1.78,1.91,0,0
BPX_PB,D,20200407,000000,2.01,2.16,1.79,2.16,0,0
BPX_PB,D,20200408,000000,2.16,2.26,2.02,2.02,0,0
BPX_PB,D,20200409,000000,2.23,2.23,1.87,2.23,0,0
BPX_PB,D,20200414,000000,2.23,2.23,2.04,2.16,0,0
BPX_PB,D,20200415,000000,2.08,2.08,1.91,1.97,0,0
BPX_PB,D,20200416,000000,1.89,1.91,1.83,1.87,0,0
BPX_PB,D,20200417,000000,1.85,2.2,1.85,1.99,0,0
BPX_PB,D,20200420,000000,2.08,2.08,1.93,1.93,0,0
BPX_PB,D,20200421,000000,1.93,1.93,1.76,1.9,0,0
BPX_PB,D,20200422,000000,1.83,2.02,1.48,1.74,0,0
BPX_PB,D,20200423,000000,1.76,2.26,1.76,2.2,0,0
BPX_PB,D,20200424,000000,2.09,2.2,1.82,1.85,0,0
BPX_PB,D,20200427,000000,2.05,2.05,1.96,2.01,0,0
BPX_PB,D,20200428,000000,1.96,2,1.82,1.85,0,0
BPX_PB,D,20200429,000000,1.85,2.02,1.82,1.91,0,0
BPX_PB,D,20200430,000000,1.92,1.92,1.85,1.85,0,0
BPX_PB,D,20200504,000000,1.85,1.93,1.84,1.84,0,0
BPX_PB,D,20200505,000000,1.94,1.94,1.84,1.85,0,0
BPX_PB,D,20200506,000000,1.85,1.91,1.77,1.79,0,0
BPX_PB,D,20200507,000000,1.81,1.91,1.74,1.87,0,0
BPX_PB,D,20200508,000000,1.87,1.87,1.78,1.86,0,0
BPX_PB,D,20200511,000000,1.91,2.83,1.91,2.83,0,0
BPX_PB,D,20200512,000000,2.95,3.88,2.6,3.44,0,0
BPX_PB,D,20200513,000000,3.47,3.47,2.78,2.87,0,0
BPX_PB,D,20200514,000000,2.89,2.89,2.34,2.59,0,0
BPX_PB,D,20200515,000000,2.62,2.81,2.62,2.74,0,0
BPX_PB,D,20200518,000000,2.6,2.83,2.6,2.83,0,0
BPX_PB,D,20200519,000000,2.92,3.1,2.67,2.89,0,0
BPX_PB,D,20200520,000000,2.67,3.15,2.67,3.07,0,0
BPX_PB,D,20200521,000000,2.98,3.01,2.81,2.89,0,0
BPX_PB,D,20200522,000000,2.92,3.36,2.92,3.18,0,0
BPX_PB,D,20200525,000000,3.18,3.76,3.18,3.67,0,0
BPX_PB,D,20200526,000000,3.99,3.99,2.67,3.21,0,0
BPX_PB,D,20200527,000000,3.27,3.27,2.78,3.04,0,0
BPX_PB,D,20200528,000000,2.89,2.98,2.72,2.82,0,0
BPX_PB,D,20200529,000000,2.7,2.79,2.7,2.72,0,0
BPX_PB,D,20200601,000000,2.8,2.8,2.7,2.78,0,0
BPX_PB,D,20200602,000000,2.72,2.72,2.55,2.67,0,0
BPX_PB,D,20200603,000000,2.67,2.67,2.55,2.57,0,0
BPX_PB,D,20200604,000000,2.55,2.57,2.55,2.57,0,0
BPX_PB,D,20200605,000000,2.66,2.78,2.66,2.77,0,0
BPX_PB,D,20200608,000000,2.77,2.89,2.72,2.72,0,0
BPX_PB,D,20200609,000000,2.73,2.78,2.73,2.73,0,0
BPX_PB,D,20200610,000000,2.73,2.78,2.73,2.73,0,0
BPX_PB,D,20200612,000000,2.66,2.66,2.26,2.4,0,0
BPX_PB,D,20200615,000000,2.41,2.41,2.33,2.41,0,0
BPX_PB,D,20200616,000000,2.43,2.92,2.37,2.92,0,0
BPX_PB,D,20200617,000000,2.56,2.92,2.56,2.82,0,0
BPX_PB,D,20200618,000000,2.73,2.83,2.5,2.6,0,0
BPX_PB,D,20200619,000000,2.6,2.63,2.5,2.52,0,0
BPX_PB,D,20200622,000000,2.6,2.74,2.5,2.55,0,0
BPX_PB,D,20200623,000000,2.52,2.6,2.49,2.49,0,0
BPX_PB,D,20200624,000000,2.55,2.55,2.53,2.53,0,0
BPX_PB,D,20200625,000000,2.49,2.57,2.41,2.41,0,0
BPX_PB,D,20200626,000000,2.41,2.66,2.41,2.45,0,0
BPX_PB,D,20200629,000000,2.81,2.81,2.42,2.42,0,0
BPX_PB,D,20200630,000000,2.39,2.78,2.39,2.65,0,0
BPX_PB,D,20200701,000000,2.73,2.73,2.38,2.42,0,0
BPX_PB,D,20200702,000000,2.55,2.56,2.46,2.46,0,0
BPX_PB,D,20200703,000000,2.52,2.78,2.52,2.68,0,0
BPX_PB,D,20200706,000000,2.56,2.75,2.52,2.53,0,0
BPX_PB,D,20200707,000000,2.44,2.75,2.42,2.42,0,0
BPX_PB,D,20200708,000000,2.42,2.63,2.42,2.63,0,0
BPX_PB,D,20200709,000000,2.63,2.63,2.32,2.41,0,0
BPX_PB,D,20200710,000000,2.41,2.57,2.37,2.57,0,0
BPX_PB,D,20200713,000000,2.42,2.54,2.33,2.43,0,0
BPX_PB,D,20200714,000000,2.33,2.43,2.3,2.33,0,0
BPX_PB,D,20200715,000000,2.34,2.39,2.3,2.39,0,0
BPX_PB,D,20200716,000000,2.42,2.46,2.39,2.4,0,0
BPX_PB,D,20200717,000000,2.42,2.88,2.42,2.83,0,0
BPX_PB,D,20200720,000000,2.81,3.24,2.73,3.01,0,0
BPX_PB,D,20200721,000000,3.27,3.27,3.04,3.04,0,0
BPX_PB,D,20200722,000000,2.93,3.22,2.73,3.22,0,0
BPX_PB,D,20200723,000000,3.14,3.14,2.7,2.78,0,0
BPX_PB,D,20200724,000000,2.91,2.93,2.57,2.78,0,0
BPX_PB,D,20200727,000000,2.7,3.04,2.68,3.04,0,0
BPX_PB,D,20200728,000000,2.73,3.01,2.73,2.86,0,0
BPX_PB,D,20200729,000000,2.86,2.86,2.83,2.86,0,0
BPX_PB,D,20200730,000000,2.88,2.88,2.48,2.48,0,0
BPX_PB,D,20200731,000000,2.47,2.56,2.42,2.51,0,0
BPX_PB,D,20200803,000000,2.53,2.63,2.53,2.63,0,0
BPX_PB,D,20200804,000000,2.6,2.78,2.57,2.57,0,0
BPX_PB,D,20200805,000000,2.73,2.99,2.63,2.91,0,0
BPX_PB,D,20200806,000000,2.78,2.86,2.57,2.83,0,0
BPX_PB,D,20200807,000000,2.7,3.09,2.57,2.96,0,0
BPX_PB,D,20200810,000000,3.04,3.04,2.93,2.99,0,0
BPX_PB,D,20200811,000000,2.96,2.96,2.65,2.83,0,0
BPX_PB,D,20200812,000000,2.78,2.86,2.48,2.57,0,0
BPX_PB,D,20200813,000000,2.83,2.83,2.57,2.63,0,0
BPX_PB,D,20200814,000000,2.57,2.63,2.27,2.29,0,0
BPX_PB,D,20200817,000000,2.31,2.31,2.06,2.21,0,0
BPX_PB,D,20200818,000000,2.11,2.18,2.08,2.18,0,0
BPX_PB,D,20200819,000000,2.11,2.11,2.11,2.11,0,0
BPX_PB,D,20200820,000000,2.08,2.11,2.08,2.11,0,0
BPX_PB,D,20200821,000000,2.05,2.19,2.05,2.19,0,0
BPX_PB,D,20200824,000000,2.06,2.16,2.06,2.11,0,0
BPX_PB,D,20200825,000000,2.12,2.12,2.12,2.12,0,0
BPX_PB,D,20200826,000000,2.18,2.18,2.16,2.17,0,0
BPX_PB,D,20200827,000000,2.16,2.16,2.16,2.16,0,0
BPX_PB,D,20200828,000000,2.03,2.06,1.96,2.06,0,0
BPX_PB,D,20200831,000000,2.02,2.09,1.96,1.96,0,0
BPX_PB,D,20200901,000000,2.06,2.06,1.88,1.88,0,0
BPX_PB,D,20200902,000000,1.88,1.88,1.67,1.81,0,0
BPX_PB,D,20200903,000000,1.75,1.76,1.7,1.75,0,0
BPX_PB,D,20200904,000000,1.73,1.73,1.64,1.64,0,0
BPX_PB,D,20200907,000000,1.6,1.65,1.58,1.63,0,0
BPX_PB,D,20200908,000000,1.62,1.62,1.35,1.6,0,0
BPX_PB,D,20200909,000000,1.57,1.88,1.57,1.77,0,0
BPX_PB,D,20200910,000000,1.7,1.7,1.67,1.67,0,0
BPX_PB,D,20200911,000000,1.62,1.64,1.59,1.59,0,0
BPX_PB,D,20200914,000000,1.61,1.85,1.6,1.84,0,0
BPX_PB,D,20200915,000000,1.86,1.88,1.86,1.88,0,0
BPX_PB,D,20200916,000000,1.77,1.77,1.55,1.6,0,0
BPX_PB,D,20200921,000000,1.63,1.63,1.6,1.6,0,0
BPX_PB,D,20200922,000000,1.63,1.63,1.55,1.55,0,0
BPX_PB,D,20200923,000000,1.65,1.7,1.58,1.58,0,0
BPX_PB,D,20200924,000000,1.53,1.53,1.41,1.53,0,0
BPX_PB,D,20200925,000000,1.54,1.6,1.53,1.55,0,0
BPX_PB,D,20200928,000000,1.55,1.63,1.55,1.63,0,0
BPX_PB,D,20200929,000000,1.63,1.63,1.63,1.63,0,0
BPX_PB,D,20200930,000000,1.39,1.55,1.39,1.55,0,0
BPX_PB,D,20201001,000000,1.55,1.55,1.54,1.54,0,0
BPX_PB,D,20201002,000000,1.53,1.53,1.3,1.44,0,0
BPX_PB,D,20201005,000000,1.39,1.44,1.34,1.44,0,0
BPX_PB,D,20201006,000000,1.39,1.54,1.39,1.39,0,0
BPX_PB,D,20201007,000000,1.39,1.45,1.39,1.45,0,0
BPX_PB,D,20201008,000000,1.45,1.54,1.4,1.44,0,0
BPX_PB,D,20201009,000000,1.44,1.44,1.39,1.39,0,0
BPX_PB,D,20201012,000000,1.39,1.39,1.34,1.34,0,0
BPX_PB,D,20201014,000000,1.33,1.39,1.26,1.39,0,0
BPX_PB,D,20201015,000000,1.33,1.55,1.19,1.54,0,0
BPX_PB,D,20201016,000000,1.52,1.52,1.44,1.5,0,0
