<TICKER>,<PER>,<DATE>,<TIME>,<OPEN>,<HIGH>,<LOW>,<CLOSE>,<VOL>,<OPENINT>
CCS_PB,D,20121228,000000,1.1891,1.1891,1.1891,1.1891,0,0
CCS_PB,D,20130102,000000,1.1891,1.1891,0.9513,1.1188,0,0
CCS_PB,D,20130103,000000,0.9891,0.9891,0.9891,0.9891,0,0
CCS_PB,D,20130104,000000,1.1404,1.1404,1.1404,1.1404,0,0
CCS_PB,D,20130107,000000,0.9891,0.9891,0.9891,0.9891,0,0
CCS_PB,D,20130110,000000,0.9891,0.9891,0.9891,0.9891,0,0
CCS_PB,D,20130122,000000,0.9891,0.9891,0.9891,0.9891,0,0
CCS_PB,D,20130123,000000,0.9891,1.108,0.9891,1.0323,0,0
CCS_PB,D,20130125,000000,0.9891,0.9891,0.9891,0.9891,0,0
CCS_PB,D,20130130,000000,0.9891,0.9891,0.9891,0.9891,0,0
CCS_PB,D,20130211,000000,1.0107,1.0107,1.0107,1.0107,0,0
CCS_PB,D,20130214,000000,1.0107,1.0107,1.0107,1.0107,0,0
CCS_PB,D,20130215,000000,1.0107,1.0107,1.0107,1.0107,0,0
CCS_PB,D,20130222,000000,1.0107,1.0593,1.0107,1.0593,0,0
CCS_PB,D,20130226,000000,1.0593,1.0593,1.0593,1.0593,0,0
CCS_PB,D,20130304,000000,1.0593,1.0593,1.0593,1.0593,0,0
CCS_PB,D,20130305,000000,1.0593,1.0918,1.0593,1.0918,0,0
CCS_PB,D,20130306,000000,1.0918,1.1674,1.0918,1.1674,0,0
CCS_PB,D,20130307,000000,1.1674,1.1674,1.1674,1.1674,0,0
CCS_PB,D,20130308,000000,1.1674,1.1945,1.1674,1.1945,0,0
CCS_PB,D,20130318,000000,1.1945,1.1945,1.1945,1.1945,0,0
CCS_PB,D,20130319,000000,1.2917,1.2917,1.2917,1.2917,0,0
CCS_PB,D,20130322,000000,1.135,1.135,1.0432,1.0432,0,0
CCS_PB,D,20130325,000000,1.0918,1.0918,1.0918,1.0918,0,0
CCS_PB,D,20130327,000000,1.1458,1.1458,1.1458,1.1458,0,0
CCS_PB,D,20130402,000000,1.1891,1.1891,1.1891,1.1891,0,0
CCS_PB,D,20130408,000000,1.1945,1.1945,1.1945,1.1945,0,0
CCS_PB,D,20130409,000000,1.1891,1.1945,1.1891,1.1945,0,0
CCS_PB,D,20130411,000000,1.2809,1.3026,1.2809,1.3026,0,0
CCS_PB,D,20130418,000000,1.3674,1.3674,1.3674,1.3674,0,0
CCS_PB,D,20130424,000000,1.3674,1.4053,1.3674,1.4053,0,0
CCS_PB,D,20130425,000000,1.4053,1.4053,1.3945,1.3945,0,0
CCS_PB,D,20130426,000000,1.378,1.378,1.3135,1.378,0,0
CCS_PB,D,20130508,000000,1.4719,1.4719,1.4719,1.4719,0,0
CCS_PB,D,20130509,000000,1.4074,1.4074,1.4074,1.4074,0,0
CCS_PB,D,20130514,000000,1.616,1.8268,1.562,1.67,0,0
CCS_PB,D,20130515,000000,1.7404,1.7727,1.67,1.7727,0,0
CCS_PB,D,20130516,000000,1.8754,1.8754,1.6972,1.6972,0,0
CCS_PB,D,20130517,000000,1.7064,1.7182,1.6948,1.7182,0,0
CCS_PB,D,20130520,000000,1.8296,1.8296,1.6712,1.6712,0,0
CCS_PB,D,20130521,000000,1.7064,1.7064,1.6948,1.6948,0,0
CCS_PB,D,20130522,000000,1.7592,1.7592,1.6948,1.7064,0,0
CCS_PB,D,20130523,000000,1.6948,1.9879,1.677,1.677,0,0
CCS_PB,D,20130524,000000,1.6712,1.7298,1.6243,1.7298,0,0
CCS_PB,D,20130527,000000,1.7532,1.7532,1.5833,1.6068,0,0
CCS_PB,D,20130528,000000,1.5951,1.7298,1.5951,1.6419,0,0
CCS_PB,D,20130529,000000,1.6419,1.6419,1.4484,1.4719,0,0
CCS_PB,D,20130603,000000,1.1845,1.1962,1.1845,1.1962,0,0
CCS_PB,D,20130604,000000,1.2256,1.2256,1.2021,1.2021,0,0
CCS_PB,D,20130605,000000,1.2021,1.2374,1.1962,1.2374,0,0
CCS_PB,D,20130610,000000,1.2608,1.2724,1.2374,1.2374,0,0
CCS_PB,D,20130611,000000,1.2374,1.2374,1.2374,1.2374,0,0
CCS_PB,D,20130612,000000,1.2374,1.2374,1.2374,1.2374,0,0
CCS_PB,D,20130613,000000,1.2374,1.2374,1.2374,1.2374,0,0
CCS_PB,D,20130614,000000,1.2374,1.2374,1.2374,1.2374,0,0
CCS_PB,D,20130617,000000,1.2374,1.2374,1.2374,1.2374,0,0
CCS_PB,D,20130620,000000,1.2374,1.2374,1.2374,1.2374,0,0
CCS_PB,D,20130703,000000,1.2374,1.2374,1.2374,1.2374,0,0
CCS_PB,D,20130704,000000,1.2724,1.3135,1.2724,1.3135,0,0
CCS_PB,D,20130705,000000,1.337,1.337,1.2783,1.2783,0,0
CCS_PB,D,20130708,000000,1.3956,1.4954,1.3194,1.4132,0,0
CCS_PB,D,20130709,000000,1.4132,1.4954,1.4132,1.4249,0,0
CCS_PB,D,20130710,000000,1.4366,1.5071,1.4366,1.5071,0,0
CCS_PB,D,20130711,000000,1.4894,1.4894,1.4249,1.4249,0,0
CCS_PB,D,20130712,000000,1.4894,1.5247,1.4249,1.4249,0,0
CCS_PB,D,20130715,000000,1.2842,1.4308,1.2842,1.4308,0,0
CCS_PB,D,20130716,000000,1.5129,1.5247,1.4074,1.4074,0,0
CCS_PB,D,20130722,000000,1.5071,1.5129,1.4366,1.4366,0,0
CCS_PB,D,20130724,000000,1.5129,1.5129,1.4249,1.4249,0,0
CCS_PB,D,20130725,000000,1.3956,1.4249,1.3956,1.3956,0,0
CCS_PB,D,20130726,000000,1.378,1.378,1.378,1.378,0,0
CCS_PB,D,20130730,000000,1.4249,1.4249,1.378,1.378,0,0
CCS_PB,D,20130731,000000,1.4249,1.4249,1.378,1.378,0,0
CCS_PB,D,20130802,000000,1.4249,1.4249,1.378,1.378,0,0
CCS_PB,D,20130805,000000,1.4249,1.4249,1.378,1.378,0,0
CCS_PB,D,20130812,000000,1.4249,1.8705,1.4249,1.7944,0,0
CCS_PB,D,20130813,000000,2.1169,2.5391,2.1169,2.5391,0,0
CCS_PB,D,20130814,000000,3.3659,3.3659,2.5098,2.5098,0,0
CCS_PB,D,20130816,000000,2.5684,2.973,2.5684,2.5684,0,0
CCS_PB,D,20130819,000000,2.2752,2.6446,2.2636,2.416,0,0
CCS_PB,D,20130820,000000,2.416,2.416,2.2752,2.3691,0,0
CCS_PB,D,20130821,000000,2.3396,2.4863,2.3396,2.3867,0,0
CCS_PB,D,20130822,000000,2.4336,2.8675,2.4336,2.844,0,0
CCS_PB,D,20130823,000000,2.844,2.9144,2.5743,2.5743,0,0
CCS_PB,D,20130826,000000,2.5918,2.5918,2.3573,2.3984,0,0
CCS_PB,D,20130827,000000,2.3809,2.4571,2.3045,2.3455,0,0
CCS_PB,D,20130828,000000,2.3396,2.4629,2.3396,2.3691,0,0
CCS_PB,D,20130829,000000,2.674,2.674,2.4218,2.4218,0,0
CCS_PB,D,20130830,000000,2.4921,2.5801,2.4629,2.5801,0,0
CCS_PB,D,20130902,000000,2.4687,2.5801,2.4687,2.4921,0,0
CCS_PB,D,20130903,000000,2.4687,2.6798,2.4687,2.6798,0,0
CCS_PB,D,20130904,000000,2.5684,2.6681,2.4921,2.6681,0,0
CCS_PB,D,20130905,000000,2.4921,2.6681,2.3104,2.6681,0,0
CCS_PB,D,20130906,000000,2.4218,2.756,2.4218,2.6036,0,0
CCS_PB,D,20130909,000000,2.4921,2.756,2.4921,2.5918,0,0
CCS_PB,D,20130910,000000,2.5918,2.756,2.5274,2.5274,0,0
CCS_PB,D,20130911,000000,2.5684,2.6798,2.5156,2.6798,0,0
CCS_PB,D,20130912,000000,2.5098,2.6798,2.5098,2.6798,0,0
CCS_PB,D,20130913,000000,2.6036,2.762,2.6036,2.756,0,0
CCS_PB,D,20130916,000000,2.6506,2.8264,2.6506,2.7209,0,0
CCS_PB,D,20130917,000000,2.6506,2.7502,2.6506,2.7325,0,0
CCS_PB,D,20130918,000000,2.7913,3.3249,2.7913,3.3249,0,0
CCS_PB,D,20130919,000000,3.1724,3.7764,3.1724,3.6239,0,0
CCS_PB,D,20130920,000000,3.6768,3.7764,3.5125,3.5477,0,0
CCS_PB,D,20130923,000000,3.5008,3.5887,3.5008,3.5887,0,0
CCS_PB,D,20130924,000000,3.706,3.7587,3.5125,3.7178,0,0
CCS_PB,D,20130925,000000,3.7002,3.7002,3.5183,3.5242,0,0
CCS_PB,D,20130926,000000,3.5887,3.5887,3.4422,3.4714,0,0
CCS_PB,D,20130927,000000,3.6415,3.6415,3.4948,3.4948,0,0
CCS_PB,D,20130930,000000,3.5008,3.5125,3.4948,3.5125,0,0
CCS_PB,D,20131001,000000,3.5125,3.5125,3.4948,3.4948,0,0
CCS_PB,D,20131002,000000,3.0962,3.6004,3.0962,3.6004,0,0
CCS_PB,D,20131003,000000,3.4364,3.6122,3.4364,3.6122,0,0
CCS_PB,D,20131004,000000,3.4364,3.4714,3.4364,3.4714,0,0
CCS_PB,D,20131007,000000,3.4364,3.4364,3.2311,3.2311,0,0
CCS_PB,D,20131008,000000,3.3249,3.4656,3.014,3.4656,0,0
CCS_PB,D,20131009,000000,3.2369,3.6239,3.1724,3.6239,0,0
CCS_PB,D,20131010,000000,3.4714,3.7237,3.4714,3.7178,0,0
CCS_PB,D,20131011,000000,3.6239,3.706,3.6239,3.6239,0,0
CCS_PB,D,20131014,000000,3.5887,3.5887,3.489,3.489,0,0
CCS_PB,D,20131015,000000,3.6474,3.6533,3.4832,3.6533,0,0
CCS_PB,D,20131016,000000,3.4832,3.5477,3.4832,3.5477,0,0
CCS_PB,D,20131017,000000,3.7295,3.7353,3.7237,3.7237,0,0
CCS_PB,D,20131022,000000,3.7295,3.7353,3.3952,3.7353,0,0
CCS_PB,D,20131023,000000,3.7353,3.7353,3.7353,3.7353,0,0
CCS_PB,D,20131024,000000,3.7353,3.7764,3.7353,3.7764,0,0
CCS_PB,D,20131025,000000,3.7764,3.7764,3.6298,3.6298,0,0
CCS_PB,D,20131028,000000,3.7764,3.7764,3.7764,3.7764,0,0
CCS_PB,D,20131029,000000,3.7706,3.8116,3.7706,3.8116,0,0
CCS_PB,D,20131030,000000,3.7764,3.8058,3.7706,3.7706,0,0
CCS_PB,D,20131031,000000,3.7002,3.7764,3.7002,3.7764,0,0
CCS_PB,D,20131104,000000,3.5945,3.5945,3.5711,3.5711,0,0
CCS_PB,D,20131105,000000,3.4714,3.4714,3.3952,3.3952,0,0
CCS_PB,D,20131106,000000,3.2311,3.4714,3.2311,3.4714,0,0
CCS_PB,D,20131107,000000,3.6239,3.6239,3.3249,3.6004,0,0
CCS_PB,D,20131108,000000,3.4364,3.5418,3.4364,3.5418,0,0
CCS_PB,D,20131113,000000,3.4422,3.5887,2.85,2.85,0,0
CCS_PB,D,20131114,000000,2.8089,3.0317,2.8089,2.8264,0,0
CCS_PB,D,20131115,000000,2.9906,3.0317,2.9906,3.0258,0,0
CCS_PB,D,20131118,000000,2.9026,2.9026,2.9026,2.9026,0,0
CCS_PB,D,20131120,000000,2.979,2.9964,2.9495,2.9495,0,0
CCS_PB,D,20131121,000000,2.932,2.9495,2.844,2.9495,0,0
CCS_PB,D,20131122,000000,2.932,2.932,2.932,2.932,0,0
CCS_PB,D,20131125,000000,2.85,2.932,2.8382,2.8382,0,0
CCS_PB,D,20131126,000000,2.8382,2.9261,2.6974,2.9261,0,0
CCS_PB,D,20131127,000000,2.9261,2.9261,2.9261,2.9261,0,0
CCS_PB,D,20131128,000000,2.8792,2.9495,2.7736,2.85,0,0
CCS_PB,D,20131129,000000,2.9085,3.0082,2.9085,2.9437,0,0
CCS_PB,D,20131202,000000,2.9848,3.0024,2.973,3.0024,0,0
CCS_PB,D,20131203,000000,3.0317,3.0844,2.9085,2.9906,0,0
CCS_PB,D,20131204,000000,3.0317,3.3014,3.0317,3.2429,0,0
CCS_PB,D,20131205,000000,3.3014,3.401,3.2075,3.2955,0,0
CCS_PB,D,20131206,000000,3.0962,3.2429,3.0962,3.2429,0,0
CCS_PB,D,20131209,000000,3.1782,3.3014,3.1255,3.2429,0,0
CCS_PB,D,20131210,000000,3.2134,3.3014,3.1665,3.2955,0,0
CCS_PB,D,20131211,000000,3.3014,3.3542,3.2194,3.2194,0,0
CCS_PB,D,20131212,000000,3.2134,3.2134,2.973,3.1606,0,0
CCS_PB,D,20131213,000000,3.1489,3.1489,2.9964,3.0317,0,0
CCS_PB,D,20131216,000000,3.0317,3.0317,2.7855,3.0024,0,0
CCS_PB,D,20131217,000000,2.8792,2.9964,2.7209,2.9964,0,0
CCS_PB,D,20131218,000000,2.85,3.0024,2.85,3.0024,0,0
CCS_PB,D,20131219,000000,3.0317,3.1137,2.9085,2.9964,0,0
CCS_PB,D,20131220,000000,3.0258,3.0258,2.9964,3.014,0,0
CCS_PB,D,20131223,000000,3.0317,3.0903,3.0317,3.0844,0,0
CCS_PB,D,20131227,000000,3.014,3.0609,2.9085,3.0609,0,0
CCS_PB,D,20131230,000000,3.0082,3.1489,3.0024,3.1196,0,0
CCS_PB,D,20140102,000000,3.1137,3.4422,3.1137,3.2429,0,0
CCS_PB,D,20140103,000000,3.1782,3.2663,3.1196,3.1489,0,0
CCS_PB,D,20140107,000000,3.2369,3.2369,3.1372,3.1782,0,0
CCS_PB,D,20140108,000000,3.1372,3.1372,3.0024,3.0903,0,0
CCS_PB,D,20140109,000000,3.0199,3.1137,3.014,3.1137,0,0
CCS_PB,D,20140110,000000,3.0317,3.102,3.0082,3.0903,0,0
CCS_PB,D,20140113,000000,3.102,3.2252,3.102,3.2252,0,0
CCS_PB,D,20140114,000000,3.2017,3.2955,3.2017,3.2721,0,0
CCS_PB,D,20140115,000000,3.2663,3.2721,3.1782,3.1782,0,0
CCS_PB,D,20140116,000000,3.1489,3.2721,3.1489,3.2604,0,0
CCS_PB,D,20140117,000000,3.2369,3.2429,3.1782,3.2429,0,0
CCS_PB,D,20140120,000000,3.1606,3.2429,3.1606,3.2369,0,0
CCS_PB,D,20140121,000000,3.1548,3.2487,3.1548,3.1548,0,0
CCS_PB,D,20140122,000000,3.2487,3.2487,3.1548,3.1548,0,0
CCS_PB,D,20140123,000000,3.0668,3.1841,3.014,3.1665,0,0
CCS_PB,D,20140124,000000,3.1665,3.1665,2.6974,3.1196,0,0
CCS_PB,D,20140127,000000,3.0258,3.0786,3.0024,3.0786,0,0
CCS_PB,D,20140129,000000,3.0786,3.1196,3.0199,3.0493,0,0
CCS_PB,D,20140130,000000,3.1372,3.2429,3.1196,3.2369,0,0
CCS_PB,D,20140131,000000,3.2369,3.3952,3.2134,3.2545,0,0
CCS_PB,D,20140203,000000,3.2429,3.2487,3.0728,3.2194,0,0
CCS_PB,D,20140204,000000,3.0786,3.2134,3.0786,3.2134,0,0
CCS_PB,D,20140205,000000,3.0728,3.2429,3.0728,3.1782,0,0
CCS_PB,D,20140206,000000,3.0962,3.2429,3.0962,3.1255,0,0
CCS_PB,D,20140207,000000,3.1255,3.2429,3.0551,3.2429,0,0
CCS_PB,D,20140210,000000,3.1489,3.2252,3.1196,3.1196,0,0
CCS_PB,D,20140211,000000,3.0609,3.1079,3.0024,3.014,0,0
CCS_PB,D,20140212,000000,3.0551,3.0609,2.9202,3.0551,0,0
CCS_PB,D,20140213,000000,2.7678,3.1959,2.7678,3.1782,0,0
CCS_PB,D,20140214,000000,3.0609,3.0609,2.5215,2.6622,0,0
CCS_PB,D,20140217,000000,2.545,2.6856,2.5215,2.6329,0,0
CCS_PB,D,20140218,000000,2.6271,2.6271,2.5332,2.6095,0,0
CCS_PB,D,20140219,000000,2.5332,2.5332,2.0582,2.0582,0,0
CCS_PB,D,20140220,000000,2.0582,2.1756,1.9528,2.1756,0,0
CCS_PB,D,20140221,000000,2.1462,2.4571,2.1462,2.2166,0,0
CCS_PB,D,20140224,000000,2.2636,2.4102,2.2636,2.4102,0,0
CCS_PB,D,20140225,000000,2.4452,2.4629,2.4102,2.4629,0,0
CCS_PB,D,20140226,000000,2.3809,2.4629,2.3809,2.3867,0,0
CCS_PB,D,20140227,000000,2.3809,2.4687,2.3279,2.4687,0,0
CCS_PB,D,20140228,000000,2.4394,2.5098,2.4394,2.5098,0,0
CCS_PB,D,20140303,000000,2.3926,2.4218,2.287,2.3749,0,0
CCS_PB,D,20140304,000000,2.3514,2.3749,2.3396,2.3396,0,0
CCS_PB,D,20140305,000000,2.4102,2.4102,2.3749,2.4102,0,0
CCS_PB,D,20140306,000000,2.4102,2.4102,2.3514,2.4102,0,0
CCS_PB,D,20140307,000000,2.4102,2.4102,2.3338,2.3984,0,0
CCS_PB,D,20140310,000000,2.3809,2.3984,2.3221,2.3221,0,0
CCS_PB,D,20140311,000000,2.3162,2.4981,2.3162,2.4629,0,0
CCS_PB,D,20140312,000000,2.4629,2.4981,2.4511,2.4511,0,0
CCS_PB,D,20140313,000000,2.4102,2.4687,2.4102,2.4687,0,0
CCS_PB,D,20140314,000000,2.3809,2.4629,2.3573,2.4629,0,0
CCS_PB,D,20140317,000000,2.4805,2.4921,2.4805,2.4863,0,0
CCS_PB,D,20140318,000000,2.4921,2.5567,2.3809,2.5332,0,0
CCS_PB,D,20140319,000000,2.545,2.545,2.545,2.545,0,0
CCS_PB,D,20140320,000000,2.4981,2.5332,2.4981,2.5332,0,0
CCS_PB,D,20140326,000000,2.4511,2.5274,2.4394,2.5274,0,0
CCS_PB,D,20140328,000000,2.5098,2.5098,2.5098,2.5098,0,0
CCS_PB,D,20140331,000000,2.5215,2.5567,2.4921,2.5567,0,0
CCS_PB,D,20140401,000000,2.5274,2.5567,2.4394,2.5567,0,0
CCS_PB,D,20140402,000000,2.4981,2.5509,2.4981,2.4981,0,0
CCS_PB,D,20140403,000000,2.4687,2.4687,2.4687,2.4687,0,0
CCS_PB,D,20140407,000000,2.4921,2.4921,2.4687,2.4687,0,0
CCS_PB,D,20140408,000000,2.4687,2.4687,2.4394,2.4629,0,0
CCS_PB,D,20140409,000000,2.4277,2.4277,2.2986,2.3984,0,0
CCS_PB,D,20140410,000000,2.3809,2.3809,2.287,2.3455,0,0
CCS_PB,D,20140411,000000,2.3396,2.3514,2.3045,2.3514,0,0
CCS_PB,D,20140414,000000,2.3221,2.3691,2.287,2.3104,0,0
CCS_PB,D,20140415,000000,2.2986,2.3221,2.2928,2.2928,0,0
CCS_PB,D,20140416,000000,2.2928,2.2928,2.2048,2.2048,0,0
CCS_PB,D,20140417,000000,2.2048,2.2636,2.0466,2.2636,0,0
CCS_PB,D,20140422,000000,2.2636,2.3162,2.1756,2.3162,0,0
CCS_PB,D,20140423,000000,2.3396,2.3691,2.2694,2.3104,0,0
CCS_PB,D,20140424,000000,2.3691,2.3809,2.2986,2.2986,0,0
CCS_PB,D,20140425,000000,2.2986,2.3221,2.2636,2.3162,0,0
CCS_PB,D,20140428,000000,2.2636,2.3104,2.2636,2.3104,0,0
CCS_PB,D,20140429,000000,2.2636,2.3104,2.2636,2.3104,0,0
CCS_PB,D,20140430,000000,2.3045,2.3573,2.2516,2.3573,0,0
CCS_PB,D,20140502,000000,2.3632,2.3632,2.2342,2.287,0,0
CCS_PB,D,20140505,000000,2.2636,2.2636,2.1873,2.2576,0,0
CCS_PB,D,20140506,000000,2.2048,2.3221,2.2048,2.3221,0,0
CCS_PB,D,20140507,000000,2.2636,2.2636,2.2636,2.2636,0,0
CCS_PB,D,20140508,000000,2.2576,2.3221,2.2048,2.3221,0,0
CCS_PB,D,20140509,000000,2.2636,2.3045,2.2342,2.3045,0,0
CCS_PB,D,20140512,000000,2.2694,2.2928,2.2048,2.2636,0,0
CCS_PB,D,20140513,000000,2.2048,2.2342,2.1579,2.2342,0,0
CCS_PB,D,20140514,000000,2.2282,2.2282,2.1756,2.1756,0,0
CCS_PB,D,20140515,000000,1.7416,1.7416,1.5598,1.5598,0,0
CCS_PB,D,20140516,000000,1.5598,1.5598,1.4249,1.5363,0,0
CCS_PB,D,20140519,000000,1.5481,1.6185,1.5247,1.5657,0,0
CCS_PB,D,20140520,000000,1.5657,1.6126,1.5129,1.5598,0,0
CCS_PB,D,20140521,000000,1.5598,1.6712,1.5363,1.6653,0,0
CCS_PB,D,20140522,000000,1.6948,1.7064,1.6536,1.6948,0,0
CCS_PB,D,20140523,000000,1.6656,1.8189,1.6656,1.7322,0,0
CCS_PB,D,20140526,000000,1.7389,1.7389,1.6723,1.7056,0,0
CCS_PB,D,20140527,000000,1.6656,1.6656,1.3391,1.579,0,0
CCS_PB,D,20140528,000000,1.5124,1.5124,1.3725,1.3725,0,0
CCS_PB,D,20140529,000000,1.4524,1.4524,1.3792,1.4458,0,0
CCS_PB,D,20140530,000000,1.4058,1.4391,1.3391,1.3391,0,0
CCS_PB,D,20140602,000000,1.3325,1.4325,1.3325,1.4325,0,0
CCS_PB,D,20140603,000000,1.3459,1.4258,1.3459,1.3459,0,0
CCS_PB,D,20140604,000000,1.4058,1.459,1.3858,1.4058,0,0
CCS_PB,D,20140605,000000,1.4058,1.4058,1.4058,1.4058,0,0
CCS_PB,D,20140606,000000,1.3659,1.3659,1.3058,1.3126,0,0
CCS_PB,D,20140609,000000,1.3391,1.3391,1.3391,1.3391,0,0
CCS_PB,D,20140610,000000,1.3659,1.3659,1.3659,1.3659,0,0
CCS_PB,D,20140611,000000,1.3659,1.3659,1.2993,1.3258,0,0
CCS_PB,D,20140612,000000,1.3258,1.3258,1.3126,1.3258,0,0
CCS_PB,D,20140613,000000,1.3126,1.3126,1.3126,1.3126,0,0
CCS_PB,D,20140616,000000,1.3126,1.4325,1.3126,1.3725,0,0
CCS_PB,D,20140617,000000,1.4058,1.4524,1.4058,1.4524,0,0
CCS_PB,D,20140618,000000,1.4524,1.4524,1.4524,1.4524,0,0
CCS_PB,D,20140620,000000,1.3991,1.4524,1.3991,1.4524,0,0
CCS_PB,D,20140623,000000,1.3325,1.4524,1.3325,1.4524,0,0
CCS_PB,D,20140624,000000,1.4458,1.4458,1.4458,1.4458,0,0
CCS_PB,D,20140626,000000,1.4125,1.4191,1.3525,1.3592,0,0
CCS_PB,D,20140627,000000,1.3592,1.4125,1.3592,1.4125,0,0
CCS_PB,D,20140630,000000,1.4191,1.4524,1.4191,1.4458,0,0
CCS_PB,D,20140701,000000,1.4191,1.4191,1.3659,1.3659,0,0
CCS_PB,D,20140703,000000,1.3592,1.3592,1.2192,1.3058,0,0
CCS_PB,D,20140704,000000,1.2259,1.2792,1.2192,1.2792,0,0
CCS_PB,D,20140707,000000,1.1927,1.2192,1.166,1.2192,0,0
CCS_PB,D,20140708,000000,1.2192,1.2192,1.1393,1.1393,0,0
CCS_PB,D,20140709,000000,1.166,1.166,1.166,1.166,0,0
CCS_PB,D,20140710,000000,1.1725,1.2192,1.1725,1.1859,0,0
CCS_PB,D,20140714,000000,1.1793,1.1793,1.1593,1.1593,0,0
CCS_PB,D,20140715,000000,1.146,1.146,1.1059,1.1059,0,0
CCS_PB,D,20140716,000000,1.1192,1.1192,1.0661,1.1192,0,0
CCS_PB,D,20140717,000000,1.146,1.146,1.146,1.146,0,0
CCS_PB,D,20140722,000000,1.146,1.146,1.0593,1.146,0,0
CCS_PB,D,20140723,000000,1.146,1.146,1.146,1.146,0,0
CCS_PB,D,20140724,000000,1.0593,1.1126,1.0593,1.0994,0,0
CCS_PB,D,20140725,000000,1.0394,1.0526,1.0061,1.0526,0,0
CCS_PB,D,20140728,000000,1.0193,1.1192,1.0193,1.0859,0,0
CCS_PB,D,20140729,000000,1.0327,1.0859,0.9927,1.0593,0,0
CCS_PB,D,20140730,000000,0.986,1.0128,0.986,0.986,0,0
CCS_PB,D,20140731,000000,0.9794,0.9794,0.9794,0.9794,0,0
CCS_PB,D,20140801,000000,0.986,1.0193,0.8995,0.8995,0,0
CCS_PB,D,20140804,000000,0.9927,0.9994,0.7929,0.7929,0,0
CCS_PB,D,20140805,000000,0.8461,0.8461,0.6863,0.7795,0,0
CCS_PB,D,20140806,000000,0.7662,0.8195,0.7462,0.7462,0,0
CCS_PB,D,20140807,000000,0.733,0.7395,0.6863,0.7263,0,0
CCS_PB,D,20140808,000000,0.7128,0.7595,0.7128,0.7529,0,0
CCS_PB,D,20140811,000000,0.7995,0.9527,0.7995,0.8528,0,0
CCS_PB,D,20140812,000000,0.9194,1.1059,0.7395,1.1059,0,0
CCS_PB,D,20140813,000000,1.0794,1.0794,1.0661,1.0661,0,0
CCS_PB,D,20140814,000000,1.1393,1.1393,1.0193,1.0327,0,0
CCS_PB,D,20140818,000000,1.0661,1.0926,1.0593,1.0593,0,0
CCS_PB,D,20140819,000000,1.1059,1.1525,1.1059,1.1525,0,0
CCS_PB,D,20140820,000000,1.1525,1.1525,1.1059,1.1525,0,0
CCS_PB,D,20140821,000000,1.1059,1.1525,1.1059,1.1525,0,0
CCS_PB,D,20140822,000000,1.1393,1.1993,1.1393,1.1525,0,0
CCS_PB,D,20140825,000000,1.1593,1.1859,1.1593,1.1859,0,0
CCS_PB,D,20140826,000000,1.1593,1.1593,1.1525,1.1525,0,0
CCS_PB,D,20140827,000000,1.1859,1.1993,1.1327,1.1859,0,0
CCS_PB,D,20140828,000000,1.1859,1.1859,1.126,1.126,0,0
CCS_PB,D,20140901,000000,1.0593,1.0794,1.0327,1.0794,0,0
CCS_PB,D,20140902,000000,1.0394,1.0394,1.0327,1.0327,0,0
CCS_PB,D,20140903,000000,1.0394,1.0593,1.0327,1.0327,0,0
CCS_PB,D,20140904,000000,1.0394,1.0394,1.0327,1.0327,0,0
CCS_PB,D,20140905,000000,1.0327,1.0394,0.9927,1.0327,0,0
CCS_PB,D,20140908,000000,1.0526,1.0526,1.0327,1.0327,0,0
CCS_PB,D,20140909,000000,1.0394,1.0394,1.0327,1.0327,0,0
CCS_PB,D,20140910,000000,1.0593,1.1059,1.0593,1.1059,0,0
CCS_PB,D,20140911,000000,1.126,1.1327,1.126,1.1327,0,0
CCS_PB,D,20140912,000000,1.0593,1.126,1.0593,1.126,0,0
CCS_PB,D,20140915,000000,1.0661,1.126,1.0661,1.126,0,0
CCS_PB,D,20140917,000000,1.1327,1.1327,1.0593,1.126,0,0
CCS_PB,D,20140918,000000,1.0926,1.1859,1.0926,1.166,0,0
CCS_PB,D,20140919,000000,1.1393,1.1393,1.1393,1.1393,0,0
CCS_PB,D,20140923,000000,1.1793,1.1793,1.0926,1.0926,0,0
CCS_PB,D,20140924,000000,1.1525,1.1593,1.126,1.1593,0,0
CCS_PB,D,20140925,000000,1.1859,1.3459,1.1859,1.2459,0,0
CCS_PB,D,20140926,000000,1.2526,1.2526,1.2059,1.2126,0,0
CCS_PB,D,20140929,000000,1.2459,1.3991,1.2459,1.3725,0,0
CCS_PB,D,20140930,000000,1.3725,1.3991,1.3258,1.3525,0,0
CCS_PB,D,20141001,000000,1.3659,1.3659,1.2526,1.2526,0,0
CCS_PB,D,20141002,000000,1.2259,1.2259,1.166,1.1859,0,0
CCS_PB,D,20141003,000000,1.1393,1.1393,1.1327,1.1393,0,0
CCS_PB,D,20141006,000000,1.1859,1.2459,1.1859,1.1993,0,0
CCS_PB,D,20141007,000000,1.2259,1.2259,1.1793,1.1793,0,0
CCS_PB,D,20141008,000000,1.1525,1.1993,1.126,1.1993,0,0
CCS_PB,D,20141009,000000,1.1993,1.2259,1.166,1.1993,0,0
CCS_PB,D,20141010,000000,1.1993,1.1993,1.1327,1.1525,0,0
CCS_PB,D,20141013,000000,1.1327,1.1393,1.126,1.1393,0,0
CCS_PB,D,20141014,000000,1.166,1.166,1.166,1.166,0,0
CCS_PB,D,20141015,000000,1.1525,1.166,1.126,1.166,0,0
CCS_PB,D,20141016,000000,1.1126,1.1593,1.1126,1.1525,0,0
CCS_PB,D,20141020,000000,1.126,1.126,1.126,1.126,0,0
CCS_PB,D,20141021,000000,1.1059,1.1525,1.0859,1.1393,0,0
CCS_PB,D,20141022,000000,1.1525,1.1525,1.1059,1.1059,0,0
CCS_PB,D,20141023,000000,1.1393,1.1525,1.0794,1.0794,0,0
CCS_PB,D,20141024,000000,1.126,1.126,1.126,1.126,0,0
CCS_PB,D,20141027,000000,1.126,1.126,1.0859,1.1126,0,0
CCS_PB,D,20141028,000000,1.0859,1.0859,1.0794,1.0794,0,0
CCS_PB,D,20141030,000000,1.1126,1.1126,1.0794,1.0926,0,0
CCS_PB,D,20141031,000000,1.0926,1.0926,1.0926,1.0926,0,0
CCS_PB,D,20141103,000000,1.0526,1.0526,1.0128,1.0193,0,0
CCS_PB,D,20141104,000000,0.9927,1.0526,0.9927,1.0526,0,0
CCS_PB,D,20141105,000000,0.9728,0.9728,0.8995,0.9194,0,0
CCS_PB,D,20141106,000000,0.9327,0.9327,0.8461,0.8928,0,0
CCS_PB,D,20141107,000000,0.8595,0.8595,0.8128,0.8128,0,0
CCS_PB,D,20141112,000000,0.8461,0.986,0.8461,0.8595,0,0
CCS_PB,D,20141113,000000,0.8727,0.8727,0.8195,0.8195,0,0
CCS_PB,D,20141114,000000,0.8727,0.9327,0.8727,0.8861,0,0
CCS_PB,D,20141117,000000,0.8928,0.9194,0.8595,0.8928,0,0
CCS_PB,D,20141118,000000,0.8661,0.8928,0.8595,0.8661,0,0
CCS_PB,D,20141119,000000,0.8461,0.8727,0.8395,0.8727,0,0
CCS_PB,D,20141120,000000,0.8595,0.8595,0.8461,0.8595,0,0
CCS_PB,D,20141121,000000,0.8461,0.8461,0.8461,0.8461,0,0
CCS_PB,D,20141124,000000,0.8461,0.8928,0.8061,0.8061,0,0
CCS_PB,D,20141126,000000,0.7995,0.8261,0.7995,0.7995,0,0
CCS_PB,D,20141127,000000,0.8061,0.8261,0.8061,0.8128,0,0
CCS_PB,D,20141128,000000,0.8061,0.8395,0.8061,0.8395,0,0
CCS_PB,D,20141201,000000,0.8328,0.8328,0.8061,0.8061,0,0
CCS_PB,D,20141202,000000,0.7995,0.7995,0.6664,0.7728,0,0
CCS_PB,D,20141203,000000,0.7395,0.7529,0.7395,0.7395,0,0
CCS_PB,D,20141204,000000,0.7263,0.7263,0.6929,0.7263,0,0
CCS_PB,D,20141205,000000,0.7196,0.7529,0.7196,0.7395,0,0
CCS_PB,D,20141208,000000,0.7462,0.8395,0.7462,0.8128,0,0
CCS_PB,D,20141209,000000,0.8261,0.8861,0.8261,0.8261,0,0
CCS_PB,D,20141211,000000,0.8261,0.8995,0.8261,0.8595,0,0
CCS_PB,D,20141212,000000,0.8128,0.8328,0.7995,0.8328,0,0
CCS_PB,D,20141217,000000,0.8328,0.8328,0.8328,0.8328,0,0
CCS_PB,D,20141218,000000,0.8395,0.8395,0.8395,0.8395,0,0
CCS_PB,D,20141219,000000,0.8128,0.8128,0.8128,0.8128,0,0
CCS_PB,D,20141222,000000,0.8261,0.8261,0.8261,0.8261,0,0
CCS_PB,D,20141223,000000,0.7795,0.7929,0.7662,0.7929,0,0
CCS_PB,D,20141229,000000,0.7728,0.7795,0.7462,0.7462,0,0
CCS_PB,D,20141230,000000,0.7929,0.7929,0.7929,0.7929,0,0
CCS_PB,D,20150102,000000,0.8261,0.8261,0.8261,0.8261,0,0
CCS_PB,D,20150105,000000,0.7995,0.8528,0.7929,0.8528,0,0
CCS_PB,D,20150107,000000,0.8661,0.8661,0.8328,0.8328,0,0
CCS_PB,D,20150108,000000,0.8528,0.8795,0.8328,0.8661,0,0
CCS_PB,D,20150109,000000,0.8661,0.9728,0.8661,0.9394,0,0
CCS_PB,D,20150112,000000,0.9128,0.9527,0.8795,0.9527,0,0
CCS_PB,D,20150113,000000,0.9527,0.9994,0.9527,0.9994,0,0
CCS_PB,D,20150114,000000,0.9994,1.0128,0.9261,0.9527,0,0
CCS_PB,D,20150115,000000,0.8995,0.8995,0.8661,0.8661,0,0
CCS_PB,D,20150116,000000,0.9194,0.9194,0.9194,0.9194,0,0
CCS_PB,D,20150121,000000,0.9527,0.9527,0.9194,0.9194,0,0
CCS_PB,D,20150122,000000,0.9261,0.9261,0.8661,0.8661,0,0
CCS_PB,D,20150123,000000,0.9128,0.9128,0.8861,0.8995,0,0
CCS_PB,D,20150126,000000,0.8661,0.8661,0.8528,0.8661,0,0
CCS_PB,D,20150127,000000,0.8395,0.8395,0.8128,0.8128,0,0
CCS_PB,D,20150128,000000,0.8261,0.8395,0.8261,0.8395,0,0
CCS_PB,D,20150130,000000,0.8328,0.8661,0.8328,0.8661,0,0
CCS_PB,D,20150202,000000,0.8661,0.8661,0.8661,0.8661,0,0
CCS_PB,D,20150203,000000,0.8395,0.8861,0.8395,0.8861,0,0
CCS_PB,D,20150204,000000,0.8595,0.8595,0.8595,0.8595,0,0
CCS_PB,D,20150205,000000,0.8795,0.8795,0.8795,0.8795,0,0
CCS_PB,D,20150206,000000,0.8528,0.8528,0.8528,0.8528,0,0
CCS_PB,D,20150209,000000,0.8395,0.8395,0.8261,0.8395,0,0
CCS_PB,D,20150210,000000,0.8395,0.8395,0.8395,0.8395,0,0
CCS_PB,D,20150212,000000,0.8261,0.8261,0.8061,0.8061,0,0
CCS_PB,D,20150213,000000,0.8395,0.8395,0.8395,0.8395,0,0
CCS_PB,D,20150216,000000,0.7995,0.7995,0.6595,0.6863,0,0
CCS_PB,D,20150217,000000,0.6863,0.7263,0.6863,0.7263,0,0
CCS_PB,D,20150218,000000,0.7263,0.7529,0.6664,0.6664,0,0
CCS_PB,D,20150219,000000,0.6664,0.6664,0.6664,0.6664,0,0
CCS_PB,D,20150220,000000,0.7128,0.7128,0.7128,0.7128,0,0
CCS_PB,D,20150224,000000,0.6996,0.6996,0.6996,0.6996,0,0
CCS_PB,D,20150225,000000,0.6929,0.6996,0.6929,0.6929,0,0
CCS_PB,D,20150226,000000,0.6929,0.7128,0.6929,0.7128,0,0
CCS_PB,D,20150227,000000,0.7263,0.7595,0.6664,0.7529,0,0
CCS_PB,D,20150302,000000,0.7529,0.7529,0.7196,0.7196,0,0
CCS_PB,D,20150303,000000,0.6929,0.7196,0.6929,0.7196,0,0
CCS_PB,D,20150305,000000,0.6996,0.7263,0.6996,0.7263,0,0
CCS_PB,D,20150306,000000,0.7263,0.7263,0.7263,0.7263,0,0
CCS_PB,D,20150310,000000,0.6863,0.6863,0.6664,0.6664,0,0
CCS_PB,D,20150311,000000,0.6664,0.6863,0.6529,0.6863,0,0
CCS_PB,D,20150312,000000,0.6664,0.6996,0.6664,0.6863,0,0
CCS_PB,D,20150313,000000,0.6729,0.6729,0.6664,0.6729,0,0
CCS_PB,D,20150316,000000,0.6929,0.7263,0.6929,0.6996,0,0
CCS_PB,D,20150317,000000,0.7395,0.7395,0.7395,0.7395,0,0
CCS_PB,D,20150318,000000,0.7395,0.7529,0.7128,0.7529,0,0
CCS_PB,D,20150319,000000,0.7529,0.7795,0.7395,0.7728,0,0
CCS_PB,D,20150320,000000,0.7728,0.7728,0.7395,0.7395,0,0
CCS_PB,D,20150323,000000,0.7728,0.7728,0.7728,0.7728,0,0
CCS_PB,D,20150324,000000,0.7728,0.7728,0.7728,0.7728,0,0
CCS_PB,D,20150325,000000,0.7728,0.7728,0.7595,0.7728,0,0
CCS_PB,D,20150326,000000,0.7263,0.7728,0.7263,0.7728,0,0
CCS_PB,D,20150327,000000,0.7795,0.7862,0.7795,0.7862,0,0
CCS_PB,D,20150330,000000,0.7862,0.8195,0.7728,0.8061,0,0
CCS_PB,D,20150407,000000,0.7929,0.7929,0.7929,0.7929,0,0
CCS_PB,D,20150408,000000,0.7929,0.8061,0.7728,0.8061,0,0
CCS_PB,D,20150409,000000,0.8061,0.8061,0.8061,0.8061,0,0
CCS_PB,D,20150410,000000,0.7862,0.8061,0.7795,0.8061,0,0
CCS_PB,D,20150415,000000,0.8128,0.8328,0.8128,0.8328,0,0
CCS_PB,D,20150416,000000,0.8328,0.8461,0.8328,0.8461,0,0
CCS_PB,D,20150417,000000,0.8395,0.8461,0.8195,0.8461,0,0
CCS_PB,D,20150420,000000,0.8461,0.8528,0.8461,0.8528,0,0
CCS_PB,D,20150421,000000,0.8395,0.8395,0.7862,0.8128,0,0
CCS_PB,D,20150422,000000,0.8128,0.8461,0.8128,0.8461,0,0
CCS_PB,D,20150427,000000,0.8461,0.8461,0.8461,0.8461,0,0
CCS_PB,D,20150429,000000,0.7862,0.7862,0.7862,0.7862,0,0
CCS_PB,D,20150430,000000,0.8461,0.8461,0.8461,0.8461,0,0
CCS_PB,D,20150504,000000,0.8461,0.8461,0.8395,0.8395,0,0
CCS_PB,D,20150505,000000,0.8061,0.8328,0.7795,0.8328,0,0
CCS_PB,D,20150506,000000,0.8328,0.8328,0.8328,0.8328,0,0
CCS_PB,D,20150507,000000,0.8461,0.986,0.8461,0.9061,0,0
CCS_PB,D,20150508,000000,0.9128,0.9128,0.8661,0.8661,0,0
CCS_PB,D,20150511,000000,0.8661,0.8661,0.8528,0.8661,0,0
CCS_PB,D,20150512,000000,0.8528,0.8995,0.8528,0.8995,0,0
CCS_PB,D,20150513,000000,0.8995,0.8995,0.8995,0.8995,0,0
CCS_PB,D,20150514,000000,0.9061,0.9061,0.9061,0.9061,0,0
CCS_PB,D,20150515,000000,0.9128,0.9128,0.8928,0.9128,0,0
CCS_PB,D,20150518,000000,0.9261,0.9261,0.9261,0.9261,0,0
CCS_PB,D,20150519,000000,0.9261,0.9261,0.9261,0.9261,0,0
CCS_PB,D,20150521,000000,0.8528,0.8795,0.8328,0.8328,0,0
CCS_PB,D,20150525,000000,0.8061,0.8061,0.8061,0.8061,0,0
CCS_PB,D,20150527,000000,0.8061,0.8595,0.8061,0.8595,0,0
CCS_PB,D,20150528,000000,0.8061,0.8261,0.8061,0.8261,0,0
CCS_PB,D,20150529,000000,0.8727,0.8727,0.8328,0.8727,0,0
CCS_PB,D,20150601,000000,0.9061,0.9128,0.8727,0.9128,0,0
CCS_PB,D,20150602,000000,0.9128,0.9128,0.8528,0.8528,0,0
CCS_PB,D,20150603,000000,0.8661,0.8661,0.8661,0.8661,0,0
CCS_PB,D,20150605,000000,0.8928,0.9261,0.8928,0.9061,0,0
CCS_PB,D,20150608,000000,0.9261,0.9327,0.9261,0.9261,0,0
CCS_PB,D,20150609,000000,0.9261,0.9327,0.9261,0.9327,0,0
CCS_PB,D,20150611,000000,0.8928,0.8995,0.8928,0.8995,0,0
CCS_PB,D,20150612,000000,0.9327,0.9327,0.9061,0.9327,0,0
CCS_PB,D,20150615,000000,1.0291,1.0291,0.9614,0.9841,0,0
CCS_PB,D,20150616,000000,0.9315,0.9614,0.9315,0.9614,0,0
CCS_PB,D,20150617,000000,0.9465,0.9465,0.9465,0.9465,0,0
CCS_PB,D,20150619,000000,0.924,0.924,0.924,0.924,0,0
CCS_PB,D,20150622,000000,0.9089,0.924,0.8939,0.924,0,0
CCS_PB,D,20150623,000000,0.924,0.9465,0.924,0.9465,0,0
CCS_PB,D,20150624,000000,0.9465,0.9465,0.9089,0.9089,0,0
CCS_PB,D,20150629,000000,0.9089,0.9089,0.9089,0.9089,0,0
CCS_PB,D,20150630,000000,0.9089,0.9089,0.9089,0.9089,0,0
CCS_PB,D,20150701,000000,0.9089,0.9089,0.9014,0.9014,0,0
CCS_PB,D,20150702,000000,0.9465,0.9465,0.9465,0.9465,0,0
CCS_PB,D,20150706,000000,0.9089,0.9465,0.9089,0.9465,0,0
CCS_PB,D,20150707,000000,0.969,0.969,0.969,0.969,0,0
CCS_PB,D,20150708,000000,0.969,0.969,0.939,0.939,0,0
CCS_PB,D,20150709,000000,0.969,0.969,0.9465,0.9465,0,0
CCS_PB,D,20150710,000000,0.9465,0.969,0.9465,0.969,0,0
CCS_PB,D,20150713,000000,0.939,0.9841,0.939,0.939,0,0
CCS_PB,D,20150714,000000,0.9614,0.9614,0.9614,0.9614,0,0
CCS_PB,D,20150715,000000,0.9916,0.9916,0.924,0.924,0,0
CCS_PB,D,20150716,000000,0.924,0.924,0.9089,0.9089,0,0
CCS_PB,D,20150721,000000,0.924,0.924,0.924,0.924,0,0
CCS_PB,D,20150722,000000,0.924,0.924,0.924,0.924,0,0
CCS_PB,D,20150729,000000,0.924,0.924,0.924,0.924,0,0
CCS_PB,D,20150805,000000,0.9089,0.9089,0.9089,0.9089,0,0
CCS_PB,D,20150806,000000,0.9089,0.9089,0.9089,0.9089,0,0
CCS_PB,D,20150812,000000,0.924,0.924,0.924,0.924,0,0
CCS_PB,D,20150813,000000,0.924,0.9315,0.9089,0.9089,0,0
CCS_PB,D,20150814,000000,0.9089,0.9465,0.9089,0.924,0,0
CCS_PB,D,20150818,000000,0.924,0.9465,0.924,0.9465,0,0
CCS_PB,D,20150820,000000,1.0817,1.0817,1.0817,1.0817,0,0
CCS_PB,D,20150824,000000,1.0592,1.0592,1.0291,1.0592,0,0
CCS_PB,D,20150831,000000,1.0592,1.0967,1.0592,1.0967,0,0
CCS_PB,D,20150904,000000,1.0817,1.0817,1.0592,1.0592,0,0
CCS_PB,D,20150907,000000,1.0516,1.0516,1.0516,1.0516,0,0
CCS_PB,D,20150908,000000,1.0516,1.0516,1.0516,1.0516,0,0
CCS_PB,D,20150909,000000,1.0516,1.0516,1.0516,1.0516,0,0
CCS_PB,D,20150911,000000,1.0291,1.0291,1.0291,1.0291,0,0
CCS_PB,D,20150917,000000,1.0516,1.0516,1.0516,1.0516,0,0
CCS_PB,D,20150918,000000,1.0516,1.0516,1.044,1.044,0,0
CCS_PB,D,20150921,000000,1.0516,1.0516,1.0516,1.0516,0,0
CCS_PB,D,20150922,000000,1.0291,1.0291,1.0291,1.0291,0,0
CCS_PB,D,20150924,000000,1.0291,1.0291,1.0291,1.0291,0,0
CCS_PB,D,20150925,000000,1.0592,1.0592,1.0592,1.0592,0,0
CCS_PB,D,20151001,000000,1.0291,1.0291,1.0291,1.0291,0,0
CCS_PB,D,20151002,000000,1.0516,1.0742,1.0291,1.0742,0,0
CCS_PB,D,20151007,000000,1.0742,1.0742,1.0742,1.0742,0,0
CCS_PB,D,20151008,000000,1.0817,1.0817,1.0216,1.0291,0,0
CCS_PB,D,20151009,000000,1.0516,1.0516,1.0516,1.0516,0,0
CCS_PB,D,20151012,000000,1.0516,1.0516,1.0516,1.0516,0,0
CCS_PB,D,20151013,000000,1.0516,1.0516,1.0516,1.0516,0,0
CCS_PB,D,20151014,000000,1.044,1.0817,1.0291,1.0817,0,0
CCS_PB,D,20151015,000000,1.0817,1.0967,1.0817,1.0967,0,0
CCS_PB,D,20151016,000000,1.0967,1.1643,1.0967,1.1568,0,0
CCS_PB,D,20151019,000000,1.1568,1.1568,1.0817,1.1568,0,0
CCS_PB,D,20151020,000000,1.1493,1.1493,1.1493,1.1493,0,0
CCS_PB,D,20151021,000000,1.1493,1.1568,1.1493,1.1568,0,0
CCS_PB,D,20151022,000000,1.1568,1.1568,1.1568,1.1568,0,0
CCS_PB,D,20151027,000000,1.1042,1.1042,1.1042,1.1042,0,0
CCS_PB,D,20151028,000000,1.1493,1.1493,1.1493,1.1493,0,0
CCS_PB,D,20151029,000000,1.1568,1.1568,1.1568,1.1568,0,0
CCS_PB,D,20151102,000000,1.0742,1.1568,1.0742,1.1568,0,0
CCS_PB,D,20151103,000000,1.1643,1.1793,1.1643,1.1793,0,0
CCS_PB,D,20151105,000000,1.1568,1.1568,1.1568,1.1568,0,0
CCS_PB,D,20151109,000000,1.1793,1.1793,1.1793,1.1793,0,0
CCS_PB,D,20151110,000000,1.1042,1.1042,1.1042,1.1042,0,0
CCS_PB,D,20151112,000000,1.1568,1.1568,1.1568,1.1568,0,0
CCS_PB,D,20151113,000000,1.1042,1.1493,1.1042,1.1493,0,0
CCS_PB,D,20151116,000000,1.0592,1.0592,1.0592,1.0592,0,0
CCS_PB,D,20151117,000000,1.0592,1.0592,1.0592,1.0592,0,0
CCS_PB,D,20151119,000000,1.0592,1.1267,1.0592,1.1117,0,0
CCS_PB,D,20151123,000000,1.044,1.044,1.044,1.044,0,0
CCS_PB,D,20151124,000000,1.0592,1.0592,1.044,1.044,0,0
CCS_PB,D,20151125,000000,1.1117,1.1117,1.044,1.044,0,0
CCS_PB,D,20151127,000000,1.1117,1.1117,1.1117,1.1117,0,0
CCS_PB,D,20151130,000000,1.044,1.044,1.044,1.044,0,0
CCS_PB,D,20151201,000000,1.0892,1.0892,1.0892,1.0892,0,0
CCS_PB,D,20151202,000000,1.0592,1.0592,1.0592,1.0592,0,0
CCS_PB,D,20151203,000000,1.044,1.1117,1.0366,1.1117,0,0
CCS_PB,D,20151204,000000,1.0141,1.0141,1.0141,1.0141,0,0
CCS_PB,D,20151207,000000,1.0592,1.0592,1.0592,1.0592,0,0
CCS_PB,D,20151208,000000,1.0141,1.0592,1.0141,1.0141,0,0
CCS_PB,D,20151209,000000,1.0141,1.0141,1.0141,1.0141,0,0
CCS_PB,D,20151210,000000,1.0817,1.0817,1.0817,1.0817,0,0
CCS_PB,D,20151211,000000,1.0066,1.0066,1.0066,1.0066,0,0
CCS_PB,D,20151214,000000,1.0366,1.0366,1.0366,1.0366,0,0
CCS_PB,D,20151217,000000,1.0066,1.0066,1.0066,1.0066,0,0
CCS_PB,D,20151218,000000,1.0066,1.0066,1.0066,1.0066,0,0
CCS_PB,D,20151222,000000,0.9991,1.0066,0.9765,1.0066,0,0
CCS_PB,D,20151223,000000,0.9841,1.0667,0.9765,1.0667,0,0
CCS_PB,D,20151228,000000,1.0817,1.0817,1.0667,1.0667,0,0
CCS_PB,D,20151229,000000,1.0667,1.0667,1.0667,1.0667,0,0
CCS_PB,D,20160104,000000,1.0667,1.0817,1.0667,1.0817,0,0
CCS_PB,D,20160108,000000,1.0667,1.0667,1.0667,1.0667,0,0
CCS_PB,D,20160113,000000,1.0141,1.0141,1.0141,1.0141,0,0
CCS_PB,D,20160115,000000,1.0141,1.0141,1.0141,1.0141,0,0
CCS_PB,D,20160118,000000,0.9991,1.0592,0.9991,1.0592,0,0
CCS_PB,D,20160122,000000,0.9991,0.9991,0.9991,0.9991,0,0
CCS_PB,D,20160128,000000,1.0592,1.0592,1.0592,1.0592,0,0
CCS_PB,D,20160204,000000,1.0667,1.0667,1.0667,1.0667,0,0
CCS_PB,D,20160307,000000,1.1117,1.1117,1.1117,1.1117,0,0
CCS_PB,D,20160308,000000,1.1117,1.1117,1.1117,1.1117,0,0
CCS_PB,D,20160309,000000,1.0892,1.0892,1.0892,1.0892,0,0
CCS_PB,D,20160311,000000,1.0892,1.0892,1.0892,1.0892,0,0
CCS_PB,D,20160314,000000,1.0892,1.0892,1.0892,1.0892,0,0
CCS_PB,D,20160317,000000,1.0667,1.0667,1.0667,1.0667,0,0
CCS_PB,D,20160318,000000,1.0592,1.0892,1.0592,1.0892,0,0
CCS_PB,D,20160323,000000,1.044,1.044,0.9916,0.9916,0,0
CCS_PB,D,20160324,000000,0.9916,0.9916,0.9916,0.9916,0,0
CCS_PB,D,20160330,000000,1.0592,1.0592,1.0592,1.0592,0,0
CCS_PB,D,20160331,000000,1.0216,1.0216,0.9916,0.9916,0,0
CCS_PB,D,20160401,000000,1.0592,1.0592,1.0592,1.0592,0,0
CCS_PB,D,20160404,000000,1.1042,1.1117,1.1042,1.1117,0,0
CCS_PB,D,20160405,000000,1.1117,1.1117,1.1117,1.1117,0,0
CCS_PB,D,20160407,000000,1.1343,1.1343,1.1343,1.1343,0,0
CCS_PB,D,20160408,000000,1.1117,1.1117,1.1117,1.1117,0,0
CCS_PB,D,20160411,000000,1.0592,1.1418,1.0592,1.1418,0,0
CCS_PB,D,20160413,000000,1.1343,1.1343,1.1343,1.1343,0,0
CCS_PB,D,20160414,000000,1.1192,1.1192,1.1192,1.1192,0,0
CCS_PB,D,20160415,000000,1.1643,1.1869,1.1643,1.1869,0,0
CCS_PB,D,20160421,000000,1.1418,1.1418,1.1343,1.1343,0,0
CCS_PB,D,20160422,000000,1.1192,1.1192,1.1042,1.1042,0,0
CCS_PB,D,20160425,000000,1.1343,1.1343,1.1042,1.1042,0,0
CCS_PB,D,20160426,000000,1.0892,1.0892,1.0892,1.0892,0,0
CCS_PB,D,20160504,000000,1.1042,1.1117,1.1042,1.1117,0,0
CCS_PB,D,20160506,000000,1.0892,1.0892,1.0892,1.0892,0,0
CCS_PB,D,20160512,000000,1.1418,1.2019,1.1418,1.2019,0,0
CCS_PB,D,20160513,000000,1.1869,1.1869,1.1869,1.1869,0,0
CCS_PB,D,20160516,000000,1.1869,1.1869,1.1869,1.1869,0,0
CCS_PB,D,20160517,000000,1.1192,1.1192,1.0817,1.1042,0,0
CCS_PB,D,20160518,000000,1.0892,1.1117,1.0892,1.1117,0,0
CCS_PB,D,20160519,000000,1.1117,1.1117,1.1117,1.1117,0,0
CCS_PB,D,20160520,000000,1.0892,1.0892,1.0216,1.0667,0,0
CCS_PB,D,20160523,000000,1.0892,1.0892,1.0892,1.0892,0,0
CCS_PB,D,20160524,000000,1.1042,1.1042,1.1042,1.1042,0,0
CCS_PB,D,20160527,000000,1.0892,1.1042,1.0892,1.1042,0,0
CCS_PB,D,20160530,000000,1.0366,1.0366,1.0141,1.0366,0,0
CCS_PB,D,20160531,000000,1.044,1.0667,1.044,1.0667,0,0
CCS_PB,D,20160601,000000,1.0667,1.0667,1.0667,1.0667,0,0
CCS_PB,D,20160602,000000,1.0592,1.0592,1.0592,1.0592,0,0
CCS_PB,D,20160603,000000,1.0366,1.0366,1.0216,1.0216,0,0
CCS_PB,D,20160606,000000,1.0216,1.0216,0.9165,0.969,0,0
CCS_PB,D,20160607,000000,1.0058,1.0058,0.9646,0.9646,0,0
CCS_PB,D,20160608,000000,0.9564,0.9564,0.9564,0.9564,0,0
CCS_PB,D,20160609,000000,0.9481,0.9811,0.9481,0.9811,0,0
CCS_PB,D,20160610,000000,0.9481,0.9811,0.9481,0.9811,0,0
CCS_PB,D,20160617,000000,0.9069,0.9234,0.8822,0.9234,0,0
CCS_PB,D,20160620,000000,0.8986,0.9234,0.8657,0.9234,0,0
CCS_PB,D,20160621,000000,0.9069,0.9234,0.8986,0.9234,0,0
CCS_PB,D,20160622,000000,0.8822,0.8822,0.8739,0.8739,0,0
CCS_PB,D,20160623,000000,0.9234,0.9234,0.8739,0.8739,0,0
CCS_PB,D,20160624,000000,0.8739,0.9069,0.8739,0.9069,0,0
CCS_PB,D,20160627,000000,0.8822,1.0058,0.8822,1.0058,0,0
CCS_PB,D,20160628,000000,1.0058,1.0058,1.0058,1.0058,0,0
CCS_PB,D,20160629,000000,0.9069,0.9069,0.9069,0.9069,0,0
CCS_PB,D,20160630,000000,0.8822,0.9317,0.8491,0.9317,0,0
CCS_PB,D,20160707,000000,0.8409,0.9317,0.8409,0.9317,0,0
CCS_PB,D,20160714,000000,0.8657,0.8657,0.8657,0.8657,0,0
CCS_PB,D,20160718,000000,0.8657,0.9234,0.8657,0.9234,0,0
CCS_PB,D,20160719,000000,0.9234,0.9234,0.9234,0.9234,0,0
CCS_PB,D,20160721,000000,0.9069,0.9069,0.8986,0.8986,0,0
CCS_PB,D,20160726,000000,0.8986,0.8986,0.8986,0.8986,0,0
CCS_PB,D,20160729,000000,0.8986,0.8986,0.8986,0.8986,0,0
CCS_PB,D,20160805,000000,0.8739,0.8986,0.8491,0.8986,0,0
CCS_PB,D,20160809,000000,0.8739,0.8986,0.8657,0.8657,0,0
CCS_PB,D,20160811,000000,0.9234,0.9234,0.9234,0.9234,0,0
CCS_PB,D,20160812,000000,0.9234,0.9234,0.9234,0.9234,0,0
CCS_PB,D,20160817,000000,0.8822,0.9234,0.8657,0.8986,0,0
CCS_PB,D,20160901,000000,0.8986,0.8986,0.8986,0.8986,0,0
CCS_PB,D,20160928,000000,0.9317,1.0058,0.9317,1.0058,0,0
CCS_PB,D,20161003,000000,0.9399,0.9399,0.9317,0.9317,0,0
CCS_PB,D,20161006,000000,0.9317,0.9317,0.9317,0.9317,0,0
CCS_PB,D,20161012,000000,0.9399,0.9811,0.9399,0.9811,0,0
CCS_PB,D,20161019,000000,0.9811,0.9811,0.9811,0.9811,0,0
CCS_PB,D,20161026,000000,0.9317,0.9317,0.9317,0.9317,0,0
CCS_PB,D,20161027,000000,0.9811,0.9811,0.9811,0.9811,0,0
CCS_PB,D,20161028,000000,0.9811,0.9811,0.9811,0.9811,0,0
CCS_PB,D,20161031,000000,1.0058,1.0718,1.0058,1.0718,0,0
CCS_PB,D,20161104,000000,1.0471,1.0471,1.0471,1.0471,0,0
CCS_PB,D,20161107,000000,1.0471,1.0471,1.0471,1.0471,0,0
CCS_PB,D,20161108,000000,1.0471,1.0471,1.0471,1.0471,0,0
CCS_PB,D,20161110,000000,1.0058,1.0058,1.0058,1.0058,0,0
CCS_PB,D,20161114,000000,1.0058,1.0058,1.0058,1.0058,0,0
CCS_PB,D,20161115,000000,1.0965,1.1295,1.0718,1.1295,0,0
CCS_PB,D,20161122,000000,1.1377,1.1624,1.1377,1.1624,0,0
CCS_PB,D,20161128,000000,1.1624,1.1624,1.1624,1.1624,0,0
CCS_PB,D,20161129,000000,1.1872,1.2037,1.1377,1.1377,0,0
CCS_PB,D,20161130,000000,1.1377,1.146,1.0471,1.0471,0,0
CCS_PB,D,20161201,000000,1.0883,1.0883,1.0883,1.0883,0,0
CCS_PB,D,20161207,000000,1.0471,1.0718,0.9976,1.0718,0,0
CCS_PB,D,20161208,000000,1.0636,1.1377,1.0636,1.1377,0,0
CCS_PB,D,20161209,000000,1.1131,1.1624,1.1131,1.1624,0,0
CCS_PB,D,20161212,000000,1.1624,1.1872,1.1624,1.1872,0,0
CCS_PB,D,20161213,000000,1.1377,1.2284,1.1377,1.2284,0,0
CCS_PB,D,20161215,000000,1.2202,1.2284,1.2202,1.2284,0,0
CCS_PB,D,20161219,000000,1.1872,1.1872,1.1872,1.1872,0,0
CCS_PB,D,20161220,000000,1.1872,1.1872,1.1872,1.1872,0,0
CCS_PB,D,20161221,000000,1.1624,1.1624,1.1213,1.1213,0,0
CCS_PB,D,20161223,000000,1.1708,1.2284,1.1708,1.2284,0,0
CCS_PB,D,20161228,000000,1.1377,1.1377,1.1377,1.1377,0,0
CCS_PB,D,20161229,000000,1.1872,1.1872,1.1872,1.1872,0,0
CCS_PB,D,20161230,000000,1.1213,1.1872,1.1213,1.1872,0,0
CCS_PB,D,20170118,000000,1.146,1.1872,1.146,1.1872,0,0
CCS_PB,D,20170119,000000,1.1955,1.2861,1.1955,1.2861,0,0
CCS_PB,D,20170120,000000,1.2861,1.2861,1.2037,1.2037,0,0
CCS_PB,D,20170124,000000,1.1955,1.1955,1.1708,1.1708,0,0
CCS_PB,D,20170125,000000,1.1708,1.1708,1.1708,1.1708,0,0
CCS_PB,D,20170126,000000,1.1708,1.1708,1.1708,1.1708,0,0
CCS_PB,D,20170127,000000,1.2037,1.2284,1.2037,1.2284,0,0
CCS_PB,D,20170130,000000,1.245,1.3191,1.245,1.3191,0,0
CCS_PB,D,20170131,000000,1.3191,1.3191,1.3191,1.3191,0,0
CCS_PB,D,20170201,000000,1.2697,1.2697,1.2697,1.2697,0,0
CCS_PB,D,20170202,000000,1.2532,1.2532,1.2532,1.2532,0,0
CCS_PB,D,20170203,000000,1.2944,1.2944,1.2944,1.2944,0,0
CCS_PB,D,20170206,000000,1.2944,1.2944,1.2944,1.2944,0,0
CCS_PB,D,20170207,000000,1.2944,1.2944,1.2944,1.2944,0,0
CCS_PB,D,20170208,000000,1.2944,1.2944,1.2944,1.2944,0,0
CCS_PB,D,20170209,000000,1.2944,1.2944,1.2944,1.2944,0,0
CCS_PB,D,20170213,000000,1.2944,1.2944,1.2944,1.2944,0,0
CCS_PB,D,20170215,000000,1.2944,1.2944,1.2284,1.2944,0,0
CCS_PB,D,20170217,000000,1.3191,1.3274,1.3191,1.3274,0,0
CCS_PB,D,20170220,000000,1.2532,1.2944,1.1955,1.1955,0,0
CCS_PB,D,20170221,000000,1.2037,1.2037,1.2037,1.2037,0,0
CCS_PB,D,20170223,000000,1.2037,1.2037,1.2037,1.2037,0,0
CCS_PB,D,20170224,000000,1.2037,1.2037,1.2037,1.2037,0,0
CCS_PB,D,20170301,000000,1.1955,1.1955,1.1955,1.1955,0,0
CCS_PB,D,20170302,000000,1.1955,1.1955,1.1955,1.1955,0,0
CCS_PB,D,20170303,000000,1.1955,1.1955,1.1955,1.1955,0,0
CCS_PB,D,20170306,000000,1.2037,1.2284,1.2037,1.2284,0,0
CCS_PB,D,20170307,000000,1.2284,1.2532,1.2284,1.245,0,0
CCS_PB,D,20170309,000000,1.245,1.245,1.2037,1.2037,0,0
CCS_PB,D,20170310,000000,1.1955,1.1955,1.1872,1.1872,0,0
CCS_PB,D,20170313,000000,1.1542,1.1542,1.1542,1.1542,0,0
CCS_PB,D,20170314,000000,1.1542,1.1542,1.1542,1.1542,0,0
CCS_PB,D,20170316,000000,1.2037,1.2037,1.2037,1.2037,0,0
CCS_PB,D,20170317,000000,1.2037,1.2037,1.2037,1.2037,0,0
CCS_PB,D,20170320,000000,1.2037,1.2037,1.2037,1.2037,0,0
CCS_PB,D,20170321,000000,1.2037,1.2037,1.2037,1.2037,0,0
CCS_PB,D,20170322,000000,1.2037,1.2037,1.2037,1.2037,0,0
CCS_PB,D,20170327,000000,1.2037,1.2037,1.2037,1.2037,0,0
CCS_PB,D,20170329,000000,1.2037,1.2202,1.2037,1.2202,0,0
CCS_PB,D,20170330,000000,1.2284,1.2284,1.2284,1.2284,0,0
CCS_PB,D,20170407,000000,1.2284,1.2284,1.2284,1.2284,0,0
CCS_PB,D,20170410,000000,1.2532,1.3438,1.2532,1.3438,0,0
CCS_PB,D,20170411,000000,1.2779,1.2779,1.2532,1.2532,0,0
CCS_PB,D,20170412,000000,1.2532,1.3356,1.2284,1.3356,0,0
CCS_PB,D,20170413,000000,1.3356,1.3356,1.3356,1.3356,0,0
CCS_PB,D,20170418,000000,1.3356,1.3356,1.3356,1.3356,0,0
CCS_PB,D,20170419,000000,1.2532,1.2532,1.2532,1.2532,0,0
CCS_PB,D,20170420,000000,1.2779,1.3027,1.2614,1.2614,0,0
CCS_PB,D,20170425,000000,1.2861,1.2861,1.2861,1.2861,0,0
CCS_PB,D,20170426,000000,1.1377,1.2614,1.1377,1.2614,0,0
CCS_PB,D,20170427,000000,1.2532,1.2532,1.2532,1.2532,0,0
CCS_PB,D,20170428,000000,1.2202,1.2779,1.2202,1.2779,0,0
CCS_PB,D,20170502,000000,1.3027,1.3027,1.3027,1.3027,0,0
CCS_PB,D,20170504,000000,1.2779,1.2779,1.2779,1.2779,0,0
CCS_PB,D,20170505,000000,1.2779,1.3027,1.2202,1.3027,0,0
CCS_PB,D,20170508,000000,1.2284,1.2861,1.2284,1.245,0,0
CCS_PB,D,20170509,000000,1.245,1.2861,1.2202,1.2861,0,0
CCS_PB,D,20170510,000000,1.2532,1.2532,1.245,1.2532,0,0
CCS_PB,D,20170511,000000,1.2861,1.2861,1.245,1.2614,0,0
CCS_PB,D,20170512,000000,1.2861,1.3109,1.2861,1.3109,0,0
CCS_PB,D,20170515,000000,1.2861,1.2861,1.2779,1.2779,0,0
CCS_PB,D,20170516,000000,1.3521,1.3521,1.3438,1.3438,0,0
CCS_PB,D,20170517,000000,1.3027,1.3438,1.3027,1.3438,0,0
CCS_PB,D,20170518,000000,1.3438,1.3438,1.3438,1.3438,0,0
CCS_PB,D,20170522,000000,1.3438,1.3438,1.3438,1.3438,0,0
CCS_PB,D,20170523,000000,1.4263,1.4428,1.3438,1.4428,0,0
CCS_PB,D,20170525,000000,1.2284,1.2284,1.2284,1.2284,0,0
CCS_PB,D,20170526,000000,1.2697,1.3769,1.2697,1.2779,0,0
CCS_PB,D,20170529,000000,1.3109,1.3109,1.179,1.2697,0,0
CCS_PB,D,20170530,000000,1.3109,1.3109,1.3109,1.3109,0,0
CCS_PB,D,20170601,000000,1.2861,1.2861,1.2861,1.2861,0,0
CCS_PB,D,20170602,000000,1.2861,1.2861,1.2861,1.2861,0,0
CCS_PB,D,20170605,000000,1.2202,1.245,1.2202,1.245,0,0
CCS_PB,D,20170609,000000,1.2367,1.2367,1.2367,1.2367,0,0
CCS_PB,D,20170612,000000,1.1872,1.1872,1.179,1.179,0,0
CCS_PB,D,20170613,000000,1.179,1.245,1.179,1.245,0,0
CCS_PB,D,20170614,000000,1.2697,1.2697,1.2697,1.2697,0,0
CCS_PB,D,20170616,000000,1.2779,1.3109,1.2779,1.2861,0,0
CCS_PB,D,20170619,000000,1.2697,1.2697,1.2697,1.2697,0,0
CCS_PB,D,20170620,000000,1.2697,1.4098,1.2697,1.4098,0,0
CCS_PB,D,20170621,000000,1.3109,1.3109,1.2944,1.2944,0,0
CCS_PB,D,20170622,000000,1.2944,1.3851,1.2944,1.3851,0,0
CCS_PB,D,20170623,000000,1.2532,1.3109,1.2037,1.3109,0,0
CCS_PB,D,20170626,000000,1.3604,1.3851,1.3191,1.3769,0,0
CCS_PB,D,20170627,000000,1.3274,1.3686,1.3274,1.3686,0,0
CCS_PB,D,20170628,000000,1.3274,1.3438,1.3191,1.3438,0,0
CCS_PB,D,20170629,000000,1.3274,1.3686,1.3274,1.3686,0,0
CCS_PB,D,20170630,000000,1.3686,1.3851,1.3274,1.3851,0,0
CCS_PB,D,20170703,000000,1.3356,1.3851,1.3356,1.3851,0,0
CCS_PB,D,20170704,000000,1.3851,1.3851,1.3851,1.3851,0,0
CCS_PB,D,20170705,000000,1.3769,1.3851,1.3769,1.3851,0,0
CCS_PB,D,20170706,000000,1.3851,1.3933,1.3769,1.3933,0,0
CCS_PB,D,20170707,000000,1.3933,1.3933,1.3851,1.3933,0,0
CCS_PB,D,20170710,000000,1.3933,1.4757,1.3933,1.4346,0,0
CCS_PB,D,20170711,000000,1.4263,1.4675,1.3438,1.3438,0,0
CCS_PB,D,20170712,000000,1.3604,1.3769,1.2944,1.3769,0,0
CCS_PB,D,20170713,000000,1.4707,1.4707,1.443,1.443,0,0
CCS_PB,D,20170714,000000,1.443,1.5077,1.4337,1.4337,0,0
CCS_PB,D,20170718,000000,1.4522,1.4522,1.4522,1.4522,0,0
CCS_PB,D,20170719,000000,1.4337,1.4337,1.4337,1.4337,0,0
CCS_PB,D,20170720,000000,1.443,1.443,1.443,1.443,0,0
CCS_PB,D,20170721,000000,1.4522,1.4522,1.4522,1.4522,0,0
CCS_PB,D,20170724,000000,1.4522,1.4522,1.4522,1.4522,0,0
CCS_PB,D,20170726,000000,1.4707,1.4707,1.4707,1.4707,0,0
CCS_PB,D,20170727,000000,1.4892,1.5077,1.4892,1.5077,0,0
CCS_PB,D,20170728,000000,1.5077,1.5077,1.5077,1.5077,0,0
CCS_PB,D,20170731,000000,1.5355,1.5355,1.5077,1.5077,0,0
CCS_PB,D,20170802,000000,1.5355,1.5355,1.5077,1.5077,0,0
CCS_PB,D,20170804,000000,1.5447,1.6002,1.48,1.48,0,0
CCS_PB,D,20170807,000000,1.554,1.554,1.554,1.554,0,0
CCS_PB,D,20170808,000000,1.4985,1.5077,1.4985,1.5077,0,0
CCS_PB,D,20170809,000000,1.4985,1.4985,1.443,1.443,0,0
CCS_PB,D,20170810,000000,1.4245,1.5077,1.3782,1.5077,0,0
CCS_PB,D,20170816,000000,1.406,1.406,1.369,1.406,0,0
CCS_PB,D,20170817,000000,1.369,1.369,1.369,1.369,0,0
CCS_PB,D,20170818,000000,1.369,1.3782,1.2117,1.3782,0,0
CCS_PB,D,20170821,000000,1.3782,1.3782,1.2765,1.3782,0,0
CCS_PB,D,20170823,000000,1.6465,1.6742,1.6465,1.6742,0,0
CCS_PB,D,20170824,000000,1.6095,1.6095,1.554,1.554,0,0
CCS_PB,D,20170825,000000,1.6742,1.6927,1.6742,1.6927,0,0
CCS_PB,D,20170828,000000,1.6372,1.6372,1.6372,1.6372,0,0
CCS_PB,D,20170904,000000,1.6742,1.6742,1.6742,1.6742,0,0
CCS_PB,D,20170905,000000,1.6742,1.6742,1.6742,1.6742,0,0
CCS_PB,D,20170906,000000,1.6095,1.6187,1.6095,1.6187,0,0
CCS_PB,D,20170907,000000,1.6742,1.6742,1.6742,1.6742,0,0
CCS_PB,D,20170913,000000,1.6742,1.6927,1.6742,1.6927,0,0
CCS_PB,D,20170915,000000,1.6372,1.6372,1.6372,1.6372,0,0
CCS_PB,D,20170919,000000,1.6372,1.7482,1.6372,1.7482,0,0
CCS_PB,D,20170921,000000,1.7482,1.7482,1.7482,1.7482,0,0
CCS_PB,D,20171003,000000,1.776,1.776,1.776,1.776,0,0
CCS_PB,D,20171004,000000,1.7575,1.7575,1.7482,1.7575,0,0
CCS_PB,D,20171005,000000,1.7297,1.7297,1.7297,1.7297,0,0
CCS_PB,D,20171009,000000,1.776,1.776,1.776,1.776,0,0
CCS_PB,D,20171010,000000,1.7575,1.7575,1.7575,1.7575,0,0
CCS_PB,D,20171013,000000,1.7575,1.776,1.7205,1.7575,0,0
CCS_PB,D,20171016,000000,1.776,1.8222,1.776,1.8222,0,0
CCS_PB,D,20171017,000000,1.8222,1.8222,1.7945,1.7945,0,0
CCS_PB,D,20171018,000000,1.8222,1.8222,1.8222,1.8222,0,0
CCS_PB,D,20171019,000000,1.7575,1.776,1.7482,1.7482,0,0
CCS_PB,D,20171020,000000,1.7297,1.7297,1.7297,1.7297,0,0
CCS_PB,D,20171023,000000,1.7297,1.7297,1.7297,1.7297,0,0
CCS_PB,D,20171024,000000,1.7297,1.7297,1.7205,1.7205,0,0
CCS_PB,D,20171027,000000,1.6927,1.6927,1.6927,1.6927,0,0
CCS_PB,D,20171030,000000,1.6927,1.6927,1.6372,1.6372,0,0
CCS_PB,D,20171031,000000,1.6372,1.6372,1.6372,1.6372,0,0
CCS_PB,D,20171102,000000,1.6095,1.6372,1.6095,1.6187,0,0
CCS_PB,D,20171103,000000,1.6742,1.6742,1.6742,1.6742,0,0
CCS_PB,D,20171109,000000,1.6095,1.6095,1.6095,1.6095,0,0
CCS_PB,D,20171120,000000,1.6742,1.6742,1.6742,1.6742,0,0
CCS_PB,D,20171130,000000,1.5355,1.6002,1.5262,1.6002,0,0
CCS_PB,D,20171201,000000,1.6002,1.6835,1.6002,1.6835,0,0
CCS_PB,D,20171204,000000,1.665,1.665,1.665,1.665,0,0
CCS_PB,D,20171205,000000,1.665,1.665,1.665,1.665,0,0
CCS_PB,D,20171207,000000,1.6557,1.6557,1.6557,1.6557,0,0
CCS_PB,D,20171212,000000,1.6372,1.6372,1.6372,1.6372,0,0
CCS_PB,D,20171215,000000,1.6372,1.6372,1.6372,1.6372,0,0
CCS_PB,D,20171218,000000,1.6187,1.6187,1.6002,1.6002,0,0
CCS_PB,D,20171227,000000,1.591,1.7297,1.591,1.7297,0,0
CCS_PB,D,20180103,000000,1.7112,1.7112,1.7112,1.7112,0,0
CCS_PB,D,20180104,000000,1.7482,1.7482,1.7482,1.7482,0,0
CCS_PB,D,20180105,000000,1.7482,1.7482,1.591,1.7482,0,0
CCS_PB,D,20180108,000000,1.591,1.7297,1.591,1.7297,0,0
CCS_PB,D,20180110,000000,1.7112,1.7112,1.7112,1.7112,0,0
CCS_PB,D,20180112,000000,1.7297,1.7297,1.7112,1.7112,0,0
CCS_PB,D,20180115,000000,1.7482,1.7482,1.7112,1.7112,0,0
CCS_PB,D,20180118,000000,1.7112,1.7112,1.7112,1.7112,0,0
CCS_PB,D,20180119,000000,1.7112,1.7112,1.7112,1.7112,0,0
CCS_PB,D,20180123,000000,1.7112,1.7112,1.7112,1.7112,0,0
CCS_PB,D,20180124,000000,1.7112,1.7112,1.665,1.7112,0,0
CCS_PB,D,20180130,000000,1.7112,1.7112,1.7112,1.7112,0,0
CCS_PB,D,20180131,000000,1.7112,1.7112,1.6927,1.6927,0,0
CCS_PB,D,20180205,000000,1.665,1.665,1.665,1.665,0,0
CCS_PB,D,20180206,000000,1.665,1.6927,1.5725,1.6927,0,0
CCS_PB,D,20180209,000000,1.665,1.665,1.665,1.665,0,0
CCS_PB,D,20180215,000000,1.5725,1.5725,1.5725,1.5725,0,0
CCS_PB,D,20180219,000000,1.5725,1.5725,1.5725,1.5725,0,0
CCS_PB,D,20180220,000000,1.5725,1.5725,1.5725,1.5725,0,0
CCS_PB,D,20180222,000000,1.6372,1.6372,1.6372,1.6372,0,0
CCS_PB,D,20180227,000000,1.665,1.665,1.665,1.665,0,0
CCS_PB,D,20180228,000000,1.6927,1.6927,1.6372,1.6372,0,0
CCS_PB,D,20180302,000000,1.665,1.6927,1.665,1.6927,0,0
CCS_PB,D,20180305,000000,1.6927,1.6927,1.6927,1.6927,0,0
CCS_PB,D,20180306,000000,1.6927,1.6927,1.6927,1.6927,0,0
CCS_PB,D,20180314,000000,1.628,1.628,1.5725,1.5725,0,0
CCS_PB,D,20180315,000000,1.5725,1.5725,1.5725,1.5725,0,0
CCS_PB,D,20180316,000000,1.6002,1.6002,1.591,1.591,0,0
CCS_PB,D,20180319,000000,1.6835,1.6835,1.6002,1.6002,0,0
CCS_PB,D,20180320,000000,1.6187,1.6187,1.6187,1.6187,0,0
CCS_PB,D,20180321,000000,1.7112,1.7112,1.7112,1.7112,0,0
CCS_PB,D,20180322,000000,1.7112,1.7112,1.6002,1.6002,0,0
CCS_PB,D,20180323,000000,1.6002,1.6002,1.48,1.48,0,0
CCS_PB,D,20180326,000000,1.5077,1.5077,1.5077,1.5077,0,0
CCS_PB,D,20180403,000000,1.5817,1.5817,1.48,1.48,0,0
CCS_PB,D,20180404,000000,1.48,1.48,1.48,1.48,0,0
CCS_PB,D,20180412,000000,1.48,1.48,1.48,1.48,0,0
CCS_PB,D,20180413,000000,1.48,1.48,1.48,1.48,0,0
CCS_PB,D,20180419,000000,1.4615,1.4615,1.406,1.406,0,0
CCS_PB,D,20180426,000000,1.517,1.517,1.517,1.517,0,0
CCS_PB,D,20180508,000000,1.5447,1.6557,1.3967,1.6557,0,0
CCS_PB,D,20180509,000000,1.554,1.554,1.554,1.554,0,0
CCS_PB,D,20180511,000000,1.443,1.443,1.443,1.443,0,0
CCS_PB,D,20180514,000000,1.443,1.443,1.443,1.443,0,0
CCS_PB,D,20180515,000000,1.5077,1.5077,1.5077,1.5077,0,0
CCS_PB,D,20180516,000000,1.4337,1.4337,1.3505,1.3967,0,0
CCS_PB,D,20180517,000000,1.406,1.4615,1.3967,1.4615,0,0
CCS_PB,D,20180521,000000,1.45,1.49,1.45,1.49,0,0
CCS_PB,D,20180529,000000,1.45,1.45,1.45,1.45,0,0
CCS_PB,D,20180530,000000,1.56,1.56,1.45,1.45,0,0
CCS_PB,D,20180601,000000,1.45,1.45,1.45,1.45,0,0
CCS_PB,D,20180607,000000,1.45,1.45,1.44,1.45,0,0
CCS_PB,D,20180611,000000,1.45,1.45,1.45,1.45,0,0
CCS_PB,D,20180613,000000,1.41,1.41,1.36,1.36,0,0
CCS_PB,D,20180614,000000,1.4,1.43,1.38,1.38,0,0
CCS_PB,D,20180618,000000,1.36,1.36,1.36,1.36,0,0
CCS_PB,D,20180619,000000,1.36,1.36,1.36,1.36,0,0
CCS_PB,D,20180621,000000,1.41,1.41,1.36,1.4,0,0
CCS_PB,D,20180622,000000,1.36,1.36,1.36,1.36,0,0
CCS_PB,D,20180625,000000,1.36,1.36,1.36,1.36,0,0
CCS_PB,D,20180626,000000,1.3,1.3,1.3,1.3,0,0
CCS_PB,D,20180628,000000,1.3,1.3,1.29,1.29,0,0
CCS_PB,D,20180629,000000,1.3,1.3,1.3,1.3,0,0
CCS_PB,D,20180704,000000,1.29,1.29,1.29,1.29,0,0
CCS_PB,D,20180705,000000,1.3,1.3,1.29,1.29,0,0
CCS_PB,D,20180709,000000,1.25,1.25,1.25,1.25,0,0
CCS_PB,D,20180712,000000,1.3,1.32,1.3,1.32,0,0
CCS_PB,D,20180716,000000,1.3,1.3,1.28,1.28,0,0
CCS_PB,D,20180718,000000,1.28,1.28,1.28,1.28,0,0
CCS_PB,D,20180724,000000,1.25,1.25,1.22,1.22,0,0
CCS_PB,D,20180726,000000,1.25,1.25,1.22,1.22,0,0
CCS_PB,D,20180807,000000,1.22,1.25,1.22,1.25,0,0
CCS_PB,D,20180810,000000,1.23,1.23,1.23,1.23,0,0
CCS_PB,D,20180813,000000,1.23,1.23,1.23,1.23,0,0
CCS_PB,D,20180814,000000,1.19,1.19,1.19,1.19,0,0
CCS_PB,D,20180816,000000,1.14,1.15,1.13,1.14,0,0
CCS_PB,D,20180817,000000,1.13,1.13,1.09,1.09,0,0
CCS_PB,D,20180820,000000,1.07,1.07,1.02,1.02,0,0
CCS_PB,D,20180821,000000,1.05,1.05,1.02,1.03,0,0
CCS_PB,D,20180822,000000,1.02,1.36,1.02,1.36,0,0
CCS_PB,D,20180823,000000,1.32,1.32,1.32,1.32,0,0
CCS_PB,D,20180824,000000,1.34,1.36,1.34,1.36,0,0
CCS_PB,D,20180827,000000,1.36,1.36,1.36,1.36,0,0
CCS_PB,D,20180828,000000,1.36,1.36,1.36,1.36,0,0
CCS_PB,D,20180829,000000,1.36,1.36,1.34,1.34,0,0
CCS_PB,D,20180831,000000,1.34,1.36,1.34,1.34,0,0
CCS_PB,D,20180903,000000,1.36,1.36,1.36,1.36,0,0
CCS_PB,D,20180904,000000,1.36,1.36,1.32,1.32,0,0
CCS_PB,D,20180906,000000,1.31,1.31,1.25,1.29,0,0
CCS_PB,D,20180907,000000,1.22,1.22,1.22,1.22,0,0
CCS_PB,D,20180910,000000,1.07,1.15,1.07,1.15,0,0
CCS_PB,D,20180911,000000,1.22,1.22,1.06,1.09,0,0
CCS_PB,D,20180921,000000,1.15,1.15,1.15,1.15,0,0
CCS_PB,D,20180925,000000,1.22,1.25,1.22,1.25,0,0
CCS_PB,D,20181004,000000,1.38,1.38,1.38,1.38,0,0
CCS_PB,D,20181009,000000,1.38,1.38,1.38,1.38,0,0
CCS_PB,D,20181016,000000,1.23,1.25,1.16,1.25,0,0
CCS_PB,D,20181017,000000,1.25,1.25,1.25,1.25,0,0
CCS_PB,D,20181018,000000,1.25,1.25,1.25,1.25,0,0
CCS_PB,D,20181023,000000,1.25,1.25,1.25,1.25,0,0
CCS_PB,D,20181025,000000,1.18,1.18,0.98,1.07,0,0
CCS_PB,D,20181026,000000,1,1,0.9,0.9,0,0
CCS_PB,D,20181029,000000,1.07,1.07,1.07,1.07,0,0
CCS_PB,D,20181102,000000,1.07,1.07,1.07,1.07,0,0
CCS_PB,D,20181106,000000,1.07,1.07,0.9,0.98,0,0
CCS_PB,D,20181107,000000,0.9,0.97,0.9,0.97,0,0
CCS_PB,D,20181109,000000,0.9,0.9,0.9,0.9,0,0
CCS_PB,D,20181113,000000,0.97,0.97,0.97,0.97,0,0
CCS_PB,D,20181114,000000,0.97,1.02,0.97,1,0,0
CCS_PB,D,20181116,000000,1.02,1.02,1.02,1.02,0,0
CCS_PB,D,20181119,000000,0.98,0.98,0.98,0.98,0,0
CCS_PB,D,20181120,000000,0.98,0.98,0.97,0.97,0,0
CCS_PB,D,20181129,000000,0.98,0.98,0.89,0.9,0,0
CCS_PB,D,20181130,000000,0.99,0.99,0.99,0.99,0,0
CCS_PB,D,20181203,000000,0.99,1.01,0.99,1.01,0,0
CCS_PB,D,20181204,000000,0.87,0.89,0.76,0.76,0,0
CCS_PB,D,20181205,000000,0.89,0.9,0.89,0.9,0,0
CCS_PB,D,20181207,000000,0.92,0.92,0.92,0.92,0,0
CCS_PB,D,20181210,000000,0.92,0.92,0.92,0.92,0,0
CCS_PB,D,20181212,000000,0.83,0.85,0.78,0.8,0,0
CCS_PB,D,20181213,000000,0.78,0.89,0.71,0.74,0,0
CCS_PB,D,20181214,000000,0.72,0.81,0.72,0.81,0,0
CCS_PB,D,20181218,000000,0.8,0.8,0.8,0.8,0,0
CCS_PB,D,20181219,000000,0.8,0.8,0.8,0.8,0,0
CCS_PB,D,20181220,000000,0.76,0.8,0.76,0.8,0,0
CCS_PB,D,20181221,000000,0.83,0.83,0.83,0.83,0,0
CCS_PB,D,20181228,000000,0.81,0.87,0.81,0.87,0,0
CCS_PB,D,20190103,000000,0.94,1.07,0.94,1.07,0,0
CCS_PB,D,20190104,000000,0.94,1.12,0.94,1.12,0,0
CCS_PB,D,20190107,000000,1.05,1.05,1.05,1.05,0,0
CCS_PB,D,20190109,000000,1.05,1.05,1.05,1.05,0,0
CCS_PB,D,20190116,000000,0.92,0.92,0.92,0.92,0,0
CCS_PB,D,20190131,000000,0.92,0.92,0.92,0.92,0,0
CCS_PB,D,20190207,000000,0.94,1.07,0.94,1.07,0,0
CCS_PB,D,20190227,000000,0.92,0.92,0.92,0.92,0,0
CCS_PB,D,20190306,000000,1.05,1.07,1.05,1.07,0,0
CCS_PB,D,20190308,000000,1.16,1.16,1.16,1.16,0,0
CCS_PB,D,20190312,000000,1.16,1.16,1.16,1.16,0,0
CCS_PB,D,20190319,000000,1.15,1.28,1.15,1.28,0,0
CCS_PB,D,20190320,000000,1.16,1.18,1.03,1.18,0,0
CCS_PB,D,20190322,000000,1.03,1.03,0.9,0.94,0,0
CCS_PB,D,20190327,000000,1,1,1,1,0,0
CCS_PB,D,20190401,000000,0.91,0.91,0.91,0.91,0,0
CCS_PB,D,20190403,000000,1.02,1.02,1.02,1.02,0,0
CCS_PB,D,20190409,000000,1.02,1.02,1.02,1.02,0,0
CCS_PB,D,20190410,000000,1.02,1.09,1.02,1.09,0,0
CCS_PB,D,20190411,000000,1.02,1.16,1.02,1.16,0,0
CCS_PB,D,20190412,000000,1.12,1.16,1.12,1.16,0,0
CCS_PB,D,20190417,000000,1.12,1.12,1.12,1.12,0,0
CCS_PB,D,20190424,000000,1.19,1.19,1.17,1.17,0,0
CCS_PB,D,20190515,000000,1.12,1.17,0.93,1.17,0,0
CCS_PB,D,20190521,000000,1.16,1.16,1.16,1.16,0,0
CCS_PB,D,20190522,000000,1.01,1.01,0.92,0.92,0,0
CCS_PB,D,20190527,000000,0.92,0.92,0.9,0.9,0,0
CCS_PB,D,20190529,000000,1.08,1.08,1.08,1.08,0,0
CCS_PB,D,20190530,000000,0.95,0.95,0.94,0.94,0,0
CCS_PB,D,20190531,000000,1.12,1.12,1.12,1.12,0,0
CCS_PB,D,20190603,000000,1.09,1.12,0.94,1.12,0,0
CCS_PB,D,20190605,000000,0.95,1.12,0.94,1.12,0,0
CCS_PB,D,20190613,000000,0.9,0.9,0.9,0.9,0,0
CCS_PB,D,20190617,000000,0.99,1.09,0.99,1.09,0,0
CCS_PB,D,20190626,000000,1.12,1.12,1.12,1.12,0,0
CCS_PB,D,20190702,000000,0.95,0.95,0.94,0.95,0,0
CCS_PB,D,20190710,000000,0.97,0.97,0.97,0.97,0,0
CCS_PB,D,20190716,000000,0.95,0.95,0.9,0.9,0,0
CCS_PB,D,20190717,000000,1.01,1.44,1.01,1.39,0,0
CCS_PB,D,20190719,000000,1.29,1.31,1.01,1.01,0,0
CCS_PB,D,20190722,000000,0.97,0.97,0.86,0.9,0,0
CCS_PB,D,20190726,000000,0.9,0.9,0.9,0.9,0,0
CCS_PB,D,20190730,000000,0.9,0.9,0.88,0.9,0,0
CCS_PB,D,20190731,000000,0.88,0.88,0.75,0.75,0,0
CCS_PB,D,20190801,000000,0.82,0.86,0.82,0.86,0,0
CCS_PB,D,20190806,000000,0.82,0.86,0.82,0.86,0,0
CCS_PB,D,20190808,000000,0.9,0.9,0.9,0.9,0,0
CCS_PB,D,20190812,000000,0.86,0.86,0.79,0.79,0,0
CCS_PB,D,20190813,000000,0.8,0.8,0.8,0.8,0,0
CCS_PB,D,20190816,000000,0.92,0.99,0.92,0.99,0,0
CCS_PB,D,20190826,000000,1,1.18,1,1.18,0,0
CCS_PB,D,20190827,000000,1.18,1.18,1.07,1.07,0,0
CCS_PB,D,20190925,000000,0.94,0.94,0.94,0.94,0,0
CCS_PB,D,20190930,000000,1.07,1.07,1.07,1.07,0,0
CCS_PB,D,20191002,000000,0.81,0.83,0.81,0.83,0,0
CCS_PB,D,20191009,000000,0.83,0.83,0.83,0.83,0,0
CCS_PB,D,20191018,000000,0.83,0.83,0.83,0.83,0,0
CCS_PB,D,20191024,000000,0.83,0.96,0.83,0.96,0,0
CCS_PB,D,20191028,000000,1.09,1.09,1.09,1.09,0,0
CCS_PB,D,20191029,000000,1.19,1.19,1.19,1.19,0,0
CCS_PB,D,20191105,000000,0.96,0.96,0.96,0.96,0,0
CCS_PB,D,20191114,000000,1.09,1.11,1.05,1.05,0,0
CCS_PB,D,20191115,000000,1.11,1.11,1.11,1.11,0,0
CCS_PB,D,20191118,000000,1.05,1.05,1.05,1.05,0,0
CCS_PB,D,20191125,000000,0.99,0.99,0.99,0.99,0,0
CCS_PB,D,20191128,000000,0.96,0.96,0.9,0.9,0,0
CCS_PB,D,20191211,000000,0.9,0.97,0.9,0.97,0,0
CCS_PB,D,20191219,000000,0.84,0.87,0.84,0.87,0,0
CCS_PB,D,20191220,000000,0.84,0.84,0.84,0.84,0,0
CCS_PB,D,20191223,000000,0.84,0.84,0.84,0.84,0,0
CCS_PB,D,20191227,000000,0.85,0.85,0.84,0.84,0,0
CCS_PB,D,20191230,000000,0.87,0.97,0.87,0.94,0,0
CCS_PB,D,20200102,000000,0.97,0.97,0.94,0.94,0,0
CCS_PB,D,20200103,000000,0.97,0.97,0.97,0.97,0,0
CCS_PB,D,20200108,000000,1.04,1.04,1.04,1.04,0,0
CCS_PB,D,20200113,000000,1.04,1.16,1.04,1.15,0,0
CCS_PB,D,20200116,000000,1.04,1.04,1.04,1.04,0,0
CCS_PB,D,20200122,000000,1.04,1.04,1.04,1.04,0,0
CCS_PB,D,20200130,000000,1.06,1.06,1.06,1.06,0,0
CCS_PB,D,20200131,000000,1.04,1.04,1.04,1.04,0,0
CCS_PB,D,20200204,000000,1.08,1.08,1.08,1.08,0,0
CCS_PB,D,20200206,000000,1.08,1.08,1.08,1.08,0,0
CCS_PB,D,20200207,000000,1.08,1.13,1.08,1.13,0,0
CCS_PB,D,20200211,000000,1.15,1.16,1.15,1.16,0,0
CCS_PB,D,20200212,000000,1.19,1.19,1.19,1.19,0,0
CCS_PB,D,20200214,000000,1.25,1.3,1.25,1.26,0,0
CCS_PB,D,20200217,000000,1.3,1.3,1.26,1.26,0,0
CCS_PB,D,20200218,000000,1.26,1.26,1.26,1.26,0,0
CCS_PB,D,20200219,000000,1.26,1.26,1.25,1.25,0,0
CCS_PB,D,20200220,000000,1.19,1.19,1.19,1.19,0,0
CCS_PB,D,20200224,000000,1.16,1.16,1.04,1.04,0,0
CCS_PB,D,20200226,000000,1.05,1.05,1.02,1.02,0,0
CCS_PB,D,20200302,000000,1.02,1.02,1.02,1.02,0,0
CCS_PB,D,20200304,000000,0.94,0.96,0.94,0.96,0,0
CCS_PB,D,20200306,000000,1.06,1.06,1.06,1.06,0,0
CCS_PB,D,20200309,000000,0.88,1.07,0.88,1.07,0,0
CCS_PB,D,20200313,000000,0.88,1.02,0.88,1.02,0,0
CCS_PB,D,20200319,000000,0.83,0.85,0.83,0.85,0,0
CCS_PB,D,20200320,000000,0.87,0.87,0.84,0.84,0,0
CCS_PB,D,20200323,000000,0.77,0.77,0.75,0.75,0,0
CCS_PB,D,20200324,000000,0.75,0.77,0.75,0.77,0,0
CCS_PB,D,20200325,000000,0.75,0.75,0.75,0.75,0,0
CCS_PB,D,20200327,000000,0.75,0.75,0.75,0.75,0,0
CCS_PB,D,20200330,000000,0.72,0.72,0.72,0.72,0,0
CCS_PB,D,20200403,000000,0.8,0.8,0.8,0.8,0,0
CCS_PB,D,20200407,000000,0.8,0.8,0.72,0.8,0,0
CCS_PB,D,20200415,000000,0.8,0.8,0.8,0.8,0,0
CCS_PB,D,20200416,000000,0.75,0.75,0.75,0.75,0,0
CCS_PB,D,20200421,000000,0.75,0.75,0.75,0.75,0,0
CCS_PB,D,20200422,000000,0.75,0.75,0.73,0.73,0,0
CCS_PB,D,20200423,000000,0.73,0.73,0.73,0.73,0,0
CCS_PB,D,20200424,000000,0.73,0.73,0.73,0.73,0,0
CCS_PB,D,20200427,000000,0.75,0.75,0.75,0.75,0,0
CCS_PB,D,20200429,000000,0.73,0.73,0.73,0.73,0,0
CCS_PB,D,20200430,000000,0.73,0.73,0.73,0.73,0,0
CCS_PB,D,20200507,000000,0.72,0.72,0.72,0.72,0,0
CCS_PB,D,20200508,000000,0.72,0.72,0.72,0.72,0,0
CCS_PB,D,20200511,000000,0.69,0.73,0.68,0.73,0,0
CCS_PB,D,20200513,000000,0.73,0.73,0.73,0.73,0,0
CCS_PB,D,20200514,000000,0.77,0.82,0.77,0.82,0,0
CCS_PB,D,20200515,000000,0.88,0.93,0.88,0.93,0,0
CCS_PB,D,20200518,000000,0.92,0.97,0.92,0.95,0,0
CCS_PB,D,20200519,000000,0.93,0.93,0.93,0.93,0,0
CCS_PB,D,20200521,000000,0.91,1.09,0.91,0.98,0,0
CCS_PB,D,20200522,000000,0.98,0.98,0.96,0.96,0,0
CCS_PB,D,20200529,000000,1.06,1.09,1.04,1.04,0,0
CCS_PB,D,20200601,000000,1.02,1.02,0.99,1.02,0,0
CCS_PB,D,20200602,000000,1.02,1.02,1.02,1.02,0,0
CCS_PB,D,20200603,000000,0.98,0.98,0.98,0.98,0,0
CCS_PB,D,20200605,000000,0.91,0.95,0.83,0.95,0,0
CCS_PB,D,20200608,000000,0.93,0.93,0.91,0.91,0,0
CCS_PB,D,20200610,000000,0.91,0.91,0.91,0.91,0,0
CCS_PB,D,20200612,000000,0.91,0.91,0.91,0.91,0,0
CCS_PB,D,20200615,000000,0.86,0.86,0.86,0.86,0,0
CCS_PB,D,20200616,000000,0.88,0.88,0.88,0.88,0,0
CCS_PB,D,20200624,000000,0.94,0.94,0.94,0.94,0,0
CCS_PB,D,20200625,000000,0.87,0.87,0.86,0.86,0,0
CCS_PB,D,20200626,000000,0.86,0.86,0.86,0.86,0,0
CCS_PB,D,20200702,000000,0.91,0.91,0.91,0.91,0,0
CCS_PB,D,20200703,000000,0.91,0.91,0.91,0.91,0,0
CCS_PB,D,20200709,000000,0.91,1.09,0.91,1.06,0,0
CCS_PB,D,20200710,000000,1.09,1.11,1.09,1.11,0,0
CCS_PB,D,20200713,000000,1.11,1.24,1.11,1.21,0,0
CCS_PB,D,20200714,000000,1.14,1.34,1.14,1.26,0,0
CCS_PB,D,20200715,000000,1.31,1.34,1.31,1.32,0,0
CCS_PB,D,20200716,000000,1.32,1.32,1.21,1.21,0,0
CCS_PB,D,20200717,000000,1.32,1.59,1.32,1.59,0,0
CCS_PB,D,20200720,000000,1.44,1.64,1.42,1.64,0,0
CCS_PB,D,20200721,000000,1.64,1.79,1.44,1.74,0,0
CCS_PB,D,20200722,000000,1.7,1.82,1.7,1.8,0,0
CCS_PB,D,20200723,000000,1.77,1.77,1.57,1.65,0,0
CCS_PB,D,20200724,000000,1.57,1.65,1.57,1.65,0,0
CCS_PB,D,20200727,000000,1.65,1.77,1.65,1.77,0,0
CCS_PB,D,20200728,000000,1.77,1.9,1.65,1.87,0,0
CCS_PB,D,20200729,000000,1.82,2,1.74,1.97,0,0
CCS_PB,D,20200730,000000,1.9,1.9,1.82,1.84,0,0
CCS_PB,D,20200731,000000,1.82,1.9,1.82,1.9,0,0
CCS_PB,D,20200803,000000,2.05,2.05,1.9,1.9,0,0
CCS_PB,D,20200804,000000,1.97,1.98,1.9,1.9,0,0
CCS_PB,D,20200806,000000,1.9,2.05,1.85,1.97,0,0
CCS_PB,D,20200807,000000,1.95,2.05,1.95,2.05,0,0
CCS_PB,D,20200810,000000,2.05,2.25,2.05,2.25,0,0
CCS_PB,D,20200811,000000,1.98,2.18,1.9,1.98,0,0
CCS_PB,D,20200812,000000,2.07,2.15,2.07,2.15,0,0
CCS_PB,D,20200813,000000,2.15,2.15,1.9,1.98,0,0
CCS_PB,D,20200814,000000,2.07,2.25,1.96,1.96,0,0
CCS_PB,D,20200817,000000,1.89,1.89,1.81,1.89,0,0
CCS_PB,D,20200818,000000,1.81,1.81,1.81,1.81,0,0
CCS_PB,D,20200819,000000,1.81,1.81,1.75,1.81,0,0
CCS_PB,D,20200820,000000,1.81,1.81,1.81,1.81,0,0
CCS_PB,D,20200821,000000,1.81,1.84,1.75,1.78,0,0
CCS_PB,D,20200824,000000,1.81,1.84,1.81,1.83,0,0
CCS_PB,D,20200825,000000,1.75,1.75,1.75,1.75,0,0
CCS_PB,D,20200826,000000,1.74,1.74,1.66,1.66,0,0
CCS_PB,D,20200827,000000,1.66,1.81,1.66,1.81,0,0
CCS_PB,D,20200831,000000,1.74,1.74,1.69,1.69,0,0
CCS_PB,D,20200901,000000,1.8,1.81,1.74,1.74,0,0
CCS_PB,D,20200902,000000,1.8,1.8,1.75,1.75,0,0
CCS_PB,D,20200903,000000,1.8,1.8,1.75,1.75,0,0
CCS_PB,D,20200904,000000,1.74,1.74,1.66,1.66,0,0
CCS_PB,D,20200908,000000,1.68,1.68,1.59,1.59,0,0
CCS_PB,D,20200909,000000,1.59,1.72,1.59,1.72,0,0
CCS_PB,D,20200910,000000,1.59,1.59,1.59,1.59,0,0
CCS_PB,D,20200914,000000,1.53,1.53,1.51,1.51,0,0
CCS_PB,D,20200915,000000,1.53,1.53,1.51,1.51,0,0
CCS_PB,D,20200916,000000,1.44,1.44,1.44,1.44,0,0
CCS_PB,D,20200918,000000,1.44,1.44,1.42,1.42,0,0
CCS_PB,D,20200922,000000,1.42,1.42,1.42,1.42,0,0
CCS_PB,D,20200923,000000,1.44,1.54,1.44,1.54,0,0
CCS_PB,D,20200924,000000,1.63,1.65,1.63,1.65,0,0
CCS_PB,D,20200925,000000,1.65,1.65,1.65,1.65,0,0
CCS_PB,D,20200928,000000,1.51,1.54,1.5,1.53,0,0
CCS_PB,D,20200930,000000,1.53,1.53,1.53,1.53,0,0
CCS_PB,D,20201002,000000,1.63,1.65,1.63,1.65,0,0
CCS_PB,D,20201005,000000,1.65,1.75,1.65,1.66,0,0
CCS_PB,D,20201006,000000,1.66,1.78,1.66,1.78,0,0
CCS_PB,D,20201008,000000,1.68,1.68,1.66,1.66,0,0
CCS_PB,D,20201015,000000,1.66,1.66,1.59,1.59,0,0
CCS_PB,D,20201016,000000,1.54,1.56,1.45,1.53,0,0
