<TICKER>,<PER>,<DATE>,<TIME>,<OPEN>,<HIGH>,<LOW>,<CLOSE>,<VOL>,<OPENINT>
FOX_PE,D,20120215,000000,98.509,98.509,98.509,98.509,0,0
FOX_PE,D,20120216,000000,110.53,110.53,90.202,90.3,0,0
FOX_PE,D,20120217,000000,104.67,104.67,81.407,101.93,0,0
FOX_PE,D,20120220,000000,99.486,99.486,87.27,87.368,0,0
FOX_PE,D,20120221,000000,87.27,87.27,75.641,75.739,0,0
FOX_PE,D,20120222,000000,75.641,75.641,69.777,73.98,0,0
FOX_PE,D,20120223,000000,79.648,79.648,66.943,67.041,0,0
FOX_PE,D,20120224,000000,79.648,79.648,66.943,67.041,0,0
FOX_PE,D,20120227,000000,65.184,75.055,65.184,67.041,0,0
FOX_PE,D,20120228,000000,69.777,69.875,67.432,69.875,0,0
FOX_PE,D,20120229,000000,74.468,74.566,74.468,74.566,0,0
FOX_PE,D,20120301,000000,64.011,72.709,64.011,64.109,0,0
FOX_PE,D,20120302,000000,72.709,72.709,51.209,64.109,0,0
FOX_PE,D,20120305,000000,62.252,62.35,62.252,62.35,0,0
FOX_PE,D,20120306,000000,52.968,62.252,52.968,61.764,0,0
FOX_PE,D,20120307,000000,55.216,61.764,52.382,61.764,0,0
FOX_PE,D,20120308,000000,59.32,69.191,59.32,66.455,0,0
FOX_PE,D,20120309,000000,67.432,67.627,67.432,67.627,0,0
FOX_PE,D,20120312,000000,55.216,61.764,55.216,61.764,0,0
FOX_PE,D,20120313,000000,55.802,64.011,49.45,49.548,0,0
FOX_PE,D,20120314,000000,56.389,56.389,52.382,52.48,0,0
FOX_PE,D,20120315,000000,50.036,50.623,46.518,46.616,0,0
FOX_PE,D,20120316,000000,43,47.691,42.511,46.616,0,0
FOX_PE,D,20120319,000000,37.82,46.518,37.234,39.58,0,0
FOX_PE,D,20120320,000000,40.166,43.684,39.58,43.684,0,0
FOX_PE,D,20120321,000000,46.518,46.518,37.234,41.925,0,0
FOX_PE,D,20120322,000000,36.648,36.648,33.716,34.986,0,0
FOX_PE,D,20120323,000000,36.061,36.061,29.123,29.123,0,0
FOX_PE,D,20120326,000000,23.259,41.925,23.259,39.58,0,0
FOX_PE,D,20120327,000000,47.105,50.623,45.932,46.03,0,0
FOX_PE,D,20120328,000000,44.759,47.202,37.234,47.202,0,0
FOX_PE,D,20120329,000000,52.382,52.382,43.586,48.961,0,0
FOX_PE,D,20120330,000000,48.864,48.864,44.759,47.789,0,0
FOX_PE,D,20120402,000000,47.691,47.691,43,46.616,0,0
FOX_PE,D,20120403,000000,43.586,46.03,40.752,46.03,0,0
FOX_PE,D,20120404,000000,45.932,45.932,41.339,45.443,0,0
FOX_PE,D,20120405,000000,44.759,44.857,44.759,44.857,0,0
FOX_PE,D,20120410,000000,44.173,48.864,44.173,46.03,0,0
FOX_PE,D,20120411,000000,43.586,46.03,42.511,46.03,0,0
FOX_PE,D,20120412,000000,45.932,48.277,45.932,46.616,0,0
FOX_PE,D,20120413,000000,44.759,45.443,43.586,45.443,0,0
FOX_PE,D,20120416,000000,43.586,47.789,42.511,47.789,0,0
FOX_PE,D,20120417,000000,42.511,42.511,42.511,42.511,0,0
FOX_PE,D,20120418,000000,43,45.932,40.752,40.752,0,0
FOX_PE,D,20120419,000000,43,45.443,37.234,45.443,0,0
FOX_PE,D,20120423,000000,37.82,37.918,37.82,37.918,0,0
FOX_PE,D,20120424,000000,37.82,42.511,37.82,42.511,0,0
FOX_PE,D,20120425,000000,45.932,45.932,34.889,43.098,0,0
FOX_PE,D,20120426,000000,41.925,41.925,41.925,41.925,0,0
FOX_PE,D,20120427,000000,44.759,44.857,44.759,44.857,0,0
FOX_PE,D,20120430,000000,45.932,45.932,37.82,45.443,0,0
FOX_PE,D,20120502,000000,40.752,44.857,40.752,44.857,0,0
FOX_PE,D,20120504,000000,43,43.098,43,43.098,0,0
FOX_PE,D,20120507,000000,45.932,45.932,43.586,43.684,0,0
FOX_PE,D,20120509,000000,43.586,44.759,43.586,43.684,0,0
FOX_PE,D,20120510,000000,43.586,43.684,43.586,43.684,0,0
FOX_PE,D,20120511,000000,36.648,43.098,34.889,43.098,0,0
FOX_PE,D,20120514,000000,34.889,42.511,34.889,42.511,0,0
FOX_PE,D,20120515,000000,37.82,41.339,34.302,41.339,0,0
FOX_PE,D,20120516,000000,41.339,41.339,33.716,40.752,0,0
FOX_PE,D,20120517,000000,31.957,38.993,31.957,38.407,0,0
FOX_PE,D,20120522,000000,38.407,38.407,38.407,38.407,0,0
FOX_PE,D,20120524,000000,38.993,78.084,38.993,78.084,0,0
FOX_PE,D,20120529,000000,62.839,74.566,62.839,74.566,0,0
FOX_PE,D,20120531,000000,67.432,75.739,67.432,75.739,0,0
FOX_PE,D,20120601,000000,66.357,66.455,66.357,66.455,0,0
FOX_PE,D,20120604,000000,64.011,66.455,64.011,66.455,0,0
FOX_PE,D,20120605,000000,66.357,67.627,66.357,67.627,0,0
FOX_PE,D,20120613,000000,66.357,66.455,66.357,66.455,0,0
FOX_PE,D,20120614,000000,66.357,66.455,66.357,66.455,0,0
FOX_PE,D,20120615,000000,66.357,66.455,66.357,66.455,0,0
FOX_PE,D,20120619,000000,69.777,85.023,69.777,85.023,0,0
FOX_PE,D,20120622,000000,83.752,83.85,83.752,83.85,0,0
FOX_PE,D,20120626,000000,78.084,78.084,78.084,78.084,0,0
FOX_PE,D,20120628,000000,76.814,76.911,76.814,76.911,0,0
FOX_PE,D,20120629,000000,75.641,75.739,75.641,75.739,0,0
FOX_PE,D,20120702,000000,75.641,85.023,75.641,85.023,0,0
FOX_PE,D,20120703,000000,74.468,83.85,74.468,83.85,0,0
FOX_PE,D,20120704,000000,84.925,84.925,84.925,84.925,0,0
FOX_PE,D,20120706,000000,85.805,86.098,85.805,86.098,0,0
FOX_PE,D,20120713,000000,67.92,82.482,67.92,82.482,0,0
FOX_PE,D,20120803,000000,59.809,59.809,59.809,59.809,0,0
FOX_PE,D,20120806,000000,59.614,64.402,59.614,64.402,0,0
FOX_PE,D,20120809,000000,64.402,64.598,64.402,64.598,0,0
FOX_PE,D,20120821,000000,52.48,73.882,52.48,71.732,0,0
FOX_PE,D,20120822,000000,57.17,59.809,48.864,59.809,0,0
FOX_PE,D,20120823,000000,58.441,58.636,58.441,58.636,0,0
FOX_PE,D,20120828,000000,55.02,71.243,55.02,71.243,0,0
FOX_PE,D,20120904,000000,67.236,71.243,67.236,71.243,0,0
FOX_PE,D,20120906,000000,69.68,69.973,69.68,69.973,0,0
FOX_PE,D,20120910,000000,70.852,70.852,69.68,69.973,0,0
FOX_PE,D,20120911,000000,70.852,71.243,70.852,71.243,0,0
FOX_PE,D,20120913,000000,65.966,66.357,65.966,66.357,0,0
FOX_PE,D,20120914,000000,70.852,70.852,65.966,69.973,0,0
FOX_PE,D,20120917,000000,70.852,71.243,70.852,71.243,0,0
FOX_PE,D,20120918,000000,70.852,71.243,70.852,71.243,0,0
FOX_PE,D,20120921,000000,70.852,71.243,70.852,71.243,0,0
FOX_PE,D,20121002,000000,55.02,71.243,55.02,71.243,0,0
FOX_PE,D,20121005,000000,61.08,71.243,61.08,71.243,0,0
FOX_PE,D,20121008,000000,55.02,68.8,55.02,68.8,0,0
FOX_PE,D,20121010,000000,62.35,62.643,62.35,62.643,0,0
FOX_PE,D,20121018,000000,62.35,68.409,51.307,67.53,0,0
FOX_PE,D,20121024,000000,67.236,67.53,67.236,67.53,0,0
FOX_PE,D,20121026,000000,67.236,67.53,67.236,67.53,0,0
FOX_PE,D,20121029,000000,67.236,67.236,61.08,61.373,0,0
FOX_PE,D,20121031,000000,63.523,71.243,63.523,71.243,0,0
FOX_PE,D,20121107,000000,71.243,71.243,71.243,71.243,0,0
FOX_PE,D,20121113,000000,57.464,58.93,57.464,58.93,0,0
FOX_PE,D,20121114,000000,57.464,58.93,52.577,58.93,0,0
FOX_PE,D,20121121,000000,58.636,58.93,58.636,58.93,0,0
FOX_PE,D,20121128,000000,58.93,58.93,58.93,58.93,0,0
FOX_PE,D,20121130,000000,56.193,56.486,56.193,56.486,0,0
FOX_PE,D,20121204,000000,50.134,50.33,50.134,50.33,0,0
FOX_PE,D,20121205,000000,57.464,57.757,57.464,57.757,0,0
FOX_PE,D,20121211,000000,53.75,53.75,52.577,52.773,0,0
FOX_PE,D,20121212,000000,56.486,56.486,56.486,56.486,0,0
FOX_PE,D,20121217,000000,28.732,28.83,28.732,28.83,0,0
FOX_PE,D,20121218,000000,27.461,27.559,27.461,27.559,0,0
FOX_PE,D,20121219,000000,27.657,27.657,27.559,27.559,0,0
FOX_PE,D,20121220,000000,27.657,28.243,27.559,27.559,0,0
FOX_PE,D,20121221,000000,28.243,28.243,27.657,28.145,0,0
FOX_PE,D,20130102,000000,28.145,28.145,28.145,28.145,0,0
FOX_PE,D,20130104,000000,33.227,33.325,33.227,33.325,0,0
FOX_PE,D,20130107,000000,33.423,38.407,33.423,38.407,0,0
FOX_PE,D,20130108,000000,41.534,42.12,41.534,41.632,0,0
FOX_PE,D,20130109,000000,42.805,42.805,42.12,42.218,0,0
FOX_PE,D,20130110,000000,41.534,41.632,41.534,41.632,0,0
FOX_PE,D,20130114,000000,36.452,42.218,36.452,42.218,0,0
FOX_PE,D,20130115,000000,42.12,42.902,41.534,42.902,0,0
FOX_PE,D,20130116,000000,44.173,44.173,44.173,44.173,0,0
FOX_PE,D,20130118,000000,43.391,43.391,43.391,43.391,0,0
FOX_PE,D,20130121,000000,43.391,43.489,43.391,43.489,0,0
FOX_PE,D,20130123,000000,44.075,44.173,44.075,44.173,0,0
FOX_PE,D,20130124,000000,44.759,44.759,44.759,44.759,0,0
FOX_PE,D,20130128,000000,43.391,44.759,43.391,44.759,0,0
FOX_PE,D,20130129,000000,44.075,44.075,43.489,43.489,0,0
FOX_PE,D,20130130,000000,43.391,46.03,43.391,43.489,0,0
FOX_PE,D,20130131,000000,46.03,46.714,42.12,46.714,0,0
FOX_PE,D,20130201,000000,46.03,46.127,46.03,46.127,0,0
FOX_PE,D,20130204,000000,46.03,46.127,46.03,46.127,0,0
FOX_PE,D,20130205,000000,46.03,46.127,46.03,46.127,0,0
FOX_PE,D,20130207,000000,46.03,46.127,46.03,46.127,0,0
FOX_PE,D,20130208,000000,46.03,46.127,46.03,46.127,0,0
FOX_PE,D,20130211,000000,44.759,44.759,44.759,44.759,0,0
FOX_PE,D,20130212,000000,44.759,44.759,44.759,44.759,0,0
FOX_PE,D,20130214,000000,46.03,46.127,46.03,46.127,0,0
FOX_PE,D,20130215,000000,46.03,46.127,46.03,46.127,0,0
FOX_PE,D,20130218,000000,46.03,46.03,11.141,11.141,0,0
FOX_PE,D,20130219,000000,10.848,10.848,10.848,10.848,0,0
FOX_PE,D,20130220,000000,10.848,11.141,10.555,10.555,0,0
FOX_PE,D,20130221,000000,10.848,10.848,10.848,10.848,0,0
FOX_PE,D,20130222,000000,11.043,11.63,9.577,11.434,0,0
FOX_PE,D,20130225,000000,10.945,11.434,10.945,11.434,0,0
FOX_PE,D,20130226,000000,11.727,13.291,11.727,12.705,0,0
FOX_PE,D,20130227,000000,12.9,12.9,12.802,12.802,0,0
FOX_PE,D,20130228,000000,11.141,11.727,10.945,11.727,0,0
FOX_PE,D,20130301,000000,10.945,10.945,10.945,10.945,0,0
FOX_PE,D,20130304,000000,10.652,10.652,10.652,10.652,0,0
FOX_PE,D,20130305,000000,10.652,10.652,9.87,9.87,0,0
FOX_PE,D,20130306,000000,11.434,11.434,10.066,10.066,0,0
FOX_PE,D,20130307,000000,11.434,11.923,11.434,11.923,0,0
FOX_PE,D,20130311,000000,11.141,11.336,11.141,11.239,0,0
FOX_PE,D,20130312,000000,9.675,10.945,9.1864,10.945,0,0
FOX_PE,D,20130313,000000,10.652,10.652,10.652,10.652,0,0
FOX_PE,D,20130314,000000,10.848,10.848,10.848,10.848,0,0
FOX_PE,D,20130315,000000,10.848,10.848,10.848,10.848,0,0
FOX_PE,D,20130318,000000,10.555,10.555,10.555,10.555,0,0
FOX_PE,D,20130319,000000,10.848,10.848,10.848,10.848,0,0
FOX_PE,D,20130320,000000,10.848,10.848,10.848,10.848,0,0
FOX_PE,D,20130325,000000,10.848,10.848,10.848,10.848,0,0
FOX_PE,D,20130326,000000,10.848,10.848,10.848,10.848,0,0
FOX_PE,D,20130327,000000,10.848,10.848,10.848,10.848,0,0
FOX_PE,D,20130328,000000,10.848,10.848,10.066,10.848,0,0
FOX_PE,D,20130402,000000,10.848,10.848,9.2841,10.652,0,0
FOX_PE,D,20130403,000000,10.652,10.652,10.652,10.652,0,0
FOX_PE,D,20130404,000000,10.652,10.848,10.457,10.652,0,0
FOX_PE,D,20130405,000000,10.652,10.652,10.164,10.164,0,0
FOX_PE,D,20130408,000000,10.164,10.164,10.164,10.164,0,0
FOX_PE,D,20130409,000000,10.164,10.164,10.164,10.164,0,0
FOX_PE,D,20130410,000000,10.164,10.164,9.3818,10.066,0,0
FOX_PE,D,20130411,000000,10.652,10.652,8.9909,8.9909,0,0
FOX_PE,D,20130412,000000,9.773,9.773,9.773,9.773,0,0
FOX_PE,D,20130415,000000,10.066,10.066,10.066,10.066,0,0
FOX_PE,D,20130417,000000,10.066,10.066,10.066,10.066,0,0
FOX_PE,D,20130418,000000,10.066,10.066,10.066,10.066,0,0
FOX_PE,D,20130419,000000,10.066,10.066,8.5023,8.5023,0,0
FOX_PE,D,20130422,000000,9.577,9.577,7.4273,7.4273,0,0
FOX_PE,D,20130423,000000,8.3068,8.3068,7.1341,7.9159,0,0
FOX_PE,D,20130424,000000,7.9159,7.9159,6.45,6.45,0,0
FOX_PE,D,20130425,000000,6.7432,7.9159,6.7432,7.9159,0,0
FOX_PE,D,20130426,000000,6.9386,7.6227,6.9386,6.9386,0,0
FOX_PE,D,20130429,000000,7.525,7.6227,6.6455,7.6227,0,0
FOX_PE,D,20130430,000000,7.6227,7.6227,6.6455,7.6227,0,0
FOX_PE,D,20130502,000000,6.6455,7.6227,6.6455,7.6227,0,0
FOX_PE,D,20130506,000000,6.6455,6.6455,6.6455,6.6455,0,0
FOX_PE,D,20130507,000000,7.6227,7.6227,6.6455,6.6455,0,0
FOX_PE,D,20130508,000000,7.6227,7.6227,6.6455,6.6455,0,0
FOX_PE,D,20130509,000000,7.6227,7.6227,6.45,6.45,0,0
FOX_PE,D,20130510,000000,6.45,6.45,5.6682,6.45,0,0
FOX_PE,D,20130513,000000,6.45,6.45,5.5705,5.5705,0,0
FOX_PE,D,20130514,000000,6.3523,7.2318,5.5705,7.2318,0,0
FOX_PE,D,20130515,000000,7.525,7.525,6.1568,6.1568,0,0
FOX_PE,D,20130516,000000,5.9614,6.0591,5.9614,6.0591,0,0
FOX_PE,D,20130517,000000,6.2545,7.4273,6.2545,7.4273,0,0
FOX_PE,D,20130520,000000,6.0591,7.1341,6.0591,7.1341,0,0
FOX_PE,D,20130521,000000,7.1341,7.1341,6.0591,7.1341,0,0
FOX_PE,D,20130522,000000,6.0591,6.0591,6.0591,6.0591,0,0
FOX_PE,D,20130523,000000,6.0591,7.1341,6.0591,6.0591,0,0
FOX_PE,D,20130524,000000,6.2545,6.2545,6.1568,6.1568,0,0
FOX_PE,D,20130528,000000,6.1568,6.1568,6.1568,6.1568,0,0
FOX_PE,D,20130529,000000,7.2318,7.2318,7.2318,7.2318,0,0
FOX_PE,D,20130603,000000,8.0136,8.0136,6.45,8.0136,0,0
FOX_PE,D,20130604,000000,8.0136,8.0136,6.45,6.45,0,0
FOX_PE,D,20130605,000000,6.1568,56.78,6.1568,56.78,0,0
FOX_PE,D,20130606,000000,56.682,56.78,56.682,56.78,0,0
FOX_PE,D,20130610,000000,56.682,56.78,56.682,56.78,0,0
FOX_PE,D,20130611,000000,56.682,68.214,56.682,68.214,0,0
FOX_PE,D,20130612,000000,72.22,72.416,72.22,72.416,0,0
FOX_PE,D,20130613,000000,72.22,72.22,60.884,72.22,0,0
FOX_PE,D,20140226,000000,8.5023,8.5023,8.5023,8.5023,0,0
FOX_PE,D,20140227,000000,8.5023,8.5023,8.5023,8.5023,0,0
FOX_PE,D,20140228,000000,8.0136,8.5023,8.0136,8.4045,0,0
FOX_PE,D,20140303,000000,7.0364,8.4045,7.0364,8.2091,0,0
FOX_PE,D,20140304,000000,8.2091,8.2091,7.7205,8.2091,0,0
FOX_PE,D,20140305,000000,8.2091,8.2091,8.2091,8.2091,0,0
FOX_PE,D,20140306,000000,8.2091,8.2091,7.7205,8.1114,0,0
FOX_PE,D,20140307,000000,8.1114,8.1114,7.8182,8.1114,0,0
FOX_PE,D,20140310,000000,8.1114,8.1114,7.8182,8.1114,0,0
FOX_PE,D,20140311,000000,8.1114,8.1114,7.525,8.1114,0,0
FOX_PE,D,20140312,000000,8.1114,8.1114,8.1114,8.1114,0,0
FOX_PE,D,20140313,000000,8.1114,8.1114,7.8182,7.8182,0,0
FOX_PE,D,20140314,000000,7.8182,7.8182,7.8182,7.8182,0,0
FOX_PE,D,20140317,000000,7.525,8.1114,7.525,8.1114,0,0
FOX_PE,D,20140318,000000,8.1114,8.1114,8.1114,8.1114,0,0
FOX_PE,D,20140319,000000,8.1114,8.1114,7.525,7.9159,0,0
FOX_PE,D,20140320,000000,7.9159,7.9159,7.8182,7.8182,0,0
FOX_PE,D,20140321,000000,7.8182,7.8182,7.8182,7.8182,0,0
FOX_PE,D,20140324,000000,7.8182,7.8182,7.8182,7.8182,0,0
FOX_PE,D,20140325,000000,7.8182,7.8182,7.8182,7.8182,0,0
FOX_PE,D,20140326,000000,7.8182,7.8182,7.8182,7.8182,0,0
FOX_PE,D,20140327,000000,7.8182,7.8182,7.8182,7.8182,0,0
FOX_PE,D,20140328,000000,7.8182,7.8182,7.8182,7.8182,0,0
FOX_PE,D,20140331,000000,7.8182,7.8182,7.8182,7.8182,0,0
FOX_PE,D,20140401,000000,7.8182,7.8182,7.6227,7.6227,0,0
FOX_PE,D,20140402,000000,7.8182,7.8182,7.6227,7.6227,0,0
FOX_PE,D,20140403,000000,7.6227,7.6227,7.6227,7.6227,0,0
FOX_PE,D,20140404,000000,7.6227,7.6227,7.6227,7.6227,0,0
FOX_PE,D,20140407,000000,7.6227,7.6227,7.6227,7.6227,0,0
FOX_PE,D,20140408,000000,7.6227,7.6227,7.6227,7.6227,0,0
FOX_PE,D,20140409,000000,7.6227,7.6227,7.6227,7.6227,0,0
FOX_PE,D,20140410,000000,7.6227,7.6227,7.6227,7.6227,0,0
FOX_PE,D,20140411,000000,7.6227,7.6227,7.6227,7.6227,0,0
FOX_PE,D,20140414,000000,7.6227,7.6227,7.6227,7.6227,0,0
FOX_PE,D,20140415,000000,7.6227,7.6227,7.6227,7.6227,0,0
FOX_PE,D,20140416,000000,7.6227,7.6227,7.4273,7.525,0,0
FOX_PE,D,20140417,000000,7.525,7.525,7.525,7.525,0,0
FOX_PE,D,20140422,000000,7.525,7.525,7.525,7.525,0,0
FOX_PE,D,20140423,000000,7.525,7.525,7.3295,7.3295,0,0
FOX_PE,D,20140424,000000,6.7432,7.3295,6.7432,7.3295,0,0
FOX_PE,D,20140425,000000,7.2318,7.2318,7.2318,7.2318,0,0
FOX_PE,D,20140428,000000,7.0364,7.2318,5.7659,6.9386,0,0
FOX_PE,D,20140429,000000,6.9386,6.9386,6.9386,6.9386,0,0
FOX_PE,D,20140430,000000,6.9386,7.525,6.9386,7.525,0,0
FOX_PE,D,20140502,000000,7.525,7.525,7.525,7.525,0,0
FOX_PE,D,20140505,000000,7.525,7.525,6.0591,7.2318,0,0
FOX_PE,D,20140506,000000,7.2318,7.2318,7.2318,7.2318,0,0
FOX_PE,D,20140507,000000,7.2318,7.2318,7.2318,7.2318,0,0
FOX_PE,D,20140508,000000,7.2318,7.2318,6.0591,7.2318,0,0
FOX_PE,D,20140509,000000,6.7432,6.7432,6.7432,6.7432,0,0
FOX_PE,D,20140512,000000,6.7432,6.7432,6.7432,6.7432,0,0
FOX_PE,D,20140513,000000,6.7432,6.7432,6.7432,6.7432,0,0
FOX_PE,D,20140514,000000,6.7432,6.7432,6.7432,6.7432,0,0
FOX_PE,D,20140515,000000,6.7432,7.2318,6.7432,7.2318,0,0
FOX_PE,D,20140516,000000,7.2318,7.2318,7.2318,7.2318,0,0
FOX_PE,D,20140519,000000,7.2318,7.2318,7.2318,7.2318,0,0
FOX_PE,D,20140520,000000,7.2318,7.2318,7.2318,7.2318,0,0
FOX_PE,D,20140521,000000,7.2318,7.2318,7.2318,7.2318,0,0
FOX_PE,D,20140522,000000,7.2318,7.2318,7.2318,7.2318,0,0
FOX_PE,D,20140523,000000,7.2318,7.2318,5.9614,5.9614,0,0
FOX_PE,D,20140526,000000,5.9614,7.2318,5.9614,7.2318,0,0
FOX_PE,D,20140527,000000,7.2318,7.2318,7.2318,7.2318,0,0
FOX_PE,D,20140528,000000,7.2318,11.825,7.2318,11.825,0,0
FOX_PE,D,20140529,000000,11.825,11.825,11.825,11.825,0,0
FOX_PE,D,20140530,000000,11.825,11.825,11.825,11.825,0,0
FOX_PE,D,20140602,000000,11.825,11.825,11.825,11.825,0,0
FOX_PE,D,20140603,000000,11.825,11.825,11.825,11.825,0,0
FOX_PE,D,20140604,000000,11.825,11.825,11.825,11.825,0,0
FOX_PE,D,20140605,000000,11.825,11.825,11.825,11.825,0,0
FOX_PE,D,20140606,000000,11.825,11.825,11.825,11.825,0,0
FOX_PE,D,20140609,000000,11.825,11.825,11.825,11.825,0,0
FOX_PE,D,20140610,000000,11.825,11.825,11.825,11.825,0,0
FOX_PE,D,20140611,000000,11.825,11.825,11.825,11.825,0,0
FOX_PE,D,20140612,000000,11.825,11.825,11.825,11.825,0,0
FOX_PE,D,20140613,000000,11.825,11.825,11.825,11.825,0,0
FOX_PE,D,20140616,000000,11.825,11.825,11.825,11.825,0,0
FOX_PE,D,20140617,000000,11.825,11.825,5.2773,5.2773,0,0
FOX_PE,D,20140618,000000,5.2773,5.2773,5.2773,5.2773,0,0
FOX_PE,D,20140620,000000,5.2773,5.2773,5.2773,5.2773,0,0
FOX_PE,D,20140623,000000,5.2773,5.2773,5.2773,5.2773,0,0
FOX_PE,D,20140624,000000,5.2773,5.2773,4.5932,5.2773,0,0
FOX_PE,D,20140625,000000,5.2773,5.2773,4.5932,5.2773,0,0
FOX_PE,D,20140626,000000,5.2773,5.2773,4.4955,5.2773,0,0
FOX_PE,D,20140627,000000,5.2773,5.2773,5.2773,5.2773,0,0
FOX_PE,D,20140630,000000,5.2773,5.2773,5.2773,5.2773,0,0
FOX_PE,D,20140701,000000,5.2773,5.2773,5.2773,5.2773,0,0
FOX_PE,D,20140702,000000,5.1795,5.1795,5.1795,5.1795,0,0
FOX_PE,D,20140703,000000,5.1795,5.1795,5.1795,5.1795,0,0
FOX_PE,D,20140704,000000,5.1795,5.1795,5.1795,5.1795,0,0
FOX_PE,D,20140707,000000,5.1795,5.1795,4.9841,4.9841,0,0
FOX_PE,D,20140708,000000,4.9841,4.9841,4.9841,4.9841,0,0
FOX_PE,D,20140709,000000,4.9841,4.9841,4.9841,4.9841,0,0
FOX_PE,D,20140710,000000,4.9841,4.9841,4.9841,4.9841,0,0
FOX_PE,D,20140711,000000,4.9841,4.9841,4.9841,4.9841,0,0
FOX_PE,D,20140714,000000,4.9841,4.9841,4.9841,4.9841,0,0
FOX_PE,D,20140715,000000,4.9841,4.9841,4.9841,4.9841,0,0
FOX_PE,D,20140716,000000,4.9841,4.9841,4.9841,4.9841,0,0
FOX_PE,D,20140717,000000,4.9841,4.9841,4.9841,4.9841,0,0
FOX_PE,D,20140718,000000,4.7886,4.7886,4.7886,4.7886,0,0
FOX_PE,D,20140721,000000,4.6909,4.6909,4.6909,4.6909,0,0
FOX_PE,D,20140722,000000,4.6909,4.6909,4.6909,4.6909,0,0
FOX_PE,D,20140723,000000,4.6909,4.6909,4.5932,4.5932,0,0
FOX_PE,D,20140724,000000,4.5932,4.5932,3.7136,4.3977,0,0
FOX_PE,D,20140725,000000,4.5932,4.5932,3.7136,3.7136,0,0
FOX_PE,D,20140729,000000,4.5932,4.5932,4.5932,4.5932,0,0
FOX_PE,D,20140730,000000,4.5932,4.5932,4.5932,4.5932,0,0
FOX_PE,D,20140731,000000,4.5932,4.5932,4.5932,4.5932,0,0
FOX_PE,D,20140801,000000,4.5932,4.5932,4.5932,4.5932,0,0
FOX_PE,D,20140804,000000,4.5932,4.5932,4.3977,4.3977,0,0
FOX_PE,D,20140805,000000,3.8114,3.8114,3.6159,3.8114,0,0
FOX_PE,D,20140806,000000,4.5932,4.7886,4.5932,4.5932,0,0
FOX_PE,D,20140807,000000,4.7886,4.7886,4.7886,4.7886,0,0
FOX_PE,D,20140808,000000,4.6909,4.6909,3.8114,4.3,0,0
FOX_PE,D,20140811,000000,4.3,4.3,4.3,4.3,0,0
FOX_PE,D,20140812,000000,4.3,4.3,4.3,4.3,0,0
FOX_PE,D,20140813,000000,4.3,4.3,4.3,4.3,0,0
FOX_PE,D,20140814,000000,4.3,4.3,3.5182,3.6159,0,0
FOX_PE,D,20140818,000000,4.3,4.3,4.3,4.3,0,0
FOX_PE,D,20140819,000000,4.3,4.3,3.5182,4.0068,0,0
FOX_PE,D,20140820,000000,4.1045,4.2023,4.1045,4.2023,0,0
FOX_PE,D,20140821,000000,4.2023,4.2023,3.6159,4.2023,0,0
FOX_PE,D,20140822,000000,4.2023,4.2023,4.2023,4.2023,0,0
FOX_PE,D,20140825,000000,4.2023,4.2023,4.2023,4.2023,0,0
FOX_PE,D,20140826,000000,4.2023,4.2023,4.2023,4.2023,0,0
FOX_PE,D,20140827,000000,4.2023,4.2023,4.2023,4.2023,0,0
FOX_PE,D,20140828,000000,4.2023,4.2023,4.2023,4.2023,0,0
FOX_PE,D,20140829,000000,3.6159,4.2023,3.6159,4.2023,0,0
FOX_PE,D,20140901,000000,4.2023,4.2023,4.2023,4.2023,0,0
FOX_PE,D,20140902,000000,4.2023,4.2023,4.2023,4.2023,0,0
FOX_PE,D,20140903,000000,4.2023,4.2023,4.0068,4.2023,0,0
FOX_PE,D,20140904,000000,4.2023,4.2023,4.1045,4.2023,0,0
FOX_PE,D,20140905,000000,4.2023,4.2023,4.2023,4.2023,0,0
FOX_PE,D,20140908,000000,4.2023,4.3,4.2023,4.3,0,0
FOX_PE,D,20140909,000000,4.3,4.3,4.3,4.3,0,0
FOX_PE,D,20140910,000000,4.3,4.7886,4.3,4.5932,0,0
FOX_PE,D,20140911,000000,4.5932,4.5932,4.5932,4.5932,0,0
FOX_PE,D,20140912,000000,4.5932,4.5932,4.5932,4.5932,0,0
FOX_PE,D,20140915,000000,4.5932,4.5932,4.5932,4.5932,0,0
FOX_PE,D,20140916,000000,4.5932,4.5932,3.4205,3.4205,0,0
FOX_PE,D,20140917,000000,3.4205,3.4205,3.4205,3.4205,0,0
FOX_PE,D,20140918,000000,3.4205,3.4205,3.3227,3.3227,0,0
FOX_PE,D,20140919,000000,3.3227,3.3227,3.1273,3.3227,0,0
FOX_PE,D,20140922,000000,3.3227,3.4205,3.3227,3.3227,0,0
FOX_PE,D,20140923,000000,3.3227,3.3227,3.3227,3.3227,0,0
FOX_PE,D,20140924,000000,3.3227,3.3227,3.3227,3.3227,0,0
FOX_PE,D,20140925,000000,3.3227,3.3227,2.8341,3.3227,0,0
FOX_PE,D,20140926,000000,3.225,3.4205,2.8341,2.8341,0,0
FOX_PE,D,20140929,000000,3.225,3.225,3.0295,3.225,0,0
FOX_PE,D,20140930,000000,3.225,3.225,3.225,3.225,0,0
FOX_PE,D,20141001,000000,3.225,3.225,3.225,3.225,0,0
FOX_PE,D,20141002,000000,3.225,3.225,3.225,3.225,0,0
FOX_PE,D,20141003,000000,3.225,3.225,3.225,3.225,0,0
FOX_PE,D,20141006,000000,3.225,3.225,3.1273,3.225,0,0
FOX_PE,D,20141007,000000,3.225,3.225,3.225,3.225,0,0
FOX_PE,D,20141008,000000,3.225,3.225,3.225,3.225,0,0
FOX_PE,D,20141009,000000,3.3227,3.4205,3.3227,3.4205,0,0
FOX_PE,D,20141010,000000,3.4205,3.4205,3.4205,3.4205,0,0
FOX_PE,D,20141013,000000,3.4205,3.4205,3.4205,3.4205,0,0
FOX_PE,D,20141014,000000,3.4205,3.4205,3.3227,3.3227,0,0
FOX_PE,D,20141015,000000,3.3227,3.3227,3.3227,3.3227,0,0
FOX_PE,D,20141016,000000,3.3227,3.3227,3.3227,3.3227,0,0
FOX_PE,D,20141017,000000,3.3227,3.3227,3.3227,3.3227,0,0
FOX_PE,D,20141020,000000,3.3227,3.3227,3.3227,3.3227,0,0
FOX_PE,D,20141021,000000,3.3227,3.3227,3.3227,3.3227,0,0
FOX_PE,D,20141022,000000,3.3227,3.4205,3.1273,3.225,0,0
FOX_PE,D,20141023,000000,3.4205,3.4205,3.3227,3.4205,0,0
FOX_PE,D,20141024,000000,3.4205,3.4205,3.4205,3.4205,0,0
FOX_PE,D,20141027,000000,3.4205,4.1045,3.4205,4.1045,0,0
FOX_PE,D,20141028,000000,4.3977,4.3977,3.6159,3.9091,0,0
FOX_PE,D,20141029,000000,3.9091,3.9091,3.3227,3.3227,0,0
FOX_PE,D,20141030,000000,3.9091,3.9091,3.9091,3.9091,0,0
FOX_PE,D,20141031,000000,3.9091,3.9091,3.9091,3.9091,0,0
FOX_PE,D,20141103,000000,3.8114,3.8114,3.7136,3.7136,0,0
FOX_PE,D,20141104,000000,3.7136,3.8114,3.7136,3.8114,0,0
FOX_PE,D,20141105,000000,3.7136,3.7136,3.7136,3.7136,0,0
FOX_PE,D,20141106,000000,3.7136,3.7136,3.225,3.7136,0,0
FOX_PE,D,20141107,000000,3.7136,3.7136,3.225,3.225,0,0
FOX_PE,D,20141110,000000,3.3227,3.7136,3.3227,3.7136,0,0
FOX_PE,D,20141112,000000,3.7136,3.7136,3.7136,3.7136,0,0
FOX_PE,D,20141113,000000,3.7136,3.7136,3.7136,3.7136,0,0
FOX_PE,D,20141114,000000,3.7136,4.3,3.7136,4.3,0,0
FOX_PE,D,20141117,000000,4.3977,4.6909,4.0068,4.4955,0,0
FOX_PE,D,20141118,000000,4.4955,4.4955,4.4955,4.4955,0,0
FOX_PE,D,20141119,000000,4.4955,4.4955,4.1045,4.3977,0,0
FOX_PE,D,20141120,000000,4.3977,4.3977,3.9091,4.1045,0,0
FOX_PE,D,20141121,000000,4.2023,4.2023,4.2023,4.2023,0,0
FOX_PE,D,20141124,000000,4.2023,4.2023,3.8114,3.9091,0,0
FOX_PE,D,20141125,000000,3.9091,3.9091,3.9091,3.9091,0,0
FOX_PE,D,20141126,000000,3.9091,3.9091,3.9091,3.9091,0,0
FOX_PE,D,20141127,000000,3.9091,3.9091,3.9091,3.9091,0,0
FOX_PE,D,20141128,000000,3.9091,3.9091,3.9091,3.9091,0,0
FOX_PE,D,20141201,000000,3.9091,3.9091,3.9091,3.9091,0,0
FOX_PE,D,20141202,000000,3.9091,4.1045,3.3227,4.1045,0,0
FOX_PE,D,20141203,000000,3.9091,4.0068,3.9091,3.9091,0,0
FOX_PE,D,20141204,000000,4.0068,4.0068,4.0068,4.0068,0,0
FOX_PE,D,20141205,000000,4.0068,4.2023,4.0068,4.2023,0,0
FOX_PE,D,20141208,000000,4.2023,4.2023,3.8114,3.8114,0,0
FOX_PE,D,20141209,000000,3.8114,3.8114,3.8114,3.8114,0,0
FOX_PE,D,20141210,000000,3.8114,3.8114,3.8114,3.8114,0,0
FOX_PE,D,20141211,000000,3.8114,3.8114,3.8114,3.8114,0,0
FOX_PE,D,20141212,000000,3.8114,3.8114,3.6159,3.7136,0,0
FOX_PE,D,20141215,000000,3.7136,3.7136,3.6159,3.6159,0,0
FOX_PE,D,20141216,000000,3.6159,3.6159,3.6159,3.6159,0,0
FOX_PE,D,20141217,000000,3.6159,3.6159,3.6159,3.6159,0,0
FOX_PE,D,20141218,000000,3.6159,3.6159,3.6159,3.6159,0,0
FOX_PE,D,20141219,000000,3.6159,3.6159,3.6159,3.6159,0,0
FOX_PE,D,20141222,000000,3.6159,3.6159,3.6159,3.6159,0,0
FOX_PE,D,20141223,000000,3.6159,3.6159,3.6159,3.6159,0,0
FOX_PE,D,20141229,000000,3.6159,3.6159,3.3227,3.5182,0,0
FOX_PE,D,20141230,000000,3.5182,3.5182,3.3227,3.5182,0,0
FOX_PE,D,20150102,000000,3.8114,3.8114,3.7136,3.7136,0,0
FOX_PE,D,20150105,000000,3.7136,3.7136,3.7136,3.7136,0,0
FOX_PE,D,20150107,000000,3.7136,3.7136,3.7136,3.7136,0,0
FOX_PE,D,20150108,000000,3.7136,3.7136,3.7136,3.7136,0,0
FOX_PE,D,20150109,000000,3.7136,3.7136,3.7136,3.7136,0,0
FOX_PE,D,20150112,000000,3.7136,3.7136,3.7136,3.7136,0,0
FOX_PE,D,20150113,000000,3.7136,3.7136,3.6159,3.6159,0,0
FOX_PE,D,20150114,000000,3.6159,3.6159,3.5182,3.5182,0,0
FOX_PE,D,20150115,000000,3.5182,3.5182,3.5182,3.5182,0,0
FOX_PE,D,20150116,000000,3.5182,3.5182,3.5182,3.5182,0,0
FOX_PE,D,20150119,000000,3.5182,3.5182,3.5182,3.5182,0,0
FOX_PE,D,20150120,000000,3.5182,3.5182,3.5182,3.5182,0,0
FOX_PE,D,20150121,000000,3.5182,3.5182,3.3227,3.5182,0,0
FOX_PE,D,20150122,000000,3.5182,3.5182,3.4205,3.4205,0,0
FOX_PE,D,20150123,000000,3.4205,3.4205,3.225,3.4205,0,0
FOX_PE,D,20150126,000000,3.5182,3.5182,3.5182,3.5182,0,0
FOX_PE,D,20150127,000000,3.5182,3.5182,3.3227,3.3227,0,0
FOX_PE,D,20150128,000000,3.5182,3.5182,3.3227,3.5182,0,0
FOX_PE,D,20150129,000000,3.5182,3.5182,3.5182,3.5182,0,0
FOX_PE,D,20150130,000000,3.5182,3.5182,3.3227,3.5182,0,0
FOX_PE,D,20150202,000000,3.5182,3.5182,3.5182,3.5182,0,0
FOX_PE,D,20150203,000000,3.5182,3.5182,3.225,3.4205,0,0
FOX_PE,D,20150204,000000,3.5182,3.5182,3.5182,3.5182,0,0
FOX_PE,D,20150205,000000,3.5182,3.5182,3.5182,3.5182,0,0
FOX_PE,D,20150206,000000,3.5182,3.5182,3.5182,3.5182,0,0
FOX_PE,D,20150209,000000,3.5182,3.5182,3.5182,3.5182,0,0
FOX_PE,D,20150210,000000,3.5182,3.5182,3.5182,3.5182,0,0
FOX_PE,D,20150211,000000,3.5182,3.5182,3.225,3.225,0,0
FOX_PE,D,20150212,000000,3.4205,3.4205,3.4205,3.4205,0,0
FOX_PE,D,20150213,000000,3.5182,3.8114,3.5182,3.8114,0,0
FOX_PE,D,20150216,000000,3.8114,5.7659,3.8114,5.7659,0,0
FOX_PE,D,20150217,000000,5.7659,6.45,5.7659,5.9614,0,0
FOX_PE,D,20150218,000000,6.3523,6.3523,6.2545,6.2545,0,0
FOX_PE,D,20150219,000000,6.45,6.45,5.2773,5.7659,0,0
FOX_PE,D,20150220,000000,5.1795,6.0591,4.8864,6.0591,0,0
FOX_PE,D,20150223,000000,6.0591,6.0591,6.0591,6.0591,0,0
FOX_PE,D,20150224,000000,6.0591,6.9386,6.0591,6.9386,0,0
FOX_PE,D,20150225,000000,6.6455,6.6455,6.1568,6.5477,0,0
FOX_PE,D,20150226,000000,6.45,6.45,5.7659,6.1568,0,0
FOX_PE,D,20150227,000000,6.0591,6.0591,6.0591,6.0591,0,0
FOX_PE,D,20150302,000000,6.0591,6.0591,6.0591,6.0591,0,0
FOX_PE,D,20150303,000000,6.0591,6.0591,5.2773,5.2773,0,0
FOX_PE,D,20150304,000000,5.6682,6.1568,5.6682,6.1568,0,0
FOX_PE,D,20150305,000000,6.1568,6.45,6.1568,6.45,0,0
FOX_PE,D,20150306,000000,6.45,6.45,5.5705,5.9614,0,0
FOX_PE,D,20150309,000000,5.9614,5.9614,5.9614,5.9614,0,0
FOX_PE,D,20150310,000000,5.9614,5.9614,5.9614,5.9614,0,0
FOX_PE,D,20150311,000000,5.9614,6.0591,5.9614,6.0591,0,0
FOX_PE,D,20150312,000000,6.0591,6.0591,6.0591,6.0591,0,0
FOX_PE,D,20150313,000000,6.0591,6.0591,6.0591,6.0591,0,0
FOX_PE,D,20150316,000000,6.0591,6.0591,6.0591,6.0591,0,0
FOX_PE,D,20150317,000000,5.9614,5.9614,5.0818,5.0818,0,0
FOX_PE,D,20150318,000000,6.0591,6.0591,6.0591,6.0591,0,0
FOX_PE,D,20150319,000000,6.0591,6.1568,5.5705,6.1568,0,0
FOX_PE,D,20150320,000000,6.2545,6.2545,5.5705,5.5705,0,0
FOX_PE,D,20150323,000000,5.5705,5.5705,5.2773,5.2773,0,0
FOX_PE,D,20150324,000000,5.5705,5.5705,5.5705,5.5705,0,0
FOX_PE,D,20150325,000000,5.5705,5.5705,5.5705,5.5705,0,0
FOX_PE,D,20150326,000000,5.5705,5.5705,5.5705,5.5705,0,0
FOX_PE,D,20150327,000000,5.5705,5.5705,5.5705,5.5705,0,0
FOX_PE,D,20150330,000000,5.5705,5.5705,5.2773,5.2773,0,0
FOX_PE,D,20150331,000000,5.5705,5.5705,5.1795,5.1795,0,0
FOX_PE,D,20150401,000000,5.4727,5.4727,5.4727,5.4727,0,0
FOX_PE,D,20150402,000000,5.4727,5.4727,5.4727,5.4727,0,0
FOX_PE,D,20150407,000000,5.4727,5.5705,5.4727,5.5705,0,0
FOX_PE,D,20150408,000000,5.4727,5.4727,5.4727,5.4727,0,0
FOX_PE,D,20150409,000000,5.4727,5.4727,5.4727,5.4727,0,0
FOX_PE,D,20150410,000000,5.4727,5.4727,5.4727,5.4727,0,0
FOX_PE,D,20150413,000000,5.4727,5.4727,5.4727,5.4727,0,0
FOX_PE,D,20150414,000000,5.4727,5.4727,5.4727,5.4727,0,0
FOX_PE,D,20150415,000000,5.4727,5.4727,5.4727,5.4727,0,0
FOX_PE,D,20150416,000000,5.4727,5.5705,5.4727,5.5705,0,0
FOX_PE,D,20150417,000000,5.5705,5.5705,5.2773,5.5705,0,0
FOX_PE,D,20150420,000000,5.5705,5.5705,5.2773,5.2773,0,0
FOX_PE,D,20150421,000000,5.5705,5.5705,5.5705,5.5705,0,0
FOX_PE,D,20150422,000000,5.5705,5.5705,5.5705,5.5705,0,0
FOX_PE,D,20150423,000000,5.5705,5.5705,5.5705,5.5705,0,0
FOX_PE,D,20150424,000000,5.5705,5.5705,5.5705,5.5705,0,0
FOX_PE,D,20150427,000000,5.5705,5.5705,5.5705,5.5705,0,0
FOX_PE,D,20150428,000000,5.5705,5.5705,5.5705,5.5705,0,0
FOX_PE,D,20150429,000000,5.5705,5.5705,5.5705,5.5705,0,0
FOX_PE,D,20150430,000000,5.5705,5.5705,5.5705,5.5705,0,0
FOX_PE,D,20150504,000000,5.5705,5.5705,5.5705,5.5705,0,0
FOX_PE,D,20150505,000000,5.5705,5.5705,5.5705,5.5705,0,0
FOX_PE,D,20150506,000000,5.5705,5.5705,5.4727,5.5705,0,0
FOX_PE,D,20150507,000000,5.5705,5.5705,5.5705,5.5705,0,0
FOX_PE,D,20150508,000000,5.5705,5.5705,5.5705,5.5705,0,0
FOX_PE,D,20150511,000000,5.5705,5.5705,5.5705,5.5705,0,0
FOX_PE,D,20150512,000000,5.5705,6.3523,5.5705,5.8636,0,0
FOX_PE,D,20150513,000000,4.0068,4.0068,4.0068,4.0068,0,0
FOX_PE,D,20150514,000000,4.7886,4.7886,4.4955,4.6909,0,0
FOX_PE,D,20150515,000000,4.6909,4.6909,4.6909,4.6909,0,0
FOX_PE,D,20150518,000000,4.6909,5.1795,4.6909,4.8864,0,0
FOX_PE,D,20150519,000000,4.8864,4.8864,4.8864,4.8864,0,0
FOX_PE,D,20150520,000000,4.8864,5.0818,4.8864,5.0818,0,0
FOX_PE,D,20150521,000000,5.0818,5.0818,5.0818,5.0818,0,0
FOX_PE,D,20150522,000000,5.0818,5.1795,5.0818,5.1795,0,0
FOX_PE,D,20150525,000000,5.0818,5.7659,5.0818,5.6682,0,0
FOX_PE,D,20150526,000000,5.6682,5.6682,5.6682,5.6682,0,0
FOX_PE,D,20150527,000000,5.6682,5.6682,5.6682,5.6682,0,0
FOX_PE,D,20150528,000000,5.5705,5.5705,5.4727,5.4727,0,0
FOX_PE,D,20150529,000000,5.4727,5.4727,5.4727,5.4727,0,0
FOX_PE,D,20150601,000000,5.4727,5.5705,5.4727,5.4727,0,0
FOX_PE,D,20150602,000000,5.4727,5.4727,5.4727,5.4727,0,0
FOX_PE,D,20150603,000000,5.4727,5.4727,5.4727,5.4727,0,0
FOX_PE,D,20150605,000000,5.4727,5.6682,4.5932,5.6682,0,0
FOX_PE,D,20150608,000000,5.6682,5.6682,5.4727,5.4727,0,0
FOX_PE,D,20150609,000000,4.4955,4.7886,4.1045,4.6909,0,0
FOX_PE,D,20150610,000000,4.6909,4.6909,4.6909,4.6909,0,0
FOX_PE,D,20150611,000000,4.6909,4.8864,4.6909,4.8864,0,0
FOX_PE,D,20150612,000000,4.8864,4.8864,4.2023,4.2023,0,0
FOX_PE,D,20150615,000000,4.9841,4.9841,4.9841,4.9841,0,0
FOX_PE,D,20150616,000000,4.9841,4.9841,4.9841,4.9841,0,0
FOX_PE,D,20150617,000000,4.9841,4.9841,4.9841,4.9841,0,0
FOX_PE,D,20150618,000000,5.0818,5.0818,4.4955,4.4955,0,0
FOX_PE,D,20150619,000000,4.9841,4.9841,4.9841,4.9841,0,0
FOX_PE,D,20150622,000000,4.9841,4.9841,4.9841,4.9841,0,0
FOX_PE,D,20150623,000000,4.6909,4.6909,4.6909,4.6909,0,0
FOX_PE,D,20150624,000000,4.9841,4.9841,4.9841,4.9841,0,0
FOX_PE,D,20150625,000000,4.9841,4.9841,4.9841,4.9841,0,0
FOX_PE,D,20150626,000000,4.9841,4.9841,4.9841,4.9841,0,0
FOX_PE,D,20150629,000000,4.9841,4.9841,4.9841,4.9841,0,0
FOX_PE,D,20150630,000000,4.8864,4.8864,4.7886,4.8864,0,0
FOX_PE,D,20150701,000000,4.8864,4.8864,4.8864,4.8864,0,0
FOX_PE,D,20150702,000000,4.8864,4.8864,4.8864,4.8864,0,0
FOX_PE,D,20150703,000000,4.8864,4.8864,4.8864,4.8864,0,0
FOX_PE,D,20150706,000000,4.8864,4.8864,4.5932,4.8864,0,0
FOX_PE,D,20150707,000000,4.8864,4.8864,4.8864,4.8864,0,0
FOX_PE,D,20150708,000000,4.8864,4.8864,4.8864,4.8864,0,0
FOX_PE,D,20150709,000000,4.8864,4.8864,4.8864,4.8864,0,0
FOX_PE,D,20150710,000000,4.8864,4.8864,4.8864,4.8864,0,0
FOX_PE,D,20150713,000000,4.8864,4.8864,4.8864,4.8864,0,0
FOX_PE,D,20150714,000000,4.8864,4.8864,4.8864,4.8864,0,0
FOX_PE,D,20150715,000000,4.8864,4.8864,4.8864,4.8864,0,0
FOX_PE,D,20150716,000000,4.8864,4.8864,4.3,4.3,0,0
FOX_PE,D,20150717,000000,4.8864,4.8864,4.3,4.8864,0,0
FOX_PE,D,20150721,000000,5.1,5.1,5.1,5.1,0,0
FOX_PE,D,20150722,000000,5.1,5.1,5,5.1,0,0
FOX_PE,D,20150723,000000,5.1,5.1,4.6,4.9,0,0
FOX_PE,D,20150724,000000,4.9,4.9,4.9,4.9,0,0
FOX_PE,D,20150727,000000,4.9,4.9,4.9,4.9,0,0
FOX_PE,D,20150728,000000,4.9,4.9,4.9,4.9,0,0
FOX_PE,D,20150729,000000,4.9,4.9,4.9,4.9,0,0
FOX_PE,D,20150730,000000,4.9,4.9,4.6,4.9,0,0
FOX_PE,D,20150731,000000,4.9,4.9,4.9,4.9,0,0
FOX_PE,D,20150803,000000,4.9,4.9,4.9,4.9,0,0
FOX_PE,D,20150804,000000,4.9,4.9,4.6,4.8,0,0
FOX_PE,D,20150805,000000,4.8,4.8,4.6,4.6,0,0
FOX_PE,D,20150806,000000,4.6,4.6,4.5,4.6,0,0
FOX_PE,D,20150807,000000,4.6,4.6,4.5,4.5,0,0
FOX_PE,D,20150810,000000,4.5,4.5,4.5,4.5,0,0
FOX_PE,D,20150811,000000,3.7,44.5,3.7,44.5,0,0
FOX_PE,D,20150812,000000,43.2,44.5,43.2,44.5,0,0
FOX_PE,D,20150813,000000,43.2,43.3,43.2,43.3,0,0
FOX_PE,D,20150814,000000,43.2,43.3,43.2,43.3,0,0
FOX_PE,D,20150817,000000,42,42.2,42,42.2,0,0
FOX_PE,D,20150818,000000,42,42.2,42,42.2,0,0
FOX_PE,D,20150819,000000,42,42,34.1,41.1,0,0
FOX_PE,D,20150820,000000,39.8,41.1,39.8,41.1,0,0
FOX_PE,D,20150821,000000,40.9,43.3,40.9,43.3,0,0
FOX_PE,D,20150824,000000,43.2,43.3,43.2,43.3,0,0
FOX_PE,D,20150825,000000,43.2,43.3,38.6,43.3,0,0
FOX_PE,D,20150826,000000,43.2,43.3,38.6,43.3,0,0
FOX_PE,D,20150827,000000,43.2,43.3,37.5,43.3,0,0
FOX_PE,D,20150828,000000,43.2,43.3,43.2,43.3,0,0
FOX_PE,D,20150831,000000,43.2,43.3,38.6,43.3,0,0
FOX_PE,D,20150901,000000,43.2,43.2,36.4,36.5,0,0
FOX_PE,D,20150902,000000,37.5,37.6,34.1,37.6,0,0
FOX_PE,D,20150903,000000,37.5,37.6,37.5,37.6,0,0
FOX_PE,D,20150904,000000,37.5,37.6,34.1,37.6,0,0
FOX_PE,D,20150907,000000,37.5,37.6,34.1,37.6,0,0
FOX_PE,D,20150908,000000,37.5,38.8,37.5,38.8,0,0
FOX_PE,D,20150909,000000,38.6,38.6,34.1,34.2,0,0
FOX_PE,D,20150910,000000,35.2,35.2,33,34.2,0,0
FOX_PE,D,20150911,000000,33,33.1,33,33.1,0,0
FOX_PE,D,20150914,000000,35.2,35.4,35.2,35.4,0,0
FOX_PE,D,20150915,000000,35.2,35.4,35.2,35.4,0,0
FOX_PE,D,20150916,000000,35.2,35.4,35.2,35.4,0,0
FOX_PE,D,20150917,000000,35.2,35.2,35.2,35.2,0,0
FOX_PE,D,20150918,000000,35.2,35.4,35.2,35.4,0,0
FOX_PE,D,20150921,000000,35.2,35.4,35.2,35.4,0,0
FOX_PE,D,20150922,000000,35.2,36.5,35.2,36.5,0,0
FOX_PE,D,20150923,000000,36.4,37.5,34.1,34.2,0,0
FOX_PE,D,20150924,000000,33,38.6,33,33.1,0,0
FOX_PE,D,20150925,000000,33,33,29.5,31.9,0,0
FOX_PE,D,20150928,000000,31.8,31.9,31.8,31.9,0,0
FOX_PE,D,20150929,000000,31.8,31.9,31.8,31.9,0,0
FOX_PE,D,20150930,000000,31.8,31.9,31.8,31.9,0,0
FOX_PE,D,20151001,000000,31.8,31.8,30.7,30.8,0,0
FOX_PE,D,20151002,000000,31.8,31.9,31.8,31.9,0,0
FOX_PE,D,20151005,000000,31.8,31.9,31.8,31.9,0,0
FOX_PE,D,20151006,000000,33,33,23.9,24,0,0
FOX_PE,D,20151007,000000,25,27.4,25,27.4,0,0
FOX_PE,D,20151008,000000,30.7,30.7,25,25.1,0,0
FOX_PE,D,20151009,000000,28.4,29.7,28.4,29.7,0,0
FOX_PE,D,20151012,000000,30.7,30.8,30.7,30.8,0,0
FOX_PE,D,20151013,000000,30.7,30.8,30.7,30.8,0,0
FOX_PE,D,20151014,000000,30.7,30.8,30.7,30.8,0,0
FOX_PE,D,20151015,000000,30.7,30.7,29.5,29.7,0,0
FOX_PE,D,20151016,000000,29.5,29.5,28.4,28.5,0,0
FOX_PE,D,20151019,000000,29.5,29.7,29.5,29.7,0,0
FOX_PE,D,20151020,000000,29.5,29.7,29.5,29.7,0,0
FOX_PE,D,20151021,000000,28.4,28.5,27.3,28.5,0,0
FOX_PE,D,20151022,000000,28.4,33.1,28.4,33.1,0,0
FOX_PE,D,20151023,000000,33,33.1,33,33.1,0,0
FOX_PE,D,20151026,000000,33,33.1,33,33.1,0,0
FOX_PE,D,20151027,000000,33,33.1,33,33.1,0,0
FOX_PE,D,20151028,000000,33,33.1,33,33.1,0,0
FOX_PE,D,20151029,000000,33,33.1,33,33.1,0,0
FOX_PE,D,20151030,000000,33,33.1,33,33.1,0,0
FOX_PE,D,20151102,000000,33,33,30.7,30.8,0,0
FOX_PE,D,20151103,000000,33,33,29.5,29.7,0,0
FOX_PE,D,20151104,000000,29.5,29.7,29.5,29.7,0,0
FOX_PE,D,20151105,000000,29.5,29.7,29.5,29.7,0,0
FOX_PE,D,20151106,000000,29.5,29.7,29.5,29.7,0,0
FOX_PE,D,20151109,000000,33,33.1,33,33.1,0,0
FOX_PE,D,20151110,000000,33,33,29.5,29.7,0,0
FOX_PE,D,20151112,000000,31.8,31.9,31.8,31.9,0,0
FOX_PE,D,20151113,000000,31.8,31.9,31.8,31.9,0,0
FOX_PE,D,20151116,000000,31.8,31.9,31.8,31.9,0,0
FOX_PE,D,20151117,000000,31.8,31.8,26.1,30.8,0,0
FOX_PE,D,20151118,000000,30.7,30.7,26.1,28.5,0,0
FOX_PE,D,20151119,000000,29.5,29.5,25,27.4,0,0
FOX_PE,D,20151120,000000,29.5,29.7,29.5,29.7,0,0
FOX_PE,D,20151123,000000,29.5,29.7,29.5,29.7,0,0
FOX_PE,D,20151124,000000,29.5,29.7,29.5,29.7,0,0
FOX_PE,D,20151125,000000,29.5,29.5,26.1,26.1,0,0
FOX_PE,D,20160219,000000,15,15,15,15,0,0
FOX_PE,D,20160222,000000,16.3,16.3,15,15,0,0
FOX_PE,D,20160223,000000,15,15,12.2,12.2,0,0
FOX_PE,D,20160224,000000,14.6,14.6,14.6,14.6,0,0
FOX_PE,D,20160225,000000,14.6,14.6,14.6,14.6,0,0
FOX_PE,D,20160226,000000,14.6,14.6,14.6,14.6,0,0
FOX_PE,D,20160229,000000,14.6,14.6,13,13,0,0
FOX_PE,D,20160301,000000,13,13,13,13,0,0
FOX_PE,D,20160302,000000,13,13,13,13,0,0
FOX_PE,D,20160303,000000,13,13,12.2,12.2,0,0
FOX_PE,D,20160304,000000,13,13,13,13,0,0
FOX_PE,D,20160307,000000,13,13,13,13,0,0
FOX_PE,D,20160308,000000,13,14.2,13,14.2,0,0
FOX_PE,D,20160309,000000,14.2,14.2,14.2,14.2,0,0
FOX_PE,D,20160310,000000,14.2,14.2,13,13,0,0
FOX_PE,D,20160311,000000,12.6,13,11.8,13,0,0
FOX_PE,D,20160314,000000,13,13,11.8,11.8,0,0
FOX_PE,D,20160315,000000,12.6,14.6,12.6,14.6,0,0
FOX_PE,D,20160316,000000,14.6,15.8,14.6,15.8,0,0
FOX_PE,D,20160317,000000,15.8,15.8,15.8,15.8,0,0
FOX_PE,D,20160318,000000,15.4,17,15.4,17,0,0
FOX_PE,D,20160321,000000,17.4,17.4,17.3,17.3,0,0
FOX_PE,D,20160322,000000,17.3,17.3,17.3,17.3,0,0
FOX_PE,D,20160323,000000,15,16.5,15,16.5,0,0
FOX_PE,D,20160324,000000,16.5,16.9,16.5,16.9,0,0
FOX_PE,D,20160329,000000,17.7,17.7,17.7,17.7,0,0
FOX_PE,D,20160331,000000,16.5,16.5,14.6,14.6,0,0
FOX_PE,D,20160401,000000,17.4,17.4,17.3,17.3,0,0
FOX_PE,D,20160404,000000,16.9,17,16.9,17,0,0
FOX_PE,D,20160405,000000,17,17,17,17,0,0
FOX_PE,D,20160406,000000,15.8,17.4,15.8,17.3,0,0
FOX_PE,D,20160413,000000,15.7,15.7,14.2,14.2,0,0
FOX_PE,D,20160414,000000,16.1,18.5,16.1,18.5,0,0
FOX_PE,D,20160415,000000,18.5,18.5,18.5,18.5,0,0
FOX_PE,D,20160418,000000,17.7,18.1,16.1,16.2,0,0
FOX_PE,D,20160419,000000,17.8,17.8,15,15.8,0,0
FOX_PE,D,20160421,000000,15.8,15.8,15.8,15.8,0,0
FOX_PE,D,20160427,000000,15.8,15.8,15.8,15.8,0,0
FOX_PE,D,20160502,000000,15.8,15.8,15.8,15.8,0,0
FOX_PE,D,20160504,000000,15.8,15.8,15.8,15.8,0,0
FOX_PE,D,20160506,000000,17,17.8,17,17.7,0,0
FOX_PE,D,20160509,000000,18.1,18.1,15.7,18.1,0,0
FOX_PE,D,20160510,000000,17.7,17.7,15.7,15.8,0,0
FOX_PE,D,20160511,000000,16.2,16.2,16.2,16.2,0,0
FOX_PE,D,20160512,000000,16.2,16.2,16.2,16.2,0,0
FOX_PE,D,20160513,000000,15.4,15.4,14.6,14.6,0,0
FOX_PE,D,20160516,000000,14.6,14.6,13.4,13.4,0,0
FOX_PE,D,20160517,000000,13,13,8.7,11,0,0
FOX_PE,D,20160518,000000,9.4,12.6,8.2,12.6,0,0
FOX_PE,D,20160520,000000,12.2,12.2,12.2,12.2,0,0
FOX_PE,D,20160523,000000,12.2,12.2,12.2,12.2,0,0
FOX_PE,D,20160825,000000,14.2,14.2,14.2,14.2,0,0
FOX_PE,D,20160826,000000,14.2,14.2,14.2,14.2,0,0
FOX_PE,D,20160829,000000,14.2,14.2,14.2,14.2,0,0
FOX_PE,D,20160830,000000,14.2,14.2,14.2,14.2,0,0
FOX_PE,D,20160831,000000,12.6,12.6,11.5,11.5,0,0
FOX_PE,D,20160901,000000,11.5,11.5,11.5,11.5,0,0
FOX_PE,D,20160905,000000,11.5,11.5,11.5,11.5,0,0
FOX_PE,D,20160906,000000,11.5,11.5,11.5,11.5,0,0
FOX_PE,D,20160907,000000,11.5,11.5,11.5,11.5,0,0
FOX_PE,D,20160908,000000,11.5,11.5,11.5,11.5,0,0
FOX_PE,D,20160909,000000,11.5,12.6,11.5,11.5,0,0
FOX_PE,D,20160912,000000,11.5,12.6,11.5,12.6,0,0
FOX_PE,D,20160913,000000,12.6,12.6,12.6,12.6,0,0
FOX_PE,D,20160914,000000,12.6,12.6,12.6,12.6,0,0
FOX_PE,D,20160915,000000,12.6,12.6,12.6,12.6,0,0
FOX_PE,D,20160916,000000,13.7,13.7,13.6,13.6,0,0
FOX_PE,D,20160919,000000,13,13.1,13,13.1,0,0
FOX_PE,D,20160922,000000,13.1,13.1,13.1,13.1,0,0
FOX_PE,D,20160923,000000,13.1,13.1,13.1,13.1,0,0
FOX_PE,D,20160926,000000,13.1,13.1,13.1,13.1,0,0
FOX_PE,D,20160930,000000,13.1,13.7,13.1,13.6,0,0
FOX_PE,D,20161003,000000,14.1,14.2,14.1,14.2,0,0
FOX_PE,D,20161004,000000,14.2,14.2,14.2,14.2,0,0
FOX_PE,D,20161005,000000,14.2,14.2,14.2,14.2,0,0
FOX_PE,D,20161006,000000,14.2,14.2,14.2,14.2,0,0
FOX_PE,D,20161007,000000,14.2,14.2,14.2,14.2,0,0
FOX_PE,D,20161010,000000,14.2,14.2,14.2,14.2,0,0
FOX_PE,D,20161011,000000,14.2,14.2,14.2,14.2,0,0
FOX_PE,D,20161012,000000,14.2,14.2,14.2,14.2,0,0
FOX_PE,D,20161013,000000,14.2,14.2,14.2,14.2,0,0
FOX_PE,D,20161014,000000,13.7,13.7,13.6,13.6,0,0
FOX_PE,D,20161017,000000,14.1,14.2,14.1,14.2,0,0
FOX_PE,D,20161018,000000,14.2,14.2,14.2,14.2,0,0
FOX_PE,D,20161019,000000,14.2,14.2,14.2,14.2,0,0
FOX_PE,D,20161020,000000,14.2,14.2,14.2,14.2,0,0
FOX_PE,D,20161021,000000,14.2,14.2,14.2,14.2,0,0
FOX_PE,D,20161024,000000,14.2,14.2,14.2,14.2,0,0
FOX_PE,D,20161025,000000,14.2,14.2,14.2,14.2,0,0
FOX_PE,D,20161026,000000,14.2,14.2,14.2,14.2,0,0
FOX_PE,D,20161027,000000,14.2,14.2,14.2,14.2,0,0
FOX_PE,D,20161028,000000,14.2,14.2,14.2,14.2,0,0
FOX_PE,D,20161031,000000,14.2,14.2,14.2,14.2,0,0
FOX_PE,D,20161102,000000,14.2,14.2,14.2,14.2,0,0
FOX_PE,D,20161103,000000,14.2,14.2,12.6,12.6,0,0
FOX_PE,D,20161104,000000,12.6,12.6,12,12,0,0
FOX_PE,D,20161107,000000,12.6,13.1,12.6,13.1,0,0
FOX_PE,D,20161108,000000,13.7,13.7,13.6,13.6,0,0
FOX_PE,D,20161109,000000,13.6,13.6,13.6,13.6,0,0
FOX_PE,D,20161110,000000,14.1,14.2,14.1,14.2,0,0
FOX_PE,D,20161114,000000,14.2,14.2,14.2,14.2,0,0
FOX_PE,D,20161115,000000,14.2,14.2,14.2,14.2,0,0
FOX_PE,D,20161116,000000,14.2,14.2,14.2,14.2,0,0
FOX_PE,D,20161117,000000,14.2,14.2,14.2,14.2,0,0
FOX_PE,D,20161118,000000,14.2,14.2,14.2,14.2,0,0
FOX_PE,D,20161121,000000,14.2,14.2,14.2,14.2,0,0
FOX_PE,D,20161122,000000,14.2,14.2,14.2,14.2,0,0
FOX_PE,D,20161123,000000,14.2,16.8,14.2,16.8,0,0
FOX_PE,D,20161124,000000,16.8,16.8,16.8,16.8,0,0
FOX_PE,D,20161125,000000,16.8,16.8,16.8,16.8,0,0
FOX_PE,D,20161128,000000,16.8,16.8,16.8,16.8,0,0
FOX_PE,D,20161129,000000,16.8,16.8,16.8,16.8,0,0
FOX_PE,D,20161130,000000,16.8,16.8,16.8,16.8,0,0
FOX_PE,D,20161201,000000,16.8,16.8,16.8,16.8,0,0
FOX_PE,D,20161202,000000,16.8,16.8,16.8,16.8,0,0
FOX_PE,D,20161205,000000,16.8,16.8,16.8,16.8,0,0
FOX_PE,D,20161206,000000,16.8,16.8,16.8,16.8,0,0
FOX_PE,D,20161207,000000,16.8,16.8,16.8,16.8,0,0
FOX_PE,D,20161208,000000,16.8,16.8,16.8,16.8,0,0
FOX_PE,D,20161209,000000,16.8,16.8,16.8,16.8,0,0
FOX_PE,D,20161212,000000,16.8,16.8,16.8,16.8,0,0
FOX_PE,D,20161213,000000,16.8,16.8,16.8,16.8,0,0
FOX_PE,D,20161214,000000,16.8,16.8,14.8,14.9,0,0
FOX_PE,D,20161215,000000,16.2,16.2,14.9,16.2,0,0
FOX_PE,D,20161216,000000,16.2,16.2,16.2,16.2,0,0
FOX_PE,D,20161219,000000,16.2,16.2,16.2,16.2,0,0
FOX_PE,D,20161220,000000,16.2,16.2,16.2,16.2,0,0
FOX_PE,D,20161221,000000,16.2,16.2,16.2,16.2,0,0
FOX_PE,D,20161222,000000,16.2,16.2,13,16.2,0,0
FOX_PE,D,20161223,000000,16.2,16.2,16.2,16.2,0,0
FOX_PE,D,20161227,000000,16.2,16.2,16.2,16.2,0,0
FOX_PE,D,20161228,000000,15.6,15.6,15.5,15.5,0,0
FOX_PE,D,20161229,000000,15.5,15.5,15.5,15.5,0,0
FOX_PE,D,20161230,000000,15.5,15.5,15.5,15.5,0,0
FOX_PE,D,20170102,000000,16.1,16.2,16.1,16.2,0,0
FOX_PE,D,20170103,000000,16.2,16.2,16.2,16.2,0,0
FOX_PE,D,20170104,000000,16.2,16.2,16.2,16.2,0,0
FOX_PE,D,20170105,000000,16.2,16.2,16.2,16.2,0,0
FOX_PE,D,20170109,000000,16.2,16.2,16.2,16.2,0,0
FOX_PE,D,20170110,000000,16.2,16.2,13,13.6,0,0
FOX_PE,D,20170111,000000,13.6,13.6,13.6,13.6,0,0
FOX_PE,D,20170127,000000,14.9,14.9,14.9,14.9,0,0
FOX_PE,D,20170130,000000,14.9,14.9,14.9,14.9,0,0
FOX_PE,D,20170202,000000,14.9,14.9,14.9,14.9,0,0
FOX_PE,D,20170208,000000,15.6,15.6,15.5,15.5,0,0
