<TICKER>,<PER>,<DATE>,<TIME>,<OPEN>,<HIGH>,<LOW>,<CLOSE>,<VOL>,<OPENINT>
GRM_MV,D,20110324,000000,26.25,26.25,26.25,26.25,0,0
GRM_MV,D,20110325,000000,25.11,26.25,22.82,23.74,0,0
GRM_MV,D,20110328,000000,24.19,26.02,23.05,23.28,0,0
GRM_MV,D,20110329,000000,23.28,24.19,22.14,22.82,0,0
GRM_MV,D,20110330,000000,22.6,23.74,21.68,23.74,0,0
GRM_MV,D,20110331,000000,22.82,24.19,21.45,21.68,0,0
GRM_MV,D,20110401,000000,22.37,25.11,20.77,23.74,0,0
GRM_MV,D,20110404,000000,24.65,28.53,24.65,26.25,0,0
GRM_MV,D,20110405,000000,27.39,29.21,23.96,24.65,0,0
GRM_MV,D,20110406,000000,25.11,25.11,22.37,23.05,0,0
GRM_MV,D,20110407,000000,22.6,24.88,22.37,24.65,0,0
GRM_MV,D,20110408,000000,23.74,25.56,22.82,24.88,0,0
GRM_MV,D,20110411,000000,24.88,24.88,23.28,24.42,0,0
GRM_MV,D,20110412,000000,24.42,24.42,23.51,23.96,0,0
GRM_MV,D,20110413,000000,23.74,24.19,22.82,24.19,0,0
GRM_MV,D,20110414,000000,24.19,24.19,23.05,23.05,0,0
GRM_MV,D,20110415,000000,23.51,23.96,22.82,23.05,0,0
GRM_MV,D,20110418,000000,22.82,24.42,22.82,23.05,0,0
GRM_MV,D,20110419,000000,23.28,24.42,22.82,24.42,0,0
GRM_MV,D,20110420,000000,24.19,24.19,22.82,23.96,0,0
GRM_MV,D,20110421,000000,23.96,23.96,23.05,23.28,0,0
GRM_MV,D,20110426,000000,23.28,23.28,21.91,22.37,0,0
GRM_MV,D,20110427,000000,22.37,22.82,22.37,22.82,0,0
GRM_MV,D,20110428,000000,23.05,23.05,23.05,23.05,0,0
GRM_MV,D,20110429,000000,22.82,22.82,22.14,22.6,0,0
GRM_MV,D,20110502,000000,22.82,22.82,22.37,22.37,0,0
GRM_MV,D,20110504,000000,22.6,22.6,21.68,21.91,0,0
GRM_MV,D,20110505,000000,22.14,22.14,21.68,21.68,0,0
GRM_MV,D,20110509,000000,22.14,24.88,22.14,23.96,0,0
GRM_MV,D,20110510,000000,23.96,23.96,22.82,22.82,0,0
GRM_MV,D,20110511,000000,22.6,23.51,21.23,22.82,0,0
GRM_MV,D,20110512,000000,21,22.82,21,22.82,0,0
GRM_MV,D,20110513,000000,22.82,22.82,22.37,22.37,0,0
GRM_MV,D,20110516,000000,22.37,22.37,22.14,22.14,0,0
GRM_MV,D,20110517,000000,21.91,21.91,21.23,21.68,0,0
GRM_MV,D,20110518,000000,22.14,22.82,22.14,22.82,0,0
GRM_MV,D,20110519,000000,22.6,22.82,21.68,21.91,0,0
GRM_MV,D,20110520,000000,22.14,22.6,22.14,22.14,0,0
GRM_MV,D,20110523,000000,21.91,22.14,21.45,22.14,0,0
GRM_MV,D,20110524,000000,22.37,22.37,21.91,21.91,0,0
GRM_MV,D,20110525,000000,21.91,22.6,21.91,22.6,0,0
GRM_MV,D,20110526,000000,22.37,22.37,21.91,21.91,0,0
GRM_MV,D,20110527,000000,22.14,22.14,22.14,22.14,0,0
GRM_MV,D,20110530,000000,22.14,22.14,20.77,21.68,0,0
GRM_MV,D,20110531,000000,21.68,21.91,20.54,21.23,0,0
GRM_MV,D,20110601,000000,21.23,21.23,21,21,0,0
GRM_MV,D,20110602,000000,21.45,21.45,20.54,20.54,0,0
GRM_MV,D,20110603,000000,20.54,20.54,20.54,20.54,0,0
GRM_MV,D,20110606,000000,20.54,21,18.26,21,0,0
GRM_MV,D,20110607,000000,20.31,22.37,20.31,21.45,0,0
GRM_MV,D,20110608,000000,21.45,21.45,20.54,20.54,0,0
GRM_MV,D,20110609,000000,21.23,21.45,20.54,21.45,0,0
GRM_MV,D,20110610,000000,21.45,21.45,20.77,20.77,0,0
GRM_MV,D,20110613,000000,20.77,20.77,20.77,20.77,0,0
GRM_MV,D,20110614,000000,20.77,21.23,20.77,21.23,0,0
GRM_MV,D,20110615,000000,21.23,21.68,21.23,21.23,0,0
GRM_MV,D,20110616,000000,21.45,21.45,20.77,21.23,0,0
GRM_MV,D,20110617,000000,20.54,21.45,20.54,21.45,0,0
GRM_MV,D,20110620,000000,21.45,21.45,20.54,20.54,0,0
GRM_MV,D,20110621,000000,21,21,20.54,20.54,0,0
GRM_MV,D,20110622,000000,20.54,20.54,20.08,20.31,0,0
GRM_MV,D,20110624,000000,20.31,20.31,20.31,20.31,0,0
GRM_MV,D,20110628,000000,21,21,21,21,0,0
GRM_MV,D,20110629,000000,20.31,20.31,20.31,20.31,0,0
GRM_MV,D,20110630,000000,20.31,20.31,20.31,20.31,0,0
GRM_MV,D,20110701,000000,20.31,20.31,20.31,20.31,0,0
GRM_MV,D,20110704,000000,20.08,20.08,20.08,20.08,0,0
GRM_MV,D,20110705,000000,19.17,19.17,19.17,19.17,0,0
GRM_MV,D,20110706,000000,19.17,19.17,18.49,18.49,0,0
GRM_MV,D,20110707,000000,18.94,19.17,17.8,19.17,0,0
GRM_MV,D,20110711,000000,18.94,19.17,16.66,18.72,0,0
GRM_MV,D,20110712,000000,18.72,18.72,17.57,18.26,0,0
GRM_MV,D,20110713,000000,18.26,18.26,15.98,15.98,0,0
GRM_MV,D,20110714,000000,16.66,17.12,16.66,17.12,0,0
GRM_MV,D,20110715,000000,17.8,17.8,17.8,17.8,0,0
GRM_MV,D,20110718,000000,17.12,17.12,16.66,16.66,0,0
GRM_MV,D,20110719,000000,16.89,16.89,16.89,16.89,0,0
GRM_MV,D,20110720,000000,17.12,17.12,17.12,17.12,0,0
GRM_MV,D,20110721,000000,16.89,16.89,16.43,16.43,0,0
GRM_MV,D,20110722,000000,16.2,16.89,16.2,16.43,0,0
GRM_MV,D,20110725,000000,16.43,16.43,16.43,16.43,0,0
GRM_MV,D,20110726,000000,16.43,16.43,16.43,16.43,0,0
GRM_MV,D,20110727,000000,16.43,17.12,16.43,17.12,0,0
GRM_MV,D,20110802,000000,17.12,17.12,17.12,17.12,0,0
GRM_MV,D,20110803,000000,17.12,18.26,17.12,17.12,0,0
GRM_MV,D,20110804,000000,15.98,15.98,15.98,15.98,0,0
GRM_MV,D,20110809,000000,12.78,15.29,12.78,14.38,0,0
GRM_MV,D,20110810,000000,14.38,14.38,14.15,14.15,0,0
GRM_MV,D,20110811,000000,14.38,14.38,14.38,14.38,0,0
GRM_MV,D,20110812,000000,14.38,18.49,14.38,18.49,0,0
GRM_MV,D,20110816,000000,18.26,18.26,17.8,17.8,0,0
GRM_MV,D,20110817,000000,17.57,17.57,17.57,17.57,0,0
GRM_MV,D,20110818,000000,17.8,17.8,14.15,14.15,0,0
GRM_MV,D,20110819,000000,16.43,16.43,16.43,16.43,0,0
GRM_MV,D,20110822,000000,16.89,16.89,16.89,16.89,0,0
GRM_MV,D,20110823,000000,15.98,15.98,15.98,15.98,0,0
GRM_MV,D,20110825,000000,15.75,15.75,15.75,15.75,0,0
GRM_MV,D,20110826,000000,15.75,17.57,15.29,15.29,0,0
GRM_MV,D,20110830,000000,15.52,16.43,15.52,16.43,0,0
GRM_MV,D,20110902,000000,16.43,16.43,15.98,16.2,0,0
GRM_MV,D,20110905,000000,15.75,15.75,15.75,15.75,0,0
GRM_MV,D,20110907,000000,15.75,15.75,15.75,15.75,0,0
GRM_MV,D,20110908,000000,15.29,15.29,14.15,14.61,0,0
GRM_MV,D,20110909,000000,14.38,14.38,13.69,14.38,0,0
GRM_MV,D,20110912,000000,13.92,13.92,13.92,13.92,0,0
GRM_MV,D,20110913,000000,13.69,13.69,13.69,13.69,0,0
GRM_MV,D,20110914,000000,13.69,16.2,13.69,16.2,0,0
GRM_MV,D,20110915,000000,15.52,15.52,15.52,15.52,0,0
GRM_MV,D,20110919,000000,15.06,15.29,15.06,15.29,0,0
GRM_MV,D,20110920,000000,15.29,15.29,15.29,15.29,0,0
GRM_MV,D,20110921,000000,15.52,15.52,15.52,15.52,0,0
GRM_MV,D,20110922,000000,14.61,14.61,13.69,14.38,0,0
GRM_MV,D,20110923,000000,13.69,13.69,13.24,13.24,0,0
GRM_MV,D,20110928,000000,14.28,14.52,11.57,14.52,0,0
GRM_MV,D,20110929,000000,14.52,14.52,12.55,13.78,0,0
GRM_MV,D,20110930,000000,13.54,13.54,11.57,12.31,0,0
GRM_MV,D,20111003,000000,12.31,13.04,12.31,13.04,0,0
GRM_MV,D,20111005,000000,12.31,12.31,12.06,12.06,0,0
GRM_MV,D,20111006,000000,11.81,11.81,11.81,11.81,0,0
GRM_MV,D,20111010,000000,11.81,13.04,11.81,13.04,0,0
GRM_MV,D,20111011,000000,13.04,13.04,12.55,13.04,0,0
GRM_MV,D,20111012,000000,13.04,13.04,13.04,13.04,0,0
GRM_MV,D,20111013,000000,13.04,13.04,13.04,13.04,0,0
GRM_MV,D,20111014,000000,13.04,13.04,13.04,13.04,0,0
GRM_MV,D,20111017,000000,13.04,13.78,12.31,13.54,0,0
GRM_MV,D,20111018,000000,13.54,13.54,12.31,12.8,0,0
GRM_MV,D,20111019,000000,12.31,13.04,12.31,13.04,0,0
GRM_MV,D,20111020,000000,12.31,12.31,12.31,12.31,0,0
GRM_MV,D,20111021,000000,12.8,13.54,12.8,13.54,0,0
GRM_MV,D,20111024,000000,13.04,13.04,12.8,12.8,0,0
GRM_MV,D,20111025,000000,13.29,15.26,13.29,15.01,0,0
GRM_MV,D,20111026,000000,15.01,16,15.01,15.51,0,0
GRM_MV,D,20111027,000000,15.01,15.75,15.01,15.75,0,0
GRM_MV,D,20111028,000000,16.24,16.24,14.77,15.75,0,0
GRM_MV,D,20111031,000000,16.74,16.74,16.74,16.74,0,0
GRM_MV,D,20111103,000000,16.24,18.21,16.24,18.21,0,0
GRM_MV,D,20111104,000000,17.23,17.23,17.23,17.23,0,0
GRM_MV,D,20111107,000000,17.23,17.23,17.23,17.23,0,0
GRM_MV,D,20111108,000000,17.47,18.46,17.47,18.46,0,0
GRM_MV,D,20111109,000000,17.47,17.72,14.77,17.72,0,0
GRM_MV,D,20111110,000000,17.72,17.72,13.78,13.78,0,0
GRM_MV,D,20111114,000000,14.77,14.77,13.78,14.77,0,0
GRM_MV,D,20111115,000000,14.77,17.23,14.52,14.52,0,0
GRM_MV,D,20111116,000000,14.77,16,14.52,16,0,0
GRM_MV,D,20111117,000000,15.51,16.24,14.52,15.26,0,0
GRM_MV,D,20111118,000000,14.77,15.75,14.77,15.75,0,0
GRM_MV,D,20111121,000000,15.26,15.75,15.26,15.75,0,0
GRM_MV,D,20111122,000000,15.51,15.51,15.51,15.51,0,0
GRM_MV,D,20111123,000000,15.26,16,15.26,15.26,0,0
GRM_MV,D,20111124,000000,15.26,15.26,15.26,15.26,0,0
GRM_MV,D,20111125,000000,15.26,15.26,15.26,15.26,0,0
GRM_MV,D,20111128,000000,15.26,15.26,15.26,15.26,0,0
GRM_MV,D,20111129,000000,15.26,15.26,14.03,15.26,0,0
GRM_MV,D,20111130,000000,15.26,15.26,15.26,15.26,0,0
GRM_MV,D,20111206,000000,14.52,14.77,14.52,14.77,0,0
GRM_MV,D,20111207,000000,15.01,15.26,15.01,15.26,0,0
GRM_MV,D,20111208,000000,14.77,14.77,12.8,13.29,0,0
GRM_MV,D,20111209,000000,12.31,13.54,12.31,13.54,0,0
GRM_MV,D,20111212,000000,12.8,14.77,12.8,14.03,0,0
GRM_MV,D,20111213,000000,14.77,14.77,13.54,14.77,0,0
GRM_MV,D,20111214,000000,14.77,14.77,14.28,14.52,0,0
GRM_MV,D,20111215,000000,14.77,14.77,14.77,14.77,0,0
GRM_MV,D,20111216,000000,14.77,14.77,14.77,14.77,0,0
GRM_MV,D,20111219,000000,14.77,14.77,14.77,14.77,0,0
GRM_MV,D,20111220,000000,14.77,14.77,14.77,14.77,0,0
GRM_MV,D,20111221,000000,14.77,14.77,14.77,14.77,0,0
GRM_MV,D,20111222,000000,14.77,14.77,14.77,14.77,0,0
GRM_MV,D,20111223,000000,14.03,14.52,13.04,14.52,0,0
GRM_MV,D,20111228,000000,13.78,13.78,13.78,13.78,0,0
GRM_MV,D,20111230,000000,13.78,14.52,13.78,14.52,0,0
GRM_MV,D,20120102,000000,14.52,15.01,14.52,15.01,0,0
GRM_MV,D,20120103,000000,14.77,14.77,14.77,14.77,0,0
GRM_MV,D,20120104,000000,14.77,14.77,14.77,14.77,0,0
GRM_MV,D,20120109,000000,14.77,14.77,14.77,14.77,0,0
GRM_MV,D,20120110,000000,14.77,14.77,14.77,14.77,0,0
GRM_MV,D,20120111,000000,14.77,14.77,14.77,14.77,0,0
GRM_MV,D,20120112,000000,14.03,14.28,13.54,14.28,0,0
GRM_MV,D,20120113,000000,13.54,14.52,13.54,14.52,0,0
GRM_MV,D,20120116,000000,14.77,14.77,13.78,13.78,0,0
GRM_MV,D,20120117,000000,13.78,14.28,13.78,14.28,0,0
GRM_MV,D,20120119,000000,14.28,14.52,14.28,14.52,0,0
GRM_MV,D,20120120,000000,14.77,14.77,14.77,14.77,0,0
GRM_MV,D,20120124,000000,14.77,14.77,14.77,14.77,0,0
GRM_MV,D,20120126,000000,14.77,14.77,14.77,14.77,0,0
GRM_MV,D,20120127,000000,14.28,14.52,14.28,14.52,0,0
GRM_MV,D,20120130,000000,14.52,15.75,14.28,15.26,0,0
GRM_MV,D,20120131,000000,15.26,15.51,14.28,14.28,0,0
GRM_MV,D,20120201,000000,14.77,15.51,14.77,15.51,0,0
GRM_MV,D,20120202,000000,15.75,15.75,15.75,15.75,0,0
GRM_MV,D,20120203,000000,15.75,15.75,15.75,15.75,0,0
GRM_MV,D,20120206,000000,15.75,15.75,15.75,15.75,0,0
GRM_MV,D,20120210,000000,15.75,15.75,15.75,15.75,0,0
GRM_MV,D,20120213,000000,14.77,14.77,14.52,14.52,0,0
GRM_MV,D,20120214,000000,14.28,14.28,13.78,13.78,0,0
GRM_MV,D,20120215,000000,13.29,13.29,12.8,12.8,0,0
GRM_MV,D,20120220,000000,12.31,12.55,11.57,12.55,0,0
GRM_MV,D,20120227,000000,13.04,13.04,13.04,13.04,0,0
GRM_MV,D,20120229,000000,12.31,12.8,12.31,12.8,0,0
GRM_MV,D,20120301,000000,12.8,12.8,12.8,12.8,0,0
GRM_MV,D,20120302,000000,13.29,14.03,13.29,14.03,0,0
GRM_MV,D,20120309,000000,14.52,14.52,14.52,14.52,0,0
GRM_MV,D,20120313,000000,13.29,13.29,13.29,13.29,0,0
GRM_MV,D,20120315,000000,12.8,13.04,12.31,12.31,0,0
GRM_MV,D,20120316,000000,12.8,12.8,12.8,12.8,0,0
GRM_MV,D,20120319,000000,12.8,12.8,12.31,12.31,0,0
GRM_MV,D,20120320,000000,12.55,12.55,12.55,12.55,0,0
GRM_MV,D,20120321,000000,12.55,14.52,11.57,14.52,0,0
GRM_MV,D,20120322,000000,14.52,14.52,12.55,12.55,0,0
GRM_MV,D,20120323,000000,13.04,13.04,12.31,12.31,0,0
GRM_MV,D,20120326,000000,11.81,12.55,9.84,11.81,0,0
GRM_MV,D,20120327,000000,12.55,12.55,12.55,12.55,0,0
GRM_MV,D,20120328,000000,12.55,13.54,12.06,13.54,0,0
GRM_MV,D,20120403,000000,13.54,13.54,12.06,13.29,0,0
GRM_MV,D,20120405,000000,13.78,13.78,13.78,13.78,0,0
GRM_MV,D,20120410,000000,13.04,13.04,11.81,11.81,0,0
GRM_MV,D,20120418,000000,12.31,12.31,12.31,12.31,0,0
GRM_MV,D,20120419,000000,12.31,12.31,12.31,12.31,0,0
GRM_MV,D,20120420,000000,12.31,13.54,12.31,13.54,0,0
GRM_MV,D,20120430,000000,12.31,12.31,11.81,11.81,0,0
GRM_MV,D,20120502,000000,12.31,12.31,12.31,12.31,0,0
GRM_MV,D,20120504,000000,12.31,12.31,12.31,12.31,0,0
GRM_MV,D,20120507,000000,13.04,13.04,13.04,13.04,0,0
GRM_MV,D,20120508,000000,12.31,12.31,12.31,12.31,0,0
GRM_MV,D,20120509,000000,12.31,12.31,12.31,12.31,0,0
GRM_MV,D,20120510,000000,12.31,12.31,12.31,12.31,0,0
GRM_MV,D,20120511,000000,12.31,12.31,12.31,12.31,0,0
GRM_MV,D,20120514,000000,11.32,11.32,11.08,11.08,0,0
GRM_MV,D,20120515,000000,11.32,13.29,11.32,13.29,0,0
GRM_MV,D,20120516,000000,13.04,13.29,13.04,13.04,0,0
GRM_MV,D,20120517,000000,13.04,13.04,13.04,13.04,0,0
GRM_MV,D,20120518,000000,12.55,12.55,10.58,10.58,0,0
GRM_MV,D,20120521,000000,11.08,11.08,11.08,11.08,0,0
GRM_MV,D,20120522,000000,11.81,11.81,11.81,11.81,0,0
GRM_MV,D,20120524,000000,12.06,12.06,12.06,12.06,0,0
GRM_MV,D,20120525,000000,11.81,11.81,11.81,11.81,0,0
GRM_MV,D,20120531,000000,12.06,12.06,12.06,12.06,0,0
GRM_MV,D,20120601,000000,12.06,12.06,12.06,12.06,0,0
GRM_MV,D,20120605,000000,12.06,12.06,12.06,12.06,0,0
GRM_MV,D,20120612,000000,12.06,12.06,12.06,12.06,0,0
GRM_MV,D,20120621,000000,10.58,10.83,9.84,10.83,0,0
GRM_MV,D,20120622,000000,9.6,9.84,9.6,9.84,0,0
GRM_MV,D,20120626,000000,9.84,9.84,9.84,9.84,0,0
GRM_MV,D,20120702,000000,9.84,10.58,9.84,10.58,0,0
GRM_MV,D,20120712,000000,8.86,8.86,8.86,8.86,0,0
GRM_MV,D,20120713,000000,8.86,8.86,8.86,8.86,0,0
GRM_MV,D,20120717,000000,8.37,8.86,8.37,8.86,0,0
GRM_MV,D,20120718,000000,8.37,8.37,8.37,8.37,0,0
GRM_MV,D,20120719,000000,8.37,8.37,8.37,8.37,0,0
GRM_MV,D,20120720,000000,8.37,8.37,8.37,8.37,0,0
GRM_MV,D,20120723,000000,8.37,9.84,8.37,9.84,0,0
GRM_MV,D,20120724,000000,9.84,9.84,9.84,9.84,0,0
GRM_MV,D,20120725,000000,10.09,10.09,10.09,10.09,0,0
GRM_MV,D,20120801,000000,10.09,11.08,10.09,11.08,0,0
GRM_MV,D,20120802,000000,10.34,10.34,10.34,10.34,0,0
GRM_MV,D,20120803,000000,10.34,10.34,10.34,10.34,0,0
GRM_MV,D,20120806,000000,10.34,10.34,10.34,10.34,0,0
GRM_MV,D,20120807,000000,10.34,10.34,10.34,10.34,0,0
GRM_MV,D,20120809,000000,10.34,10.34,10.34,10.34,0,0
GRM_MV,D,20120810,000000,10.34,10.34,10.34,10.34,0,0
GRM_MV,D,20120813,000000,10.34,10.34,10.34,10.34,0,0
GRM_MV,D,20120817,000000,10.34,10.34,10.34,10.34,0,0
GRM_MV,D,20120820,000000,10.09,10.09,10.09,10.09,0,0
GRM_MV,D,20120822,000000,10.34,10.34,10.34,10.34,0,0
GRM_MV,D,20120823,000000,10.34,10.34,10.34,10.34,0,0
GRM_MV,D,20120824,000000,10.34,10.34,10.34,10.34,0,0
GRM_MV,D,20120827,000000,10.34,10.34,10.34,10.34,0,0
GRM_MV,D,20120828,000000,10.34,10.34,10.34,10.34,0,0
GRM_MV,D,20120829,000000,9.84,9.84,9.84,9.84,0,0
GRM_MV,D,20120831,000000,10.34,10.34,10.34,10.34,0,0
GRM_MV,D,20120903,000000,11.08,11.08,11.08,11.08,0,0
GRM_MV,D,20120907,000000,10.09,10.09,10.09,10.09,0,0
GRM_MV,D,20120918,000000,9.84,9.84,9.84,9.84,0,0
GRM_MV,D,20120920,000000,9.84,9.84,9.84,9.84,0,0
GRM_MV,D,20120921,000000,9.84,10.34,9.84,10.34,0,0
GRM_MV,D,20120924,000000,10.58,11.08,10.58,11.08,0,0
GRM_MV,D,20120925,000000,10.83,12.06,10.83,12.06,0,0
GRM_MV,D,20120926,000000,12.06,12.06,11.08,11.08,0,0
GRM_MV,D,20120927,000000,11.08,11.08,11.08,11.08,0,0
GRM_MV,D,20120928,000000,11.08,11.08,10.83,11.08,0,0
GRM_MV,D,20121001,000000,11.08,11.08,10.34,10.34,0,0
GRM_MV,D,20121002,000000,10.09,10.09,10.09,10.09,0,0
GRM_MV,D,20121003,000000,10.09,10.09,10.09,10.09,0,0
GRM_MV,D,20121004,000000,10.09,10.09,10.09,10.09,0,0
GRM_MV,D,20121005,000000,10.09,10.09,10.09,10.09,0,0
GRM_MV,D,20121008,000000,10.34,10.83,10.34,10.83,0,0
GRM_MV,D,20121009,000000,11.08,11.08,11.08,11.08,0,0
GRM_MV,D,20121011,000000,11.08,11.08,11.08,11.08,0,0
GRM_MV,D,20121012,000000,11.08,11.08,11.08,11.08,0,0
GRM_MV,D,20121015,000000,11.08,11.08,11.08,11.08,0,0
GRM_MV,D,20121016,000000,11.08,11.08,11.08,11.08,0,0
GRM_MV,D,20121017,000000,11.08,11.08,11.08,11.08,0,0
GRM_MV,D,20121019,000000,11.08,11.08,11.08,11.08,0,0
GRM_MV,D,20121022,000000,11.08,11.08,11.08,11.08,0,0
GRM_MV,D,20121024,000000,11.08,11.08,10.34,10.34,0,0
GRM_MV,D,20121025,000000,10.34,10.34,10.34,10.34,0,0
GRM_MV,D,20121026,000000,10.34,10.34,10.34,10.34,0,0
GRM_MV,D,20121029,000000,10.34,10.34,10.34,10.34,0,0
GRM_MV,D,20121030,000000,10.34,10.34,10.34,10.34,0,0
GRM_MV,D,20121031,000000,10.34,10.34,10.34,10.34,0,0
GRM_MV,D,20121102,000000,10.34,10.34,10.34,10.34,0,0
GRM_MV,D,20121105,000000,10.34,11.57,10.34,11.57,0,0
GRM_MV,D,20121106,000000,11.08,11.08,11.08,11.08,0,0
GRM_MV,D,20121107,000000,11.08,11.08,10.09,10.09,0,0
GRM_MV,D,20121115,000000,9.84,9.84,9.6,9.6,0,0
GRM_MV,D,20121116,000000,9.6,9.6,9.6,9.6,0,0
GRM_MV,D,20121119,000000,9.6,9.6,9.6,9.6,0,0
GRM_MV,D,20121120,000000,9.6,9.6,9.6,9.6,0,0
GRM_MV,D,20121121,000000,9.6,9.6,9.6,9.6,0,0
GRM_MV,D,20121122,000000,9.6,9.6,9.6,9.6,0,0
GRM_MV,D,20121123,000000,9.6,9.6,9.6,9.6,0,0
GRM_MV,D,20121126,000000,9.6,9.6,9.6,9.6,0,0
GRM_MV,D,20121127,000000,9.6,11.08,9.6,11.08,0,0
GRM_MV,D,20121128,000000,11.08,12.31,11.08,12.31,0,0
GRM_MV,D,20121129,000000,12.06,12.06,12.06,12.06,0,0
GRM_MV,D,20121130,000000,11.57,11.57,11.08,11.08,0,0
GRM_MV,D,20121203,000000,11.08,11.08,11.08,11.08,0,0
GRM_MV,D,20121204,000000,11.08,12.31,11.08,12.31,0,0
GRM_MV,D,20121205,000000,12.31,12.8,12.31,12.8,0,0
GRM_MV,D,20121206,000000,12.8,12.8,12.8,12.8,0,0
GRM_MV,D,20121207,000000,12.8,15.26,12.8,15.26,0,0
GRM_MV,D,20121210,000000,14.77,17.72,14.77,16,0,0
GRM_MV,D,20121211,000000,16,16.74,15.26,15.75,0,0
GRM_MV,D,20121212,000000,15.75,15.75,15.75,15.75,0,0
GRM_MV,D,20121213,000000,15.75,15.75,15.01,15.01,0,0
GRM_MV,D,20121214,000000,15.51,15.51,15.51,15.51,0,0
GRM_MV,D,20121217,000000,15.51,15.51,15.51,15.51,0,0
GRM_MV,D,20121218,000000,16,16,16,16,0,0
GRM_MV,D,20121219,000000,16,16,16,16,0,0
GRM_MV,D,20121220,000000,16,16,16,16,0,0
GRM_MV,D,20121221,000000,16,16,16,16,0,0
GRM_MV,D,20121227,000000,15.75,15.75,14.52,14.52,0,0
GRM_MV,D,20121228,000000,14.03,14.03,14.03,14.03,0,0
GRM_MV,D,20130102,000000,14.03,14.03,14.03,14.03,0,0
GRM_MV,D,20130103,000000,14.03,14.03,14.03,14.03,0,0
GRM_MV,D,20130104,000000,14.03,14.03,14.03,14.03,0,0
GRM_MV,D,20130107,000000,14.03,14.03,14.03,14.03,0,0
GRM_MV,D,20130108,000000,14.03,14.03,13.29,13.29,0,0
GRM_MV,D,20130109,000000,14.03,14.03,14.03,14.03,0,0
GRM_MV,D,20130110,000000,14.03,14.03,12.31,12.31,0,0
GRM_MV,D,20130116,000000,12.55,13.29,12.55,13.29,0,0
GRM_MV,D,20130118,000000,12.55,12.55,12.06,12.06,0,0
GRM_MV,D,20130121,000000,12.06,12.06,12.06,12.06,0,0
GRM_MV,D,20130124,000000,12.06,12.06,12.06,12.06,0,0
GRM_MV,D,20130125,000000,12.06,12.06,12.06,12.06,0,0
GRM_MV,D,20130128,000000,13.04,13.04,12.06,12.06,0,0
GRM_MV,D,20130129,000000,12.31,12.31,12.31,12.31,0,0
GRM_MV,D,20130130,000000,12.55,13.54,12.55,12.55,0,0
GRM_MV,D,20130131,000000,11.81,11.81,11.81,11.81,0,0
GRM_MV,D,20130205,000000,11.57,11.57,11.57,11.57,0,0
GRM_MV,D,20130206,000000,11.08,11.08,10.58,10.58,0,0
GRM_MV,D,20130207,000000,11.08,11.08,11.08,11.08,0,0
GRM_MV,D,20130219,000000,10.34,10.34,10.34,10.34,0,0
GRM_MV,D,20130221,000000,10.34,10.34,10.34,10.34,0,0
GRM_MV,D,20130222,000000,10.09,10.09,10.09,10.09,0,0
GRM_MV,D,20130225,000000,10.09,10.09,10.09,10.09,0,0
GRM_MV,D,20130226,000000,10.09,10.09,10.09,10.09,0,0
GRM_MV,D,20130227,000000,10.09,10.09,10.09,10.09,0,0
GRM_MV,D,20130228,000000,10.09,10.34,10.09,10.34,0,0
GRM_MV,D,20130301,000000,10.09,10.09,10.09,10.09,0,0
GRM_MV,D,20130306,000000,10.09,10.09,8.86,8.86,0,0
GRM_MV,D,20130308,000000,9.35,9.35,9.35,9.35,0,0
GRM_MV,D,20130321,000000,7.63,9.11,7.63,9.11,0,0
GRM_MV,D,20130326,000000,9.11,9.6,9.11,9.6,0,0
GRM_MV,D,20130411,000000,9.11,9.11,8.61,8.61,0,0
GRM_MV,D,20130417,000000,9.35,9.84,9.35,9.84,0,0
GRM_MV,D,20130418,000000,9.84,9.84,9.84,9.84,0,0
GRM_MV,D,20130425,000000,9.84,9.84,9.84,9.84,0,0
GRM_MV,D,20130426,000000,9.84,9.84,9.84,9.84,0,0
GRM_MV,D,20130429,000000,8.86,8.86,8.86,8.86,0,0
GRM_MV,D,20130509,000000,9.11,9.84,9.11,9.84,0,0
GRM_MV,D,20130516,000000,9.6,10.09,9.6,10.09,0,0
GRM_MV,D,20130606,000000,9.84,10.58,9.84,10.58,0,0
GRM_MV,D,20130613,000000,10.09,10.83,10.09,10.83,0,0
GRM_MV,D,20130614,000000,11.81,12.55,11.81,12.55,0,0
GRM_MV,D,20130617,000000,12.31,12.31,12.31,12.31,0,0
GRM_MV,D,20130711,000000,11.81,11.81,11.81,11.81,0,0
GRM_MV,D,20130712,000000,11.81,11.81,11.81,11.81,0,0
GRM_MV,D,20130715,000000,11.81,11.81,11.81,11.81,0,0
GRM_MV,D,20130716,000000,11.81,11.81,9.6,9.6,0,0
GRM_MV,D,20130730,000000,9.6,10.34,9.6,10.34,0,0
GRM_MV,D,20130808,000000,10.09,10.09,10.09,10.09,0,0
GRM_MV,D,20130809,000000,10.09,10.09,10.09,10.09,0,0
GRM_MV,D,20130812,000000,10.09,10.09,10.09,10.09,0,0
GRM_MV,D,20130813,000000,10.09,10.09,10.09,10.09,0,0
GRM_MV,D,20130814,000000,10.09,10.09,10.09,10.09,0,0
GRM_MV,D,20130816,000000,10.09,10.09,10.09,10.09,0,0
GRM_MV,D,20130819,000000,10.09,10.09,10.09,10.09,0,0
GRM_MV,D,20130820,000000,10.09,10.09,10.09,10.09,0,0
GRM_MV,D,20130821,000000,10.09,10.09,10.09,10.09,0,0
GRM_MV,D,20130822,000000,10.09,10.09,10.09,10.09,0,0
GRM_MV,D,20130823,000000,10.09,10.09,10.09,10.09,0,0
GRM_MV,D,20130826,000000,10.09,10.09,10.09,10.09,0,0
GRM_MV,D,20130827,000000,10.09,10.09,10.09,10.09,0,0
GRM_MV,D,20130828,000000,10.09,10.09,10.09,10.09,0,0
GRM_MV,D,20130829,000000,10.09,10.09,10.09,10.09,0,0
GRM_MV,D,20130830,000000,10.09,10.09,10.09,10.09,0,0
GRM_MV,D,20130903,000000,10.09,11.57,10.09,11.57,0,0
GRM_MV,D,20130904,000000,11.57,12.06,11.57,12.06,0,0
GRM_MV,D,20130905,000000,11.57,11.57,11.08,11.08,0,0
GRM_MV,D,20130906,000000,11.08,11.08,11.08,11.08,0,0
GRM_MV,D,20130909,000000,11.08,11.08,11.08,11.08,0,0
GRM_MV,D,20130910,000000,11.08,11.08,11.08,11.08,0,0
GRM_MV,D,20130911,000000,11.08,11.08,11.08,11.08,0,0
GRM_MV,D,20130912,000000,11.08,11.08,10.83,11.08,0,0
GRM_MV,D,20130913,000000,11.08,11.08,11.08,11.08,0,0
GRM_MV,D,20130916,000000,11.08,11.08,11.08,11.08,0,0
GRM_MV,D,20130917,000000,11.08,11.08,11.08,11.08,0,0
GRM_MV,D,20130918,000000,11.08,11.08,11.08,11.08,0,0
GRM_MV,D,20130919,000000,11.08,11.08,11.08,11.08,0,0
GRM_MV,D,20130920,000000,11.08,11.08,11.08,11.08,0,0
GRM_MV,D,20130923,000000,11.08,11.08,10.83,10.83,0,0
GRM_MV,D,20130924,000000,11.08,11.08,10.83,10.83,0,0
GRM_MV,D,20130925,000000,11.08,11.08,11.08,11.08,0,0
GRM_MV,D,20130926,000000,11.08,11.08,11.08,11.08,0,0
GRM_MV,D,20130927,000000,11.08,11.08,11.08,11.08,0,0
GRM_MV,D,20130930,000000,11.08,11.08,11.08,11.08,0,0
GRM_MV,D,20131001,000000,11.32,11.32,10.09,10.09,0,0
GRM_MV,D,20131004,000000,10.09,10.58,10.09,10.58,0,0
GRM_MV,D,20131007,000000,10.58,10.58,10.58,10.58,0,0
GRM_MV,D,20131008,000000,10.58,10.58,10.58,10.58,0,0
GRM_MV,D,20131009,000000,10.58,10.58,10.58,10.58,0,0
GRM_MV,D,20131010,000000,10.58,10.58,10.58,10.58,0,0
GRM_MV,D,20131011,000000,10.58,10.58,10.58,10.58,0,0
GRM_MV,D,20131014,000000,10.58,10.58,10.58,10.58,0,0
GRM_MV,D,20131015,000000,10.58,10.58,10.58,10.58,0,0
GRM_MV,D,20131016,000000,10.58,10.58,10.58,10.58,0,0
GRM_MV,D,20131017,000000,10.58,10.58,10.58,10.58,0,0
GRM_MV,D,20131018,000000,10.58,10.58,10.58,10.58,0,0
GRM_MV,D,20131021,000000,10.58,10.58,10.58,10.58,0,0
GRM_MV,D,20131022,000000,10.58,10.58,10.58,10.58,0,0
GRM_MV,D,20131023,000000,10.58,10.58,10.58,10.58,0,0
GRM_MV,D,20131024,000000,10.58,10.58,10.58,10.58,0,0
GRM_MV,D,20131025,000000,10.58,10.58,10.58,10.58,0,0
GRM_MV,D,20131028,000000,10.58,10.58,10.58,10.58,0,0
GRM_MV,D,20131029,000000,10.58,10.58,10.58,10.58,0,0
GRM_MV,D,20131030,000000,10.58,10.58,10.58,10.58,0,0
GRM_MV,D,20131031,000000,10.58,10.58,10.58,10.58,0,0
GRM_MV,D,20131104,000000,10.58,10.58,10.58,10.58,0,0
GRM_MV,D,20131105,000000,10.58,10.58,10.09,10.09,0,0
GRM_MV,D,20131106,000000,10.58,10.58,10.58,10.58,0,0
GRM_MV,D,20131107,000000,10.58,10.58,9.84,9.84,0,0
GRM_MV,D,20131113,000000,9.6,9.6,9.6,9.6,0,0
GRM_MV,D,20131114,000000,9.84,10.58,9.84,10.09,0,0
GRM_MV,D,20131115,000000,9.84,9.84,9.84,9.84,0,0
GRM_MV,D,20131119,000000,9.84,9.84,9.84,9.84,0,0
GRM_MV,D,20131121,000000,9.35,9.35,9.35,9.35,0,0
GRM_MV,D,20131125,000000,9.35,10.58,9.35,10.58,0,0
GRM_MV,D,20131128,000000,9.84,9.84,9.84,9.84,0,0
GRM_MV,D,20131129,000000,9.6,9.6,8.61,8.61,0,0
GRM_MV,D,20131202,000000,8.61,8.61,8.61,8.61,0,0
GRM_MV,D,20131203,000000,8.61,8.61,8.61,8.61,0,0
GRM_MV,D,20131204,000000,8.61,8.61,8.61,8.61,0,0
GRM_MV,D,20131209,000000,8.86,9.6,8.86,9.6,0,0
GRM_MV,D,20131217,000000,9.11,9.11,8.12,8.12,0,0
GRM_MV,D,20131218,000000,8.12,8.12,7.88,7.88,0,0
GRM_MV,D,20131219,000000,8.12,8.86,8.12,8.37,0,0
GRM_MV,D,20131230,000000,8.37,8.37,8.37,8.37,0,0
GRM_MV,D,20140116,000000,8.86,8.86,8.86,8.86,0,0
GRM_MV,D,20140117,000000,9.11,9.6,9.11,9.6,0,0
GRM_MV,D,20140120,000000,9.35,10.34,9.35,10.34,0,0
GRM_MV,D,20140122,000000,9.84,9.84,9.35,9.35,0,0
GRM_MV,D,20140124,000000,9.35,9.35,9.11,9.11,0,0
GRM_MV,D,20140127,000000,9.11,9.11,8.61,8.61,0,0
GRM_MV,D,20140128,000000,8.86,8.86,8.86,8.86,0,0
GRM_MV,D,20140129,000000,8.86,8.86,8.86,8.86,0,0
GRM_MV,D,20140130,000000,8.86,9.11,8.86,9.11,0,0
GRM_MV,D,20140131,000000,8.86,8.86,8.86,8.86,0,0
GRM_MV,D,20140203,000000,8.86,8.86,8.61,8.61,0,0
GRM_MV,D,20140205,000000,8.61,8.61,8.61,8.61,0,0
GRM_MV,D,20140206,000000,8.61,8.61,8.61,8.61,0,0
GRM_MV,D,20140207,000000,8.61,8.61,8.61,8.61,0,0
GRM_MV,D,20140210,000000,8.61,8.61,8.12,8.12,0,0
GRM_MV,D,20140211,000000,8.61,8.61,8.61,8.61,0,0
GRM_MV,D,20140212,000000,8.61,8.61,8.61,8.61,0,0
GRM_MV,D,20140213,000000,8.61,8.61,8.61,8.61,0,0
GRM_MV,D,20140214,000000,8.61,8.61,8.61,8.61,0,0
GRM_MV,D,20140217,000000,8.61,8.61,8.37,8.37,0,0
GRM_MV,D,20140218,000000,8.61,8.61,8.61,8.61,0,0
GRM_MV,D,20140219,000000,8.61,8.61,8.61,8.61,0,0
GRM_MV,D,20140220,000000,8.61,8.61,8.61,8.61,0,0
GRM_MV,D,20140221,000000,8.61,8.61,8.61,8.61,0,0
GRM_MV,D,20140224,000000,8.86,9.35,8.86,9.35,0,0
GRM_MV,D,20140225,000000,9.35,9.35,9.35,9.35,0,0
GRM_MV,D,20140226,000000,9.35,9.35,9.35,9.35,0,0
GRM_MV,D,20140227,000000,9.35,9.35,9.35,9.35,0,0
GRM_MV,D,20140228,000000,9.35,9.84,9.35,9.84,0,0
GRM_MV,D,20140303,000000,9.84,10.83,9.35,9.35,0,0
GRM_MV,D,20140304,000000,9.35,9.35,8.86,8.86,0,0
GRM_MV,D,20140305,000000,8.86,8.86,8.86,8.86,0,0
GRM_MV,D,20140306,000000,9.35,9.35,9.35,9.35,0,0
GRM_MV,D,20140307,000000,9.35,9.35,9.35,9.35,0,0
GRM_MV,D,20140311,000000,9.11,9.11,9.11,9.11,0,0
GRM_MV,D,20140312,000000,9.11,9.11,9.11,9.11,0,0
GRM_MV,D,20140313,000000,9.84,9.84,9.84,9.84,0,0
GRM_MV,D,20140320,000000,9.35,9.35,9.35,9.35,0,0
GRM_MV,D,20140324,000000,9.84,9.84,8.61,8.61,0,0
GRM_MV,D,20140325,000000,9.11,9.11,9.11,9.11,0,0
GRM_MV,D,20140326,000000,9.11,9.11,9.11,9.11,0,0
GRM_MV,D,20140327,000000,9.11,9.6,9.11,9.11,0,0
GRM_MV,D,20140401,000000,8.37,8.37,8.37,8.37,0,0
GRM_MV,D,20140409,000000,8.61,8.86,8.61,8.86,0,0
GRM_MV,D,20140414,000000,8.61,8.61,8.61,8.61,0,0
GRM_MV,D,20140416,000000,8.61,8.61,8.61,8.61,0,0
GRM_MV,D,20140417,000000,8.61,8.61,8.61,8.61,0,0
GRM_MV,D,20140429,000000,8.61,8.61,8.61,8.61,0,0
GRM_MV,D,20140505,000000,8.61,9.35,8.61,9.35,0,0
GRM_MV,D,20140506,000000,9.11,10.83,8.61,10.83,0,0
GRM_MV,D,20140507,000000,10.83,10.83,8.86,8.86,0,0
GRM_MV,D,20140508,000000,9.11,9.11,7.38,8.12,0,0
GRM_MV,D,20140509,000000,8.12,8.12,8.12,8.12,0,0
GRM_MV,D,20140512,000000,8.12,8.12,6.65,6.65,0,0
GRM_MV,D,20140513,000000,6.4,7.38,6.15,7.14,0,0
GRM_MV,D,20140514,000000,7.14,7.38,5.91,6.65,0,0
GRM_MV,D,20140515,000000,6.65,6.65,6.65,6.65,0,0
GRM_MV,D,20140516,000000,6.65,6.65,5.66,5.66,0,0
GRM_MV,D,20140519,000000,5.91,6.15,5.91,6.15,0,0
GRM_MV,D,20140520,000000,5.91,5.91,4.92,5.17,0,0
GRM_MV,D,20140521,000000,5.17,5.66,5.17,5.66,0,0
GRM_MV,D,20140522,000000,5.41,5.41,5.17,5.17,0,0
GRM_MV,D,20140523,000000,5.17,5.17,4.18,4.18,0,0
GRM_MV,D,20140526,000000,4.43,4.43,3.69,3.69,0,0
GRM_MV,D,20140527,000000,3.94,3.94,3.45,3.69,0,0
GRM_MV,D,20140528,000000,4.18,4.92,3.45,4.68,0,0
GRM_MV,D,20140530,000000,4.68,5.66,4.68,5.66,0,0
GRM_MV,D,20140602,000000,7.14,7.14,6.65,7.14,0,0
GRM_MV,D,20140603,000000,6.89,8.12,6.89,8.12,0,0
GRM_MV,D,20140604,000000,8.37,8.37,8.37,8.37,0,0
GRM_MV,D,20140605,000000,7.63,7.63,7.14,7.14,0,0
GRM_MV,D,20140606,000000,7.14,7.14,7.14,7.14,0,0
GRM_MV,D,20140609,000000,7.14,7.14,7.14,7.14,0,0
GRM_MV,D,20140610,000000,7.14,7.14,7.14,7.14,0,0
GRM_MV,D,20140611,000000,7.14,7.14,7.14,7.14,0,0
GRM_MV,D,20140613,000000,7.63,7.63,7.63,7.63,0,0
GRM_MV,D,20140616,000000,7.63,7.63,7.63,7.63,0,0
GRM_MV,D,20140617,000000,7.63,7.63,7.63,7.63,0,0
GRM_MV,D,20140618,000000,7.63,7.63,7.63,7.63,0,0
GRM_MV,D,20140620,000000,7.63,7.63,7.63,7.63,0,0
GRM_MV,D,20140623,000000,7.63,7.63,7.63,7.63,0,0
GRM_MV,D,20140624,000000,7.63,7.63,7.63,7.63,0,0
GRM_MV,D,20140625,000000,7.63,7.63,7.63,7.63,0,0
GRM_MV,D,20140626,000000,7.63,7.63,7.63,7.63,0,0
GRM_MV,D,20140627,000000,7.63,7.63,7.63,7.63,0,0
GRM_MV,D,20140630,000000,7.63,7.63,7.63,7.63,0,0
GRM_MV,D,20140701,000000,7.63,7.63,7.63,7.63,0,0
GRM_MV,D,20140702,000000,7.63,7.63,7.63,7.63,0,0
GRM_MV,D,20140703,000000,7.63,7.63,7.63,7.63,0,0
GRM_MV,D,20140704,000000,7.63,7.63,7.63,7.63,0,0
GRM_MV,D,20140707,000000,7.63,7.63,7.63,7.63,0,0
GRM_MV,D,20140708,000000,7.63,7.63,7.63,7.63,0,0
GRM_MV,D,20140710,000000,7.38,7.38,7.38,7.38,0,0
GRM_MV,D,20140711,000000,7.38,7.38,7.38,7.38,0,0
GRM_MV,D,20140714,000000,7.38,7.38,7.38,7.38,0,0
GRM_MV,D,20140715,000000,7.38,7.38,7.38,7.38,0,0
GRM_MV,D,20140716,000000,7.38,7.38,7.38,7.38,0,0
GRM_MV,D,20140717,000000,7.38,7.38,7.38,7.38,0,0
GRM_MV,D,20140718,000000,7.38,7.38,7.38,7.38,0,0
GRM_MV,D,20140721,000000,7.38,7.38,7.38,7.38,0,0
GRM_MV,D,20140722,000000,7.38,7.38,7.38,7.38,0,0
GRM_MV,D,20140723,000000,7.38,7.38,7.38,7.38,0,0
GRM_MV,D,20140724,000000,7.38,7.38,7.38,7.38,0,0
GRM_MV,D,20140725,000000,7.38,7.38,7.38,7.38,0,0
GRM_MV,D,20140728,000000,7.38,7.38,7.38,7.38,0,0
GRM_MV,D,20140729,000000,7.38,7.38,7.38,7.38,0,0
GRM_MV,D,20140730,000000,7.38,7.38,7.38,7.38,0,0
GRM_MV,D,20140731,000000,7.38,7.38,7.38,7.38,0,0
GRM_MV,D,20140801,000000,7.38,7.38,7.38,7.38,0,0
GRM_MV,D,20140804,000000,7.38,7.38,7.38,7.38,0,0
GRM_MV,D,20140805,000000,7.38,7.38,7.38,7.38,0,0
GRM_MV,D,20140806,000000,7.38,7.38,7.38,7.38,0,0
GRM_MV,D,20140807,000000,7.38,7.38,7.38,7.38,0,0
GRM_MV,D,20140808,000000,7.38,7.38,6.15,6.15,0,0
GRM_MV,D,20140811,000000,6.4,6.4,6.15,6.15,0,0
GRM_MV,D,20140813,000000,6.4,6.65,6.4,6.65,0,0
GRM_MV,D,20140814,000000,6.4,7.14,6.4,7.14,0,0
GRM_MV,D,20140818,000000,7.38,7.38,7.38,7.38,0,0
GRM_MV,D,20140819,000000,7.38,7.38,7.38,7.38,0,0
GRM_MV,D,20140820,000000,7.38,7.38,7.38,7.38,0,0
GRM_MV,D,20140821,000000,7.38,7.38,6.15,6.15,0,0
GRM_MV,D,20140904,000000,6.4,7.14,6.4,7.14,0,0
GRM_MV,D,20140909,000000,7.38,7.38,7.38,7.38,0,0
GRM_MV,D,20140910,000000,7.38,7.38,7.38,7.38,0,0
GRM_MV,D,20140911,000000,7.38,7.38,7.38,7.38,0,0
GRM_MV,D,20140912,000000,7.38,7.38,7.38,7.38,0,0
GRM_MV,D,20140915,000000,7.38,7.38,7.38,7.38,0,0
GRM_MV,D,20140916,000000,7.38,7.38,7.38,7.38,0,0
GRM_MV,D,20140917,000000,7.38,7.38,7.38,7.38,0,0
GRM_MV,D,20140918,000000,7.38,7.38,7.38,7.38,0,0
GRM_MV,D,20140922,000000,7.38,7.38,7.38,7.38,0,0
GRM_MV,D,20140923,000000,7.38,7.38,7.38,7.38,0,0
GRM_MV,D,20140924,000000,7.38,7.38,7.38,7.38,0,0
GRM_MV,D,20140925,000000,7.38,7.38,7.38,7.38,0,0
GRM_MV,D,20140926,000000,7.38,7.38,7.38,7.38,0,0
GRM_MV,D,20140929,000000,7.38,7.38,7.38,7.38,0,0
GRM_MV,D,20140930,000000,7.38,7.38,7.38,7.38,0,0
GRM_MV,D,20141001,000000,7.14,7.14,7.14,7.14,0,0
GRM_MV,D,20141002,000000,7.14,7.14,7.14,7.14,0,0
GRM_MV,D,20141003,000000,7.14,7.14,6.89,6.89,0,0
GRM_MV,D,20141006,000000,6.89,6.89,6.89,6.89,0,0
GRM_MV,D,20141007,000000,7.14,7.14,7.14,7.14,0,0
GRM_MV,D,20141008,000000,7.14,7.14,7.14,7.14,0,0
GRM_MV,D,20141009,000000,7.14,7.14,7.14,7.14,0,0
GRM_MV,D,20141010,000000,7.14,7.14,7.14,7.14,0,0
GRM_MV,D,20141013,000000,7.14,7.14,7.14,7.14,0,0
GRM_MV,D,20141014,000000,7.14,7.14,7.14,7.14,0,0
GRM_MV,D,20141015,000000,7.14,7.14,7.14,7.14,0,0
GRM_MV,D,20141016,000000,7.14,7.14,7.14,7.14,0,0
GRM_MV,D,20141017,000000,7.14,7.14,7.14,7.14,0,0
GRM_MV,D,20141020,000000,7.14,7.14,7.14,7.14,0,0
GRM_MV,D,20141021,000000,7.14,7.14,7.14,7.14,0,0
GRM_MV,D,20141022,000000,7.14,7.14,7.14,7.14,0,0
GRM_MV,D,20141023,000000,7.14,7.14,7.14,7.14,0,0
GRM_MV,D,20141024,000000,7.14,7.14,7.14,7.14,0,0
GRM_MV,D,20141027,000000,7.14,7.14,7.14,7.14,0,0
GRM_MV,D,20141028,000000,7.14,7.14,7.14,7.14,0,0
GRM_MV,D,20141029,000000,7.14,7.14,7.14,7.14,0,0
GRM_MV,D,20141030,000000,7.14,7.14,7.14,7.14,0,0
GRM_MV,D,20141031,000000,7.14,7.14,7.14,7.14,0,0
GRM_MV,D,20141103,000000,7.14,7.14,7.14,7.14,0,0
GRM_MV,D,20141104,000000,7.14,7.14,7.14,7.14,0,0
GRM_MV,D,20141105,000000,7.14,7.14,7.14,7.14,0,0
GRM_MV,D,20141106,000000,5.66,5.66,5.41,5.41,0,0
GRM_MV,D,20141107,000000,5.41,5.41,4.43,4.43,0,0
GRM_MV,D,20141110,000000,4.43,4.43,4.43,4.43,0,0
GRM_MV,D,20141112,000000,4.43,4.43,4.18,4.18,0,0
GRM_MV,D,20141113,000000,4.18,4.18,4.18,4.18,0,0
GRM_MV,D,20141114,000000,4.18,4.18,4.18,4.18,0,0
GRM_MV,D,20141117,000000,4.18,4.18,4.18,4.18,0,0
GRM_MV,D,20141118,000000,4.18,4.92,4.18,4.92,0,0
GRM_MV,D,20141119,000000,4.92,4.92,4.92,4.92,0,0
GRM_MV,D,20141124,000000,5.17,5.41,5.17,5.41,0,0
GRM_MV,D,20141125,000000,5.41,5.41,5.41,5.41,0,0
GRM_MV,D,20141126,000000,5.41,5.41,5.41,5.41,0,0
GRM_MV,D,20141127,000000,4.92,4.92,4.43,4.92,0,0
GRM_MV,D,20141128,000000,4.68,4.68,4.68,4.68,0,0
GRM_MV,D,20141201,000000,4.68,4.68,4.68,4.68,0,0
GRM_MV,D,20141202,000000,4.68,4.68,4.68,4.68,0,0
GRM_MV,D,20141203,000000,4.92,4.92,4.92,4.92,0,0
GRM_MV,D,20141209,000000,4.68,4.68,4.68,4.68,0,0
GRM_MV,D,20141210,000000,4.68,4.68,4.68,4.68,0,0
GRM_MV,D,20141211,000000,4.68,4.68,4.68,4.68,0,0
GRM_MV,D,20141212,000000,4.68,4.68,4.18,4.18,0,0
GRM_MV,D,20141215,000000,4.18,4.18,4.18,4.18,0,0
GRM_MV,D,20141216,000000,4.18,4.18,3.94,3.94,0,0
GRM_MV,D,20141217,000000,4.18,4.18,4.18,4.18,0,0
GRM_MV,D,20141218,000000,4.18,4.18,4.18,4.18,0,0
GRM_MV,D,20141219,000000,4.18,4.18,3.45,3.45,0,0
GRM_MV,D,20141222,000000,3.45,3.94,3.45,3.45,0,0
GRM_MV,D,20141223,000000,3.45,3.45,3.45,3.45,0,0
GRM_MV,D,20141230,000000,3.69,3.69,3.45,3.45,0,0
GRM_MV,D,20150107,000000,3.45,3.45,3.2,3.2,0,0
GRM_MV,D,20150108,000000,3.2,3.2,2.95,2.95,0,0
GRM_MV,D,20150109,000000,2.95,2.95,2.95,2.95,0,0
GRM_MV,D,20150112,000000,2.95,2.95,2.95,2.95,0,0
GRM_MV,D,20150113,000000,2.95,2.95,2.95,2.95,0,0
GRM_MV,D,20150114,000000,2.95,2.95,2.71,2.71,0,0
GRM_MV,D,20150115,000000,2.71,2.71,2.46,2.46,0,0
GRM_MV,D,20150116,000000,2.46,2.46,2.46,2.46,0,0
GRM_MV,D,20150119,000000,2.46,2.46,2.46,2.46,0,0
GRM_MV,D,20150120,000000,2.46,2.46,2.46,2.46,0,0
GRM_MV,D,20150121,000000,2.46,2.46,2.46,2.46,0,0
GRM_MV,D,20150122,000000,2.46,2.46,2.46,2.46,0,0
GRM_MV,D,20150123,000000,2.46,2.46,2.46,2.46,0,0
GRM_MV,D,20150126,000000,2.46,2.46,2.46,2.46,0,0
GRM_MV,D,20150127,000000,2.46,2.46,2.46,2.46,0,0
GRM_MV,D,20150128,000000,2.46,2.46,2.46,2.46,0,0
GRM_MV,D,20150129,000000,2.46,2.46,2.46,2.46,0,0
GRM_MV,D,20150130,000000,2.46,2.46,1.97,1.97,0,0
GRM_MV,D,20150202,000000,1.97,2.22,1.72,1.97,0,0
GRM_MV,D,20150203,000000,1.97,1.97,1.97,1.97,0,0
GRM_MV,D,20150204,000000,1.97,1.97,1.97,1.97,0,0
GRM_MV,D,20150205,000000,1.97,1.97,1.97,1.97,0,0
GRM_MV,D,20150206,000000,1.97,1.97,1.97,1.97,0,0
GRM_MV,D,20150209,000000,1.97,1.97,1.97,1.97,0,0
GRM_MV,D,20150210,000000,1.97,1.97,1.97,1.97,0,0
GRM_MV,D,20150211,000000,1.97,1.97,1.97,1.97,0,0
GRM_MV,D,20150212,000000,1.97,1.97,1.97,1.97,0,0
GRM_MV,D,20150213,000000,1.97,1.97,1.97,1.97,0,0
GRM_MV,D,20150216,000000,1.97,1.97,1.97,1.97,0,0
GRM_MV,D,20150217,000000,1.97,1.97,1.97,1.97,0,0
GRM_MV,D,20150218,000000,1.97,1.97,1.97,1.97,0,0
GRM_MV,D,20150219,000000,1.97,1.97,1.97,1.97,0,0
GRM_MV,D,20150220,000000,1.97,1.97,1.97,1.97,0,0
GRM_MV,D,20150223,000000,1.97,2.46,1.97,2.46,0,0
GRM_MV,D,20150224,000000,2.95,3.45,2.95,3.45,0,0
GRM_MV,D,20150225,000000,4.43,5.17,4.43,5.17,0,0
GRM_MV,D,20150226,000000,5.91,6.89,4.92,6.65,0,0
GRM_MV,D,20150227,000000,7.88,9.84,7.88,9.84,0,0
GRM_MV,D,20150302,000000,11.57,11.57,7.38,10.34,0,0
GRM_MV,D,20150303,000000,9.84,9.84,8.12,8.86,0,0
GRM_MV,D,20150304,000000,9.84,9.84,7.88,8.12,0,0
GRM_MV,D,20150305,000000,7.88,7.88,7.38,7.63,0,0
GRM_MV,D,20150306,000000,7.63,7.63,5.41,5.41,0,0
GRM_MV,D,20150309,000000,6.15,6.15,3.94,4.92,0,0
GRM_MV,D,20150310,000000,5.17,5.17,5.17,5.17,0,0
GRM_MV,D,20150311,000000,4.68,4.68,3.94,3.94,0,0
GRM_MV,D,20150312,000000,4.68,4.92,3.94,4.18,0,0
GRM_MV,D,20150313,000000,3.94,5.41,3.94,5.41,0,0
GRM_MV,D,20150316,000000,5.66,5.66,5.41,5.66,0,0
GRM_MV,D,20150317,000000,5.17,5.66,4.43,5.66,0,0
GRM_MV,D,20150318,000000,5.66,7.88,5.41,6.65,0,0
GRM_MV,D,20150319,000000,6.89,8.12,5.66,7.88,0,0
GRM_MV,D,20150320,000000,8.86,9.84,7.88,9.84,0,0
GRM_MV,D,20150323,000000,9.84,12.06,9.84,12.06,0,0
GRM_MV,D,20150324,000000,10.58,11.08,9.35,10.58,0,0
GRM_MV,D,20150325,000000,10.83,10.83,10.83,10.83,0,0
GRM_MV,D,20150326,000000,9.6,10.83,9.35,10.58,0,0
GRM_MV,D,20150327,000000,10.34,10.83,8.61,10.83,0,0
GRM_MV,D,20150330,000000,10.83,10.83,7.88,7.88,0,0
GRM_MV,D,20150331,000000,7.88,7.88,7.88,7.88,0,0
GRM_MV,D,20150402,000000,9.35,10.83,9.35,9.35,0,0
GRM_MV,D,20150407,000000,9.35,9.6,9.35,9.6,0,0
GRM_MV,D,20150414,000000,9.35,9.6,8.12,9.6,0,0
GRM_MV,D,20150415,000000,8.86,9.6,8.86,9.6,0,0
GRM_MV,D,20150416,000000,9.6,9.6,9.6,9.6,0,0
GRM_MV,D,20150417,000000,8.86,8.86,8.61,8.61,0,0
GRM_MV,D,20150420,000000,9.11,9.6,7.38,8.37,0,0
GRM_MV,D,20150421,000000,8.37,8.86,8.37,8.86,0,0
GRM_MV,D,20150430,000000,9.6,9.6,9.6,9.6,0,0
GRM_MV,D,20150504,000000,9.6,9.6,9.6,9.6,0,0
GRM_MV,D,20150511,000000,9.6,9.6,9.6,9.6,0,0
GRM_MV,D,20150512,000000,9.11,9.11,9.11,9.11,0,0
GRM_MV,D,20150513,000000,9.11,9.11,9.11,9.11,0,0
GRM_MV,D,20150514,000000,9.11,9.11,8.61,9.11,0,0
GRM_MV,D,20150520,000000,7.63,9.11,6.15,6.65,0,0
GRM_MV,D,20150521,000000,6.89,6.89,5.66,6.89,0,0
GRM_MV,D,20150525,000000,5.66,5.66,4.92,4.92,0,0
GRM_MV,D,20150526,000000,4.92,4.92,3.94,4.43,0,0
GRM_MV,D,20150528,000000,4.18,4.18,3.45,4.18,0,0
GRM_MV,D,20150529,000000,4.68,4.68,4.43,4.43,0,0
GRM_MV,D,20150601,000000,4.68,4.68,4.68,4.68,0,0
GRM_MV,D,20150602,000000,4.68,4.68,4.68,4.68,0,0
GRM_MV,D,20150603,000000,4.68,4.68,4.68,4.68,0,0
GRM_MV,D,20150605,000000,4.68,4.68,3.94,4.68,0,0
GRM_MV,D,20150608,000000,3.94,4.43,3.2,4.18,0,0
GRM_MV,D,20150609,000000,4.18,4.18,3.45,3.45,0,0
GRM_MV,D,20150610,000000,3.69,3.69,2.95,3.45,0,0
GRM_MV,D,20150612,000000,3.45,3.94,3.45,3.94,0,0
GRM_MV,D,20150616,000000,3.69,4.43,3.69,4.43,0,0
GRM_MV,D,20150617,000000,4.68,4.68,4.68,4.68,0,0
GRM_MV,D,20150618,000000,4.43,4.43,4.43,4.43,0,0
GRM_MV,D,20150619,000000,4.43,4.43,4.43,4.43,0,0
GRM_MV,D,20150622,000000,4.43,4.43,4.43,4.43,0,0
GRM_MV,D,20150623,000000,3.94,3.94,3.45,3.94,0,0
GRM_MV,D,20150624,000000,3.45,3.94,3.45,3.94,0,0
GRM_MV,D,20150625,000000,3.94,3.94,3.94,3.94,0,0
GRM_MV,D,20150626,000000,3.94,3.94,3.45,3.94,0,0
GRM_MV,D,20150629,000000,3.94,3.94,3.94,3.94,0,0
GRM_MV,D,20150630,000000,3.94,3.94,3.94,3.94,0,0
GRM_MV,D,20150701,000000,3.94,3.94,3.94,3.94,0,0
GRM_MV,D,20150702,000000,3.94,3.94,3.94,3.94,0,0
GRM_MV,D,20150703,000000,3.2,3.2,2.71,3.2,0,0
GRM_MV,D,20150706,000000,3.2,3.94,3.2,3.69,0,0
GRM_MV,D,20150707,000000,3.94,4.68,3.94,4.68,0,0
GRM_MV,D,20150708,000000,5.41,6.15,4.92,5.91,0,0
GRM_MV,D,20150709,000000,5.41,5.91,4.92,5.91,0,0
GRM_MV,D,20150710,000000,5.66,5.66,5.41,5.66,0,0
GRM_MV,D,20150713,000000,5.66,5.66,4.68,4.92,0,0
GRM_MV,D,20150714,000000,4.43,4.68,3.69,4.68,0,0
GRM_MV,D,20150715,000000,4.18,4.43,3.45,4.43,0,0
GRM_MV,D,20150716,000000,4.43,4.43,4.43,4.43,0,0
GRM_MV,D,20150717,000000,3.69,3.69,2.95,3.45,0,0
GRM_MV,D,20150720,000000,3.69,3.94,3.69,3.94,0,0
GRM_MV,D,20150721,000000,3.69,4.18,2.95,3.94,0,0
GRM_MV,D,20150722,000000,4.18,4.43,3.94,4.43,0,0
GRM_MV,D,20150723,000000,4.68,4.68,4.68,4.68,0,0
GRM_MV,D,20150724,000000,3.94,4.18,3.2,4.18,0,0
GRM_MV,D,20150727,000000,3.94,4.43,3.69,3.69,0,0
GRM_MV,D,20150728,000000,3.69,4.18,3.69,3.69,0,0
GRM_MV,D,20150729,000000,3.69,3.69,3.45,3.45,0,0
GRM_MV,D,20150730,000000,3.45,3.94,3.2,3.94,0,0
GRM_MV,D,20150731,000000,3.45,3.69,3.2,3.69,0,0
GRM_MV,D,20150803,000000,3.69,4.43,3.69,4.18,0,0
GRM_MV,D,20150804,000000,4.43,4.68,3.69,3.69,0,0
GRM_MV,D,20150805,000000,3.69,4.18,3.45,3.45,0,0
GRM_MV,D,20150806,000000,3.45,3.69,3.45,3.45,0,0
GRM_MV,D,20150807,000000,3.45,3.45,3.2,3.45,0,0
GRM_MV,D,20150810,000000,3.45,3.45,3.45,3.45,0,0
GRM_MV,D,20150811,000000,3.45,3.69,3.2,3.69,0,0
GRM_MV,D,20150812,000000,3.45,3.69,3.45,3.69,0,0
GRM_MV,D,20150813,000000,3.69,3.69,3.69,3.69,0,0
GRM_MV,D,20150814,000000,3.69,3.94,3.69,3.94,0,0
GRM_MV,D,20150817,000000,3.94,3.94,3.2,3.2,0,0
GRM_MV,D,20150818,000000,3.2,3.2,3.2,3.2,0,0
GRM_MV,D,20150819,000000,3.2,3.2,3.2,3.2,0,0
GRM_MV,D,20150820,000000,3.2,3.2,3.2,3.2,0,0
GRM_MV,D,20150821,000000,3.2,3.2,3.2,3.2,0,0
GRM_MV,D,20150824,000000,3.45,3.45,3.45,3.45,0,0
GRM_MV,D,20150825,000000,3.45,3.45,3.45,3.45,0,0
GRM_MV,D,20150826,000000,3.45,3.45,3.45,3.45,0,0
GRM_MV,D,20150827,000000,3.45,3.45,2.95,2.95,0,0
GRM_MV,D,20150828,000000,3.2,3.2,2.71,2.71,0,0
GRM_MV,D,20150831,000000,2.95,3.2,2.95,3.2,0,0
GRM_MV,D,20150901,000000,2.95,2.95,2.71,2.95,0,0
GRM_MV,D,20150902,000000,2.95,2.95,2.71,2.95,0,0
GRM_MV,D,20150903,000000,2.95,2.95,2.95,2.95,0,0
GRM_MV,D,20150904,000000,2.95,2.95,2.95,2.95,0,0
GRM_MV,D,20150907,000000,2.95,2.95,2.95,2.95,0,0
GRM_MV,D,20150908,000000,2.71,2.95,2.71,2.95,0,0
GRM_MV,D,20150909,000000,2.95,2.95,2.95,2.95,0,0
GRM_MV,D,20150910,000000,2.95,2.95,2.95,2.95,0,0
GRM_MV,D,20150911,000000,2.95,2.95,2.95,2.95,0,0
GRM_MV,D,20150914,000000,2.95,2.95,2.95,2.95,0,0
GRM_MV,D,20150915,000000,2.95,2.95,2.95,2.95,0,0
GRM_MV,D,20150916,000000,2.71,2.71,2.71,2.71,0,0
GRM_MV,D,20150917,000000,2.71,3.45,2.71,3.45,0,0
GRM_MV,D,20150918,000000,3.45,3.94,3.45,3.69,0,0
GRM_MV,D,20150921,000000,3.94,4.18,3.45,3.94,0,0
GRM_MV,D,20150922,000000,3.94,3.94,3.45,3.69,0,0
GRM_MV,D,20150923,000000,3.69,3.69,3.2,3.2,0,0
GRM_MV,D,20150924,000000,3.2,3.69,3.2,3.69,0,0
GRM_MV,D,20150925,000000,3.69,3.69,3.45,3.45,0,0
GRM_MV,D,20150928,000000,3.45,3.45,3.45,3.45,0,0
GRM_MV,D,20150929,000000,3.69,3.69,3.69,3.69,0,0
GRM_MV,D,20150930,000000,3.2,3.2,3.2,3.2,0,0
GRM_MV,D,20151001,000000,3.2,3.69,3.2,3.69,0,0
GRM_MV,D,20151002,000000,3.69,3.69,3.69,3.69,0,0
GRM_MV,D,20151005,000000,3.69,3.69,3.69,3.69,0,0
GRM_MV,D,20151006,000000,3.69,3.69,3.45,3.45,0,0
GRM_MV,D,20151008,000000,3.69,3.69,3.45,3.45,0,0
GRM_MV,D,20151009,000000,3.2,3.2,2.71,2.95,0,0
GRM_MV,D,20151012,000000,2.95,3.2,2.95,3.2,0,0
GRM_MV,D,20151013,000000,3.2,3.2,3.2,3.2,0,0
GRM_MV,D,20151014,000000,3.2,3.2,3.2,3.2,0,0
GRM_MV,D,20151015,000000,3.2,3.2,3.2,3.2,0,0
GRM_MV,D,20151016,000000,3.2,3.2,3.2,3.2,0,0
GRM_MV,D,20151019,000000,3.2,3.2,3.2,3.2,0,0
GRM_MV,D,20151020,000000,3.2,3.45,2.95,3.45,0,0
GRM_MV,D,20151021,000000,3.2,3.2,3.2,3.2,0,0
GRM_MV,D,20151022,000000,2.95,2.95,2.95,2.95,0,0
GRM_MV,D,20151023,000000,2.95,3.45,2.95,3.45,0,0
GRM_MV,D,20151026,000000,3.45,3.94,3.45,3.45,0,0
GRM_MV,D,20151029,000000,3.45,3.45,3.45,3.45,0,0
GRM_MV,D,20151030,000000,3.45,3.45,3.45,3.45,0,0
GRM_MV,D,20151102,000000,3.45,3.94,3.45,3.94,0,0
GRM_MV,D,20151103,000000,3.94,3.94,3.69,3.69,0,0
GRM_MV,D,20151104,000000,3.45,3.45,3.45,3.45,0,0
GRM_MV,D,20151105,000000,3.45,3.45,3.45,3.45,0,0
GRM_MV,D,20151106,000000,3.45,3.45,3.45,3.45,0,0
GRM_MV,D,20151109,000000,3.45,3.45,2.95,2.95,0,0
GRM_MV,D,20151110,000000,3.2,3.2,3.2,3.2,0,0
GRM_MV,D,20151112,000000,3.2,3.2,2.95,2.95,0,0
GRM_MV,D,20151113,000000,2.95,3.94,2.95,3.94,0,0
GRM_MV,D,20151116,000000,4.43,4.43,4.18,4.43,0,0
GRM_MV,D,20151117,000000,4.18,4.43,4.18,4.43,0,0
GRM_MV,D,20151118,000000,4.18,4.18,4.18,4.18,0,0
GRM_MV,D,20151119,000000,3.94,4.43,3.69,4.43,0,0
GRM_MV,D,20151120,000000,4.43,4.43,4.43,4.43,0,0
GRM_MV,D,20151123,000000,4.43,4.43,3.69,4.43,0,0
GRM_MV,D,20151124,000000,3.94,3.94,3.2,3.2,0,0
GRM_MV,D,20151125,000000,3.45,3.94,3.45,3.94,0,0
GRM_MV,D,20151126,000000,3.69,3.69,2.95,2.95,0,0
GRM_MV,D,20151127,000000,3.2,3.2,3.2,3.2,0,0
GRM_MV,D,20151130,000000,3.2,3.69,3.2,3.69,0,0
GRM_MV,D,20151201,000000,3.69,3.94,3.69,3.94,0,0
GRM_MV,D,20151202,000000,3.94,4.18,3.94,4.18,0,0
GRM_MV,D,20151203,000000,4.18,4.18,3.45,4.18,0,0
GRM_MV,D,20151204,000000,3.94,4.18,3.94,4.18,0,0
GRM_MV,D,20151207,000000,3.94,3.94,3.94,3.94,0,0
GRM_MV,D,20151208,000000,3.94,3.94,3.94,3.94,0,0
GRM_MV,D,20151209,000000,3.94,3.94,3.94,3.94,0,0
GRM_MV,D,20151210,000000,3.94,3.94,3.2,3.2,0,0
GRM_MV,D,20151211,000000,3.2,3.2,3.2,3.2,0,0
GRM_MV,D,20151214,000000,3.2,3.69,3.2,3.69,0,0
GRM_MV,D,20151215,000000,3.69,3.69,3.69,3.69,0,0
GRM_MV,D,20151216,000000,3.69,3.69,3.69,3.69,0,0
GRM_MV,D,20151217,000000,3.69,3.69,3.69,3.69,0,0
GRM_MV,D,20151218,000000,3.69,3.69,3.69,3.69,0,0
GRM_MV,D,20151221,000000,3.69,3.69,3.2,3.2,0,0
GRM_MV,D,20151222,000000,3.2,3.2,2.95,2.95,0,0
GRM_MV,D,20151223,000000,3.2,3.69,3.2,3.69,0,0
GRM_MV,D,20151228,000000,3.69,3.94,3.45,3.94,0,0
GRM_MV,D,20151229,000000,4.18,4.18,4.18,4.18,0,0
GRM_MV,D,20151230,000000,3.94,3.94,3.94,3.94,0,0
GRM_MV,D,20160104,000000,3.69,3.69,3.69,3.69,0,0
GRM_MV,D,20160105,000000,3.69,3.69,3.69,3.69,0,0
GRM_MV,D,20160107,000000,3.94,4.43,3.94,4.43,0,0
GRM_MV,D,20160108,000000,4.43,4.43,4.18,4.18,0,0
GRM_MV,D,20160111,000000,4.18,4.18,4.18,4.18,0,0
GRM_MV,D,20160112,000000,4.18,4.18,3.45,3.45,0,0
GRM_MV,D,20160114,000000,3.45,3.45,3.45,3.45,0,0
GRM_MV,D,20160115,000000,3.69,3.69,3.69,3.69,0,0
GRM_MV,D,20160119,000000,3.69,3.69,2.95,3.69,0,0
GRM_MV,D,20160120,000000,4.18,5.17,3.69,5.17,0,0
GRM_MV,D,20160121,000000,5.91,7.14,5.91,7.14,0,0
GRM_MV,D,20160122,000000,8.12,9.6,5.41,6.15,0,0
GRM_MV,D,20160125,000000,4.92,6.65,4.92,6.65,0,0
GRM_MV,D,20160126,000000,6.65,6.65,4.92,4.92,0,0
GRM_MV,D,20160127,000000,4.92,5.91,3.94,5.66,0,0
GRM_MV,D,20160128,000000,5.66,5.66,4.92,5.66,0,0
GRM_MV,D,20160129,000000,5.66,5.66,4.92,5.66,0,0
GRM_MV,D,20160201,000000,5.41,5.66,5.41,5.66,0,0
GRM_MV,D,20160202,000000,5.66,5.66,5.41,5.66,0,0
GRM_MV,D,20160203,000000,5.41,5.41,5.41,5.41,0,0
GRM_MV,D,20160204,000000,5.66,5.66,5.66,5.66,0,0
GRM_MV,D,20160205,000000,5.41,5.41,5.17,5.41,0,0
GRM_MV,D,20160208,000000,4.92,4.92,4.43,4.92,0,0
GRM_MV,D,20160209,000000,4.92,5.41,4.92,5.41,0,0
GRM_MV,D,20160210,000000,5.17,5.17,4.92,5.17,0,0
GRM_MV,D,20160211,000000,4.68,4.68,3.94,4.43,0,0
GRM_MV,D,20160212,000000,4.43,4.43,4.43,4.43,0,0
GRM_MV,D,20160215,000000,4.43,4.43,4.18,4.43,0,0
GRM_MV,D,20160216,000000,4.43,4.43,4.43,4.43,0,0
GRM_MV,D,20160217,000000,4.43,4.43,4.18,4.18,0,0
GRM_MV,D,20160218,000000,4.18,4.18,3.45,3.45,0,0
GRM_MV,D,20160219,000000,3.69,4.43,3.69,4.43,0,0
GRM_MV,D,20160222,000000,4.43,4.43,3.69,3.69,0,0
GRM_MV,D,20160223,000000,4.18,4.18,3.2,3.94,0,0
GRM_MV,D,20160225,000000,3.69,3.69,3.69,3.69,0,0
GRM_MV,D,20160226,000000,3.69,3.69,3.69,3.69,0,0
GRM_MV,D,20160229,000000,3.94,4.43,3.94,4.18,0,0
GRM_MV,D,20160301,000000,3.69,3.94,3.69,3.94,0,0
GRM_MV,D,20160302,000000,3.94,3.94,3.94,3.94,0,0
GRM_MV,D,20160304,000000,3.69,3.94,3.69,3.94,0,0
GRM_MV,D,20160311,000000,3.94,3.94,3.69,3.69,0,0
GRM_MV,D,20160314,000000,3.69,3.69,3.45,3.69,0,0
GRM_MV,D,20160315,000000,3.45,3.45,3.45,3.45,0,0
GRM_MV,D,20160316,000000,3.45,3.45,3.45,3.45,0,0
GRM_MV,D,20160317,000000,3.45,3.45,3.45,3.45,0,0
GRM_MV,D,20160318,000000,3.45,3.45,2.95,3.2,0,0
GRM_MV,D,20160321,000000,3.2,3.45,3.2,3.45,0,0
GRM_MV,D,20160323,000000,3.69,3.94,3.45,3.94,0,0
GRM_MV,D,20160324,000000,3.94,3.94,3.69,3.69,0,0
GRM_MV,D,20160329,000000,3.94,4.68,3.94,4.43,0,0
GRM_MV,D,20160330,000000,4.43,5.17,4.43,5.17,0,0
GRM_MV,D,20160331,000000,5.17,5.17,4.92,4.92,0,0
GRM_MV,D,20160401,000000,4.92,5.41,4.92,5.41,0,0
GRM_MV,D,20160404,000000,5.41,5.41,5.41,5.41,0,0
GRM_MV,D,20160405,000000,5.17,5.17,5.17,5.17,0,0
GRM_MV,D,20160406,000000,5.41,5.41,4.18,4.18,0,0
GRM_MV,D,20160407,000000,4.18,4.18,4.18,4.18,0,0
GRM_MV,D,20160408,000000,4.18,4.92,4.18,4.92,0,0
GRM_MV,D,20160411,000000,4.92,4.92,3.94,3.94,0,0
GRM_MV,D,20160412,000000,3.94,3.94,3.94,3.94,0,0
GRM_MV,D,20160413,000000,3.94,4.43,3.94,4.43,0,0
GRM_MV,D,20160414,000000,3.94,4.43,3.94,4.43,0,0
GRM_MV,D,20160415,000000,4.18,4.68,3.69,4.68,0,0
GRM_MV,D,20160418,000000,4.92,4.92,4.92,4.92,0,0
GRM_MV,D,20160419,000000,4.92,4.92,4.43,4.43,0,0
GRM_MV,D,20160420,000000,4.92,4.92,4.92,4.92,0,0
GRM_MV,D,20160422,000000,4.92,4.92,4.92,4.92,0,0
GRM_MV,D,20160425,000000,4.92,4.92,4.92,4.92,0,0
GRM_MV,D,20160426,000000,4.92,4.92,4.43,4.68,0,0
GRM_MV,D,20160427,000000,4.92,4.92,4.92,4.92,0,0
GRM_MV,D,20160428,000000,4.68,4.68,4.68,4.68,0,0
GRM_MV,D,20160429,000000,4.43,4.68,4.43,4.68,0,0
GRM_MV,D,20160502,000000,4.92,4.92,4.92,4.92,0,0
GRM_MV,D,20160504,000000,4.68,4.68,4.68,4.68,0,0
GRM_MV,D,20160505,000000,4.68,4.68,4.68,4.68,0,0
GRM_MV,D,20160506,000000,4.92,4.92,4.92,4.92,0,0
GRM_MV,D,20160509,000000,4.43,4.43,4.43,4.43,0,0
GRM_MV,D,20160512,000000,4.18,4.18,4.18,4.18,0,0
GRM_MV,D,20160513,000000,4.18,4.18,4.18,4.18,0,0
GRM_MV,D,20160516,000000,4.18,4.18,3.2,3.2,0,0
GRM_MV,D,20160517,000000,3.2,3.45,3.2,3.45,0,0
GRM_MV,D,20160518,000000,3.45,3.45,3.45,3.45,0,0
GRM_MV,D,20160519,000000,3.45,3.69,3.45,3.69,0,0
GRM_MV,D,20160520,000000,3.94,3.94,3.45,3.94,0,0
GRM_MV,D,20160523,000000,3.94,3.94,3.69,3.69,0,0
GRM_MV,D,20160524,000000,3.94,3.94,3.94,3.94,0,0
GRM_MV,D,20160525,000000,3.94,3.94,3.94,3.94,0,0
GRM_MV,D,20160530,000000,3.94,3.94,3.69,3.94,0,0
GRM_MV,D,20160531,000000,3.94,3.94,3.94,3.94,0,0
GRM_MV,D,20160601,000000,3.94,3.94,3.94,3.94,0,0
GRM_MV,D,20160602,000000,3.94,3.94,3.94,3.94,0,0
GRM_MV,D,20160603,000000,3.94,3.94,3.94,3.94,0,0
GRM_MV,D,20160606,000000,3.69,3.69,2.95,2.95,0,0
GRM_MV,D,20160607,000000,2.95,2.95,2.95,2.95,0,0
GRM_MV,D,20160608,000000,2.95,3.45,2.95,3.45,0,0
GRM_MV,D,20160609,000000,3.45,3.45,3.2,3.45,0,0
GRM_MV,D,20160610,000000,3.69,3.69,3.69,3.69,0,0
GRM_MV,D,20160613,000000,3.45,3.45,3.45,3.45,0,0
GRM_MV,D,20160614,000000,3.45,3.45,3.45,3.45,0,0
GRM_MV,D,20160615,000000,3.45,3.45,3.45,3.45,0,0
GRM_MV,D,20160616,000000,3.45,3.45,3.45,3.45,0,0
GRM_MV,D,20160617,000000,3.45,3.45,3.45,3.45,0,0
GRM_MV,D,20160620,000000,3.45,3.45,3.45,3.45,0,0
GRM_MV,D,20160621,000000,3.45,3.45,3.45,3.45,0,0
GRM_MV,D,20160622,000000,3.45,3.45,3.45,3.45,0,0
GRM_MV,D,20160623,000000,3.45,3.45,3.45,3.45,0,0
GRM_MV,D,20160627,000000,3.45,3.45,3.45,3.45,0,0
GRM_MV,D,20160628,000000,3.45,3.45,3.45,3.45,0,0
GRM_MV,D,20160629,000000,3.45,3.45,3.45,3.45,0,0
GRM_MV,D,20160630,000000,3.45,3.45,3.45,3.45,0,0
GRM_MV,D,20160701,000000,3.45,3.45,3.45,3.45,0,0
GRM_MV,D,20160704,000000,3.45,3.45,3.45,3.45,0,0
GRM_MV,D,20160705,000000,3.45,3.45,3.45,3.45,0,0
GRM_MV,D,20160706,000000,3.45,3.45,3.45,3.45,0,0
GRM_MV,D,20160707,000000,3.69,3.69,3.69,3.69,0,0
GRM_MV,D,20160708,000000,3.69,3.69,3.69,3.69,0,0
GRM_MV,D,20160711,000000,3.69,3.69,3.69,3.69,0,0
GRM_MV,D,20160712,000000,3.69,3.69,3.69,3.69,0,0
GRM_MV,D,20160713,000000,3.69,3.69,3.69,3.69,0,0
GRM_MV,D,20160714,000000,3.69,3.69,3.69,3.69,0,0
GRM_MV,D,20160715,000000,3.69,3.69,3.69,3.69,0,0
GRM_MV,D,20160718,000000,3.69,3.69,3.69,3.69,0,0
GRM_MV,D,20160719,000000,3.69,3.69,3.69,3.69,0,0
GRM_MV,D,20160720,000000,3.69,3.69,3.69,3.69,0,0
GRM_MV,D,20160721,000000,3.69,3.69,3.69,3.69,0,0
GRM_MV,D,20160722,000000,3.69,3.69,3.69,3.69,0,0
GRM_MV,D,20160725,000000,3.69,3.69,3.69,3.69,0,0
GRM_MV,D,20160726,000000,3.69,3.69,3.69,3.69,0,0
GRM_MV,D,20160727,000000,3.94,3.94,3.2,3.45,0,0
GRM_MV,D,20160728,000000,3.45,3.45,3.45,3.45,0,0
GRM_MV,D,20160729,000000,3.45,3.45,3.45,3.45,0,0
GRM_MV,D,20160801,000000,3.45,3.45,3.45,3.45,0,0
GRM_MV,D,20160802,000000,3.45,3.45,3.45,3.45,0,0
GRM_MV,D,20160803,000000,3.45,3.45,3.45,3.45,0,0
GRM_MV,D,20160804,000000,3.45,3.45,3.45,3.45,0,0
GRM_MV,D,20160805,000000,3.45,3.45,3.2,3.2,0,0
GRM_MV,D,20160808,000000,3.45,3.45,3.45,3.45,0,0
GRM_MV,D,20160809,000000,3.45,3.69,3.45,3.69,0,0
GRM_MV,D,20160810,000000,3.69,3.69,3.69,3.69,0,0
GRM_MV,D,20160811,000000,3.69,3.69,3.69,3.69,0,0
GRM_MV,D,20160812,000000,3.69,3.69,3.45,3.45,0,0
GRM_MV,D,20160816,000000,3.69,3.69,3.45,3.45,0,0
GRM_MV,D,20160817,000000,3.69,3.69,3.69,3.69,0,0
GRM_MV,D,20160818,000000,3.69,3.69,3.45,3.45,0,0
GRM_MV,D,20160819,000000,3.69,3.69,3.69,3.69,0,0
GRM_MV,D,20160822,000000,3.69,4.43,3.69,4.43,0,0
GRM_MV,D,20160823,000000,4.43,4.68,3.94,3.94,0,0
GRM_MV,D,20160824,000000,3.45,3.94,3.2,3.69,0,0
GRM_MV,D,20160829,000000,3.94,3.94,3.94,3.94,0,0
GRM_MV,D,20160830,000000,3.94,3.94,3.94,3.94,0,0
GRM_MV,D,20160831,000000,3.94,3.94,3.94,3.94,0,0
GRM_MV,D,20160901,000000,3.94,3.94,3.94,3.94,0,0
GRM_MV,D,20160902,000000,3.94,3.94,3.94,3.94,0,0
GRM_MV,D,20160905,000000,3.94,3.94,3.94,3.94,0,0
GRM_MV,D,20160906,000000,3.94,3.94,3.94,3.94,0,0
GRM_MV,D,20160907,000000,3.94,3.94,3.94,3.94,0,0
GRM_MV,D,20160908,000000,3.94,3.94,3.94,3.94,0,0
GRM_MV,D,20160909,000000,3.94,3.94,3.94,3.94,0,0
GRM_MV,D,20160919,000000,3.94,3.94,3.94,3.94,0,0
GRM_MV,D,20160922,000000,3.69,3.69,3.69,3.69,0,0
GRM_MV,D,20160923,000000,3.69,3.69,3.69,3.69,0,0
GRM_MV,D,20160926,000000,3.69,3.69,3.69,3.69,0,0
GRM_MV,D,20160928,000000,3.94,3.94,3.69,3.69,0,0
GRM_MV,D,20161004,000000,3.94,3.94,3.94,3.94,0,0
GRM_MV,D,20161005,000000,3.94,3.94,3.69,3.69,0,0
GRM_MV,D,20161013,000000,3.69,3.69,3.2,3.2,0,0
GRM_MV,D,20161014,000000,2.95,2.95,2.95,2.95,0,0
GRM_MV,D,20161017,000000,2.95,2.95,2.95,2.95,0,0
GRM_MV,D,20161018,000000,3.2,3.2,3.2,3.2,0,0
GRM_MV,D,20161019,000000,3.2,3.69,3.2,3.69,0,0
GRM_MV,D,20161020,000000,3.69,3.69,3.69,3.69,0,0
GRM_MV,D,20161021,000000,3.69,3.94,3.69,3.94,0,0
GRM_MV,D,20161024,000000,3.94,3.94,3.94,3.94,0,0
GRM_MV,D,20161025,000000,3.94,3.94,3.94,3.94,0,0
GRM_MV,D,20161026,000000,3.94,3.94,3.94,3.94,0,0
GRM_MV,D,20161027,000000,3.94,3.94,3.94,3.94,0,0
GRM_MV,D,20161028,000000,3.94,3.94,3.94,3.94,0,0
GRM_MV,D,20161031,000000,3.94,3.94,3.94,3.94,0,0
GRM_MV,D,20161102,000000,3.94,3.94,3.94,3.94,0,0
GRM_MV,D,20161103,000000,3.94,3.94,3.94,3.94,0,0
GRM_MV,D,20161108,000000,3.94,4.43,3.94,4.43,0,0
GRM_MV,D,20161110,000000,4.18,4.18,4.18,4.18,0,0
GRM_MV,D,20161114,000000,4.43,4.43,3.94,3.94,0,0
GRM_MV,D,20161115,000000,4.43,4.43,4.43,4.43,0,0
GRM_MV,D,20161116,000000,4.18,4.18,3.45,3.45,0,0
GRM_MV,D,20161117,000000,3.45,3.45,2.95,2.95,0,0
GRM_MV,D,20161118,000000,2.95,2.95,2.95,2.95,0,0
GRM_MV,D,20161121,000000,2.95,3.2,2.95,3.2,0,0
GRM_MV,D,20161122,000000,3.45,3.45,3.45,3.45,0,0
GRM_MV,D,20161123,000000,3.45,3.45,3.45,3.45,0,0
GRM_MV,D,20161124,000000,3.69,3.69,3.69,3.69,0,0
GRM_MV,D,20161125,000000,3.69,3.69,3.69,3.69,0,0
GRM_MV,D,20161128,000000,3.69,3.69,3.69,3.69,0,0
GRM_MV,D,20161129,000000,3.69,3.69,3.69,3.69,0,0
GRM_MV,D,20161130,000000,3.69,3.69,2.95,2.95,0,0
GRM_MV,D,20161201,000000,3.2,3.2,3.2,3.2,0,0
GRM_MV,D,20161208,000000,3.2,3.2,3.2,3.2,0,0
GRM_MV,D,20161209,000000,2.95,3.2,2.95,3.2,0,0
GRM_MV,D,20161212,000000,3.45,4.18,3.45,4.18,0,0
GRM_MV,D,20161214,000000,4.18,5.91,4.18,5.91,0,0
GRM_MV,D,20161215,000000,5.41,7.88,4.92,7.88,0,0
GRM_MV,D,20161216,000000,7.88,7.88,6.65,6.65,0,0
GRM_MV,D,20161219,000000,7.88,9.84,7.88,9.84,0,0
GRM_MV,D,20161220,000000,9.84,13.29,9.35,11.32,0,0
GRM_MV,D,20161221,000000,11.32,14.03,10.58,10.58,0,0
GRM_MV,D,20161222,000000,10.58,12.55,10.58,11.81,0,0
GRM_MV,D,20161223,000000,12.8,14.28,10.58,14.28,0,0
GRM_MV,D,20161227,000000,13.78,13.78,8.37,8.37,0,0
GRM_MV,D,20161228,000000,8.12,8.86,6.65,6.65,0,0
GRM_MV,D,20161229,000000,6.65,6.89,6.15,6.89,0,0
GRM_MV,D,20161230,000000,6.4,6.65,5.91,6.65,0,0
GRM_MV,D,20170102,000000,6.65,6.89,5.91,6.89,0,0
GRM_MV,D,20170103,000000,7.14,7.14,6.89,6.89,0,0
GRM_MV,D,20170104,000000,7.14,7.88,6.65,7.38,0,0
GRM_MV,D,20170105,000000,6.65,7.14,6.65,7.14,0,0
GRM_MV,D,20170109,000000,7.38,7.38,7.38,7.38,0,0
GRM_MV,D,20170110,000000,6.15,6.65,6.15,6.65,0,0
GRM_MV,D,20170111,000000,6.89,9.11,6.89,9.11,0,0
GRM_MV,D,20170112,000000,9.11,9.11,7.38,8.37,0,0
GRM_MV,D,20170113,000000,7.88,7.88,7.88,7.88,0,0
GRM_MV,D,20170116,000000,8.61,9.11,6.4,6.65,0,0
GRM_MV,D,20170117,000000,6.89,7.38,5.66,6.15,0,0
GRM_MV,D,20170118,000000,6.4,6.4,5.66,6.15,0,0
GRM_MV,D,20170119,000000,6.4,6.65,5.41,5.41,0,0
GRM_MV,D,20170120,000000,5.41,6.15,5.41,6.15,0,0
GRM_MV,D,20170123,000000,6.15,6.4,6.15,6.15,0,0
GRM_MV,D,20170124,000000,5.91,5.91,5.41,5.41,0,0
GRM_MV,D,20170125,000000,5.66,6.15,5.66,6.15,0,0
GRM_MV,D,20170126,000000,6.15,6.15,6.15,6.15,0,0
GRM_MV,D,20170127,000000,6.15,6.4,5.91,6.4,0,0
GRM_MV,D,20170130,000000,6.4,6.4,5.66,6.15,0,0
GRM_MV,D,20170131,000000,6.15,6.15,5.66,6.15,0,0
GRM_MV,D,20170201,000000,5.41,5.41,5.41,5.41,0,0
GRM_MV,D,20170202,000000,5.66,5.66,5.66,5.66,0,0
GRM_MV,D,20170203,000000,5.66,5.66,5.41,5.41,0,0
GRM_MV,D,20170206,000000,5.41,5.41,5.17,5.17,0,0
GRM_MV,D,20170207,000000,5.17,5.66,5.17,5.66,0,0
GRM_MV,D,20170208,000000,5.41,5.41,5.41,5.41,0,0
GRM_MV,D,20170209,000000,5.66,6.4,5.66,6.15,0,0
GRM_MV,D,20170210,000000,6.4,9.11,6.15,9.11,0,0
GRM_MV,D,20170213,000000,9.35,12.31,9.35,12.31,0,0
GRM_MV,D,20170214,000000,11.81,13.04,9.6,9.6,0,0
GRM_MV,D,20170215,000000,9.84,10.83,8.12,8.86,0,0
GRM_MV,D,20170216,000000,9.11,9.35,7.63,8.86,0,0
GRM_MV,D,20170217,000000,8.37,10.34,7.88,9.35,0,0
GRM_MV,D,20170220,000000,9.11,9.11,7.88,8.37,0,0
GRM_MV,D,20170221,000000,8.12,8.61,7.63,8.61,0,0
GRM_MV,D,20170222,000000,8.37,8.61,7.63,8.37,0,0
GRM_MV,D,20170223,000000,8.61,10.34,8.61,10.34,0,0
GRM_MV,D,20170224,000000,10.09,11.32,10.09,10.58,0,0
GRM_MV,D,20170227,000000,10.83,11.08,10.34,10.83,0,0
GRM_MV,D,20170228,000000,10.83,11.08,10.58,10.58,0,0
GRM_MV,D,20170301,000000,10.09,11.08,8.86,9.6,0,0
GRM_MV,D,20170302,000000,9.6,10.34,8.37,10.34,0,0
GRM_MV,D,20170303,000000,9.84,10.34,7.88,9.35,0,0
GRM_MV,D,20170306,000000,9.11,9.6,8.12,9.35,0,0
GRM_MV,D,20170307,000000,8.37,8.86,8.37,8.86,0,0
GRM_MV,D,20170308,000000,8.86,8.86,8.12,8.12,0,0
GRM_MV,D,20170309,000000,8.37,8.61,8.37,8.61,0,0
GRM_MV,D,20170310,000000,8.61,8.61,8.61,8.61,0,0
GRM_MV,D,20170313,000000,8.37,8.37,8.37,8.37,0,0
GRM_MV,D,20170314,000000,8.37,8.37,8.37,8.37,0,0
GRM_MV,D,20170315,000000,8.61,8.61,8.61,8.61,0,0
GRM_MV,D,20170316,000000,8.37,8.37,8.37,8.37,0,0
GRM_MV,D,20170317,000000,8.37,8.37,7.88,7.88,0,0
GRM_MV,D,20170320,000000,7.88,7.88,7.63,7.63,0,0
GRM_MV,D,20170321,000000,7.63,8.12,7.63,8.12,0,0
GRM_MV,D,20170322,000000,8.12,8.12,8.12,8.12,0,0
GRM_MV,D,20170323,000000,8.12,8.37,8.12,8.37,0,0
GRM_MV,D,20170324,000000,8.37,8.37,8.37,8.37,0,0
GRM_MV,D,20170327,000000,8.37,8.37,7.38,8.37,0,0
GRM_MV,D,20170328,000000,8.37,8.37,8.37,8.37,0,0
GRM_MV,D,20170329,000000,8.37,8.37,7.63,7.63,0,0
GRM_MV,D,20170330,000000,8.12,8.12,8.12,8.12,0,0
GRM_MV,D,20170331,000000,7.63,8.12,7.63,7.88,0,0
GRM_MV,D,20170403,000000,8.12,8.12,8.12,8.12,0,0
GRM_MV,D,20170404,000000,8.12,8.12,8.12,8.12,0,0
GRM_MV,D,20170405,000000,8.12,8.12,8.12,8.12,0,0
GRM_MV,D,20170406,000000,8.12,8.12,8.12,8.12,0,0
GRM_MV,D,20170407,000000,8.12,8.12,8.12,8.12,0,0
GRM_MV,D,20170410,000000,8.12,8.12,8.12,8.12,0,0
GRM_MV,D,20170411,000000,8.12,8.61,8.12,8.61,0,0
GRM_MV,D,20170412,000000,8.86,9.6,8.86,9.35,0,0
GRM_MV,D,20170413,000000,9.11,9.35,8.12,9.35,0,0
GRM_MV,D,20170418,000000,9.11,9.11,9.11,9.11,0,0
GRM_MV,D,20170419,000000,9.11,9.11,9.11,9.11,0,0
GRM_MV,D,20170420,000000,8.61,8.61,7.63,8.12,0,0
GRM_MV,D,20170421,000000,8.12,8.12,8.12,8.12,0,0
GRM_MV,D,20170424,000000,8.37,8.37,8.37,8.37,0,0
GRM_MV,D,20170425,000000,8.37,8.37,8.37,8.37,0,0
GRM_MV,D,20170426,000000,8.37,8.37,8.37,8.37,0,0
GRM_MV,D,20170427,000000,8.37,8.37,8.37,8.37,0,0
GRM_MV,D,20170428,000000,8.37,8.37,8.37,8.37,0,0
GRM_MV,D,20170502,000000,8.37,8.37,8.37,8.37,0,0
GRM_MV,D,20170504,000000,8.37,8.37,8.37,8.37,0,0
GRM_MV,D,20170505,000000,8.12,8.12,7.88,7.88,0,0
GRM_MV,D,20170508,000000,8.37,8.37,8.37,8.37,0,0
GRM_MV,D,20170509,000000,8.37,8.37,8.37,8.37,0,0
GRM_MV,D,20170510,000000,8.37,8.37,8.12,8.12,0,0
GRM_MV,D,20170511,000000,8.12,8.12,8.12,8.12,0,0
GRM_MV,D,20170512,000000,8.12,9.35,8.12,9.35,0,0
GRM_MV,D,20170515,000000,9.35,9.35,9.11,9.35,0,0
GRM_MV,D,20170516,000000,9.35,11.08,9.35,10.09,0,0
GRM_MV,D,20170517,000000,9.84,9.84,9.84,9.84,0,0
GRM_MV,D,20170518,000000,9.35,9.35,8.61,8.61,0,0
GRM_MV,D,20170519,000000,8.86,9.11,8.61,9.11,0,0
GRM_MV,D,20170522,000000,8.61,8.61,8.12,8.61,0,0
GRM_MV,D,20170523,000000,8.12,8.12,7.14,7.88,0,0
GRM_MV,D,20170524,000000,9.11,9.11,7.88,8.86,0,0
GRM_MV,D,20170525,000000,8.12,8.37,7.38,8.37,0,0
GRM_MV,D,20170526,000000,7.38,7.38,7.38,7.38,0,0
GRM_MV,D,20170529,000000,7.14,8.12,7.14,8.12,0,0
GRM_MV,D,20170530,000000,8.61,8.61,8.61,8.61,0,0
GRM_MV,D,20170531,000000,8.61,8.61,7.88,8.61,0,0
GRM_MV,D,20170601,000000,8.61,8.61,8.37,8.37,0,0
GRM_MV,D,20170602,000000,8.37,8.37,8.37,8.37,0,0
GRM_MV,D,20170605,000000,8.37,8.37,8.37,8.37,0,0
GRM_MV,D,20170606,000000,8.37,8.37,8.37,8.37,0,0
GRM_MV,D,20170607,000000,8.12,8.61,8.12,8.61,0,0
GRM_MV,D,20170608,000000,8.61,8.61,8.61,8.61,0,0
GRM_MV,D,20170609,000000,8.37,8.61,7.38,8.61,0,0
GRM_MV,D,20170612,000000,8.61,8.61,7.63,8.12,0,0
GRM_MV,D,20170613,000000,8.12,8.12,7.63,7.88,0,0
GRM_MV,D,20170614,000000,7.88,7.88,7.88,7.88,0,0
GRM_MV,D,20170616,000000,8.12,8.37,7.88,8.37,0,0
GRM_MV,D,20170619,000000,8.37,8.61,8.37,8.61,0,0
GRM_MV,D,20170620,000000,7.88,7.88,7.38,7.88,0,0
GRM_MV,D,20170621,000000,7.88,8.37,7.88,8.37,0,0
GRM_MV,D,20170622,000000,8.37,8.37,8.37,8.37,0,0
GRM_MV,D,20170623,000000,8.37,8.86,7.14,7.14,0,0
GRM_MV,D,20170626,000000,7.38,7.38,6.89,6.89,0,0
GRM_MV,D,20170627,000000,7.63,7.63,6.4,7.14,0,0
GRM_MV,D,20170628,000000,7.14,7.14,7.14,7.14,0,0
GRM_MV,D,20170629,000000,7.14,7.38,7.14,7.38,0,0
GRM_MV,D,20170630,000000,7.14,7.14,7.14,7.14,0,0
GRM_MV,D,20170703,000000,7.38,7.38,6.89,6.89,0,0
GRM_MV,D,20170704,000000,7.38,7.38,7.14,7.14,0,0
GRM_MV,D,20170705,000000,7.38,7.38,7.38,7.38,0,0
GRM_MV,D,20170706,000000,7.38,7.38,7.38,7.38,0,0
GRM_MV,D,20170710,000000,7.14,7.14,6.89,6.89,0,0
GRM_MV,D,20170711,000000,6.89,6.89,6.4,6.65,0,0
GRM_MV,D,20170712,000000,6.65,6.65,6.65,6.65,0,0
GRM_MV,D,20170713,000000,6.65,6.65,6.15,6.4,0,0
GRM_MV,D,20170714,000000,6.15,6.15,6.15,6.15,0,0
GRM_MV,D,20170717,000000,6.15,6.15,6.15,6.15,0,0
GRM_MV,D,20170718,000000,6.15,6.15,6.15,6.15,0,0
GRM_MV,D,20170719,000000,6.4,6.89,6.4,6.65,0,0
GRM_MV,D,20170720,000000,6.89,6.89,6.65,6.89,0,0
GRM_MV,D,20170726,000000,6.89,7.14,6.89,7.14,0,0
GRM_MV,D,20170727,000000,7.14,7.14,7.14,7.14,0,0
GRM_MV,D,20170728,000000,7.14,7.14,6.89,6.89,0,0
GRM_MV,D,20170803,000000,7.14,7.14,7.14,7.14,0,0
GRM_MV,D,20170804,000000,7.14,7.14,7.14,7.14,0,0
GRM_MV,D,20170807,000000,7.14,7.14,7.14,7.14,0,0
GRM_MV,D,20170808,000000,7.14,7.14,7.14,7.14,0,0
GRM_MV,D,20170809,000000,6.65,7.38,6.65,7.38,0,0
GRM_MV,D,20170810,000000,7.63,7.63,7.63,7.63,0,0
GRM_MV,D,20170811,000000,7.63,7.63,7.63,7.63,0,0
GRM_MV,D,20170814,000000,7.63,7.63,6.4,6.4,0,0
GRM_MV,D,20170816,000000,7.14,7.14,7.14,7.14,0,0
GRM_MV,D,20170817,000000,7.14,7.14,7.14,7.14,0,0
GRM_MV,D,20170821,000000,6.65,7.38,5.66,7.38,0,0
GRM_MV,D,20170822,000000,6.4,6.65,6.4,6.65,0,0
GRM_MV,D,20170831,000000,6.4,6.4,6.4,6.4,0,0
GRM_MV,D,20170901,000000,6.15,6.15,5.91,5.91,0,0
GRM_MV,D,20170904,000000,6.15,6.15,5.66,5.66,0,0
GRM_MV,D,20170913,000000,5.66,5.91,5.66,5.91,0,0
GRM_MV,D,20170914,000000,5.91,5.91,5.66,5.66,0,0
GRM_MV,D,20170915,000000,5.66,5.91,5.66,5.66,0,0
GRM_MV,D,20170918,000000,5.91,6.65,5.91,6.65,0,0
GRM_MV,D,20170919,000000,6.65,6.65,6.65,6.65,0,0
GRM_MV,D,20170920,000000,6.65,7.63,6.65,7.38,0,0
GRM_MV,D,20170921,000000,7.88,7.88,6.89,6.89,0,0
GRM_MV,D,20170922,000000,6.65,7.14,6.65,7.14,0,0
GRM_MV,D,20170926,000000,6.89,6.89,6.89,6.89,0,0
GRM_MV,D,20171003,000000,7.14,7.14,6.89,6.89,0,0
GRM_MV,D,20171004,000000,7.14,7.88,7.14,7.88,0,0
GRM_MV,D,20171005,000000,6.89,6.89,6.65,6.65,0,0
GRM_MV,D,20171006,000000,6.89,6.89,6.89,6.89,0,0
GRM_MV,D,20171009,000000,7.38,7.88,7.38,7.88,0,0
GRM_MV,D,20171010,000000,7.88,7.88,7.88,7.88,0,0
GRM_MV,D,20171011,000000,7.88,7.88,7.88,7.88,0,0
GRM_MV,D,20171012,000000,7.63,7.63,6.89,6.89,0,0
GRM_MV,D,20171016,000000,7.14,7.88,7.14,7.88,0,0
GRM_MV,D,20171020,000000,7.38,7.38,6.89,6.89,0,0
GRM_MV,D,20171023,000000,6.89,7.14,6.65,7.14,0,0
GRM_MV,D,20171026,000000,7.14,7.38,7.14,7.38,0,0
GRM_MV,D,20171027,000000,7.38,7.38,7.14,7.14,0,0
GRM_MV,D,20171030,000000,6.65,7.63,6.65,7.63,0,0
GRM_MV,D,20171103,000000,6.65,6.65,6.4,6.4,0,0
GRM_MV,D,20171106,000000,6.65,6.89,6.65,6.89,0,0
GRM_MV,D,20171108,000000,6.65,6.65,6.65,6.65,0,0
GRM_MV,D,20171110,000000,6.65,6.65,6.65,6.65,0,0
GRM_MV,D,20171115,000000,6.89,7.38,6.89,7.38,0,0
GRM_MV,D,20171117,000000,7.14,7.14,7.14,7.14,0,0
GRM_MV,D,20171120,000000,6.89,7.38,6.65,6.65,0,0
GRM_MV,D,20171122,000000,6.4,6.4,6.4,6.4,0,0
GRM_MV,D,20171123,000000,7.14,7.14,7.14,7.14,0,0
GRM_MV,D,20171124,000000,7.14,7.14,7.14,7.14,0,0
GRM_MV,D,20171128,000000,6.89,7.38,6.89,7.14,0,0
GRM_MV,D,20171129,000000,6.65,6.65,6.15,6.15,0,0
GRM_MV,D,20171130,000000,6.89,7.14,6.15,6.4,0,0
GRM_MV,D,20171201,000000,6.89,6.89,6.89,6.89,0,0
GRM_MV,D,20171204,000000,6.15,6.15,4.92,4.92,0,0
GRM_MV,D,20171205,000000,5.66,6.15,4.92,4.92,0,0
GRM_MV,D,20171206,000000,6.15,6.15,5.91,5.91,0,0
GRM_MV,D,20171207,000000,5.91,6.4,5.91,6.4,0,0
GRM_MV,D,20171211,000000,5.41,5.41,5.17,5.17,0,0
GRM_MV,D,20171221,000000,5.17,5.17,4.92,4.92,0,0
GRM_MV,D,20171222,000000,4.43,4.68,4.43,4.68,0,0
GRM_MV,D,20171228,000000,4.92,5.17,4.92,5.17,0,0
GRM_MV,D,20171229,000000,5.17,5.17,4.43,4.43,0,0
GRM_MV,D,20180103,000000,4.43,5.17,4.43,5.17,0,0
GRM_MV,D,20180104,000000,5.41,5.66,5.41,5.66,0,0
GRM_MV,D,20180108,000000,5.41,6.15,5.41,6.15,0,0
GRM_MV,D,20180109,000000,6.15,6.4,6.15,6.4,0,0
GRM_MV,D,20180110,000000,5.91,6.4,5.91,6.4,0,0
GRM_MV,D,20180112,000000,6.15,6.4,6.15,6.4,0,0
GRM_MV,D,20180116,000000,6.65,6.89,6.65,6.65,0,0
GRM_MV,D,20180117,000000,6.15,6.15,6.15,6.15,0,0
GRM_MV,D,20180118,000000,6.65,7.14,6.65,7.14,0,0
GRM_MV,D,20180119,000000,6.89,7.14,6.89,7.14,0,0
GRM_MV,D,20180122,000000,6.65,6.65,6.15,6.15,0,0
GRM_MV,D,20180123,000000,6.89,6.89,6.89,6.89,0,0
GRM_MV,D,20180124,000000,7.14,7.14,7.14,7.14,0,0
GRM_MV,D,20180129,000000,7.14,7.38,7.14,7.38,0,0
GRM_MV,D,20180131,000000,7.14,7.38,7.14,7.38,0,0
GRM_MV,D,20180202,000000,7.14,7.38,7.14,7.38,0,0
GRM_MV,D,20180207,000000,7.14,7.38,7.14,7.38,0,0
GRM_MV,D,20180208,000000,7.38,9.35,7.38,8.61,0,0
GRM_MV,D,20180209,000000,8.61,8.61,7.63,7.63,0,0
GRM_MV,D,20180212,000000,7.63,7.63,6.65,6.65,0,0
GRM_MV,D,20180213,000000,6.89,6.89,6.89,6.89,0,0
GRM_MV,D,20180216,000000,6.4,6.4,5.66,5.66,0,0
GRM_MV,D,20180219,000000,6.15,6.4,6.15,6.4,0,0
GRM_MV,D,20180221,000000,6.15,6.65,6.15,6.65,0,0
GRM_MV,D,20180223,000000,6.65,6.89,6.65,6.89,0,0
GRM_MV,D,20180226,000000,6.15,6.15,5.66,5.91,0,0
GRM_MV,D,20180227,000000,6.15,6.65,6.15,6.65,0,0
GRM_MV,D,20180228,000000,6.65,6.89,6.65,6.89,0,0
GRM_MV,D,20180302,000000,6.65,6.65,6.65,6.65,0,0
GRM_MV,D,20180305,000000,6.65,6.65,6.4,6.4,0,0
GRM_MV,D,20180306,000000,6.15,6.15,5.66,5.91,0,0
GRM_MV,D,20180309,000000,5.91,5.91,5.91,5.91,0,0
GRM_MV,D,20180312,000000,6.15,6.4,6.15,6.4,0,0
GRM_MV,D,20180314,000000,6.4,6.4,6.4,6.4,0,0
GRM_MV,D,20180315,000000,6.15,6.15,6.15,6.15,0,0
GRM_MV,D,20180316,000000,5.91,6.15,5.41,6.15,0,0
GRM_MV,D,20180319,000000,6.15,6.15,6.15,6.15,0,0
GRM_MV,D,20180320,000000,5.91,6.15,5.41,6.15,0,0
GRM_MV,D,20180321,000000,6.15,6.15,6.15,6.15,0,0
GRM_MV,D,20180322,000000,6.15,6.89,6.15,6.89,0,0
GRM_MV,D,20180329,000000,6.65,6.65,5.91,5.91,0,0
GRM_MV,D,20180403,000000,6.15,6.15,6.15,6.15,0,0
GRM_MV,D,20180404,000000,5.66,5.66,5.17,5.66,0,0
GRM_MV,D,20180405,000000,5.41,5.41,5.41,5.41,0,0
GRM_MV,D,20180406,000000,5.41,5.41,5.41,5.41,0,0
GRM_MV,D,20180409,000000,5.66,5.66,5.66,5.66,0,0
GRM_MV,D,20180412,000000,5.66,5.66,5.66,5.66,0,0
GRM_MV,D,20180413,000000,5.66,5.66,5.66,5.66,0,0
GRM_MV,D,20180417,000000,5.66,5.66,5.66,5.66,0,0
GRM_MV,D,20180418,000000,5.66,6.15,5.66,6.15,0,0
GRM_MV,D,20180425,000000,5.66,5.66,5.17,5.17,0,0
GRM_MV,D,20180430,000000,5.41,5.66,5.41,5.66,0,0
GRM_MV,D,20180515,000000,5.91,6.65,5.91,6.65,0,0
GRM_MV,D,20180516,000000,6.65,6.65,6.65,6.65,0,0
GRM_MV,D,20180517,000000,6.65,6.65,6.65,6.65,0,0
GRM_MV,D,20180521,000000,6.65,6.65,6.65,6.65,0,0
GRM_MV,D,20180522,000000,6.65,6.65,6.65,6.65,0,0
GRM_MV,D,20180525,000000,6.65,6.65,6.65,6.65,0,0
GRM_MV,D,20180528,000000,6.65,6.65,6.65,6.65,0,0
GRM_MV,D,20180605,000000,6.65,6.89,6.65,6.89,0,0
GRM_MV,D,20180606,000000,6.65,6.65,5.66,5.66,0,0
GRM_MV,D,20180612,000000,6.65,6.65,6.65,6.65,0,0
GRM_MV,D,20180613,000000,6.65,6.65,6.65,6.65,0,0
GRM_MV,D,20180614,000000,6.65,6.65,6.65,6.65,0,0
GRM_MV,D,20180618,000000,6.65,6.65,6.65,6.65,0,0
GRM_MV,D,20180620,000000,6.15,6.65,5.66,6.65,0,0
GRM_MV,D,20180626,000000,6.4,6.65,6.4,6.65,0,0
GRM_MV,D,20180629,000000,6.89,6.89,6.89,6.89,0,0
GRM_MV,D,20180702,000000,6.89,6.89,6.89,6.89,0,0
GRM_MV,D,20180704,000000,6.15,6.15,6.15,6.15,0,0
GRM_MV,D,20180705,000000,6.15,6.65,6.15,6.65,0,0
GRM_MV,D,20180717,000000,6.4,6.4,5.17,6.15,0,0
GRM_MV,D,20180718,000000,5.41,5.41,4.68,5.41,0,0
GRM_MV,D,20180719,000000,5.41,5.41,4.68,5.41,0,0
GRM_MV,D,20180720,000000,5.66,6.15,5.66,6.15,0,0
GRM_MV,D,20180724,000000,5.41,5.41,5.41,5.41,0,0
GRM_MV,D,20180725,000000,5.41,5.41,4.43,4.92,0,0
GRM_MV,D,20180727,000000,4.43,4.68,4.18,4.68,0,0
GRM_MV,D,20180730,000000,4.68,4.92,4.68,4.92,0,0
GRM_MV,D,20180731,000000,5.17,5.66,5.17,5.66,0,0
GRM_MV,D,20180801,000000,6.15,6.65,6.15,6.65,0,0
GRM_MV,D,20180802,000000,6.65,6.89,6.4,6.4,0,0
GRM_MV,D,20180803,000000,7.38,7.38,7.38,7.38,0,0
GRM_MV,D,20180806,000000,6.65,6.65,6.65,6.65,0,0
GRM_MV,D,20180808,000000,6.65,6.65,5.91,6.65,0,0
GRM_MV,D,20180810,000000,6.15,7.14,6.15,7.14,0,0
GRM_MV,D,20180814,000000,6.65,6.65,6.65,6.65,0,0
GRM_MV,D,20180820,000000,6.89,6.89,6.89,6.89,0,0
GRM_MV,D,20180821,000000,6.4,6.4,5.91,5.91,0,0
GRM_MV,D,20180822,000000,6.15,6.4,6.15,6.15,0,0
GRM_MV,D,20180827,000000,6.4,6.65,6.4,6.65,0,0
GRM_MV,D,20180828,000000,6.4,6.4,5.66,5.66,0,0
GRM_MV,D,20180829,000000,6.15,6.15,6.15,6.15,0,0
GRM_MV,D,20180903,000000,6.15,6.15,6.15,6.15,0,0
GRM_MV,D,20180905,000000,6.15,6.15,6.15,6.15,0,0
GRM_MV,D,20180907,000000,6.4,6.65,6.4,6.65,0,0
GRM_MV,D,20180911,000000,6.65,6.89,6.65,6.89,0,0
GRM_MV,D,20180918,000000,6.65,6.65,6.65,6.65,0,0
GRM_MV,D,20180920,000000,6.65,6.89,6.65,6.89,0,0
GRM_MV,D,20180924,000000,6.15,6.15,6.15,6.15,0,0
GRM_MV,D,20180925,000000,6.15,6.15,6.15,6.15,0,0
GRM_MV,D,20180926,000000,6.65,6.65,6.65,6.65,0,0
GRM_MV,D,20180927,000000,5.91,5.91,5.91,5.91,0,0
GRM_MV,D,20180928,000000,5.91,6.89,5.91,6.89,0,0
GRM_MV,D,20181016,000000,6.15,6.15,6.15,6.15,0,0
GRM_MV,D,20181017,000000,5.66,5.66,4.92,4.92,0,0
GRM_MV,D,20181018,000000,5.17,5.66,5.17,5.66,0,0
GRM_MV,D,20181022,000000,5.17,5.17,4.68,4.68,0,0
GRM_MV,D,20181024,000000,4.68,4.68,4.68,4.68,0,0
GRM_MV,D,20181030,000000,4.68,4.92,4.68,4.92,0,0
GRM_MV,D,20181105,000000,4.92,4.92,4.92,4.92,0,0
GRM_MV,D,20181108,000000,4.68,4.68,3.94,3.94,0,0
GRM_MV,D,20181113,000000,3.69,3.94,3.69,3.94,0,0
GRM_MV,D,20181119,000000,3.94,3.94,3.94,3.94,0,0
GRM_MV,D,20181120,000000,3.94,3.94,3.94,3.94,0,0
GRM_MV,D,20181121,000000,3.69,3.69,3.2,3.45,0,0
GRM_MV,D,20181122,000000,3.45,4.68,3.45,4.68,0,0
GRM_MV,D,20181123,000000,4.68,5.17,4.68,5.17,0,0
GRM_MV,D,20181130,000000,4.92,4.92,4.92,4.92,0,0
GRM_MV,D,20181205,000000,4.43,4.43,4.18,4.18,0,0
GRM_MV,D,20181207,000000,4.68,5.17,4.68,4.92,0,0
GRM_MV,D,20181211,000000,5.41,5.41,5.41,5.41,0,0
GRM_MV,D,20181217,000000,4.92,4.92,4.92,4.92,0,0
GRM_MV,D,20181218,000000,4.92,4.92,4.92,4.92,0,0
GRM_MV,D,20181219,000000,4.92,4.92,4.92,4.92,0,0
GRM_MV,D,20181220,000000,4.92,4.92,4.92,4.92,0,0
GRM_MV,D,20181221,000000,4.92,4.92,4.92,4.92,0,0
GRM_MV,D,20181227,000000,4.92,4.92,4.92,4.92,0,0
GRM_MV,D,20181228,000000,4.92,4.92,4.92,4.92,0,0
GRM_MV,D,20190107,000000,4.68,4.92,4.68,4.92,0,0
GRM_MV,D,20190108,000000,4.92,4.92,4.92,4.92,0,0
GRM_MV,D,20190109,000000,4.92,5.41,4.92,5.41,0,0
GRM_MV,D,20190110,000000,5.41,5.41,5.41,5.41,0,0
GRM_MV,D,20190111,000000,5.41,5.41,5.41,5.41,0,0
GRM_MV,D,20190114,000000,5.41,5.41,5.41,5.41,0,0
GRM_MV,D,20190115,000000,5.41,5.41,5.41,5.41,0,0
GRM_MV,D,20190116,000000,5.41,5.41,4.68,4.68,0,0
GRM_MV,D,20190117,000000,4.68,4.68,4.68,4.68,0,0
GRM_MV,D,20190118,000000,4.68,5.17,4.68,5.17,0,0
GRM_MV,D,20190121,000000,4.92,4.92,4.92,4.92,0,0
GRM_MV,D,20190124,000000,4.92,5.17,4.92,5.17,0,0
GRM_MV,D,20190125,000000,5.17,5.17,4.92,4.92,0,0
GRM_MV,D,20190128,000000,4.43,4.43,4.43,4.43,0,0
GRM_MV,D,20190129,000000,4.43,4.43,4.43,4.43,0,0
GRM_MV,D,20190130,000000,4.68,4.92,4.68,4.92,0,0
GRM_MV,D,20190201,000000,4.92,4.92,4.68,4.68,0,0
GRM_MV,D,20190204,000000,4.68,4.68,4.68,4.68,0,0
GRM_MV,D,20190211,000000,4.68,4.68,4.68,4.68,0,0
GRM_MV,D,20190212,000000,4.68,4.68,4.68,4.68,0,0
GRM_MV,D,20190214,000000,4.43,4.43,3.94,3.94,0,0
GRM_MV,D,20190219,000000,3.94,3.94,3.94,3.94,0,0
GRM_MV,D,20190220,000000,3.94,4.18,3.69,3.94,0,0
GRM_MV,D,20190221,000000,3.94,4.18,3.94,4.18,0,0
GRM_MV,D,20190222,000000,4.18,4.18,4.18,4.18,0,0
GRM_MV,D,20190225,000000,4.18,4.18,3.45,3.94,0,0
GRM_MV,D,20190226,000000,3.69,4.18,3.45,4.18,0,0
GRM_MV,D,20190301,000000,3.69,3.69,3.69,3.69,0,0
GRM_MV,D,20190304,000000,3.94,4.18,3.94,4.18,0,0
GRM_MV,D,20190305,000000,4.18,4.85,4.18,4.43,0,0
GRM_MV,D,20190306,000000,4.43,4.43,4.43,4.43,0,0
GRM_MV,D,20190307,000000,4.43,4.43,4.43,4.43,0,0
GRM_MV,D,20190311,000000,3.94,4.16,3.45,4.16,0,0
GRM_MV,D,20190312,000000,4.16,4.16,4.16,4.16,0,0
GRM_MV,D,20190313,000000,4.18,4.18,4.18,4.18,0,0
GRM_MV,D,20190314,000000,4.13,4.13,4.13,4.13,0,0
GRM_MV,D,20190315,000000,4.13,4.13,4.13,4.13,0,0
GRM_MV,D,20190318,000000,4.13,4.13,4.13,4.13,0,0
GRM_MV,D,20190319,000000,4.13,4.13,3.45,3.45,0,0
GRM_MV,D,20190320,000000,3.69,4.09,3.69,4.09,0,0
GRM_MV,D,20190321,000000,4.09,4.09,4.09,4.09,0,0
GRM_MV,D,20190322,000000,4.09,4.09,4.09,4.09,0,0
GRM_MV,D,20190325,000000,4.09,4.09,4.09,4.09,0,0
GRM_MV,D,20190326,000000,4.09,4.09,4.09,4.09,0,0
GRM_MV,D,20190327,000000,4.06,4.06,4.06,4.06,0,0
GRM_MV,D,20190328,000000,4.09,4.09,4.09,4.09,0,0
GRM_MV,D,20190329,000000,4.09,4.09,4.09,4.09,0,0
GRM_MV,D,20190402,000000,4.09,4.09,4.09,4.09,0,0
GRM_MV,D,20190403,000000,4.09,4.09,4.09,4.09,0,0
GRM_MV,D,20190404,000000,4.09,4.09,4.09,4.09,0,0
GRM_MV,D,20190405,000000,3.99,3.99,3.99,3.99,0,0
GRM_MV,D,20190408,000000,3.99,3.99,3.99,3.99,0,0
GRM_MV,D,20190410,000000,4.09,4.11,4.09,4.11,0,0
GRM_MV,D,20190411,000000,4.41,4.43,4.41,4.43,0,0
GRM_MV,D,20190412,000000,4.43,4.43,4.43,4.43,0,0
GRM_MV,D,20190415,000000,4.43,4.43,4.43,4.43,0,0
GRM_MV,D,20190416,000000,4.38,4.38,4.38,4.38,0,0
GRM_MV,D,20190417,000000,4.38,4.38,4.38,4.38,0,0
GRM_MV,D,20190418,000000,4.38,4.38,4.38,4.38,0,0
GRM_MV,D,20190423,000000,4.18,4.18,3.35,3.35,0,0
GRM_MV,D,20190424,000000,3.45,3.45,3.35,3.35,0,0
GRM_MV,D,20190425,000000,3.25,3.32,2.71,3.32,0,0
GRM_MV,D,20190426,000000,2.83,2.83,2.83,2.83,0,0
GRM_MV,D,20190429,000000,3.32,3.45,3.2,3.45,0,0
GRM_MV,D,20190502,000000,3.2,3.32,2.71,3.32,0,0
GRM_MV,D,20190510,000000,3.32,3.4,3.32,3.4,0,0
GRM_MV,D,20190514,000000,3.4,3.69,3.4,3.69,0,0
GRM_MV,D,20190516,000000,3.57,3.57,3.57,3.57,0,0
GRM_MV,D,20190517,000000,3.57,3.57,3.32,3.32,0,0
GRM_MV,D,20190521,000000,2.95,2.95,2.95,2.95,0,0
GRM_MV,D,20190522,000000,2.71,2.71,2.71,2.71,0,0
GRM_MV,D,20190523,000000,2.46,2.46,2.46,2.46,0,0
GRM_MV,D,20190524,000000,2.46,2.68,2.46,2.68,0,0
GRM_MV,D,20190603,000000,2.93,3.17,2.93,3.17,0,0
GRM_MV,D,20190604,000000,3.17,3.17,3.17,3.17,0,0
GRM_MV,D,20190605,000000,3.17,3.17,3.17,3.17,0,0
GRM_MV,D,20190606,000000,3.17,3.17,3.17,3.17,0,0
GRM_MV,D,20190610,000000,3.17,3.17,3.17,3.17,0,0
GRM_MV,D,20190611,000000,3.17,3.17,3.17,3.17,0,0
GRM_MV,D,20190612,000000,3.17,3.17,3.17,3.17,0,0
GRM_MV,D,20190613,000000,3.17,3.17,3.17,3.17,0,0
GRM_MV,D,20190614,000000,3.17,3.17,3.17,3.17,0,0
GRM_MV,D,20190617,000000,3.17,3.17,3.17,3.17,0,0
GRM_MV,D,20190619,000000,3.17,3.17,3.17,3.17,0,0
GRM_MV,D,20190624,000000,3.17,3.17,3.17,3.17,0,0
GRM_MV,D,20190625,000000,3.17,3.17,3.17,3.17,0,0
GRM_MV,D,20190626,000000,3.17,3.17,3.17,3.17,0,0
GRM_MV,D,20190627,000000,3.17,3.17,3.17,3.17,0,0
GRM_MV,D,20190628,000000,3.17,3.17,3.17,3.17,0,0
GRM_MV,D,20190701,000000,3.17,3.45,3.17,3.45,0,0
GRM_MV,D,20190702,000000,3.69,3.69,3.69,3.69,0,0
GRM_MV,D,20190703,000000,3.89,4.16,3.2,4.16,0,0
GRM_MV,D,20190704,000000,3.69,3.69,3.45,3.45,0,0
GRM_MV,D,20190705,000000,3.45,3.45,3.45,3.45,0,0
GRM_MV,D,20190708,000000,3.45,3.45,3.45,3.45,0,0
GRM_MV,D,20190710,000000,3.64,3.64,3.64,3.64,0,0
GRM_MV,D,20190711,000000,3.64,3.64,3.64,3.64,0,0
GRM_MV,D,20190712,000000,3.69,3.69,3.69,3.69,0,0
GRM_MV,D,20190715,000000,3.69,3.69,3.69,3.69,0,0
GRM_MV,D,20190716,000000,3.69,3.69,3.69,3.69,0,0
GRM_MV,D,20190717,000000,3.69,3.69,3.69,3.69,0,0
GRM_MV,D,20190718,000000,3.69,3.69,3.69,3.69,0,0
GRM_MV,D,20190719,000000,3.69,3.69,3.69,3.69,0,0
GRM_MV,D,20190722,000000,3.69,3.69,3.69,3.69,0,0
GRM_MV,D,20190723,000000,3.69,3.69,3.69,3.69,0,0
GRM_MV,D,20190724,000000,3.69,3.69,3.69,3.69,0,0
GRM_MV,D,20190725,000000,3.69,3.69,3.69,3.69,0,0
GRM_MV,D,20190726,000000,3.69,3.69,3.69,3.69,0,0
GRM_MV,D,20190729,000000,3.69,3.69,3.69,3.69,0,0
GRM_MV,D,20190730,000000,3.69,3.69,3.69,3.69,0,0
GRM_MV,D,20190731,000000,3.45,3.45,3.42,3.42,0,0
GRM_MV,D,20190801,000000,3.45,3.45,3.45,3.45,0,0
GRM_MV,D,20190802,000000,3.45,3.45,3.42,3.45,0,0
GRM_MV,D,20190805,000000,3.45,3.45,3.45,3.45,0,0
GRM_MV,D,20190806,000000,3.45,3.45,3.45,3.45,0,0
GRM_MV,D,20190808,000000,3.67,3.69,3.67,3.69,0,0
GRM_MV,D,20190809,000000,3.69,3.69,3.69,3.69,0,0
GRM_MV,D,20190812,000000,3.45,3.45,3.42,3.42,0,0
GRM_MV,D,20190814,000000,3.42,3.42,3.42,3.42,0,0
GRM_MV,D,20190821,000000,3.64,3.64,3.64,3.64,0,0
GRM_MV,D,20190822,000000,3.69,3.69,3.67,3.67,0,0
GRM_MV,D,20190823,000000,3.69,3.69,3.69,3.69,0,0
GRM_MV,D,20190826,000000,3.67,3.69,3.67,3.69,0,0
GRM_MV,D,20190827,000000,3.69,3.69,3.69,3.69,0,0
GRM_MV,D,20190828,000000,3.69,3.69,3.69,3.69,0,0
GRM_MV,D,20190829,000000,3.22,3.67,3.22,3.67,0,0
GRM_MV,D,20190830,000000,3.45,3.45,3.45,3.45,0,0
GRM_MV,D,20190902,000000,3.45,3.45,3.45,3.45,0,0
GRM_MV,D,20190903,000000,3.45,3.45,3.45,3.45,0,0
GRM_MV,D,20190904,000000,3.42,3.42,3.42,3.42,0,0
GRM_MV,D,20190905,000000,3.42,3.45,3.42,3.45,0,0
GRM_MV,D,20190906,000000,3.45,3.45,3.42,3.42,0,0
GRM_MV,D,20190909,000000,3.42,3.45,3.42,3.45,0,0
GRM_MV,D,20190910,000000,3.45,3.45,3.42,3.42,0,0
GRM_MV,D,20190917,000000,3.42,3.89,3.42,3.89,0,0
GRM_MV,D,20190918,000000,3.67,3.67,3.67,3.67,0,0
GRM_MV,D,20190924,000000,3.67,3.94,3.45,3.94,0,0
GRM_MV,D,20190925,000000,4.09,4.18,4.09,4.18,0,0
GRM_MV,D,20190926,000000,4.18,5.91,4.18,5.91,0,0
GRM_MV,D,20190927,000000,6.01,6.01,4.92,5.91,0,0
GRM_MV,D,20190930,000000,5.81,5.91,5.81,5.91,0,0
GRM_MV,D,20191001,000000,5.17,5.17,4.92,4.92,0,0
GRM_MV,D,20191002,000000,4.43,4.43,3.69,4.43,0,0
GRM_MV,D,20191003,000000,4.43,4.9,3.69,4.9,0,0
GRM_MV,D,20191004,000000,4.68,4.68,4.68,4.68,0,0
GRM_MV,D,20191007,000000,4.63,4.85,4.18,4.68,0,0
GRM_MV,D,20191008,000000,4.68,4.82,4.68,4.82,0,0
GRM_MV,D,20191009,000000,4.8,4.8,4.8,4.8,0,0
GRM_MV,D,20191010,000000,4.77,4.8,4.77,4.8,0,0
GRM_MV,D,20191011,000000,4.8,4.8,4.8,4.8,0,0
GRM_MV,D,20191015,000000,4.8,4.8,4.8,4.8,0,0
GRM_MV,D,20191017,000000,4.8,4.8,4.8,4.8,0,0
GRM_MV,D,20191018,000000,4.77,4.8,4.77,4.8,0,0
GRM_MV,D,20191024,000000,4.77,4.8,4.77,4.8,0,0
GRM_MV,D,20191025,000000,4.68,4.68,4.43,4.43,0,0
GRM_MV,D,20191028,000000,4.92,4.92,3.94,3.94,0,0
GRM_MV,D,20191029,000000,3.74,4.43,3.74,4.43,0,0
GRM_MV,D,20191030,000000,4.68,4.92,4.68,4.92,0,0
GRM_MV,D,20191104,000000,4.92,4.92,4.18,4.18,0,0
GRM_MV,D,20191105,000000,4.43,4.43,4.43,4.43,0,0
GRM_MV,D,20191113,000000,3.94,3.94,3.2,3.64,0,0
GRM_MV,D,20191114,000000,3.94,4.18,3.94,4.18,0,0
GRM_MV,D,20191118,000000,3.45,4.13,2.95,4.13,0,0
GRM_MV,D,20191121,000000,4.13,4.13,3.32,3.32,0,0
GRM_MV,D,20191122,000000,3.2,4.31,3.2,4.31,0,0
GRM_MV,D,20191125,000000,4.31,4.43,4.31,4.43,0,0
GRM_MV,D,20191202,000000,4.43,4.68,4.43,4.68,0,0
GRM_MV,D,20191204,000000,4.18,4.68,3.94,3.94,0,0
GRM_MV,D,20191205,000000,4.04,4.04,4.04,4.04,0,0
GRM_MV,D,20191206,000000,4.43,4.43,4.43,4.43,0,0
GRM_MV,D,20191209,000000,4.43,4.9,4.43,4.9,0,0
GRM_MV,D,20191210,000000,4.43,4.43,3.77,4.43,0,0
GRM_MV,D,20191211,000000,4.43,4.43,4.43,4.43,0,0
GRM_MV,D,20191213,000000,4.43,4.68,3.54,3.94,0,0
GRM_MV,D,20191216,000000,3.94,4.18,3.94,3.94,0,0
GRM_MV,D,20191217,000000,4.18,4.43,4.18,4.43,0,0
GRM_MV,D,20191218,000000,4.41,4.41,4.41,4.41,0,0
GRM_MV,D,20191219,000000,4.18,4.18,4.18,4.18,0,0
GRM_MV,D,20191223,000000,4.18,4.31,4.18,4.31,0,0
GRM_MV,D,20191227,000000,4.31,4.38,3.54,3.54,0,0
GRM_MV,D,20191230,000000,3.94,4.38,3.94,4.38,0,0
GRM_MV,D,20200102,000000,3.94,4.38,3.94,4.38,0,0
GRM_MV,D,20200103,000000,4.38,4.9,4.38,4.9,0,0
GRM_MV,D,20200107,000000,4.63,4.63,4.63,4.63,0,0
GRM_MV,D,20200109,000000,4.58,4.58,4.58,4.58,0,0
GRM_MV,D,20200110,000000,4.58,4.58,4.58,4.58,0,0
GRM_MV,D,20200113,000000,4.58,4.58,4.58,4.58,0,0
GRM_MV,D,20200114,000000,4.58,4.58,4.58,4.58,0,0
GRM_MV,D,20200115,000000,4.58,4.58,4.58,4.58,0,0
GRM_MV,D,20200116,000000,4.58,4.58,4.58,4.58,0,0
GRM_MV,D,20200117,000000,4.58,4.58,4.18,4.18,0,0
GRM_MV,D,20200120,000000,4.53,4.53,3.94,3.94,0,0
GRM_MV,D,20200121,000000,4.18,4.18,4.18,4.18,0,0
GRM_MV,D,20200122,000000,4.43,4.53,3.54,3.69,0,0
GRM_MV,D,20200123,000000,3.69,4.13,3.69,4.13,0,0
GRM_MV,D,20200124,000000,4.13,4.53,4.13,4.53,0,0
GRM_MV,D,20200128,000000,4.53,4.58,4.53,4.58,0,0
GRM_MV,D,20200129,000000,4.58,4.58,4.58,4.58,0,0
GRM_MV,D,20200130,000000,4.58,4.58,4.43,4.43,0,0
GRM_MV,D,20200131,000000,4.43,4.55,4.43,4.55,0,0
GRM_MV,D,20200203,000000,4.55,4.58,4.55,4.58,0,0
GRM_MV,D,20200204,000000,4.58,4.58,4.58,4.58,0,0
GRM_MV,D,20200205,000000,4.58,6.15,4.58,5.91,0,0
GRM_MV,D,20200206,000000,5.66,5.91,5.66,5.91,0,0
GRM_MV,D,20200207,000000,5.91,6.89,5.91,6.15,0,0
GRM_MV,D,20200210,000000,6.15,6.4,6.15,6.4,0,0
GRM_MV,D,20200211,000000,6.65,6.79,6.65,6.79,0,0
GRM_MV,D,20200212,000000,5.66,6.65,5.66,6.65,0,0
GRM_MV,D,20200213,000000,6.84,6.84,6.15,6.15,0,0
GRM_MV,D,20200214,000000,6.15,6.15,6.1,6.15,0,0
GRM_MV,D,20200217,000000,6.4,6.4,6.4,6.4,0,0
GRM_MV,D,20200219,000000,6.4,6.4,6.4,6.4,0,0
GRM_MV,D,20200220,000000,5.66,5.66,5.12,5.41,0,0
GRM_MV,D,20200221,000000,5.66,5.66,5.66,5.66,0,0
GRM_MV,D,20200224,000000,5.41,5.41,5.41,5.41,0,0
GRM_MV,D,20200225,000000,5.56,5.56,5.56,5.56,0,0
GRM_MV,D,20200227,000000,5.56,5.66,5.56,5.66,0,0
GRM_MV,D,20200228,000000,5.91,5.91,5.91,5.91,0,0
GRM_MV,D,20200302,000000,5.91,6.15,5.91,6.15,0,0
GRM_MV,D,20200305,000000,6.15,6.35,6.15,6.35,0,0
GRM_MV,D,20200306,000000,6.35,6.55,6.35,6.55,0,0
GRM_MV,D,20200309,000000,5.91,5.91,5.41,5.41,0,0
GRM_MV,D,20200311,000000,5.41,5.41,5.41,5.41,0,0
GRM_MV,D,20200313,000000,5.41,5.41,5.41,5.41,0,0
GRM_MV,D,20200316,000000,5.41,5.66,5.41,5.66,0,0
GRM_MV,D,20200317,000000,5.41,5.66,5.41,5.66,0,0
GRM_MV,D,20200319,000000,5.66,5.86,5.66,5.86,0,0
GRM_MV,D,20200324,000000,5.41,5.86,5.41,5.86,0,0
GRM_MV,D,20200327,000000,5.17,5.17,5.17,5.17,0,0
GRM_MV,D,20200330,000000,5.17,5.41,4.68,4.92,0,0
GRM_MV,D,20200331,000000,4.43,4.43,3.94,4.18,0,0
GRM_MV,D,20200401,000000,4.43,4.9,4.43,4.43,0,0
GRM_MV,D,20200402,000000,4.43,4.43,4.43,4.43,0,0
GRM_MV,D,20200403,000000,4.63,4.63,4.63,4.63,0,0
GRM_MV,D,20200406,000000,4.63,4.63,4.63,4.63,0,0
GRM_MV,D,20200407,000000,4.77,4.77,4.77,4.77,0,0
GRM_MV,D,20200408,000000,4.18,4.18,3.45,3.47,0,0
GRM_MV,D,20200409,000000,3.94,4.43,3.94,4.43,0,0
GRM_MV,D,20200414,000000,4.28,5.12,4.28,5.12,0,0
GRM_MV,D,20200415,000000,4.92,4.92,4.43,4.68,0,0
GRM_MV,D,20200416,000000,4.9,6.65,4.9,5.91,0,0
GRM_MV,D,20200417,000000,6.4,7.09,5.17,5.66,0,0
GRM_MV,D,20200420,000000,5.46,5.56,4.38,5.56,0,0
GRM_MV,D,20200421,000000,5.46,5.91,4.38,4.92,0,0
GRM_MV,D,20200422,000000,4.92,5.41,4.92,5.32,0,0
GRM_MV,D,20200423,000000,5.32,7.58,5.32,7.58,0,0
GRM_MV,D,20200424,000000,8.86,10.68,7.14,8.61,0,0
GRM_MV,D,20200427,000000,7.38,7.63,6.45,7.63,0,0
GRM_MV,D,20200428,000000,7.88,8.61,6.74,7.78,0,0
GRM_MV,D,20200429,000000,7.14,7.14,5.71,7.14,0,0
GRM_MV,D,20200430,000000,6.4,6.89,6.15,6.15,0,0
GRM_MV,D,20200504,000000,6.89,6.89,4.97,6.1,0,0
GRM_MV,D,20200505,000000,5.22,6.1,5.22,5.91,0,0
GRM_MV,D,20200506,000000,6.05,6.5,5.91,5.91,0,0
GRM_MV,D,20200507,000000,6.45,6.45,5.41,6.01,0,0
GRM_MV,D,20200508,000000,5.66,6.01,5.41,6.01,0,0
GRM_MV,D,20200511,000000,5.66,6.1,5.51,5.51,0,0
GRM_MV,D,20200512,000000,6.01,6.1,5.41,6.01,0,0
GRM_MV,D,20200513,000000,6.01,6.01,6.01,6.01,0,0
GRM_MV,D,20200514,000000,6.01,6.01,4.97,4.97,0,0
GRM_MV,D,20200515,000000,5.02,6.4,5.02,5.91,0,0
GRM_MV,D,20200518,000000,6.15,6.5,5.91,5.91,0,0
GRM_MV,D,20200519,000000,5.91,6.25,5.91,6.25,0,0
GRM_MV,D,20200520,000000,6.2,6.3,6.15,6.3,0,0
GRM_MV,D,20200521,000000,6.35,6.55,6.35,6.55,0,0
GRM_MV,D,20200522,000000,6.55,6.84,5.66,6.65,0,0
GRM_MV,D,20200525,000000,6.65,6.65,6.55,6.55,0,0
GRM_MV,D,20200527,000000,6.15,6.15,5.27,5.91,0,0
GRM_MV,D,20200528,000000,5.51,5.51,5.51,5.51,0,0
GRM_MV,D,20200529,000000,6.15,6.15,6.15,6.15,0,0
GRM_MV,D,20200601,000000,6.1,6.35,5.91,6.35,0,0
GRM_MV,D,20200602,000000,6.25,6.25,5.17,5.41,0,0
GRM_MV,D,20200603,000000,5.66,6.1,5.66,6.01,0,0
GRM_MV,D,20200604,000000,5.41,6.1,5.41,6.1,0,0
GRM_MV,D,20200605,000000,6.1,6.1,5.41,6.1,0,0
GRM_MV,D,20200608,000000,6.1,6.1,6.05,6.1,0,0
GRM_MV,D,20200609,000000,5.51,6.01,5.51,6.01,0,0
GRM_MV,D,20200612,000000,6.01,6.01,6.01,6.01,0,0
GRM_MV,D,20200615,000000,6.05,6.05,6.05,6.05,0,0
GRM_MV,D,20200616,000000,6.05,6.05,5.66,5.66,0,0
GRM_MV,D,20200617,000000,5.66,5.91,5.66,5.91,0,0
GRM_MV,D,20200618,000000,5.91,6.05,5.91,6.05,0,0
GRM_MV,D,20200619,000000,5.91,7.09,5.91,6.89,0,0
GRM_MV,D,20200622,000000,7.33,8.07,6.15,7.33,0,0
GRM_MV,D,20200623,000000,7.29,7.58,6.65,7.53,0,0
GRM_MV,D,20200624,000000,7.53,7.58,6.5,7.38,0,0
GRM_MV,D,20200625,000000,7.38,7.38,7.38,7.38,0,0
GRM_MV,D,20200626,000000,7.38,7.38,7.38,7.38,0,0
GRM_MV,D,20200629,000000,7.33,7.38,7.33,7.38,0,0
GRM_MV,D,20200630,000000,7.38,7.38,6.45,6.89,0,0
GRM_MV,D,20200701,000000,6.45,7.33,5.96,7.33,0,0
GRM_MV,D,20200702,000000,7.33,7.33,7.33,7.33,0,0
GRM_MV,D,20200703,000000,7.33,10.29,7.33,9.11,0,0
GRM_MV,D,20200706,000000,9.11,9.11,8.37,8.37,0,0
GRM_MV,D,20200707,000000,8.32,8.37,7.63,7.63,0,0
GRM_MV,D,20200708,000000,9.11,10.93,7.29,10.04,0,0
GRM_MV,D,20200709,000000,10.04,10.04,8.12,9.45,0,0
GRM_MV,D,20200710,000000,8.61,10.58,8.61,10.34,0,0
GRM_MV,D,20200713,000000,10.78,14.77,10.78,14.77,0,0
GRM_MV,D,20200714,000000,18.21,18.21,14.77,14.77,0,0
GRM_MV,D,20200715,000000,16.24,16.24,13.54,14.52,0,0
GRM_MV,D,20200716,000000,14.77,14.77,12.06,14.28,0,0
GRM_MV,D,20200717,000000,14.52,15.75,14.52,15.26,0,0
GRM_MV,D,20200720,000000,14.77,15.51,13.78,15.14,0,0
GRM_MV,D,20200721,000000,15.26,15.26,12.31,13.54,0,0
GRM_MV,D,20200722,000000,12.55,13.17,12.06,13.04,0,0
GRM_MV,D,20200723,000000,13.04,14.77,13.04,14.28,0,0
GRM_MV,D,20200724,000000,14.28,14.28,13.17,14.03,0,0
GRM_MV,D,20200727,000000,14.15,15.26,14.15,15.14,0,0
GRM_MV,D,20200728,000000,15.01,16.61,13.78,16.24,0,0
GRM_MV,D,20200729,000000,16.61,18.95,14.89,18.95,0,0
GRM_MV,D,20200730,000000,19.57,20.92,12.8,14.77,0,0
GRM_MV,D,20200731,000000,12.55,15.26,12.55,15.01,0,0
GRM_MV,D,20200803,000000,15.75,15.87,12.11,13.29,0,0
GRM_MV,D,20200804,000000,13.17,14.52,12.55,13.54,0,0
GRM_MV,D,20200805,000000,13.78,15.26,13.04,15.14,0,0
GRM_MV,D,20200806,000000,14.77,14.77,14.77,14.77,0,0
GRM_MV,D,20200807,000000,14.03,14.77,13.54,14.4,0,0
GRM_MV,D,20200810,000000,13.29,14.28,13.29,14.03,0,0
GRM_MV,D,20200811,000000,13.04,14.03,12.55,13.66,0,0
GRM_MV,D,20200812,000000,13.04,13.41,12.43,12.43,0,0
GRM_MV,D,20200813,000000,13.17,13.29,12.31,13.29,0,0
GRM_MV,D,20200814,000000,13.54,13.54,12.06,13.17,0,0
GRM_MV,D,20200817,000000,12.31,12.92,12.31,12.8,0,0
GRM_MV,D,20200818,000000,13.04,13.04,12.31,12.92,0,0
GRM_MV,D,20200820,000000,12.55,12.55,12.11,12.55,0,0
GRM_MV,D,20200821,000000,12.55,12.55,10.83,11.32,0,0
GRM_MV,D,20200824,000000,11.57,11.57,10.19,10.83,0,0
GRM_MV,D,20200825,000000,10.98,11.08,10.44,11.08,0,0
GRM_MV,D,20200826,000000,11.08,11.08,10.48,10.48,0,0
GRM_MV,D,20200827,000000,11.52,11.52,11.52,11.52,0,0
GRM_MV,D,20200828,000000,11.52,11.52,11.42,11.42,0,0
GRM_MV,D,20200831,000000,11.62,11.62,9.84,11.47,0,0
GRM_MV,D,20200901,000000,11.47,11.47,9.4,10.58,0,0
GRM_MV,D,20200902,000000,10.58,11.57,10.58,11.57,0,0
GRM_MV,D,20200903,000000,11.52,11.52,11.52,11.52,0,0
GRM_MV,D,20200904,000000,11.32,11.32,11.32,11.32,0,0
GRM_MV,D,20200907,000000,11.08,11.08,10.73,10.73,0,0
GRM_MV,D,20200908,000000,10.09,10.58,10.09,10.58,0,0
GRM_MV,D,20200909,000000,10.44,10.44,9.35,10.44,0,0
GRM_MV,D,20200910,000000,10.44,10.44,10.44,10.44,0,0
GRM_MV,D,20200911,000000,10.34,10.44,10.34,10.44,0,0
GRM_MV,D,20200914,000000,10.44,11.32,10.44,11.32,0,0
GRM_MV,D,20200915,000000,11.62,11.76,11.08,11.72,0,0
GRM_MV,D,20200916,000000,10.83,11.47,10.83,11.47,0,0
GRM_MV,D,20200917,000000,10.19,11.42,10.19,11.27,0,0
GRM_MV,D,20200918,000000,11.27,11.72,11.27,11.67,0,0
GRM_MV,D,20200921,000000,11.08,11.08,10.83,10.83,0,0
GRM_MV,D,20200922,000000,10.73,11.81,10.34,11.81,0,0
GRM_MV,D,20200923,000000,11.81,12.06,10.88,12.01,0,0
GRM_MV,D,20200924,000000,11.32,11.57,10.39,11.57,0,0
GRM_MV,D,20200928,000000,10.58,10.58,10.34,10.34,0,0
GRM_MV,D,20200929,000000,10.58,10.93,10.58,10.93,0,0
GRM_MV,D,20200930,000000,10.83,11.32,10.83,11.32,0,0
GRM_MV,D,20201001,000000,9.16,10.68,9.16,10.68,0,0
GRM_MV,D,20201002,000000,10.68,10.68,10.68,10.68,0,0
GRM_MV,D,20201005,000000,10.68,10.68,10.68,10.68,0,0
GRM_MV,D,20201006,000000,10.58,12.55,10.58,12.43,0,0
GRM_MV,D,20201007,000000,12.43,12.43,10.09,12.11,0,0
GRM_MV,D,20201008,000000,12.16,12.26,11.32,11.32,0,0
GRM_MV,D,20201009,000000,11.32,11.86,10.68,11.17,0,0
GRM_MV,D,20201012,000000,10.73,10.98,10.58,10.83,0,0
GRM_MV,D,20201013,000000,10.93,10.93,10.88,10.88,0,0
GRM_MV,D,20201014,000000,10.34,10.78,10.34,10.78,0,0
GRM_MV,D,20201015,000000,10.34,10.34,9.6,10.09,0,0
GRM_MV,D,20201016,000000,8.76,9.84,8.47,9.55,0,0
