<TICKER>,<PER>,<DATE>,<TIME>,<OPEN>,<HIGH>,<LOW>,<CLOSE>,<VOL>,<OPENINT>
HRC_MV,D,20111212,000000,5.3312,5.3312,5.3312,5.3312,0,0
HRC_MV,D,20111213,000000,4.4198,5.4978,4.4198,5.3312,0,0
HRC_MV,D,20111214,000000,4.9196,5.3312,4.3316,5.3312,0,0
HRC_MV,D,20111215,000000,4.998,5.9976,4.165,5.6644,0,0
HRC_MV,D,20111216,000000,5.4978,5.4978,5.0862,5.4194,0,0
HRC_MV,D,20111219,000000,4.998,5.831,4.4198,5.831,0,0
HRC_MV,D,20111220,000000,5.7526,5.7526,5.2528,5.586,0,0
HRC_MV,D,20111221,000000,5.4194,6.664,5.4194,6.3308,0,0
HRC_MV,D,20111222,000000,6.3308,6.3308,4.8314,4.8314,0,0
HRC_MV,D,20111223,000000,4.4198,4.9196,3.92,4.9196,0,0
HRC_MV,D,20111227,000000,4.4198,4.6648,3.7534,3.7534,0,0
HRC_MV,D,20111228,000000,3.92,3.9984,3.1654,3.9984,0,0
HRC_MV,D,20111229,000000,3.9984,4.2532,3.6652,4.2532,0,0
HRC_MV,D,20120102,000000,4.2532,4.753,4.2532,4.753,0,0
HRC_MV,D,20120103,000000,4.753,4.753,3.9984,4.165,0,0
HRC_MV,D,20120104,000000,4.0866,4.4198,4.0866,4.4198,0,0
HRC_MV,D,20120109,000000,4.4198,4.4982,4.4198,4.4982,0,0
HRC_MV,D,20120110,000000,3.9984,4.4198,3.9984,4.4198,0,0
HRC_MV,D,20120111,000000,4.4198,5.2528,4.4198,5.2528,0,0
HRC_MV,D,20120112,000000,5.2528,5.2528,4.998,4.998,0,0
HRC_MV,D,20120113,000000,4.998,5.2528,4.998,5.0862,0,0
HRC_MV,D,20120116,000000,4.998,5.6644,4.998,5.6644,0,0
HRC_MV,D,20120117,000000,5.831,6.2524,5.4978,5.4978,0,0
HRC_MV,D,20120118,000000,5.586,5.7526,5.586,5.7526,0,0
HRC_MV,D,20120119,000000,5.6644,6.2524,5.6644,6.2524,0,0
HRC_MV,D,20120120,000000,6.1642,6.1642,6.1642,6.1642,0,0
HRC_MV,D,20120123,000000,6.1642,6.1642,5.7526,6.1642,0,0
HRC_MV,D,20120124,000000,6.1642,6.1642,6.1642,6.1642,0,0
HRC_MV,D,20120125,000000,6.1642,6.1642,6.1642,6.1642,0,0
HRC_MV,D,20120126,000000,6.1642,6.1642,6.1642,6.1642,0,0
HRC_MV,D,20120127,000000,6.1642,6.1642,6.1642,6.1642,0,0
HRC_MV,D,20120130,000000,6.1642,6.1642,5.6644,5.6644,0,0
HRC_MV,D,20120131,000000,5.75,5.75,5.75,5.75,0,0
HRC_MV,D,20120203,000000,5.7526,6.1642,5.7526,6.1642,0,0
HRC_MV,D,20120206,000000,6.1642,6.1642,5.9192,5.9192,0,0
HRC_MV,D,20120208,000000,5.4978,6.3308,5.4194,6.3308,0,0
HRC_MV,D,20120210,000000,6.0858,6.0858,5.9976,5.9976,0,0
HRC_MV,D,20120213,000000,5.831,5.831,5.831,5.831,0,0
HRC_MV,D,20120214,000000,5.831,5.831,5.831,5.831,0,0
HRC_MV,D,20120215,000000,5.831,5.831,5.831,5.831,0,0
HRC_MV,D,20120216,000000,5.831,5.831,5.831,5.831,0,0
HRC_MV,D,20120217,000000,5.831,5.831,5.831,5.831,0,0
HRC_MV,D,20120220,000000,5.831,5.831,5.831,5.831,0,0
HRC_MV,D,20120221,000000,5.831,5.831,5.831,5.831,0,0
HRC_MV,D,20120222,000000,5.831,5.831,5.4978,5.4978,0,0
HRC_MV,D,20120223,000000,5.4978,5.4978,5.1646,5.1646,0,0
HRC_MV,D,20120305,000000,4.998,5.1646,4.8314,5.1646,0,0
HRC_MV,D,20120306,000000,5.0862,5.0862,5.0862,5.0862,0,0
HRC_MV,D,20120308,000000,4.998,4.998,4.998,4.998,0,0
HRC_MV,D,20120309,000000,4.998,4.998,4.998,4.998,0,0
HRC_MV,D,20120312,000000,4.9196,4.9196,4.5864,4.5864,0,0
HRC_MV,D,20120313,000000,4.5864,4.5864,4.5864,4.5864,0,0
HRC_MV,D,20120321,000000,4.4982,4.4982,4.4982,4.4982,0,0
HRC_MV,D,20120322,000000,4.4982,4.4982,4.4982,4.4982,0,0
HRC_MV,D,20120326,000000,4.4198,4.4198,4.4198,4.4198,0,0
HRC_MV,D,20120327,000000,4.4198,4.8314,4.3316,4.8314,0,0
HRC_MV,D,20120328,000000,4.8314,4.998,4.8314,4.998,0,0
HRC_MV,D,20120404,000000,4.2532,4.2532,4.2532,4.2532,0,0
HRC_MV,D,20120405,000000,4.2532,4.2532,4.2532,4.2532,0,0
HRC_MV,D,20120410,000000,4.3316,4.6648,4.3316,4.6648,0,0
HRC_MV,D,20120416,000000,4.3316,4.3316,4.3316,4.3316,0,0
HRC_MV,D,20120418,000000,4.3316,4.8314,4.3316,4.8314,0,0
HRC_MV,D,20120424,000000,4.9196,4.9196,4.9196,4.9196,0,0
HRC_MV,D,20120508,000000,4.9196,5.2528,4.9196,5.2528,0,0
HRC_MV,D,20120521,000000,4.998,4.998,4.998,4.998,0,0
HRC_MV,D,20120524,000000,4.8314,4.8314,4.8314,4.8314,0,0
HRC_MV,D,20120525,000000,4.8314,4.8314,4.4982,4.4982,0,0
HRC_MV,D,20120530,000000,4.3316,4.3316,4.2532,4.2532,0,0
HRC_MV,D,20120614,000000,4.165,4.165,4.165,4.165,0,0
HRC_MV,D,20120702,000000,4.25,4.25,4.25,4.25,0,0
HRC_MV,D,20120704,000000,4.34,5.1,4.34,5.1,0,0
HRC_MV,D,20120705,000000,5.1,5.95,5.1,5.95,0,0
HRC_MV,D,20120706,000000,5.95,6.8,5.36,6.8,0,0
HRC_MV,D,20120709,000000,6.8,6.8,6.8,6.8,0,0
HRC_MV,D,20120711,000000,6.8,6.8,6.8,6.8,0,0
HRC_MV,D,20120713,000000,6.8,6.8,6.8,6.8,0,0
HRC_MV,D,20120716,000000,6.8,6.8,6.8,6.8,0,0
HRC_MV,D,20120717,000000,6.8,6.8,6.8,6.8,0,0
HRC_MV,D,20120718,000000,6.8,6.8,6.8,6.8,0,0
HRC_MV,D,20120719,000000,6.8,6.8,6.8,6.8,0,0
HRC_MV,D,20120720,000000,6.8,6.8,6.8,6.8,0,0
HRC_MV,D,20120723,000000,6.8,6.8,6.8,6.8,0,0
HRC_MV,D,20120724,000000,6.8,6.8,6.8,6.8,0,0
HRC_MV,D,20120725,000000,6.63,6.63,6.63,6.63,0,0
HRC_MV,D,20120726,000000,6.63,6.63,6.63,6.63,0,0
HRC_MV,D,20120727,000000,6.63,6.63,6.63,6.63,0,0
HRC_MV,D,20120730,000000,6.63,6.63,6.63,6.63,0,0
HRC_MV,D,20120731,000000,6.38,6.38,6.38,6.38,0,0
HRC_MV,D,20120801,000000,6.38,6.38,6.38,6.38,0,0
HRC_MV,D,20120802,000000,6.38,6.38,6.38,6.38,0,0
HRC_MV,D,20120803,000000,6.38,6.38,6.38,6.38,0,0
HRC_MV,D,20120806,000000,6.38,6.38,6.38,6.38,0,0
HRC_MV,D,20120807,000000,6.38,6.38,6.38,6.38,0,0
HRC_MV,D,20120808,000000,6.38,6.38,6.38,6.38,0,0
HRC_MV,D,20120809,000000,6.38,6.38,6.38,6.38,0,0
HRC_MV,D,20120810,000000,6.38,6.38,6.38,6.38,0,0
HRC_MV,D,20120813,000000,6.38,6.38,6.38,6.38,0,0
HRC_MV,D,20120814,000000,6.38,6.38,5.95,5.95,0,0
HRC_MV,D,20120824,000000,5.53,5.53,5.53,5.53,0,0
HRC_MV,D,20120828,000000,5.53,6.38,5.53,6.38,0,0
HRC_MV,D,20120829,000000,6.38,6.38,6.38,6.38,0,0
HRC_MV,D,20120830,000000,6.38,6.38,6.38,6.38,0,0
HRC_MV,D,20120831,000000,6.38,7.4,6.38,7.4,0,0
HRC_MV,D,20120903,000000,6.8,6.8,6.8,6.8,0,0
HRC_MV,D,20121016,000000,6.38,6.38,6.12,6.12,0,0
HRC_MV,D,20121018,000000,6.38,6.97,6.38,6.97,0,0
HRC_MV,D,20121019,000000,6.89,7.14,6.89,7.14,0,0
HRC_MV,D,20121022,000000,7.14,7.14,7.14,7.14,0,0
HRC_MV,D,20121023,000000,7.14,7.14,7.14,7.14,0,0
HRC_MV,D,20121024,000000,7.14,7.14,7.14,7.14,0,0
HRC_MV,D,20121025,000000,7.14,7.14,7.14,7.14,0,0
HRC_MV,D,20121026,000000,7.14,7.14,7.14,7.14,0,0
HRC_MV,D,20121029,000000,7.14,7.14,7.14,7.14,0,0
HRC_MV,D,20121030,000000,7.14,7.14,7.14,7.14,0,0
HRC_MV,D,20121031,000000,7.14,7.14,7.14,7.14,0,0
HRC_MV,D,20121102,000000,7.14,7.14,7.14,7.14,0,0
HRC_MV,D,20121105,000000,7.14,7.14,7.14,7.14,0,0
HRC_MV,D,20121106,000000,7.14,7.65,6.97,6.97,0,0
HRC_MV,D,20121119,000000,6.72,6.72,6.55,6.55,0,0
HRC_MV,D,20121122,000000,6.46,6.46,6.46,6.46,0,0
HRC_MV,D,20121228,000000,7.06,7.06,7.06,7.06,0,0
HRC_MV,D,20130125,000000,6.8,6.8,6.38,6.38,0,0
HRC_MV,D,20130306,000000,6.46,7.14,6.46,7.14,0,0
HRC_MV,D,20130307,000000,7.14,7.14,7.14,7.14,0,0
HRC_MV,D,20130308,000000,7.14,7.14,7.14,7.14,0,0
HRC_MV,D,20130313,000000,6.8,6.8,6.8,6.8,0,0
HRC_MV,D,20130314,000000,6.72,6.72,6.72,6.72,0,0
HRC_MV,D,20130315,000000,6.72,6.72,6.72,6.72,0,0
HRC_MV,D,20130318,000000,6.72,6.72,6.72,6.72,0,0
HRC_MV,D,20130319,000000,6.72,6.72,6.72,6.72,0,0
HRC_MV,D,20130320,000000,6.72,6.72,6.72,6.72,0,0
HRC_MV,D,20130321,000000,6.72,6.8,6.72,6.8,0,0
HRC_MV,D,20130322,000000,6.8,6.8,6.8,6.8,0,0
HRC_MV,D,20130410,000000,6.8,7.14,6.8,7.14,0,0
HRC_MV,D,20130415,000000,7.14,7.14,7.14,7.14,0,0
HRC_MV,D,20130417,000000,7.14,7.14,7.14,7.14,0,0
HRC_MV,D,20130418,000000,7.14,7.14,7.14,7.14,0,0
HRC_MV,D,20130419,000000,7.14,7.14,7.14,7.14,0,0
HRC_MV,D,20130422,000000,7.14,7.14,7.14,7.14,0,0
HRC_MV,D,20130424,000000,6.8,6.8,6.8,6.8,0,0
HRC_MV,D,20130425,000000,6.97,7.48,6.97,7.48,0,0
HRC_MV,D,20130426,000000,7.48,7.57,7.48,7.57,0,0
HRC_MV,D,20130429,000000,7.48,7.48,7.48,7.48,0,0
HRC_MV,D,20130430,000000,7.48,7.48,7.48,7.48,0,0
HRC_MV,D,20130502,000000,7.48,7.48,7.48,7.48,0,0
HRC_MV,D,20130506,000000,7.48,7.48,7.48,7.48,0,0
HRC_MV,D,20130507,000000,7.48,7.48,7.48,7.48,0,0
HRC_MV,D,20130508,000000,7.48,7.48,7.48,7.48,0,0
HRC_MV,D,20130509,000000,7.48,7.48,7.48,7.48,0,0
HRC_MV,D,20130510,000000,7.48,7.48,7.48,7.48,0,0
HRC_MV,D,20130513,000000,7.48,7.48,7.48,7.48,0,0
HRC_MV,D,20130514,000000,7.48,7.48,7.48,7.48,0,0
HRC_MV,D,20130515,000000,7.48,7.48,7.48,7.48,0,0
HRC_MV,D,20130516,000000,7.48,7.48,7.48,7.48,0,0
HRC_MV,D,20130517,000000,7.48,7.48,7.48,7.48,0,0
HRC_MV,D,20130520,000000,7.48,7.57,7.48,7.57,0,0
HRC_MV,D,20130521,000000,7.48,7.48,7.48,7.48,0,0
HRC_MV,D,20130522,000000,7.48,7.48,7.48,7.48,0,0
HRC_MV,D,20130523,000000,7.48,7.48,7.48,7.48,0,0
HRC_MV,D,20130524,000000,7.48,7.48,7.48,7.48,0,0
HRC_MV,D,20130527,000000,7.48,7.48,7.48,7.48,0,0
HRC_MV,D,20130528,000000,7.48,7.48,7.48,7.48,0,0
HRC_MV,D,20130529,000000,7.48,7.48,7.48,7.48,0,0
HRC_MV,D,20130531,000000,7.48,7.48,7.48,7.48,0,0
HRC_MV,D,20130603,000000,7.48,7.48,7.48,7.48,0,0
HRC_MV,D,20130604,000000,7.48,7.48,7.48,7.48,0,0
HRC_MV,D,20130605,000000,7.48,7.48,7.48,7.48,0,0
HRC_MV,D,20130606,000000,7.48,7.48,7.48,7.48,0,0
HRC_MV,D,20130607,000000,7.48,7.48,7.48,7.48,0,0
HRC_MV,D,20130610,000000,7.48,7.48,7.48,7.48,0,0
HRC_MV,D,20130611,000000,7.48,7.48,7.48,7.48,0,0
HRC_MV,D,20130612,000000,7.48,7.48,7.48,7.48,0,0
HRC_MV,D,20130613,000000,7.48,7.48,7.48,7.48,0,0
HRC_MV,D,20130614,000000,7.48,7.48,7.48,7.48,0,0
HRC_MV,D,20130617,000000,7.48,7.48,7.48,7.48,0,0
HRC_MV,D,20130618,000000,7.57,7.57,7.57,7.57,0,0
HRC_MV,D,20130628,000000,7.99,7.99,7.99,7.99,0,0
HRC_MV,D,20130701,000000,7.99,8.08,7.99,8.08,0,0
HRC_MV,D,20130703,000000,7.31,7.31,6.46,6.46,0,0
HRC_MV,D,20130806,000000,6.12,6.12,4.76,4.76,0,0
HRC_MV,D,20130827,000000,4.85,4.85,4.85,4.85,0,0
HRC_MV,D,20130910,000000,4.85,4.85,4.85,4.85,0,0
HRC_MV,D,20131009,000000,4.85,4.85,4.85,4.85,0,0
HRC_MV,D,20131022,000000,4.68,4.68,3.83,4.59,0,0
HRC_MV,D,20131028,000000,4.51,4.51,4.51,4.51,0,0
HRC_MV,D,20131029,000000,4.25,4.68,4.25,4.68,0,0
HRC_MV,D,20131122,000000,4.25,4.25,4.25,4.25,0,0
HRC_MV,D,20131129,000000,4.42,5.27,4.42,5.27,0,0
HRC_MV,D,20131202,000000,5.27,7.4,5.27,7.4,0,0
HRC_MV,D,20131203,000000,7.48,7.91,7.48,7.91,0,0
HRC_MV,D,20131204,000000,7.91,8.5,7.91,8.5,0,0
HRC_MV,D,20131205,000000,8.5,9.35,8.5,9.35,0,0
HRC_MV,D,20131206,000000,7.65,9.78,7.65,9.78,0,0
HRC_MV,D,20131209,000000,9.78,11.56,9.78,11.56,0,0
HRC_MV,D,20131210,000000,11.56,11.99,11.56,11.99,0,0
HRC_MV,D,20131211,000000,12.67,12.67,12.67,12.67,0,0
HRC_MV,D,20131212,000000,12.75,12.75,12.75,12.75,0,0
HRC_MV,D,20131218,000000,12.75,12.75,12.75,12.75,0,0
HRC_MV,D,20131219,000000,12.75,12.75,12.75,12.75,0,0
HRC_MV,D,20131220,000000,12.75,12.75,12.75,12.75,0,0
HRC_MV,D,20131223,000000,12.75,12.75,12.75,12.75,0,0
HRC_MV,D,20131227,000000,12.75,12.75,12.75,12.75,0,0
HRC_MV,D,20131230,000000,12.75,12.75,12.75,12.75,0,0
HRC_MV,D,20140103,000000,12.84,12.84,12.84,12.84,0,0
HRC_MV,D,20140107,000000,12.84,12.84,12.84,12.84,0,0
HRC_MV,D,20140108,000000,12.84,12.84,12.84,12.84,0,0
HRC_MV,D,20140109,000000,12.84,12.84,12.84,12.84,0,0
HRC_MV,D,20140115,000000,12.84,13.6,12.84,13.6,0,0
HRC_MV,D,20140116,000000,13.6,14.45,13.6,14.45,0,0
HRC_MV,D,20140117,000000,14.54,14.96,14.54,14.96,0,0
HRC_MV,D,20140120,000000,15.13,15.9,15.13,15.9,0,0
HRC_MV,D,20140124,000000,15.98,16.49,15.98,16.49,0,0
HRC_MV,D,20140127,000000,16.58,16.83,16.58,16.83,0,0
HRC_MV,D,20140128,000000,16.83,17.34,16.83,17.34,0,0
HRC_MV,D,20140129,000000,17.34,17.34,17.34,17.34,0,0
HRC_MV,D,20140130,000000,17.34,17.34,17.34,17.34,0,0
HRC_MV,D,20140131,000000,17.34,17.34,17.34,17.34,0,0
HRC_MV,D,20140203,000000,17.34,17.34,17.34,17.34,0,0
HRC_MV,D,20140204,000000,17.34,17.34,17.34,17.34,0,0
HRC_MV,D,20140205,000000,17.34,17.34,17.34,17.34,0,0
HRC_MV,D,20140206,000000,17.34,17.34,17.34,17.34,0,0
HRC_MV,D,20140207,000000,17.34,17.34,15.05,17.26,0,0
HRC_MV,D,20140210,000000,15.3,17.17,14.96,17.17,0,0
HRC_MV,D,20140211,000000,17.17,17.17,14.79,17.17,0,0
HRC_MV,D,20140220,000000,17,17,17,17,0,0
HRC_MV,D,20140304,000000,16.83,17,14.79,17,0,0
HRC_MV,D,20140312,000000,15.3,17,14.88,17,0,0
HRC_MV,D,20140313,000000,15.73,17.43,15.3,17.43,0,0
HRC_MV,D,20140319,000000,16.15,17.85,15.73,17.85,0,0
HRC_MV,D,20140326,000000,17.77,18.53,17.77,18.53,0,0
HRC_MV,D,20140327,000000,18.7,19.55,17.85,19.55,0,0
HRC_MV,D,20140408,000000,19.55,19.55,19.55,19.55,0,0
HRC_MV,D,20140409,000000,19.13,19.13,18.53,18.79,0,0
HRC_MV,D,20140410,000000,19.13,19.3,18.53,19.3,0,0
HRC_MV,D,20140411,000000,19.55,19.98,19.55,19.98,0,0
HRC_MV,D,20140414,000000,19.81,19.98,19.81,19.98,0,0
HRC_MV,D,20140416,000000,19.98,19.98,19.98,19.98,0,0
HRC_MV,D,20140423,000000,19.13,20.4,18.79,20.4,0,0
HRC_MV,D,20140424,000000,19.98,20.4,19.98,20.4,0,0
HRC_MV,D,20140507,000000,20.4,21.25,20.4,21.25,0,0
HRC_MV,D,20140509,000000,25.5,25.5,21.25,21.25,0,0
HRC_MV,D,20140512,000000,21.25,21.25,21.25,21.25,0,0
HRC_MV,D,20140513,000000,21.25,21.25,21.25,21.25,0,0
HRC_MV,D,20140514,000000,21.25,21.25,21.25,21.25,0,0
HRC_MV,D,20140516,000000,19.98,21.25,19.98,21.25,0,0
HRC_MV,D,20140527,000000,21.42,21.59,21.25,21.25,0,0
HRC_MV,D,20140603,000000,21.42,21.42,21.42,21.42,0,0
HRC_MV,D,20140606,000000,21.68,21.68,21.68,21.68,0,0
HRC_MV,D,20140612,000000,20.83,21.93,20.83,21.93,0,0
HRC_MV,D,20140613,000000,21.08,22.1,20.57,22.1,0,0
HRC_MV,D,20140616,000000,22.27,22.7,22.27,22.7,0,0
HRC_MV,D,20140617,000000,22.7,22.7,22.7,22.7,0,0
HRC_MV,D,20140624,000000,22.53,22.78,22.53,22.78,0,0
HRC_MV,D,20140717,000000,21.76,21.76,21.76,21.76,0,0
HRC_MV,D,20140718,000000,21.93,22.1,21.93,22.1,0,0
HRC_MV,D,20141105,000000,22.53,22.53,21.85,21.85,0,0
HRC_MV,D,20141205,000000,21.68,21.68,21.68,21.68,0,0
HRC_MV,D,20141223,000000,20.57,22.53,20.57,22.53,0,0
HRC_MV,D,20141229,000000,21,22.95,20.83,22.95,0,0
HRC_MV,D,20141230,000000,22.95,22.95,22.95,22.95,0,0
HRC_MV,D,20150226,000000,22.53,23.38,22.53,23.38,0,0
HRC_MV,D,20150227,000000,23.38,24.23,23.38,24.14,0,0
HRC_MV,D,20150302,000000,24.06,24.06,24.06,24.06,0,0
HRC_MV,D,20150303,000000,24.06,24.06,24.06,24.06,0,0
HRC_MV,D,20150304,000000,24.06,24.06,24.06,24.06,0,0
HRC_MV,D,20150305,000000,24.06,24.06,24.06,24.06,0,0
HRC_MV,D,20150306,000000,24.06,24.06,24.06,24.06,0,0
HRC_MV,D,20150309,000000,24.06,24.06,24.06,24.06,0,0
HRC_MV,D,20150310,000000,24.06,24.06,24.06,24.06,0,0
HRC_MV,D,20150311,000000,24.06,24.06,24.06,24.06,0,0
HRC_MV,D,20150312,000000,24.06,24.06,24.06,24.06,0,0
HRC_MV,D,20150313,000000,24.06,24.06,24.06,24.06,0,0
HRC_MV,D,20150316,000000,24.06,24.06,24.06,24.06,0,0
HRC_MV,D,20150317,000000,24.06,24.06,24.06,24.06,0,0
HRC_MV,D,20150318,000000,24.06,24.06,24.06,24.06,0,0
HRC_MV,D,20150319,000000,24.06,24.06,24.06,24.06,0,0
HRC_MV,D,20150320,000000,24.06,24.06,24.06,24.06,0,0
HRC_MV,D,20150323,000000,24.06,24.06,24.06,24.06,0,0
HRC_MV,D,20150324,000000,24.06,24.06,24.06,24.06,0,0
HRC_MV,D,20150325,000000,24.06,24.06,24.06,24.06,0,0
HRC_MV,D,20150326,000000,24.06,24.06,24.06,24.06,0,0
HRC_MV,D,20150327,000000,24.06,24.06,24.06,24.06,0,0
HRC_MV,D,20150402,000000,24.23,24.65,24.23,24.65,0,0
HRC_MV,D,20150407,000000,24.65,24.65,24.65,24.65,0,0
HRC_MV,D,20150409,000000,24.65,24.65,24.65,24.65,0,0
HRC_MV,D,20150410,000000,24.91,25.08,24.91,25.08,0,0
HRC_MV,D,20150413,000000,25.08,25.08,25.08,25.08,0,0
HRC_MV,D,20150414,000000,24.65,24.65,24.14,24.14,0,0
HRC_MV,D,20150415,000000,25.42,25.42,25.42,25.42,0,0
HRC_MV,D,20150609,000000,25.33,25.33,25.33,25.33,0,0
HRC_MV,D,20150611,000000,25.33,25.33,25.33,25.33,0,0
HRC_MV,D,20150612,000000,25.33,25.33,25.33,25.33,0,0
HRC_MV,D,20150615,000000,25.33,25.33,25.33,25.33,0,0
HRC_MV,D,20150616,000000,25.33,25.33,25.33,25.33,0,0
HRC_MV,D,20150617,000000,25.33,25.33,25.33,25.33,0,0
HRC_MV,D,20150618,000000,25.33,25.33,25.33,25.33,0,0
HRC_MV,D,20150619,000000,25.33,25.33,25.33,25.33,0,0
HRC_MV,D,20150622,000000,25.33,25.33,25.33,25.33,0,0
HRC_MV,D,20150623,000000,25.33,25.33,25.33,25.33,0,0
HRC_MV,D,20150624,000000,25.33,25.33,25.33,25.33,0,0
HRC_MV,D,20150625,000000,25.33,25.33,25.33,25.33,0,0
HRC_MV,D,20150626,000000,25.33,25.33,25.33,25.33,0,0
HRC_MV,D,20150629,000000,25.33,25.33,25.33,25.33,0,0
HRC_MV,D,20150630,000000,25.33,25.33,25.33,25.33,0,0
HRC_MV,D,20150903,000000,24.31,24.31,24.31,24.31,0,0
HRC_MV,D,20150904,000000,24.31,24.31,24.31,24.31,0,0
HRC_MV,D,20150907,000000,24.31,24.31,24.31,24.31,0,0
HRC_MV,D,20150908,000000,24.31,24.31,24.31,24.31,0,0
HRC_MV,D,20150909,000000,24.31,24.31,24.31,24.31,0,0
HRC_MV,D,20150910,000000,24.31,24.31,24.31,24.31,0,0
HRC_MV,D,20150911,000000,24.31,24.31,24.31,24.31,0,0
HRC_MV,D,20150914,000000,24.31,24.31,24.31,24.31,0,0
HRC_MV,D,20150915,000000,24.31,24.31,24.31,24.31,0,0
HRC_MV,D,20150916,000000,24.31,24.31,24.31,24.31,0,0
HRC_MV,D,20150917,000000,24.31,24.31,24.31,24.31,0,0
HRC_MV,D,20150918,000000,24.31,24.31,24.31,24.31,0,0
HRC_MV,D,20150921,000000,24.31,24.31,24.31,24.31,0,0
HRC_MV,D,20150922,000000,24.31,24.31,24.31,24.31,0,0
HRC_MV,D,20150923,000000,24.31,24.31,24.31,24.31,0,0
HRC_MV,D,20150924,000000,24.31,24.31,24.31,24.31,0,0
HRC_MV,D,20150925,000000,24.31,24.31,24.31,24.31,0,0
HRC_MV,D,20150928,000000,24.31,24.31,24.31,24.31,0,0
HRC_MV,D,20150929,000000,24.31,24.31,24.31,24.31,0,0
HRC_MV,D,20150930,000000,24.31,24.31,24.31,24.31,0,0
HRC_MV,D,20151001,000000,24.31,24.31,24.31,24.31,0,0
HRC_MV,D,20151002,000000,24.31,24.31,24.31,24.31,0,0
HRC_MV,D,20151005,000000,24.31,24.31,24.31,24.31,0,0
HRC_MV,D,20151006,000000,24.31,24.31,24.31,24.31,0,0
HRC_MV,D,20151007,000000,24.31,24.31,24.31,24.31,0,0
HRC_MV,D,20151008,000000,24.31,24.31,24.31,24.31,0,0
HRC_MV,D,20151009,000000,24.31,24.31,24.31,24.31,0,0
HRC_MV,D,20151012,000000,24.31,24.31,24.31,24.31,0,0
HRC_MV,D,20151013,000000,24.31,24.31,24.31,24.31,0,0
HRC_MV,D,20151014,000000,24.31,24.31,24.31,24.31,0,0
HRC_MV,D,20151015,000000,24.31,24.31,24.31,24.31,0,0
HRC_MV,D,20151016,000000,24.31,24.31,24.31,24.31,0,0
HRC_MV,D,20151019,000000,24.31,24.31,24.31,24.31,0,0
HRC_MV,D,20151020,000000,24.31,24.31,24.31,24.31,0,0
HRC_MV,D,20151021,000000,24.31,24.31,24.31,24.31,0,0
HRC_MV,D,20151022,000000,24.31,24.31,24.31,24.31,0,0
HRC_MV,D,20151023,000000,24.31,24.31,24.31,24.31,0,0
HRC_MV,D,20151026,000000,24.31,24.31,24.31,24.31,0,0
HRC_MV,D,20151027,000000,24.31,24.31,24.31,24.31,0,0
HRC_MV,D,20151028,000000,24.31,24.31,24.31,24.31,0,0
HRC_MV,D,20151029,000000,24.31,24.31,24.31,24.31,0,0
HRC_MV,D,20151030,000000,24.31,24.31,24.31,24.31,0,0
HRC_MV,D,20151102,000000,24.31,24.31,24.31,24.31,0,0
HRC_MV,D,20151103,000000,24.31,24.31,24.31,24.31,0,0
HRC_MV,D,20160208,000000,23.8,23.8,23.29,23.29,0,0
HRC_MV,D,20160621,000000,22.53,22.53,22.1,22.1,0,0
HRC_MV,D,20160826,000000,21.68,21.68,21.68,21.68,0,0
HRC_MV,D,20161207,000000,22.1,22.1,22.1,22.1,0,0
HRC_MV,D,20170110,000000,22.1,22.1,22.1,22.1,0,0
HRC_MV,D,20170111,000000,22.1,22.1,22.1,22.1,0,0
HRC_MV,D,20170112,000000,22.1,22.1,22.1,22.1,0,0
HRC_MV,D,20170116,000000,22.1,22.1,22.1,22.1,0,0
HRC_MV,D,20170206,000000,22.27,22.27,22.27,22.27,0,0
HRC_MV,D,20170207,000000,22.53,22.78,22.53,22.78,0,0
HRC_MV,D,20170214,000000,22.53,22.53,22.53,22.53,0,0
HRC_MV,D,20170227,000000,22.1,22.1,22.1,22.1,0,0
HRC_MV,D,20170405,000000,21.68,21.68,21.51,21.51,0,0
HRC_MV,D,20170608,000000,21.25,21.25,21.25,21.25,0,0
HRC_MV,D,20170609,000000,21.25,21.25,21.25,21.25,0,0
HRC_MV,D,20170612,000000,21.25,21.25,21.25,21.25,0,0
HRC_MV,D,20170613,000000,21.25,21.25,21.25,21.25,0,0
HRC_MV,D,20170614,000000,21.25,21.25,21.25,21.25,0,0
HRC_MV,D,20170616,000000,21.25,21.25,21.25,21.25,0,0
HRC_MV,D,20170619,000000,21.25,21.25,21.25,21.25,0,0
HRC_MV,D,20170620,000000,21.25,21.25,21.25,21.25,0,0
HRC_MV,D,20170621,000000,21.25,21.25,21.25,21.25,0,0
HRC_MV,D,20170622,000000,21.25,21.25,21.25,21.25,0,0
HRC_MV,D,20170623,000000,21.25,21.25,21.25,21.25,0,0
HRC_MV,D,20170626,000000,21.25,21.25,21.25,21.25,0,0
HRC_MV,D,20170627,000000,21.25,21.25,21.25,21.25,0,0
HRC_MV,D,20170628,000000,21.25,21.25,21.25,21.25,0,0
HRC_MV,D,20170629,000000,21.25,21.25,21.25,21.25,0,0
HRC_MV,D,20170630,000000,20.83,21.42,20.83,21.42,0,0
HRC_MV,D,20170704,000000,20.32,20.32,20.32,20.32,0,0
HRC_MV,D,20170711,000000,20.4,20.4,20.4,20.4,0,0
HRC_MV,D,20170712,000000,20.4,20.4,20.4,20.4,0,0
HRC_MV,D,20170713,000000,20.4,20.4,20.4,20.4,0,0
HRC_MV,D,20170714,000000,20.4,20.4,20.4,20.4,0,0
HRC_MV,D,20170718,000000,20.4,20.4,20.4,20.4,0,0
HRC_MV,D,20170719,000000,20.4,20.4,20.4,20.4,0,0
HRC_MV,D,20170731,000000,20.4,20.4,20.32,20.32,0,0
HRC_MV,D,20170807,000000,20.06,20.66,20.06,20.66,0,0
HRC_MV,D,20170810,000000,20.74,20.83,20.74,20.83,0,0
HRC_MV,D,20170816,000000,20.74,20.83,20.74,20.83,0,0
HRC_MV,D,20170817,000000,20.74,20.83,20.74,20.83,0,0
HRC_MV,D,20170818,000000,19.98,19.98,18.53,18.53,0,0
HRC_MV,D,20170824,000000,19.47,19.55,19.47,19.55,0,0
HRC_MV,D,20170925,000000,19.55,19.55,19.55,19.55,0,0
HRC_MV,D,20180226,000000,20.57,20.57,20.57,20.57,0,0
HRC_MV,D,20180227,000000,20.57,20.57,20.57,20.57,0,0
HRC_MV,D,20180228,000000,20.57,20.57,20.57,20.57,0,0
HRC_MV,D,20180301,000000,20.57,20.57,20.57,20.57,0,0
HRC_MV,D,20180302,000000,20.57,20.57,20.57,20.57,0,0
HRC_MV,D,20180628,000000,20.57,20.57,20.57,20.57,0,0
HRC_MV,D,20180629,000000,20.57,20.57,20.57,20.57,0,0
HRC_MV,D,20180703,000000,20.57,20.57,20.57,20.57,0,0
HRC_MV,D,20180704,000000,20.57,20.57,20.57,20.57,0,0
HRC_MV,D,20180705,000000,20.57,20.57,20.57,20.57,0,0
HRC_MV,D,20180706,000000,20.57,20.57,20.57,20.57,0,0
HRC_MV,D,20180710,000000,20.57,20.57,20.57,20.57,0,0
HRC_MV,D,20180711,000000,20.57,20.57,20.57,20.57,0,0
HRC_MV,D,20180712,000000,20.57,20.57,20.57,20.57,0,0
HRC_MV,D,20180713,000000,20.57,20.57,20.57,20.57,0,0
HRC_MV,D,20180718,000000,20.57,20.57,20.57,20.57,0,0
HRC_MV,D,20180719,000000,20.57,20.57,20.57,20.57,0,0
HRC_MV,D,20180720,000000,20.57,20.57,20.57,20.57,0,0
HRC_MV,D,20180723,000000,20.57,20.57,20.57,20.57,0,0
HRC_MV,D,20180724,000000,20.57,20.57,20.57,20.57,0,0
HRC_MV,D,20180725,000000,20.57,20.57,20.57,20.57,0,0
HRC_MV,D,20180726,000000,20.57,20.57,20.57,20.57,0,0
HRC_MV,D,20180727,000000,20.57,20.57,20.57,20.57,0,0
HRC_MV,D,20180730,000000,20.57,20.57,20.57,20.57,0,0
HRC_MV,D,20180731,000000,20.57,20.57,20.57,20.57,0,0
HRC_MV,D,20180802,000000,20.57,20.57,20.57,20.57,0,0
HRC_MV,D,20180803,000000,20.57,20.57,20.57,20.57,0,0
HRC_MV,D,20180806,000000,20.57,20.57,20.57,20.57,0,0
HRC_MV,D,20180807,000000,20.57,20.57,20.57,20.57,0,0
HRC_MV,D,20180808,000000,20.57,20.57,20.57,20.57,0,0
HRC_MV,D,20180809,000000,20.57,20.57,20.57,20.57,0,0
HRC_MV,D,20180810,000000,20.57,20.57,20.57,20.57,0,0
HRC_MV,D,20180813,000000,20.57,20.57,20.57,20.57,0,0
HRC_MV,D,20180814,000000,20.57,20.57,20.57,20.57,0,0
HRC_MV,D,20180816,000000,20.57,20.57,20.57,20.57,0,0
HRC_MV,D,20180817,000000,20.57,20.57,20.57,20.57,0,0
HRC_MV,D,20180820,000000,20.57,20.57,20.57,20.57,0,0
HRC_MV,D,20180821,000000,20.57,20.57,20.57,20.57,0,0
HRC_MV,D,20180822,000000,20.57,20.57,20.57,20.57,0,0
HRC_MV,D,20180823,000000,20.57,20.57,20.57,20.57,0,0
HRC_MV,D,20180824,000000,20.57,20.57,20.57,20.57,0,0
HRC_MV,D,20180827,000000,20.57,20.57,20.57,20.57,0,0
HRC_MV,D,20180828,000000,20.57,20.57,20.57,20.57,0,0
HRC_MV,D,20180829,000000,20.57,20.57,20.57,20.57,0,0
HRC_MV,D,20180830,000000,20.57,20.57,20.57,20.57,0,0
HRC_MV,D,20180831,000000,20.57,20.57,20.57,20.57,0,0
HRC_MV,D,20180912,000000,21.25,21.93,20.4,20.4,0,0
HRC_MV,D,20180913,000000,22.1,22.1,22.1,22.1,0,0
HRC_MV,D,20180917,000000,22.95,22.95,22.95,22.95,0,0
HRC_MV,D,20180918,000000,22.95,22.95,22.95,22.95,0,0
HRC_MV,D,20180919,000000,23.8,23.8,23.8,23.8,0,0
HRC_MV,D,20180924,000000,23.8,24.65,23.8,24.65,0,0
HRC_MV,D,20180925,000000,24.65,25.5,24.65,25.5,0,0
HRC_MV,D,20180927,000000,26.35,28.05,26.35,28.05,0,0
HRC_MV,D,20181002,000000,28.9,31.45,28.9,31.45,0,0
HRC_MV,D,20181003,000000,32.3,32.3,32.3,32.3,0,0
HRC_MV,D,20181004,000000,32.3,32.3,32.3,32.3,0,0
HRC_MV,D,20181005,000000,32.3,32.3,32.3,32.3,0,0
HRC_MV,D,20181008,000000,32.3,32.3,32.3,32.3,0,0
HRC_MV,D,20181009,000000,32.3,34.34,32.3,34.34,0,0
HRC_MV,D,20181126,000000,33.15,33.15,33.15,33.15,0,0
HRC_MV,D,20181127,000000,33.15,33.15,33.15,33.15,0,0
HRC_MV,D,20181128,000000,33.15,33.15,33.15,33.15,0,0
HRC_MV,D,20181129,000000,33.15,33.15,33.15,33.15,0,0
HRC_MV,D,20181130,000000,33.15,33.15,33.15,33.15,0,0
HRC_MV,D,20181203,000000,33.15,33.15,33.15,33.15,0,0
HRC_MV,D,20181204,000000,33.15,33.15,33.15,33.15,0,0
HRC_MV,D,20181228,000000,33.15,34,33.15,34,0,0
HRC_MV,D,20190104,000000,34.85,34.85,34.85,34.85,0,0
HRC_MV,D,20190123,000000,37.4,37.4,37.4,37.4,0,0
HRC_MV,D,20190131,000000,38.25,51,38.25,51,0,0
HRC_MV,D,20190201,000000,51,61.2,51,61.2,0,0
HRC_MV,D,20190204,000000,68,76.5,68,76.5,0,0
HRC_MV,D,20190207,000000,93.5,112.2,93.5,112.2,0,0
HRC_MV,D,20190208,000000,110.5,110.5,110.5,110.5,0,0
HRC_MV,D,20190212,000000,132.6,132.6,132.6,132.6,0,0
HRC_MV,D,20190218,000000,132.6,132.6,132.6,132.6,0,0
HRC_MV,D,20190219,000000,162.35,162.35,162.35,162.35,0,0
HRC_MV,D,20190220,000000,178.5,178.5,178.5,178.5,0,0
HRC_MV,D,20190311,000000,210.8,212.5,210.8,212.5,0,0
HRC_MV,D,20190312,000000,212.5,212.5,212.5,212.5,0,0
HRC_MV,D,20190314,000000,212.5,212.5,212.5,212.5,0,0
HRC_MV,D,20190315,000000,212.5,212.5,212.5,212.5,0,0
HRC_MV,D,20190318,000000,212.5,212.5,212.5,212.5,0,0
HRC_MV,D,20190319,000000,212.5,212.5,212.5,212.5,0,0
HRC_MV,D,20190320,000000,212.5,212.5,212.5,212.5,0,0
HRC_MV,D,20190321,000000,212.5,212.5,212.5,212.5,0,0
HRC_MV,D,20190325,000000,212.5,212.5,212.5,212.5,0,0
HRC_MV,D,20190326,000000,212.5,212.5,212.5,212.5,0,0
HRC_MV,D,20190327,000000,212.5,212.5,212.5,212.5,0,0
HRC_MV,D,20190328,000000,212.5,212.5,212.5,212.5,0,0
HRC_MV,D,20190329,000000,212.5,212.5,212.5,212.5,0,0
HRC_MV,D,20190401,000000,212.5,212.5,212.5,212.5,0,0
HRC_MV,D,20190402,000000,212.5,212.5,212.5,212.5,0,0
HRC_MV,D,20190403,000000,212.5,212.5,212.5,212.5,0,0
HRC_MV,D,20190404,000000,212.5,212.5,212.5,212.5,0,0
HRC_MV,D,20190405,000000,212.5,212.5,212.5,212.5,0,0
HRC_MV,D,20190408,000000,212.5,212.5,212.5,212.5,0,0
HRC_MV,D,20191009,000000,212.5,212.5,212.5,212.5,0,0
HRC_MV,D,20191028,000000,227.8,227.8,227.8,227.8,0,0
HRC_MV,D,20191114,000000,212.5,212.5,212.5,212.5,0,0
HRC_MV,D,20191203,000000,221,221,221,221,0,0
HRC_MV,D,20200326,000000,221,221,221,221,0,0
HRC_MV,D,20200327,000000,205.7,205.7,180.2,180.2,0,0
HRC_MV,D,20200330,000000,150.45,150.45,150.45,150.45,0,0
HRC_MV,D,20200401,000000,140.25,140.25,140.25,140.25,0,0
HRC_MV,D,20200605,000000,110.5,110.5,110.5,110.5,0,0
HRC_MV,D,20200608,000000,102.85,102.85,76.5,76.5,0,0
HRC_MV,D,20200615,000000,76.5,76.5,71.4,71.4,0,0
HRC_MV,D,20200616,000000,69.7,69.7,65.03,65.03,0,0
HRC_MV,D,20200617,000000,63.75,63.75,63.75,63.75,0,0
HRC_MV,D,20200618,000000,76.5,76.5,59.08,59.08,0,0
HRC_MV,D,20200619,000000,59.08,59.08,59.08,59.08,0,0
HRC_MV,D,20200623,000000,59.5,59.5,51,51.85,0,0
HRC_MV,D,20200624,000000,51.85,51.85,42.5,42.5,0,0
HRC_MV,D,20200625,000000,45.05,45.05,36.55,39.1,0,0
HRC_MV,D,20200626,000000,34,43.35,34,42.5,0,0
HRC_MV,D,20200629,000000,42.5,43.35,34,35.87,0,0
HRC_MV,D,20200630,000000,35.87,35.87,28.9,30.26,0,0
HRC_MV,D,20200701,000000,33.15,33.15,28.05,28.05,0,0
HRC_MV,D,20200702,000000,26.18,29.92,25.5,29.92,0,0
HRC_MV,D,20200703,000000,34,40.8,34,39.95,0,0
HRC_MV,D,20200706,000000,37.23,37.23,37.23,37.23,0,0
HRC_MV,D,20200707,000000,37.4,37.4,37.4,37.4,0,0
HRC_MV,D,20200708,000000,37.4,37.4,37.4,37.4,0,0
HRC_MV,D,20200709,000000,37.4,37.4,34,37.4,0,0
HRC_MV,D,20200710,000000,37.4,37.4,37.4,37.4,0,0
HRC_MV,D,20200713,000000,37.4,37.4,37.4,37.4,0,0
HRC_MV,D,20200715,000000,37.23,37.23,37.23,37.23,0,0
HRC_MV,D,20200716,000000,37.23,37.23,37.23,37.23,0,0
HRC_MV,D,20200717,000000,37.4,37.4,37.4,37.4,0,0
HRC_MV,D,20200720,000000,37.4,37.4,37.4,37.4,0,0
HRC_MV,D,20200721,000000,37.4,37.4,37.4,37.4,0,0
HRC_MV,D,20200722,000000,37.4,37.4,37.4,37.4,0,0
HRC_MV,D,20200724,000000,35.7,35.7,28.56,29.75,0,0
HRC_MV,D,20200727,000000,33.15,33.15,29.75,33.15,0,0
HRC_MV,D,20200728,000000,28.9,30.43,27.54,30.43,0,0
HRC_MV,D,20200730,000000,32.13,32.13,32.13,32.13,0,0
HRC_MV,D,20200731,000000,31.79,31.79,31.79,31.79,0,0
HRC_MV,D,20200803,000000,26.18,30.6,22.1,30.6,0,0
HRC_MV,D,20200804,000000,34,40.8,34,40.8,0,0
HRC_MV,D,20200805,000000,48.45,57.8,48.45,56.1,0,0
HRC_MV,D,20200806,000000,65.45,78.2,65.45,75.23,0,0
HRC_MV,D,20200807,000000,85,85,71.4,82.88,0,0
HRC_MV,D,20200810,000000,85,93.5,85,93.5,0,0
HRC_MV,D,20200811,000000,95.2,110.5,95.2,110.5,0,0
HRC_MV,D,20200812,000000,113.9,127.5,113.9,127.5,0,0
HRC_MV,D,20200813,000000,127.5,144.5,127.5,144.5,0,0
HRC_MV,D,20200814,000000,144.5,144.5,144.5,144.5,0,0
HRC_MV,D,20200817,000000,143.65,158.95,131.75,158.95,0,0
HRC_MV,D,20200819,000000,144.5,144.5,139.4,144.5,0,0
HRC_MV,D,20200820,000000,136,136,135.15,136,0,0
HRC_MV,D,20200821,000000,153,153,151.3,153,0,0
HRC_MV,D,20200824,000000,156.4,170,156.4,159.8,0,0
HRC_MV,D,20200825,000000,152.15,157.25,127.5,157.25,0,0
HRC_MV,D,20200826,000000,127.5,153,127.5,153,0,0
HRC_MV,D,20200827,000000,123.25,147.05,119,119,0,0
HRC_MV,D,20200828,000000,119,119,119,119,0,0
HRC_MV,D,20200831,000000,110.5,110.5,102,102,0,0
HRC_MV,D,20200901,000000,122.4,122.4,122.4,122.4,0,0
HRC_MV,D,20200903,000000,135.15,136,135.15,136,0,0
HRC_MV,D,20200907,000000,147.05,147.05,147.05,147.05,0,0
HRC_MV,D,20200909,000000,123.25,123.25,100.3,110.5,0,0
HRC_MV,D,20200910,000000,109.65,109.65,95.2,95.2,0,0
HRC_MV,D,20200911,000000,93.5,93.5,74.8,77.35,0,0
HRC_MV,D,20200914,000000,80.75,96.9,76.5,76.5,0,0
HRC_MV,D,20200915,000000,81.6,85.85,76.5,85,0,0
HRC_MV,D,20200916,000000,93.5,102,76.93,93.5,0,0
HRC_MV,D,20200917,000000,89.25,89.25,71.4,85,0,0
HRC_MV,D,20200918,000000,85.85,85.85,68.85,68.85,0,0
HRC_MV,D,20200921,000000,76.5,76.5,70.55,73.1,0,0
HRC_MV,D,20200922,000000,82.45,82.45,53.13,53.13,0,0
HRC_MV,D,20200923,000000,59.5,69.28,51,54.4,0,0
HRC_MV,D,20200924,000000,62.9,69.28,55.25,61.63,0,0
HRC_MV,D,20200925,000000,56.95,59.5,52.7,55.25,0,0
HRC_MV,D,20200928,000000,64.6,64.6,53.55,53.98,0,0
HRC_MV,D,20200929,000000,58.65,59.5,48.45,51,0,0
HRC_MV,D,20200930,000000,51,54.4,49.3,51,0,0
HRC_MV,D,20201001,000000,51,51,47.6,50.58,0,0
HRC_MV,D,20201002,000000,47.6,50.15,43.35,47.6,0,0
HRC_MV,D,20201005,000000,47.6,59.5,47.6,51,0,0
HRC_MV,D,20201006,000000,57.8,69.28,57.8,60.78,0,0
HRC_MV,D,20201007,000000,65.88,79.05,65.88,79.05,0,0
HRC_MV,D,20201008,000000,84.15,119,84.15,119,0,0
HRC_MV,D,20201009,000000,138.55,144.5,113.05,115.6,0,0
HRC_MV,D,20201012,000000,116.45,127.5,116.45,123.25,0,0
HRC_MV,D,20201013,000000,134.3,178.5,134.3,178.5,0,0
HRC_MV,D,20201014,000000,59.5,100.3,56.1,56.1,0,0
HRC_MV,D,20201015,000000,51,51,32.64,33.83,0,0
HRC_MV,D,20201016,000000,33.15,39.1,33.15,37.74,0,0
