<TICKER>,<PER>,<DATE>,<TIME>,<OPEN>,<HIGH>,<LOW>,<CLOSE>,<VOL>,<OPENINT>
INM_MV,D,20130325,000000,6.68,6.68,6.68,6.68,0,0
INM_MV,D,20130326,000000,8.01,8.81,5.16,5.16,0,0
INM_MV,D,20130327,000000,5.47,6.01,4.45,4.45,0,0
INM_MV,D,20130328,000000,4.49,5.12,4.49,5.12,0,0
INM_MV,D,20130402,000000,5.25,6.68,5.25,6.68,0,0
INM_MV,D,20130403,000000,7.25,7.48,5.79,5.79,0,0
INM_MV,D,20130404,000000,6.27,6.27,4.58,4.58,0,0
INM_MV,D,20130405,000000,4.36,4.72,4.32,4.72,0,0
INM_MV,D,20130408,000000,4.63,4.85,4.27,4.27,0,0
INM_MV,D,20130409,000000,4.27,4.32,4.18,4.18,0,0
INM_MV,D,20130410,000000,4.05,4.18,3.56,3.92,0,0
INM_MV,D,20130411,000000,3.6,4.09,3.52,3.6,0,0
INM_MV,D,20130412,000000,3.6,4.32,3.52,4.32,0,0
INM_MV,D,20130415,000000,3.78,4.45,3.78,4.45,0,0
INM_MV,D,20130417,000000,4.36,4.36,3.92,3.92,0,0
INM_MV,D,20130418,000000,3.92,3.92,3.16,3.16,0,0
INM_MV,D,20130419,000000,3.16,3.16,2.85,2.94,0,0
INM_MV,D,20130422,000000,3.07,3.34,3.07,3.07,0,0
INM_MV,D,20130423,000000,3.07,3.43,3.07,3.43,0,0
INM_MV,D,20130424,000000,3.34,3.47,3.25,3.47,0,0
INM_MV,D,20130425,000000,3.38,3.38,3.2,3.2,0,0
INM_MV,D,20130426,000000,3.16,3.16,3.16,3.16,0,0
INM_MV,D,20130429,000000,3.16,3.16,2.98,2.98,0,0
INM_MV,D,20130430,000000,2.98,3.07,2.98,3.07,0,0
INM_MV,D,20130502,000000,2.98,2.98,2.98,2.98,0,0
INM_MV,D,20130506,000000,3.03,3.03,2.98,2.98,0,0
INM_MV,D,20130507,000000,3.03,3.03,2.71,2.85,0,0
INM_MV,D,20130508,000000,2.76,3.12,2.76,3.12,0,0
INM_MV,D,20130509,000000,3.16,3.43,3.16,3.43,0,0
INM_MV,D,20130510,000000,3.43,4.09,3.43,3.96,0,0
INM_MV,D,20130513,000000,4.45,5.34,4.45,4.81,0,0
INM_MV,D,20130514,000000,4.63,4.63,3.96,4.32,0,0
INM_MV,D,20130515,000000,4.27,4.27,3.65,3.78,0,0
INM_MV,D,20130516,000000,3.92,3.92,3.47,3.69,0,0
INM_MV,D,20130517,000000,3.56,3.56,3.52,3.56,0,0
INM_MV,D,20130520,000000,3.56,4.09,3.34,4.09,0,0
INM_MV,D,20130521,000000,3.34,3.34,3.34,3.34,0,0
INM_MV,D,20130522,000000,3.34,3.34,3.34,3.34,0,0
INM_MV,D,20130523,000000,3.25,3.25,3.07,3.07,0,0
INM_MV,D,20130524,000000,2.85,3.38,2.85,3.38,0,0
INM_MV,D,20130527,000000,3.38,3.38,3.12,3.12,0,0
INM_MV,D,20130528,000000,3.12,3.69,3.12,3.38,0,0
INM_MV,D,20130529,000000,3.6,3.6,3.6,3.6,0,0
INM_MV,D,20130531,000000,3.6,3.96,3.6,3.96,0,0
INM_MV,D,20130603,000000,3.96,4.63,3.96,4.63,0,0
INM_MV,D,20130604,000000,4.63,4.63,3.74,4.14,0,0
INM_MV,D,20130605,000000,3.69,4.05,3.69,4.05,0,0
INM_MV,D,20130606,000000,3.74,3.78,3.56,3.69,0,0
INM_MV,D,20130607,000000,3.65,3.87,3.65,3.87,0,0
INM_MV,D,20130610,000000,3.87,3.87,3.87,3.87,0,0
INM_MV,D,20130611,000000,3.87,3.87,3.52,3.52,0,0
INM_MV,D,20130613,000000,3.52,3.52,3.52,3.52,0,0
INM_MV,D,20130614,000000,3.52,3.65,3.43,3.65,0,0
INM_MV,D,20130617,000000,3.43,3.52,3.43,3.52,0,0
INM_MV,D,20130618,000000,3.34,3.34,3.25,3.25,0,0
INM_MV,D,20130619,000000,3.25,3.25,3.25,3.25,0,0
INM_MV,D,20130624,000000,3.12,3.34,3.12,3.34,0,0
INM_MV,D,20130625,000000,3.2,3.2,3.2,3.2,0,0
INM_MV,D,20130626,000000,3.16,3.16,3.07,3.07,0,0
INM_MV,D,20130627,000000,3.16,3.16,3.07,3.07,0,0
INM_MV,D,20130701,000000,3.07,3.29,3.07,3.29,0,0
INM_MV,D,20130702,000000,3.12,3.12,2.8,3.12,0,0
INM_MV,D,20130709,000000,2.89,2.94,2.54,2.67,0,0
INM_MV,D,20130710,000000,2.4,2.58,2.4,2.58,0,0
INM_MV,D,20130711,000000,2.58,3.65,2.58,3.65,0,0
INM_MV,D,20130712,000000,3.6,3.78,3.2,3.78,0,0
INM_MV,D,20130715,000000,3.78,3.78,3.34,3.47,0,0
INM_MV,D,20130716,000000,3.2,3.2,2.71,2.89,0,0
INM_MV,D,20130717,000000,2.8,2.89,2.71,2.89,0,0
INM_MV,D,20130719,000000,3.07,3.07,3.07,3.07,0,0
INM_MV,D,20130722,000000,3.12,3.12,3.12,3.12,0,0
INM_MV,D,20130723,000000,2.98,3.12,2.98,2.98,0,0
INM_MV,D,20130725,000000,3.12,3.12,3.12,3.12,0,0
INM_MV,D,20130726,000000,3.12,3.12,3.12,3.12,0,0
INM_MV,D,20130729,000000,3.12,3.12,3.12,3.12,0,0
INM_MV,D,20130730,000000,3.12,3.12,2.67,2.67,0,0
INM_MV,D,20130731,000000,2.58,2.76,2.45,2.45,0,0
INM_MV,D,20130801,000000,2.45,2.94,2.45,2.63,0,0
INM_MV,D,20130802,000000,2.54,2.54,2.54,2.54,0,0
INM_MV,D,20130805,000000,2.54,2.89,2.54,2.76,0,0
INM_MV,D,20130808,000000,2.94,3.29,2.94,3.29,0,0
INM_MV,D,20130809,000000,3.2,3.2,3.2,3.2,0,0
INM_MV,D,20130812,000000,3.03,3.07,2.58,2.85,0,0
INM_MV,D,20130813,000000,2.85,2.85,2.85,2.85,0,0
INM_MV,D,20130814,000000,2.58,2.85,2.36,2.85,0,0
INM_MV,D,20130816,000000,2.85,2.85,2.85,2.85,0,0
INM_MV,D,20130819,000000,2.85,2.85,2.85,2.85,0,0
INM_MV,D,20130820,000000,2.85,2.85,2.85,2.85,0,0
INM_MV,D,20130821,000000,2.85,2.85,2.85,2.85,0,0
INM_MV,D,20130822,000000,2.85,3.38,2.85,3.12,0,0
INM_MV,D,20130826,000000,3.12,3.74,3.12,3.6,0,0
INM_MV,D,20130827,000000,3.6,3.83,3.6,3.83,0,0
INM_MV,D,20130828,000000,3.6,3.83,3.47,3.83,0,0
INM_MV,D,20130830,000000,3.83,4.05,3.83,4.05,0,0
INM_MV,D,20130902,000000,4.01,4.01,4.01,4.01,0,0
INM_MV,D,20130903,000000,4.01,4.01,3.38,3.6,0,0
INM_MV,D,20130905,000000,3.43,3.43,3.2,3.2,0,0
INM_MV,D,20130906,000000,3.12,3.12,2,2.23,0,0
INM_MV,D,20130910,000000,2.23,2.49,2.14,2.49,0,0
INM_MV,D,20130911,000000,2.49,2.98,2.23,2.67,0,0
INM_MV,D,20130912,000000,2.71,2.94,2.71,2.85,0,0
INM_MV,D,20130913,000000,2.98,2.98,2.89,2.89,0,0
INM_MV,D,20130916,000000,2.76,2.76,2.27,2.58,0,0
INM_MV,D,20130917,000000,2.45,2.58,2.23,2.58,0,0
INM_MV,D,20130918,000000,2.58,2.58,2.58,2.58,0,0
INM_MV,D,20130919,000000,2.58,2.58,2.09,2.58,0,0
INM_MV,D,20130920,000000,2.58,2.58,2.58,2.58,0,0
INM_MV,D,20130923,000000,2.58,2.58,2.58,2.58,0,0
INM_MV,D,20130924,000000,2.58,2.58,2.09,2.09,0,0
INM_MV,D,20130925,000000,2.09,2.09,1.91,2,0,0
INM_MV,D,20130926,000000,2.09,2.09,2.09,2.09,0,0
INM_MV,D,20130930,000000,2.09,2.09,2.09,2.09,0,0
INM_MV,D,20131001,000000,2.09,2.09,2.09,2.09,0,0
INM_MV,D,20131002,000000,2.05,2.05,2.05,2.05,0,0
INM_MV,D,20131003,000000,2.05,2.05,1.65,1.65,0,0
INM_MV,D,20131004,000000,1.78,1.78,1.78,1.78,0,0
INM_MV,D,20131008,000000,1.74,1.74,1.56,1.69,0,0
INM_MV,D,20131014,000000,1.69,1.69,1.69,1.69,0,0
INM_MV,D,20131016,000000,1.69,1.82,1.69,1.82,0,0
INM_MV,D,20131017,000000,1.78,1.87,1.78,1.87,0,0
INM_MV,D,20131018,000000,1.78,2.05,1.69,1.78,0,0
INM_MV,D,20131021,000000,2,2.31,1.78,2.23,0,0
INM_MV,D,20131022,000000,2.23,2.76,2.23,2.45,0,0
INM_MV,D,20131023,000000,2.4,2.4,2.09,2.09,0,0
INM_MV,D,20131024,000000,1.87,1.87,1.78,1.82,0,0
INM_MV,D,20131025,000000,1.78,1.82,1.78,1.82,0,0
INM_MV,D,20131028,000000,1.96,2.31,1.82,1.96,0,0
INM_MV,D,20131029,000000,1.96,1.96,1.65,1.69,0,0
INM_MV,D,20131030,000000,1.74,1.82,1.74,1.78,0,0
INM_MV,D,20131031,000000,1.82,1.82,1.82,1.82,0,0
INM_MV,D,20131104,000000,1.82,1.82,1.6,1.6,0,0
INM_MV,D,20131105,000000,1.6,1.74,1.6,1.74,0,0
INM_MV,D,20131106,000000,1.74,1.74,1.74,1.74,0,0
INM_MV,D,20131107,000000,1.69,1.69,1.51,1.51,0,0
INM_MV,D,20131108,000000,1.56,1.56,1.56,1.56,0,0
INM_MV,D,20131112,000000,1.51,1.51,1.51,1.51,0,0
INM_MV,D,20131113,000000,1.47,1.51,1.34,1.51,0,0
INM_MV,D,20131114,000000,1.56,1.74,1.56,1.6,0,0
INM_MV,D,20131118,000000,1.69,1.69,1.69,1.69,0,0
INM_MV,D,20131119,000000,1.74,1.74,1.42,1.42,0,0
INM_MV,D,20131120,000000,1.42,1.42,1.34,1.42,0,0
INM_MV,D,20131121,000000,1.42,1.42,1.42,1.42,0,0
INM_MV,D,20131122,000000,1.42,1.65,1.42,1.6,0,0
INM_MV,D,20131125,000000,1.65,2.23,1.65,1.91,0,0
INM_MV,D,20131126,000000,2.09,2.23,2,2.05,0,0
INM_MV,D,20131127,000000,2.14,2.14,1.47,1.91,0,0
INM_MV,D,20131128,000000,1.91,1.91,1.56,1.69,0,0
INM_MV,D,20131129,000000,1.78,1.82,1.65,1.78,0,0
INM_MV,D,20131202,000000,1.78,1.78,1.78,1.78,0,0
INM_MV,D,20131203,000000,1.78,1.87,1.78,1.82,0,0
INM_MV,D,20131204,000000,1.82,1.82,1.78,1.78,0,0
INM_MV,D,20131205,000000,1.78,1.78,1.78,1.78,0,0
INM_MV,D,20131206,000000,1.78,1.78,1.56,1.69,0,0
INM_MV,D,20131209,000000,1.74,1.74,1.56,1.69,0,0
INM_MV,D,20131210,000000,1.69,2.18,1.69,2.09,0,0
INM_MV,D,20131211,000000,2.09,2.09,1.74,1.74,0,0
INM_MV,D,20131212,000000,1.74,1.74,1.65,1.65,0,0
INM_MV,D,20131213,000000,1.65,1.96,1.65,1.87,0,0
INM_MV,D,20131216,000000,1.82,1.91,1.69,1.91,0,0
INM_MV,D,20131217,000000,1.91,1.91,1.69,1.87,0,0
INM_MV,D,20131218,000000,1.87,1.87,1.69,1.69,0,0
INM_MV,D,20131219,000000,1.69,1.82,1.69,1.82,0,0
INM_MV,D,20131220,000000,1.87,2.09,1.87,1.96,0,0
INM_MV,D,20131223,000000,2.05,2.09,1.91,2.09,0,0
INM_MV,D,20131227,000000,2.14,3.03,2.14,3.03,0,0
INM_MV,D,20131230,000000,3.03,3.03,2.27,2.27,0,0
INM_MV,D,20140102,000000,2.4,2.45,2.18,2.4,0,0
INM_MV,D,20140103,000000,2.4,2.4,2.05,2.18,0,0
INM_MV,D,20140107,000000,2.09,2.23,2,2,0,0
INM_MV,D,20140108,000000,2.05,2.45,2,2.23,0,0
INM_MV,D,20140109,000000,2.23,2.36,2.18,2.18,0,0
INM_MV,D,20140110,000000,2.36,2.36,2.36,2.36,0,0
INM_MV,D,20140113,000000,2.4,2.4,2.05,2.36,0,0
INM_MV,D,20140114,000000,2.36,2.36,2.09,2.14,0,0
INM_MV,D,20140115,000000,2.14,2.14,2.09,2.09,0,0
INM_MV,D,20140116,000000,2.18,2.18,2.14,2.14,0,0
INM_MV,D,20140117,000000,2.14,2.27,2.14,2.27,0,0
INM_MV,D,20140120,000000,2.27,2.94,2.27,2.45,0,0
INM_MV,D,20140121,000000,2.85,2.94,2.45,2.54,0,0
INM_MV,D,20140122,000000,2.54,2.54,2.36,2.36,0,0
INM_MV,D,20140123,000000,2.36,2.4,2.36,2.4,0,0
INM_MV,D,20140124,000000,2.4,2.45,2.27,2.27,0,0
INM_MV,D,20140127,000000,2.23,2.23,2.18,2.18,0,0
INM_MV,D,20140128,000000,2.23,2.67,2.18,2.54,0,0
INM_MV,D,20140129,000000,2.58,3.43,2.58,3.16,0,0
INM_MV,D,20140130,000000,3.34,3.6,3.29,3.43,0,0
INM_MV,D,20140131,000000,3.43,3.69,3.43,3.69,0,0
INM_MV,D,20140203,000000,3.69,3.78,3.47,3.74,0,0
INM_MV,D,20140204,000000,3.74,3.78,3.29,3.78,0,0
INM_MV,D,20140205,000000,3.83,4.18,3.83,4.18,0,0
INM_MV,D,20140206,000000,4.18,4.18,3.87,4.14,0,0
INM_MV,D,20140207,000000,4.01,4.23,3.92,4.23,0,0
INM_MV,D,20140210,000000,4.09,4.72,3.92,4.72,0,0
INM_MV,D,20140211,000000,4.72,4.76,4.49,4.76,0,0
INM_MV,D,20140212,000000,4.63,4.76,4.49,4.49,0,0
INM_MV,D,20140213,000000,4.49,4.72,4.49,4.72,0,0
INM_MV,D,20140214,000000,5.56,5.74,5.47,5.7,0,0
INM_MV,D,20140217,000000,5.61,5.79,5.47,5.61,0,0
INM_MV,D,20140218,000000,5.61,5.61,4.98,4.98,0,0
INM_MV,D,20140219,000000,4.9,5.43,4.76,5.3,0,0
INM_MV,D,20140220,000000,5.16,5.25,4.9,4.9,0,0
INM_MV,D,20140221,000000,4.9,5.34,4.67,5.34,0,0
INM_MV,D,20140224,000000,5.34,5.34,4.76,5.07,0,0
INM_MV,D,20140225,000000,4.94,4.94,4.54,4.54,0,0
INM_MV,D,20140226,000000,4.49,4.63,4.49,4.63,0,0
INM_MV,D,20140227,000000,4.54,4.54,4.01,4.01,0,0
INM_MV,D,20140228,000000,3.6,3.96,3.6,3.96,0,0
INM_MV,D,20140303,000000,3.74,3.74,3.29,3.6,0,0
INM_MV,D,20140304,000000,3.6,3.83,3.56,3.83,0,0
INM_MV,D,20140305,000000,3.83,3.92,3.83,3.92,0,0
INM_MV,D,20140306,000000,3.96,3.96,3.83,3.83,0,0
INM_MV,D,20140307,000000,3.69,3.69,3.56,3.69,0,0
INM_MV,D,20140310,000000,3.69,3.69,3.56,3.56,0,0
INM_MV,D,20140312,000000,3.74,3.74,3.25,3.25,0,0
INM_MV,D,20140313,000000,3.16,3.16,3.16,3.16,0,0
INM_MV,D,20140314,000000,3.25,3.69,3.25,3.69,0,0
INM_MV,D,20140317,000000,3.69,3.69,3.2,3.69,0,0
INM_MV,D,20140318,000000,3.2,3.34,3.03,3.34,0,0
INM_MV,D,20140319,000000,2.8,3.2,2.67,3.2,0,0
INM_MV,D,20140320,000000,3.2,3.2,3.2,3.2,0,0
INM_MV,D,20140321,000000,3.07,3.07,2.71,2.71,0,0
INM_MV,D,20140324,000000,2.71,2.71,2.71,2.71,0,0
INM_MV,D,20140325,000000,2.89,3.12,2.89,2.89,0,0
INM_MV,D,20140326,000000,2.8,2.8,2.58,2.58,0,0
INM_MV,D,20140327,000000,2.67,2.67,2.58,2.58,0,0
INM_MV,D,20140328,000000,2.49,2.49,2.49,2.49,0,0
INM_MV,D,20140331,000000,2.49,2.49,2.49,2.49,0,0
INM_MV,D,20140401,000000,2.49,2.63,2.49,2.63,0,0
INM_MV,D,20140402,000000,2.67,2.94,2.67,2.94,0,0
INM_MV,D,20140403,000000,2.98,3.56,2.98,3.56,0,0
INM_MV,D,20140404,000000,3.92,4.45,3.69,3.69,0,0
INM_MV,D,20140407,000000,3.74,3.78,3.74,3.74,0,0
INM_MV,D,20140408,000000,3.74,3.74,3.74,3.74,0,0
INM_MV,D,20140409,000000,3.74,3.74,3.69,3.69,0,0
INM_MV,D,20140410,000000,3.83,3.83,3.83,3.83,0,0
INM_MV,D,20140411,000000,3.83,3.83,3.16,3.69,0,0
INM_MV,D,20140414,000000,3.34,3.34,3.2,3.2,0,0
INM_MV,D,20140415,000000,3.16,3.2,2.94,3.2,0,0
INM_MV,D,20140416,000000,3.2,3.2,3.2,3.2,0,0
INM_MV,D,20140417,000000,3.2,3.65,2.89,2.89,0,0
INM_MV,D,20140422,000000,3.34,3.47,3.03,3.03,0,0
INM_MV,D,20140423,000000,3.03,3.03,2.8,2.8,0,0
INM_MV,D,20140424,000000,2.76,2.76,2.76,2.76,0,0
INM_MV,D,20140425,000000,2.76,2.76,2.76,2.76,0,0
INM_MV,D,20140428,000000,2.76,2.76,2.76,2.76,0,0
INM_MV,D,20140430,000000,2.8,2.98,2.8,2.98,0,0
INM_MV,D,20140502,000000,2.85,2.85,2.67,2.8,0,0
INM_MV,D,20140505,000000,2.76,3.03,2.76,3.03,0,0
INM_MV,D,20140506,000000,3.03,3.03,3.03,3.03,0,0
INM_MV,D,20140507,000000,3.03,3.03,3.03,3.03,0,0
INM_MV,D,20140508,000000,3.03,3.03,3.03,3.03,0,0
INM_MV,D,20140509,000000,3.03,3.03,2.98,2.98,0,0
INM_MV,D,20140514,000000,2.67,2.98,2.67,2.98,0,0
INM_MV,D,20140515,000000,2.63,2.94,2.63,2.94,0,0
INM_MV,D,20140516,000000,3.2,3.83,3.2,3.83,0,0
INM_MV,D,20140519,000000,3.83,3.83,3.83,3.83,0,0
INM_MV,D,20140520,000000,3.83,3.83,3.56,3.56,0,0
INM_MV,D,20140522,000000,3.65,3.74,3.65,3.74,0,0
INM_MV,D,20140523,000000,3.74,3.74,3.47,3.47,0,0
INM_MV,D,20140526,000000,3.74,3.74,3.38,3.38,0,0
INM_MV,D,20140527,000000,3.65,3.65,3.65,3.65,0,0
INM_MV,D,20140529,000000,3.65,3.65,3.65,3.65,0,0
INM_MV,D,20140602,000000,3.74,3.74,3.74,3.74,0,0
INM_MV,D,20140603,000000,3.74,3.74,3.56,3.56,0,0
INM_MV,D,20140604,000000,3.74,4.45,3.38,4.45,0,0
INM_MV,D,20140605,000000,4.54,4.85,4.45,4.45,0,0
INM_MV,D,20140606,000000,4.49,4.85,4.45,4.45,0,0
INM_MV,D,20140609,000000,4.41,4.41,4.41,4.41,0,0
INM_MV,D,20140610,000000,4.45,4.45,4.45,4.45,0,0
INM_MV,D,20140611,000000,4.54,4.85,4.54,4.85,0,0
INM_MV,D,20140612,000000,4.85,4.9,4.49,4.85,0,0
INM_MV,D,20140613,000000,4.81,4.85,4.63,4.85,0,0
INM_MV,D,20140616,000000,4.9,5.38,4.9,5.38,0,0
INM_MV,D,20140617,000000,5.47,6.32,5.47,6.27,0,0
INM_MV,D,20140618,000000,6.27,6.45,5.56,5.56,0,0
INM_MV,D,20140620,000000,5.79,6.27,5.61,6.23,0,0
INM_MV,D,20140623,000000,6.23,6.41,5.87,6.19,0,0
INM_MV,D,20140624,000000,6.19,6.19,5.79,6.19,0,0
INM_MV,D,20140625,000000,6.19,6.27,5.96,6.27,0,0
INM_MV,D,20140626,000000,6.27,6.41,6.27,6.41,0,0
INM_MV,D,20140627,000000,6.27,6.27,6.23,6.27,0,0
INM_MV,D,20140630,000000,6.32,6.32,5.79,6.23,0,0
INM_MV,D,20140701,000000,6.23,6.23,5.79,5.79,0,0
INM_MV,D,20140702,000000,6.23,6.63,5.79,6.63,0,0
INM_MV,D,20140703,000000,6.5,6.94,6.5,6.9,0,0
INM_MV,D,20140704,000000,6.9,7.08,6.81,7.08,0,0
INM_MV,D,20140707,000000,7.08,7.08,6.9,7.03,0,0
INM_MV,D,20140708,000000,6.9,6.9,5.47,5.47,0,0
INM_MV,D,20140709,000000,5.47,5.7,5.25,5.38,0,0
INM_MV,D,20140710,000000,5.79,6.19,5.79,5.96,0,0
INM_MV,D,20140711,000000,6.05,6.05,5.56,5.56,0,0
INM_MV,D,20140714,000000,5.47,5.47,5.38,5.38,0,0
INM_MV,D,20140715,000000,5.38,5.38,5.38,5.38,0,0
INM_MV,D,20140716,000000,5.34,5.34,5.12,5.12,0,0
INM_MV,D,20140717,000000,5.12,6.19,5.12,6.19,0,0
INM_MV,D,20140718,000000,6.19,6.23,6.14,6.23,0,0
INM_MV,D,20140721,000000,6.23,6.23,6.23,6.23,0,0
INM_MV,D,20140722,000000,6.27,6.27,6.27,6.27,0,0
INM_MV,D,20140723,000000,6.27,6.27,5.87,5.87,0,0
INM_MV,D,20140725,000000,5.87,5.87,5.87,5.87,0,0
INM_MV,D,20140730,000000,5.7,5.7,5.34,5.34,0,0
INM_MV,D,20140801,000000,5.38,6.23,5.38,6.23,0,0
INM_MV,D,20140804,000000,6.23,6.23,6.01,6.01,0,0
INM_MV,D,20140805,000000,6.01,6.01,5.61,5.61,0,0
INM_MV,D,20140807,000000,5.43,5.43,4.54,4.9,0,0
INM_MV,D,20140808,000000,5.34,5.34,5.34,5.34,0,0
INM_MV,D,20140811,000000,5.38,5.38,5.34,5.34,0,0
INM_MV,D,20140812,000000,5.34,5.34,5.34,5.34,0,0
INM_MV,D,20140813,000000,5.34,5.34,5.34,5.34,0,0
INM_MV,D,20140814,000000,5.34,6.59,5.34,6.14,0,0
INM_MV,D,20140818,000000,6.1,6.1,5.7,5.7,0,0
INM_MV,D,20140819,000000,5.3,5.87,5.3,5.87,0,0
INM_MV,D,20140820,000000,5.3,6.14,5.25,6.14,0,0
INM_MV,D,20140821,000000,6.05,6.05,4.98,5.34,0,0
INM_MV,D,20140822,000000,5.12,5.34,5.03,5.34,0,0
INM_MV,D,20140825,000000,5.07,5.07,5.07,5.07,0,0
INM_MV,D,20140826,000000,5.07,5.12,5.07,5.07,0,0
INM_MV,D,20140827,000000,4.9,5.07,4.9,5.07,0,0
INM_MV,D,20140828,000000,5.47,5.47,5.47,5.47,0,0
INM_MV,D,20140829,000000,5.47,5.47,4.9,4.9,0,0
INM_MV,D,20140901,000000,4.81,5.03,4.76,4.76,0,0
INM_MV,D,20140902,000000,4.76,4.76,4.76,4.76,0,0
INM_MV,D,20140903,000000,4.81,5.43,4.81,5.43,0,0
INM_MV,D,20140904,000000,5.56,5.56,5.56,5.56,0,0
INM_MV,D,20140905,000000,5.34,5.34,5.34,5.34,0,0
INM_MV,D,20140908,000000,5.56,5.56,5.56,5.56,0,0
INM_MV,D,20140909,000000,5.56,5.56,5.56,5.56,0,0
INM_MV,D,20140910,000000,5.52,5.52,5.52,5.52,0,0
INM_MV,D,20140911,000000,5.43,5.43,5.43,5.43,0,0
INM_MV,D,20140912,000000,5.38,5.38,5.38,5.38,0,0
INM_MV,D,20140915,000000,5.16,5.3,5.16,5.3,0,0
INM_MV,D,20140916,000000,5.21,5.47,5.21,5.47,0,0
INM_MV,D,20140917,000000,5.47,5.47,5.47,5.47,0,0
INM_MV,D,20140918,000000,5.34,5.34,5.34,5.34,0,0
INM_MV,D,20140919,000000,4.85,5.25,4.54,5.25,0,0
INM_MV,D,20140926,000000,5.3,6.19,5.3,5.74,0,0
INM_MV,D,20140929,000000,6.19,6.63,5.7,6.45,0,0
INM_MV,D,20140930,000000,6.41,7.08,6.41,7.08,0,0
INM_MV,D,20141001,000000,7.08,7.79,7.08,7.79,0,0
INM_MV,D,20141002,000000,7.79,8.86,7.74,8.86,0,0
INM_MV,D,20141003,000000,8.86,12.68,8.86,12.68,0,0
INM_MV,D,20141006,000000,13.35,14.82,13.13,14.82,0,0
INM_MV,D,20141007,000000,14.82,19.94,14.82,15.58,0,0
INM_MV,D,20141008,000000,16.02,16.24,14.95,15.35,0,0
INM_MV,D,20141009,000000,16.15,18.2,14.95,15.13,0,0
INM_MV,D,20141010,000000,14.91,14.91,13.39,13.48,0,0
INM_MV,D,20141013,000000,14.02,14.2,13.62,14.2,0,0
INM_MV,D,20141014,000000,14.37,15.53,13.93,15.26,0,0
INM_MV,D,20141015,000000,16.15,16.33,15.49,15.84,0,0
INM_MV,D,20141016,000000,15.4,16.38,15.4,16.38,0,0
INM_MV,D,20141017,000000,16.11,16.69,16.11,16.47,0,0
INM_MV,D,20141020,000000,16.73,17.8,16.38,17.8,0,0
INM_MV,D,20141021,000000,17.67,19.8,17.13,19.8,0,0
INM_MV,D,20141022,000000,19.27,22.83,19.27,22.83,0,0
INM_MV,D,20141023,000000,23.1,24.7,22.25,24.03,0,0
INM_MV,D,20141024,000000,25.37,25.37,20.47,22.21,0,0
INM_MV,D,20141027,000000,22.38,23.99,21.81,21.81,0,0
INM_MV,D,20141028,000000,17.44,19.71,13.97,13.97,0,0
INM_MV,D,20141029,000000,13.31,15.75,13.31,15.75,0,0
INM_MV,D,20141030,000000,15.75,18.82,15.75,17.8,0,0
INM_MV,D,20141031,000000,20.51,21.36,16.47,18.42,0,0
INM_MV,D,20141103,000000,17.67,17.71,11.08,11.08,0,0
INM_MV,D,20141104,000000,10.68,11.93,8.99,10.55,0,0
INM_MV,D,20141105,000000,10.68,10.68,9.03,9.21,0,0
INM_MV,D,20141106,000000,8.99,10.06,8.94,9.26,0,0
INM_MV,D,20141107,000000,9.79,11.75,9.35,9.48,0,0
INM_MV,D,20141110,000000,9.75,9.75,9.03,9.26,0,0
INM_MV,D,20141112,000000,9.26,9.35,5.74,5.74,0,0
INM_MV,D,20141113,000000,5.74,6.01,4.67,4.9,0,0
INM_MV,D,20141114,000000,5.7,5.83,5.07,5.74,0,0
INM_MV,D,20141117,000000,6.01,6.41,5.25,5.83,0,0
INM_MV,D,20141118,000000,5.92,5.92,4.76,4.76,0,0
INM_MV,D,20141119,000000,4.76,5.12,4.23,5.03,0,0
INM_MV,D,20141120,000000,5.21,5.3,4.49,4.49,0,0
INM_MV,D,20141121,000000,4.45,4.45,3.6,3.96,0,0
INM_MV,D,20141124,000000,3.96,4.23,2.94,2.94,0,0
INM_MV,D,20141125,000000,2.98,4.01,2.94,3.47,0,0
INM_MV,D,20141126,000000,3.65,3.96,3.29,3.52,0,0
INM_MV,D,20141127,000000,3.52,3.78,3.34,3.56,0,0
INM_MV,D,20141128,000000,3.47,3.96,3.29,3.78,0,0
INM_MV,D,20141201,000000,3.96,3.96,3.38,3.56,0,0
INM_MV,D,20141202,000000,3.69,3.69,3.12,3.12,0,0
INM_MV,D,20141203,000000,3.2,3.25,2.98,3.16,0,0
INM_MV,D,20141204,000000,3.03,3.47,3.03,3.47,0,0
INM_MV,D,20141205,000000,3.47,3.56,3.16,3.34,0,0
INM_MV,D,20141208,000000,3.34,3.38,2.76,2.85,0,0
INM_MV,D,20141209,000000,2.94,2.94,2.71,2.85,0,0
INM_MV,D,20141210,000000,2.67,2.8,2.58,2.63,0,0
INM_MV,D,20141211,000000,2.58,2.67,2.36,2.49,0,0
INM_MV,D,20141212,000000,2.36,3.17,2.31,3.17,0,0
INM_MV,D,20141215,000000,3.02,3.17,2.96,3.07,0,0
INM_MV,D,20141216,000000,3.12,3.9,3.02,3.54,0,0
INM_MV,D,20141217,000000,3.69,3.8,3.17,3.38,0,0
INM_MV,D,20141218,000000,3.38,3.48,3.22,3.33,0,0
INM_MV,D,20141219,000000,3.38,3.64,3.17,3.43,0,0
INM_MV,D,20141222,000000,3.33,3.54,3.17,3.28,0,0
INM_MV,D,20141223,000000,3.28,3.43,3.02,3.12,0,0
INM_MV,D,20141229,000000,3.17,3.22,3.07,3.17,0,0
INM_MV,D,20141230,000000,3.12,3.8,3.12,3.64,0,0
INM_MV,D,20150102,000000,3.8,3.8,3.48,3.69,0,0
INM_MV,D,20150105,000000,3.69,3.69,3.38,3.48,0,0
INM_MV,D,20150107,000000,3.48,3.48,3.33,3.33,0,0
INM_MV,D,20150108,000000,3.28,3.43,2.91,3.43,0,0
INM_MV,D,20150109,000000,3.43,3.43,3.12,3.33,0,0
INM_MV,D,20150112,000000,3.17,3.74,3.12,3.17,0,0
INM_MV,D,20150113,000000,3.22,3.33,3.17,3.28,0,0
INM_MV,D,20150114,000000,3.22,3.28,3.07,3.12,0,0
INM_MV,D,20150115,000000,3.17,3.28,3.07,3.17,0,0
INM_MV,D,20150116,000000,3.12,3.28,3.07,3.28,0,0
INM_MV,D,20150119,000000,3.22,3.22,3.07,3.12,0,0
INM_MV,D,20150120,000000,3.07,3.17,2.96,2.96,0,0
INM_MV,D,20150121,000000,2.91,3.33,2.91,3.12,0,0
INM_MV,D,20150122,000000,3.22,3.22,2.96,3.07,0,0
INM_MV,D,20150123,000000,2.96,3.12,2.91,3.02,0,0
INM_MV,D,20150126,000000,3.02,3.02,2.81,2.91,0,0
INM_MV,D,20150127,000000,2.81,2.86,2.65,2.76,0,0
INM_MV,D,20150128,000000,2.65,2.81,2.6,2.7,0,0
INM_MV,D,20150129,000000,2.65,2.91,2.65,2.86,0,0
INM_MV,D,20150130,000000,2.86,2.96,2.76,2.91,0,0
INM_MV,D,20150202,000000,2.86,2.86,2.76,2.76,0,0
INM_MV,D,20150203,000000,2.76,2.81,2.65,2.76,0,0
INM_MV,D,20150204,000000,2.65,2.76,2.65,2.65,0,0
INM_MV,D,20150205,000000,2.65,2.76,2.65,2.76,0,0
INM_MV,D,20150206,000000,2.6,2.7,2.44,2.7,0,0
INM_MV,D,20150209,000000,2.65,2.86,2.65,2.86,0,0
INM_MV,D,20150210,000000,2.91,3.17,2.86,3.17,0,0
INM_MV,D,20150211,000000,3.07,3.07,2.76,2.86,0,0
INM_MV,D,20150212,000000,2.96,2.96,2.81,2.91,0,0
INM_MV,D,20150213,000000,2.81,3.22,2.81,2.96,0,0
INM_MV,D,20150216,000000,3.12,3.33,3.02,3.12,0,0
INM_MV,D,20150217,000000,3.22,3.38,3.17,3.33,0,0
INM_MV,D,20150218,000000,3.22,3.43,3.22,3.33,0,0
INM_MV,D,20150219,000000,3.17,3.28,3.02,3.07,0,0
INM_MV,D,20150220,000000,3.02,3.38,3.02,3.07,0,0
INM_MV,D,20150223,000000,3.28,3.28,3.07,3.17,0,0
INM_MV,D,20150224,000000,3.22,3.22,2.96,3.07,0,0
INM_MV,D,20150225,000000,3.02,3.07,2.86,2.96,0,0
INM_MV,D,20150226,000000,2.81,2.96,2.76,2.76,0,0
INM_MV,D,20150227,000000,2.76,2.91,2.76,2.91,0,0
INM_MV,D,20150302,000000,2.91,2.91,2.65,2.65,0,0
INM_MV,D,20150303,000000,2.76,2.81,2.65,2.7,0,0
INM_MV,D,20150304,000000,2.7,2.86,2.7,2.86,0,0
INM_MV,D,20150305,000000,2.81,2.86,2.76,2.81,0,0
INM_MV,D,20150306,000000,2.81,2.81,2.6,2.7,0,0
INM_MV,D,20150309,000000,2.65,3.17,2.65,3.17,0,0
INM_MV,D,20150310,000000,3.17,3.17,2.86,2.96,0,0
INM_MV,D,20150311,000000,3.12,3.38,3.12,3.22,0,0
INM_MV,D,20150312,000000,3.22,3.28,3.07,3.12,0,0
INM_MV,D,20150313,000000,3.07,3.17,2.96,3.12,0,0
INM_MV,D,20150316,000000,2.96,3.07,2.76,2.96,0,0
INM_MV,D,20150317,000000,2.91,3.28,2.86,3.12,0,0
INM_MV,D,20150318,000000,2.96,3.12,2.96,3.07,0,0
INM_MV,D,20150319,000000,3.07,3.07,2.91,3.02,0,0
INM_MV,D,20150320,000000,2.91,3.12,2.91,3.12,0,0
INM_MV,D,20150323,000000,2.96,3.22,2.96,3.22,0,0
INM_MV,D,20150324,000000,3.17,3.48,3.17,3.48,0,0
INM_MV,D,20150325,000000,3.48,4.16,3.48,4.11,0,0
INM_MV,D,20150326,000000,4.21,4.42,3.69,3.8,0,0
INM_MV,D,20150327,000000,3.69,3.69,3.48,3.54,0,0
INM_MV,D,20150330,000000,3.54,3.8,3.38,3.59,0,0
INM_MV,D,20150331,000000,3.59,3.74,3.43,3.64,0,0
INM_MV,D,20150401,000000,3.64,4.06,3.64,4.06,0,0
INM_MV,D,20150402,000000,4.06,4.32,4.06,4.32,0,0
INM_MV,D,20150407,000000,4.32,4.47,4.16,4.16,0,0
INM_MV,D,20150408,000000,3.95,3.95,3.59,3.69,0,0
INM_MV,D,20150409,000000,3.69,4,3.69,3.95,0,0
INM_MV,D,20150410,000000,3.8,4.16,3.8,4.16,0,0
INM_MV,D,20150413,000000,4.16,4.16,3.74,4.06,0,0
INM_MV,D,20150414,000000,3.95,3.95,3.59,3.74,0,0
INM_MV,D,20150415,000000,3.74,3.74,3.48,3.69,0,0
INM_MV,D,20150416,000000,3.69,3.69,3.28,3.38,0,0
INM_MV,D,20150417,000000,3.38,3.59,3.33,3.59,0,0
INM_MV,D,20150420,000000,3.59,3.59,3.22,3.33,0,0
INM_MV,D,20150421,000000,3.38,3.48,3.22,3.38,0,0
INM_MV,D,20150422,000000,3.28,3.48,3.28,3.43,0,0
INM_MV,D,20150423,000000,3.38,3.38,3.07,3.28,0,0
INM_MV,D,20150424,000000,3.02,3.28,3.02,3.17,0,0
INM_MV,D,20150427,000000,3.17,3.17,3.07,3.07,0,0
INM_MV,D,20150428,000000,3.07,3.17,3.07,3.17,0,0
INM_MV,D,20150429,000000,3.17,3.64,3.17,3.64,0,0
INM_MV,D,20150430,000000,3.59,3.64,3.43,3.59,0,0
INM_MV,D,20150504,000000,3.54,3.54,3.12,3.43,0,0
INM_MV,D,20150505,000000,3.43,3.48,3.28,3.43,0,0
INM_MV,D,20150506,000000,3.22,3.38,3.22,3.28,0,0
INM_MV,D,20150507,000000,3.22,3.33,3.07,3.28,0,0
INM_MV,D,20150508,000000,3.17,3.28,3.17,3.28,0,0
INM_MV,D,20150511,000000,3.28,3.28,3.12,3.22,0,0
INM_MV,D,20150512,000000,3.22,3.22,3.17,3.22,0,0
INM_MV,D,20150513,000000,3.17,3.17,2.91,3.12,0,0
INM_MV,D,20150514,000000,3.07,3.12,3.02,3.07,0,0
INM_MV,D,20150515,000000,2.6,2.65,2.39,2.6,0,0
INM_MV,D,20150518,000000,2.5,2.5,2.34,2.5,0,0
INM_MV,D,20150519,000000,2.5,2.6,2.44,2.6,0,0
INM_MV,D,20150520,000000,2.65,2.65,2.13,2.13,0,0
INM_MV,D,20150521,000000,2.18,2.29,2.13,2.13,0,0
INM_MV,D,20150522,000000,2.18,2.34,2.13,2.24,0,0
INM_MV,D,20150525,000000,2.29,2.29,2.18,2.29,0,0
INM_MV,D,20150526,000000,2.24,2.24,1.87,2.03,0,0
INM_MV,D,20150527,000000,1.87,2.03,1.87,2.03,0,0
INM_MV,D,20150528,000000,2.03,2.03,1.92,2.03,0,0
INM_MV,D,20150529,000000,1.92,1.98,1.77,1.82,0,0
INM_MV,D,20150601,000000,1.82,1.82,1.72,1.72,0,0
INM_MV,D,20150602,000000,1.77,1.82,1.77,1.77,0,0
INM_MV,D,20150603,000000,1.72,1.82,1.66,1.82,0,0
INM_MV,D,20150605,000000,1.82,1.82,1.66,1.77,0,0
INM_MV,D,20150608,000000,1.72,1.77,1.66,1.77,0,0
INM_MV,D,20150609,000000,1.66,1.82,1.66,1.77,0,0
INM_MV,D,20150610,000000,1.77,1.82,1.77,1.82,0,0
INM_MV,D,20150611,000000,1.72,1.82,1.35,1.35,0,0
INM_MV,D,20150612,000000,1.35,1.61,1.3,1.3,0,0
INM_MV,D,20150615,000000,1.35,1.35,1.09,1.25,0,0
INM_MV,D,20150616,000000,1.3,1.4,1.3,1.3,0,0
INM_MV,D,20150617,000000,1.3,1.35,1.2,1.25,0,0
INM_MV,D,20150618,000000,1.25,1.25,1.14,1.25,0,0
INM_MV,D,20150619,000000,1.2,1.25,1.2,1.25,0,0
INM_MV,D,20150622,000000,1.2,1.51,1.09,1.46,0,0
INM_MV,D,20150623,000000,1.46,1.72,1.4,1.56,0,0
INM_MV,D,20150624,000000,1.56,1.61,1.46,1.61,0,0
INM_MV,D,20150625,000000,1.46,1.46,1.4,1.4,0,0
INM_MV,D,20150626,000000,1.46,1.46,1.3,1.46,0,0
INM_MV,D,20150629,000000,1.4,1.46,1.35,1.46,0,0
INM_MV,D,20150630,000000,1.46,1.46,1.04,1.2,0,0
INM_MV,D,20150701,000000,1.14,1.14,1.09,1.09,0,0
INM_MV,D,20150702,000000,1.14,1.14,1.09,1.14,0,0
INM_MV,D,20150703,000000,1.14,1.14,1.09,1.09,0,0
INM_MV,D,20150706,000000,1.14,1.2,1.09,1.2,0,0
INM_MV,D,20150707,000000,1.2,1.35,1.2,1.25,0,0
INM_MV,D,20150708,000000,1.25,1.25,1.2,1.2,0,0
INM_MV,D,20150709,000000,1.09,1.2,1.04,1.09,0,0
INM_MV,D,20150710,000000,1.14,1.14,1.04,1.14,0,0
INM_MV,D,20150713,000000,1.14,1.2,1.14,1.2,0,0
INM_MV,D,20150714,000000,1.2,1.2,1.09,1.2,0,0
INM_MV,D,20150715,000000,1.2,1.2,1.09,1.09,0,0
INM_MV,D,20150716,000000,1.09,1.2,1.09,1.2,0,0
INM_MV,D,20150717,000000,1.14,1.2,1.09,1.14,0,0
INM_MV,D,20150720,000000,1.2,1.2,1.14,1.14,0,0
INM_MV,D,20150721,000000,1.09,1.4,1.09,1.4,0,0
INM_MV,D,20150722,000000,1.35,1.51,1.25,1.35,0,0
INM_MV,D,20150723,000000,1.3,1.35,1.14,1.14,0,0
INM_MV,D,20150724,000000,1.14,1.25,1.14,1.25,0,0
INM_MV,D,20150727,000000,1.25,1.3,1.25,1.25,0,0
INM_MV,D,20150728,000000,1.2,1.2,1.04,1.04,0,0
INM_MV,D,20150729,000000,1.04,1.04,0.78,0.78,0,0
INM_MV,D,20150730,000000,0.68,0.78,0.68,0.78,0,0
INM_MV,D,20150731,000000,0.83,0.99,0.83,0.99,0,0
INM_MV,D,20150803,000000,0.99,1.09,0.83,0.88,0,0
INM_MV,D,20150804,000000,0.78,0.88,0.78,0.83,0,0
INM_MV,D,20150805,000000,0.78,0.78,0.73,0.73,0,0
INM_MV,D,20150806,000000,0.73,0.78,0.73,0.73,0,0
INM_MV,D,20150807,000000,0.73,0.73,0.68,0.73,0,0
INM_MV,D,20150810,000000,0.73,0.73,0.68,0.68,0,0
INM_MV,D,20150811,000000,0.68,0.73,0.62,0.68,0,0
INM_MV,D,20150812,000000,0.68,0.68,0.62,0.68,0,0
INM_MV,D,20150813,000000,0.73,0.73,0.62,0.73,0,0
INM_MV,D,20150814,000000,0.68,0.68,0.68,0.68,0,0
INM_MV,D,20150818,000000,0.68,0.68,0.62,0.68,0,0
INM_MV,D,20150819,000000,0.62,0.73,0.62,0.73,0,0
INM_MV,D,20150820,000000,0.68,0.73,0.68,0.68,0,0
INM_MV,D,20150821,000000,0.68,0.68,0.68,0.68,0,0
INM_MV,D,20150824,000000,0.68,0.68,0.62,0.62,0,0
INM_MV,D,20150825,000000,0.57,0.68,0.52,0.57,0,0
INM_MV,D,20150826,000000,0.57,0.57,0.57,0.57,0,0
INM_MV,D,20150827,000000,0.62,0.62,0.57,0.57,0,0
INM_MV,D,20150828,000000,0.57,0.57,0.57,0.57,0,0
INM_MV,D,20150831,000000,0.57,0.62,0.57,0.62,0,0
INM_MV,D,20150901,000000,0.62,0.62,0.57,0.57,0,0
INM_MV,D,20150902,000000,0.57,0.57,0.57,0.57,0,0
INM_MV,D,20150903,000000,0.57,0.62,0.57,0.62,0,0
INM_MV,D,20150904,000000,0.62,0.62,0.57,0.57,0,0
INM_MV,D,20150907,000000,0.62,0.62,0.62,0.62,0,0
INM_MV,D,20150908,000000,0.62,0.62,0.57,0.62,0,0
INM_MV,D,20150909,000000,0.57,0.68,0.57,0.68,0,0
INM_MV,D,20150910,000000,0.68,0.73,0.62,0.73,0,0
INM_MV,D,20150911,000000,0.68,0.68,0.62,0.68,0,0
INM_MV,D,20150914,000000,0.68,0.68,0.57,0.57,0,0
INM_MV,D,20150915,000000,0.57,0.68,0.52,0.68,0,0
INM_MV,D,20150916,000000,0.62,0.78,0.62,0.78,0,0
INM_MV,D,20150917,000000,0.73,0.83,0.68,0.83,0,0
INM_MV,D,20150918,000000,0.78,0.78,0.73,0.73,0,0
INM_MV,D,20150921,000000,0.78,0.78,0.73,0.73,0,0
INM_MV,D,20150922,000000,0.73,0.83,0.73,0.78,0,0
INM_MV,D,20150923,000000,0.73,0.83,0.73,0.78,0,0
INM_MV,D,20150924,000000,0.73,0.73,0.73,0.73,0,0
INM_MV,D,20150925,000000,0.73,0.73,0.68,0.68,0,0
INM_MV,D,20150928,000000,0.73,0.78,0.73,0.78,0,0
INM_MV,D,20150929,000000,0.78,0.78,0.62,0.78,0,0
INM_MV,D,20150930,000000,0.78,0.78,0.78,0.78,0,0
INM_MV,D,20151001,000000,0.73,0.73,0.62,0.73,0,0
INM_MV,D,20151002,000000,0.73,0.73,0.62,0.62,0,0
INM_MV,D,20151005,000000,0.62,0.62,0.52,0.62,0,0
INM_MV,D,20151006,000000,0.57,0.68,0.57,0.68,0,0
INM_MV,D,20151007,000000,0.73,0.78,0.68,0.68,0,0
INM_MV,D,20151008,000000,0.68,0.78,0.68,0.78,0,0
INM_MV,D,20151009,000000,0.78,0.78,0.68,0.78,0,0
INM_MV,D,20151012,000000,0.73,0.78,0.73,0.73,0,0
INM_MV,D,20151013,000000,0.73,0.94,0.68,0.88,0,0
INM_MV,D,20151014,000000,0.94,0.99,0.88,0.88,0,0
INM_MV,D,20151015,000000,0.83,0.83,0.73,0.83,0,0
INM_MV,D,20151016,000000,0.88,0.88,0.88,0.88,0,0
INM_MV,D,20151019,000000,0.73,0.78,0.73,0.73,0,0
INM_MV,D,20151020,000000,0.73,0.83,0.73,0.83,0,0
INM_MV,D,20151021,000000,0.78,0.83,0.78,0.83,0,0
INM_MV,D,20151022,000000,0.78,0.78,0.78,0.78,0,0
INM_MV,D,20151023,000000,0.78,0.78,0.78,0.78,0,0
INM_MV,D,20151026,000000,0.83,0.83,0.83,0.83,0,0
INM_MV,D,20151027,000000,0.78,0.78,0.78,0.78,0,0
INM_MV,D,20151028,000000,0.78,0.78,0.78,0.78,0,0
INM_MV,D,20151030,000000,0.73,0.83,0.73,0.83,0,0
INM_MV,D,20151102,000000,0.83,0.83,0.73,0.83,0,0
INM_MV,D,20151104,000000,0.73,0.73,0.73,0.73,0,0
INM_MV,D,20151109,000000,0.68,0.68,0.68,0.68,0,0
INM_MV,D,20151110,000000,0.68,0.83,0.68,0.83,0,0
INM_MV,D,20151112,000000,0.83,0.83,0.83,0.83,0,0
INM_MV,D,20151119,000000,0.73,0.73,0.73,0.73,0,0
INM_MV,D,20151123,000000,14.39,14.39,14.39,14.39,0,0
INM_MV,D,20151125,000000,13.36,13.36,13.36,13.36,0,0
INM_MV,D,20151126,000000,13.36,15.42,13.36,15.42,0,0
INM_MV,D,20151127,000000,14.39,14.39,14.39,14.39,0,0
INM_MV,D,20151201,000000,13.36,13.36,13.36,13.36,0,0
INM_MV,D,20151204,000000,14.39,15.42,14.39,15.42,0,0
INM_MV,D,20151208,000000,15.42,15.42,13.36,13.36,0,0
INM_MV,D,20151209,000000,13.36,13.36,13.36,13.36,0,0
INM_MV,D,20151211,000000,13.36,13.36,12.33,12.33,0,0
INM_MV,D,20151214,000000,12.33,12.33,12.33,12.33,0,0
INM_MV,D,20151216,000000,12.33,12.33,12.33,12.33,0,0
INM_MV,D,20151217,000000,11.31,11.31,11.31,11.31,0,0
INM_MV,D,20151218,000000,11.31,11.31,11.31,11.31,0,0
INM_MV,D,20151221,000000,11.31,11.31,9.25,10.28,0,0
INM_MV,D,20151222,000000,10.28,11.31,10.28,10.28,0,0
INM_MV,D,20151228,000000,10.28,10.28,9.25,9.25,0,0
INM_MV,D,20151229,000000,12.33,12.33,12.33,12.33,0,0
INM_MV,D,20160104,000000,12.33,12.33,12.33,12.33,0,0
INM_MV,D,20160105,000000,10.28,11.31,10.28,11.31,0,0
INM_MV,D,20160111,000000,10.28,10.28,10.28,10.28,0,0
INM_MV,D,20160113,000000,10.28,11.31,8.22,11.31,0,0
INM_MV,D,20160119,000000,12.33,14.39,12.33,14.39,0,0
INM_MV,D,20160120,000000,14.39,18.5,13.36,14.39,0,0
INM_MV,D,20160121,000000,14.39,14.39,14.39,14.39,0,0
INM_MV,D,20160122,000000,13.36,13.36,13.36,13.36,0,0
INM_MV,D,20160125,000000,14.39,14.39,14.39,14.39,0,0
INM_MV,D,20160127,000000,14.39,15.42,12.33,12.33,0,0
INM_MV,D,20160128,000000,13.36,15.42,13.36,15.42,0,0
INM_MV,D,20160202,000000,13.36,14.39,12.33,14.39,0,0
INM_MV,D,20160208,000000,11.31,13.36,11.31,13.36,0,0
INM_MV,D,20160209,000000,11.31,11.31,11.31,11.31,0,0
INM_MV,D,20160210,000000,12.33,13.36,11.31,13.36,0,0
INM_MV,D,20160212,000000,12.33,12.33,12.33,12.33,0,0
INM_MV,D,20160215,000000,13.36,13.36,13.36,13.36,0,0
INM_MV,D,20160216,000000,13.36,13.36,13.36,13.36,0,0
INM_MV,D,20160217,000000,13.36,13.36,13.36,13.36,0,0
INM_MV,D,20160218,000000,13.36,14.39,13.36,14.39,0,0
INM_MV,D,20160219,000000,12.33,13.36,11.31,13.36,0,0
INM_MV,D,20160222,000000,11.31,13.36,11.31,13.36,0,0
INM_MV,D,20160224,000000,11.31,12.33,11.31,12.33,0,0
INM_MV,D,20160225,000000,12.33,12.33,12.33,12.33,0,0
INM_MV,D,20160226,000000,11.31,11.31,11.31,11.31,0,0
INM_MV,D,20160229,000000,12.33,12.33,12.33,12.33,0,0
INM_MV,D,20160301,000000,11.31,11.31,11.31,11.31,0,0
INM_MV,D,20160302,000000,11.31,13.36,11.31,13.36,0,0
INM_MV,D,20160307,000000,13.36,13.36,13.36,13.36,0,0
INM_MV,D,20160311,000000,11.31,13.36,11.31,13.36,0,0
INM_MV,D,20160315,000000,11.31,11.31,11.31,11.31,0,0
INM_MV,D,20160318,000000,11.31,13.36,10.28,13.36,0,0
INM_MV,D,20160322,000000,11.31,11.31,11.31,11.31,0,0
INM_MV,D,20160330,000000,11.31,13.36,11.31,13.36,0,0
INM_MV,D,20160331,000000,12.33,13.36,12.33,13.36,0,0
INM_MV,D,20160404,000000,11.31,11.31,11.31,11.31,0,0
INM_MV,D,20160405,000000,12.33,12.33,12.33,12.33,0,0
INM_MV,D,20160408,000000,13.36,13.36,13.36,13.36,0,0
INM_MV,D,20160411,000000,12.33,12.33,12.33,12.33,0,0
INM_MV,D,20160412,000000,13.36,13.36,13.36,13.36,0,0
INM_MV,D,20160419,000000,13.36,14.39,13.36,14.39,0,0
INM_MV,D,20160420,000000,13.36,13.36,13.36,13.36,0,0
INM_MV,D,20160422,000000,14.39,14.39,14.39,14.39,0,0
INM_MV,D,20160426,000000,13.36,13.36,12.33,12.33,0,0
INM_MV,D,20160427,000000,12.33,12.33,12.33,12.33,0,0
INM_MV,D,20160429,000000,14.39,14.39,14.39,14.39,0,0
INM_MV,D,20160504,000000,12.33,12.33,12.33,12.33,0,0
INM_MV,D,20160506,000000,12.33,12.33,12.33,12.33,0,0
INM_MV,D,20160510,000000,12.33,12.33,10.28,10.28,0,0
INM_MV,D,20160513,000000,11.31,13.36,11.31,13.36,0,0
INM_MV,D,20160516,000000,11.31,13.36,11.31,13.36,0,0
INM_MV,D,20160518,000000,13.36,13.36,13.36,13.36,0,0
INM_MV,D,20160519,000000,13.36,13.36,13.36,13.36,0,0
INM_MV,D,20160523,000000,13.36,13.36,13.36,13.36,0,0
INM_MV,D,20160527,000000,11.31,12.33,10.28,11.31,0,0
INM_MV,D,20160530,000000,11.31,11.31,11.31,11.31,0,0
INM_MV,D,20160531,000000,11.31,11.31,11.31,11.31,0,0
INM_MV,D,20160602,000000,11.31,11.31,11.31,11.31,0,0
INM_MV,D,20160607,000000,11.31,11.31,11.31,11.31,0,0
INM_MV,D,20160608,000000,11.31,11.31,11.31,11.31,0,0
INM_MV,D,20160610,000000,10.28,10.28,10.28,10.28,0,0
INM_MV,D,20160613,000000,10.28,10.28,10.28,10.28,0,0
INM_MV,D,20160614,000000,11.31,11.31,11.31,11.31,0,0
INM_MV,D,20160615,000000,10.28,10.28,10.28,10.28,0,0
INM_MV,D,20160617,000000,10.28,10.28,10.28,10.28,0,0
INM_MV,D,20160620,000000,11.31,11.31,11.31,11.31,0,0
INM_MV,D,20160621,000000,11.31,11.31,10.28,11.31,0,0
INM_MV,D,20160622,000000,11.31,14.39,11.31,14.39,0,0
INM_MV,D,20160623,000000,14.39,14.39,13.36,14.39,0,0
INM_MV,D,20160624,000000,14.39,14.39,14.39,14.39,0,0
INM_MV,D,20160714,000000,10.28,10.28,10.28,10.28,0,0
INM_MV,D,20160715,000000,10.28,12.33,10.28,12.33,0,0
INM_MV,D,20160719,000000,11.31,11.31,11.31,11.31,0,0
INM_MV,D,20160721,000000,12.33,12.33,12.33,12.33,0,0
INM_MV,D,20160727,000000,13.36,13.36,13.36,13.36,0,0
INM_MV,D,20160728,000000,11.31,11.31,11.31,11.31,0,0
INM_MV,D,20160729,000000,11.31,11.31,11.31,11.31,0,0
INM_MV,D,20160803,000000,12.33,12.33,12.33,12.33,0,0
INM_MV,D,20160804,000000,12.33,12.33,12.33,12.33,0,0
INM_MV,D,20160805,000000,12.33,12.33,12.33,12.33,0,0
INM_MV,D,20160812,000000,11.31,11.31,11.31,11.31,0,0
INM_MV,D,20160816,000000,12.33,12.33,12.33,12.33,0,0
INM_MV,D,20160819,000000,10.28,12.33,10.28,12.33,0,0
INM_MV,D,20160825,000000,11.31,12.33,11.31,12.33,0,0
INM_MV,D,20160830,000000,10.28,11.31,10.28,11.31,0,0
INM_MV,D,20160901,000000,10.28,10.28,10.28,10.28,0,0
INM_MV,D,20160902,000000,11.31,12.33,11.31,12.33,0,0
INM_MV,D,20160905,000000,12.33,12.33,12.33,12.33,0,0
INM_MV,D,20160906,000000,10.28,10.28,10.28,10.28,0,0
INM_MV,D,20160907,000000,11.31,11.31,11.31,11.31,0,0
INM_MV,D,20160908,000000,10.28,10.28,10.28,10.28,0,0
INM_MV,D,20160913,000000,10.28,10.28,10.28,10.28,0,0
INM_MV,D,20160914,000000,10.28,12.33,10.28,12.33,0,0
INM_MV,D,20160916,000000,12.33,12.33,12.33,12.33,0,0
INM_MV,D,20160919,000000,12.33,12.33,12.33,12.33,0,0
INM_MV,D,20160920,000000,12.33,12.33,11.31,11.31,0,0
INM_MV,D,20160921,000000,11.31,11.31,11.31,11.31,0,0
INM_MV,D,20160922,000000,11.31,11.31,11.31,11.31,0,0
INM_MV,D,20160923,000000,12.33,12.33,11.31,11.31,0,0
INM_MV,D,20160926,000000,11.31,11.31,11.31,11.31,0,0
INM_MV,D,20160929,000000,10.28,12.33,10.28,12.33,0,0
INM_MV,D,20160930,000000,12.33,12.33,11.31,11.31,0,0
INM_MV,D,20161003,000000,11.31,11.31,11.31,11.31,0,0
INM_MV,D,20161004,000000,12.33,12.33,11.31,11.31,0,0
INM_MV,D,20161006,000000,12.33,12.33,12.33,12.33,0,0
INM_MV,D,20161007,000000,12.33,12.33,11.31,11.31,0,0
INM_MV,D,20161010,000000,11.31,13.36,11.31,12.33,0,0
INM_MV,D,20161011,000000,13.36,13.36,12.33,13.36,0,0
INM_MV,D,20161012,000000,13.36,13.36,13.36,13.36,0,0
INM_MV,D,20161013,000000,13.36,13.36,13.36,13.36,0,0
INM_MV,D,20161014,000000,12.33,14.39,12.33,14.39,0,0
INM_MV,D,20161018,000000,14.39,14.39,14.39,14.39,0,0
INM_MV,D,20161019,000000,14.39,14.39,12.33,14.39,0,0
INM_MV,D,20161020,000000,14.39,14.39,14.39,14.39,0,0
INM_MV,D,20161021,000000,14.39,14.39,14.39,14.39,0,0
INM_MV,D,20161024,000000,14.39,14.39,14.39,14.39,0,0
INM_MV,D,20161025,000000,14.39,14.39,14.39,14.39,0,0
INM_MV,D,20161026,000000,14.39,15.42,13.36,13.36,0,0
INM_MV,D,20161027,000000,13.36,13.36,13.36,13.36,0,0
INM_MV,D,20161028,000000,13.36,15.42,13.36,15.42,0,0
INM_MV,D,20161031,000000,15.42,16.45,15.42,16.45,0,0
INM_MV,D,20161102,000000,16.45,16.45,15.42,15.42,0,0
INM_MV,D,20161103,000000,14.39,14.39,14.39,14.39,0,0
INM_MV,D,20161104,000000,14.39,15.42,14.39,15.42,0,0
INM_MV,D,20161107,000000,14.39,14.39,14.39,14.39,0,0
INM_MV,D,20161108,000000,13.36,13.36,13.36,13.36,0,0
INM_MV,D,20161109,000000,13.36,13.36,13.36,13.36,0,0
INM_MV,D,20161110,000000,12.33,13.36,12.33,13.36,0,0
INM_MV,D,20161114,000000,14.39,16.45,14.39,16.45,0,0
INM_MV,D,20161115,000000,17.47,24.67,16.45,23.64,0,0
INM_MV,D,20161116,000000,22.61,26.72,16.45,17.47,0,0
INM_MV,D,20161117,000000,16.45,19.53,14.39,19.53,0,0
INM_MV,D,20161118,000000,20.56,22.61,17.47,17.47,0,0
INM_MV,D,20161121,000000,18.5,19.53,18.5,18.5,0,0
INM_MV,D,20161122,000000,17.47,20.56,17.47,17.47,0,0
INM_MV,D,20161123,000000,18.5,18.5,16.45,16.45,0,0
INM_MV,D,20161124,000000,17.47,17.47,17.47,17.47,0,0
INM_MV,D,20161125,000000,18.5,25.7,18.5,25.7,0,0
INM_MV,D,20161128,000000,26.72,27.75,24.67,24.67,0,0
INM_MV,D,20161129,000000,26.72,26.72,22.61,25.7,0,0
INM_MV,D,20161130,000000,23.64,23.64,23.64,23.64,0,0
INM_MV,D,20161201,000000,23.64,23.64,21.59,21.59,0,0
INM_MV,D,20161202,000000,21.59,22.61,21.59,22.61,0,0
INM_MV,D,20161205,000000,22.61,22.61,21.59,22.61,0,0
INM_MV,D,20161206,000000,21.59,25.7,21.59,25.7,0,0
INM_MV,D,20161208,000000,20.56,20.56,20.56,20.56,0,0
INM_MV,D,20161209,000000,24.67,24.67,23.64,23.64,0,0
INM_MV,D,20161212,000000,23.64,25.7,23.64,25.7,0,0
INM_MV,D,20161213,000000,23.64,26.72,23.64,25.7,0,0
INM_MV,D,20161214,000000,25.7,25.7,25.7,25.7,0,0
INM_MV,D,20161215,000000,24.67,24.67,24.67,24.67,0,0
INM_MV,D,20161216,000000,26.72,27.75,25.7,27.75,0,0
INM_MV,D,20161219,000000,26.72,29.81,26.72,29.81,0,0
INM_MV,D,20161220,000000,26.72,28.78,26.72,28.78,0,0
INM_MV,D,20161221,000000,28.78,30.84,28.78,30.84,0,0
INM_MV,D,20161222,000000,32.89,37,32.89,37,0,0
INM_MV,D,20161223,000000,37,41.11,35.98,39.06,0,0
INM_MV,D,20161227,000000,39.06,39.06,33.92,35.98,0,0
INM_MV,D,20161228,000000,33.92,33.92,28.78,31.86,0,0
INM_MV,D,20161229,000000,30.84,30.84,24.67,24.67,0,0
INM_MV,D,20161230,000000,24.67,27.75,21.59,24.67,0,0
INM_MV,D,20170102,000000,20.56,20.56,15.42,16.45,0,0
INM_MV,D,20170103,000000,17.47,18.5,17.47,18.5,0,0
INM_MV,D,20170104,000000,18.5,19.53,18.5,19.53,0,0
INM_MV,D,20170105,000000,19.53,19.53,18.5,19.53,0,0
INM_MV,D,20170109,000000,18.5,21.59,17.47,20.56,0,0
INM_MV,D,20170110,000000,19.53,19.53,19.53,19.53,0,0
INM_MV,D,20170111,000000,20.56,20.56,19.53,19.53,0,0
INM_MV,D,20170112,000000,20.56,20.56,19.53,19.53,0,0
INM_MV,D,20170113,000000,20.56,21.59,20.56,21.59,0,0
INM_MV,D,20170116,000000,20.56,20.56,20.56,20.56,0,0
INM_MV,D,20170117,000000,19.53,19.53,19.53,19.53,0,0
INM_MV,D,20170118,000000,19.53,20.56,19.53,19.53,0,0
INM_MV,D,20170119,000000,18.5,19.53,18.5,19.53,0,0
INM_MV,D,20170124,000000,18.5,18.5,18.5,18.5,0,0
INM_MV,D,20170125,000000,17.47,18.5,17.47,18.5,0,0
INM_MV,D,20170126,000000,17.47,19.53,17.47,18.5,0,0
INM_MV,D,20170127,000000,17.47,19.53,17.47,19.53,0,0
INM_MV,D,20170130,000000,20.56,20.56,18.5,18.5,0,0
INM_MV,D,20170131,000000,18.5,19.53,18.5,19.53,0,0
INM_MV,D,20170201,000000,19.53,19.53,18.5,18.5,0,0
INM_MV,D,20170202,000000,20.56,20.56,19.53,19.53,0,0
INM_MV,D,20170203,000000,19.53,19.53,19.53,19.53,0,0
INM_MV,D,20170207,000000,20.56,20.56,20.56,20.56,0,0
INM_MV,D,20170208,000000,19.53,19.53,19.53,19.53,0,0
INM_MV,D,20170209,000000,19.53,19.53,19.53,19.53,0,0
INM_MV,D,20170210,000000,18.5,18.5,17.47,17.47,0,0
INM_MV,D,20170213,000000,17.47,17.47,17.47,17.47,0,0
INM_MV,D,20170214,000000,17.47,20.56,17.47,20.56,0,0
INM_MV,D,20170215,000000,20.56,20.56,17.47,20.56,0,0
INM_MV,D,20170217,000000,19.53,24.67,19.53,21.59,0,0
INM_MV,D,20170220,000000,22.61,22.61,22.61,22.61,0,0
INM_MV,D,20170221,000000,20.56,20.56,20.56,20.56,0,0
INM_MV,D,20170222,000000,21.59,21.59,20.56,20.56,0,0
INM_MV,D,20170223,000000,20.56,20.56,20.56,20.56,0,0
INM_MV,D,20170224,000000,22.61,24.67,22.61,24.67,0,0
INM_MV,D,20170228,000000,23.64,24.67,23.64,24.67,0,0
INM_MV,D,20170301,000000,24.67,24.67,24.67,24.67,0,0
INM_MV,D,20170302,000000,24.67,24.67,20.56,20.56,0,0
INM_MV,D,20170303,000000,20.56,20.56,20.56,20.56,0,0
INM_MV,D,20170306,000000,20.56,20.56,18.5,18.5,0,0
INM_MV,D,20170307,000000,18.5,23.64,18.5,23.64,0,0
INM_MV,D,20170308,000000,21.59,23.64,19.53,23.64,0,0
INM_MV,D,20170309,000000,20.56,20.56,16.45,16.45,0,0
INM_MV,D,20170310,000000,17.47,19.53,17.47,19.53,0,0
INM_MV,D,20170313,000000,19.53,19.53,19.53,19.53,0,0
INM_MV,D,20170314,000000,19.53,19.53,19.53,19.53,0,0
INM_MV,D,20170315,000000,19.53,19.53,19.53,19.53,0,0
INM_MV,D,20170316,000000,18.5,21.59,18.5,21.59,0,0
INM_MV,D,20170317,000000,20.56,23.64,20.56,22.61,0,0
INM_MV,D,20170320,000000,21.59,25.7,21.59,25.7,0,0
INM_MV,D,20170321,000000,25.7,26.72,22.61,25.7,0,0
INM_MV,D,20170322,000000,25.7,26.72,25.7,26.72,0,0
INM_MV,D,20170323,000000,24.67,24.67,24.67,24.67,0,0
INM_MV,D,20170324,000000,24.67,24.67,24.67,24.67,0,0
INM_MV,D,20170327,000000,26.72,26.72,23.64,23.64,0,0
INM_MV,D,20170328,000000,22.61,25.7,20.56,21.59,0,0
INM_MV,D,20170330,000000,21.59,21.59,19.53,20.56,0,0
INM_MV,D,20170331,000000,20.56,20.56,20.56,20.56,0,0
INM_MV,D,20170403,000000,20.56,20.56,19.53,19.53,0,0
INM_MV,D,20170404,000000,20.56,20.56,20.56,20.56,0,0
INM_MV,D,20170405,000000,20.56,20.56,20.56,20.56,0,0
INM_MV,D,20170406,000000,19.53,20.56,19.53,20.56,0,0
INM_MV,D,20170407,000000,21.59,23.64,21.59,22.61,0,0
INM_MV,D,20170410,000000,19.53,21.59,19.53,21.59,0,0
INM_MV,D,20170411,000000,21.59,23.64,20.56,20.56,0,0
INM_MV,D,20170412,000000,20.56,20.56,17.47,17.47,0,0
INM_MV,D,20170413,000000,17.47,17.47,17.47,17.47,0,0
INM_MV,D,20170418,000000,16.45,19.53,16.45,17.47,0,0
INM_MV,D,20170419,000000,17.47,17.47,17.47,17.47,0,0
INM_MV,D,20170420,000000,17.47,17.47,17.47,17.47,0,0
INM_MV,D,20170421,000000,18.5,18.5,16.45,16.45,0,0
INM_MV,D,20170424,000000,16.45,17.47,16.45,17.47,0,0
INM_MV,D,20170425,000000,16.45,16.45,16.45,16.45,0,0
INM_MV,D,20170426,000000,16.45,16.45,16.45,16.45,0,0
INM_MV,D,20170427,000000,16.45,17.47,14.39,17.47,0,0
INM_MV,D,20170502,000000,17.47,17.47,17.47,17.47,0,0
INM_MV,D,20170504,000000,16.45,16.45,15.42,15.42,0,0
INM_MV,D,20170505,000000,16.45,16.45,15.42,15.42,0,0
INM_MV,D,20170508,000000,15.42,16.45,15.42,16.45,0,0
INM_MV,D,20170509,000000,16.45,16.45,16.45,16.45,0,0
INM_MV,D,20170510,000000,16.45,16.45,16.45,16.45,0,0
INM_MV,D,20170512,000000,16.45,16.45,16.45,16.45,0,0
INM_MV,D,20170516,000000,16.45,16.45,16.45,16.45,0,0
INM_MV,D,20170517,000000,16.45,16.45,16.45,16.45,0,0
INM_MV,D,20170518,000000,17.47,17.47,17.47,17.47,0,0
INM_MV,D,20170522,000000,16.45,16.45,16.45,16.45,0,0
INM_MV,D,20170523,000000,16.45,16.45,16.45,16.45,0,0
INM_MV,D,20170525,000000,16.45,16.45,16.45,16.45,0,0
INM_MV,D,20170526,000000,15.42,17.47,15.42,17.47,0,0
INM_MV,D,20170531,000000,15.42,16.45,14.39,16.45,0,0
INM_MV,D,20170601,000000,15.42,17.47,15.42,17.47,0,0
INM_MV,D,20170605,000000,15.42,15.42,15.42,15.42,0,0
INM_MV,D,20170606,000000,15.42,15.42,15.42,15.42,0,0
INM_MV,D,20170607,000000,16.45,16.45,15.42,15.42,0,0
INM_MV,D,20170608,000000,16.45,16.45,16.45,16.45,0,0
INM_MV,D,20170609,000000,16.45,17.47,15.42,15.42,0,0
INM_MV,D,20170612,000000,15.42,15.42,14.39,15.42,0,0
INM_MV,D,20170614,000000,14.39,15.42,14.39,15.42,0,0
INM_MV,D,20170619,000000,16.45,16.45,16.45,16.45,0,0
INM_MV,D,20170620,000000,16.45,16.45,16.45,16.45,0,0
INM_MV,D,20170621,000000,15.42,15.42,15.42,15.42,0,0
INM_MV,D,20170622,000000,15.42,15.42,14.39,15.42,0,0
INM_MV,D,20170626,000000,15.42,15.42,15.42,15.42,0,0
INM_MV,D,20170627,000000,15.42,15.42,15.42,15.42,0,0
INM_MV,D,20170628,000000,15.42,15.42,14.39,14.39,0,0
INM_MV,D,20170629,000000,15.42,15.42,15.42,15.42,0,0
INM_MV,D,20170630,000000,16.45,16.45,16.45,16.45,0,0
INM_MV,D,20170703,000000,14.39,14.39,13.36,14.39,0,0
INM_MV,D,20170705,000000,14.39,14.39,13.36,13.36,0,0
INM_MV,D,20170706,000000,14.39,15.42,14.39,15.42,0,0
INM_MV,D,20170707,000000,15.42,17.47,15.42,17.47,0,0
INM_MV,D,20170712,000000,14.39,15.42,14.39,15.42,0,0
INM_MV,D,20170713,000000,16.45,16.45,16.45,16.45,0,0
INM_MV,D,20170714,000000,17.47,17.47,17.47,17.47,0,0
INM_MV,D,20170717,000000,17.47,17.47,16.45,16.45,0,0
INM_MV,D,20170721,000000,15.42,15.42,14.39,14.39,0,0
INM_MV,D,20170724,000000,15.42,17.47,15.42,16.45,0,0
INM_MV,D,20170725,000000,16.45,16.45,16.45,16.45,0,0
INM_MV,D,20170726,000000,16.45,18.5,16.45,18.5,0,0
INM_MV,D,20170727,000000,18.5,18.5,18.5,18.5,0,0
INM_MV,D,20170728,000000,18.5,18.5,17.47,18.5,0,0
INM_MV,D,20170731,000000,18.5,18.5,18.5,18.5,0,0
INM_MV,D,20170801,000000,18.5,18.5,17.47,17.47,0,0
INM_MV,D,20170802,000000,17.47,17.47,17.47,17.47,0,0
INM_MV,D,20170803,000000,18.5,18.5,18.5,18.5,0,0
INM_MV,D,20170804,000000,18.5,18.5,18.5,18.5,0,0
INM_MV,D,20170807,000000,18.5,19.53,17.47,19.53,0,0
INM_MV,D,20170808,000000,19.53,19.53,17.47,18.5,0,0
INM_MV,D,20170809,000000,19.53,25.7,19.53,24.67,0,0
INM_MV,D,20170810,000000,24.67,33.92,24.67,26.72,0,0
INM_MV,D,20170811,000000,25.7,33.92,25.7,32.89,0,0
INM_MV,D,20170814,000000,29.81,31.86,29.81,30.84,0,0
INM_MV,D,20170816,000000,33.92,40.09,31.86,31.86,0,0
INM_MV,D,20170817,000000,31.86,32.89,30.84,32.89,0,0
INM_MV,D,20170818,000000,32.89,34.95,28.78,30.84,0,0
INM_MV,D,20170821,000000,33.92,33.92,30.84,33.92,0,0
INM_MV,D,20170822,000000,31.86,33.92,30.84,33.92,0,0
INM_MV,D,20170823,000000,29.81,32.89,29.81,32.89,0,0
INM_MV,D,20170824,000000,29.81,30.84,28.78,29.81,0,0
INM_MV,D,20170825,000000,27.75,30.84,27.75,30.84,0,0
INM_MV,D,20170828,000000,31.86,32.89,28.78,32.89,0,0
INM_MV,D,20170830,000000,29.81,29.81,29.81,29.81,0,0
INM_MV,D,20170831,000000,28.78,28.78,28.78,28.78,0,0
INM_MV,D,20170901,000000,29.81,30.84,29.81,30.84,0,0
INM_MV,D,20170904,000000,31.86,32.89,30.84,30.84,0,0
INM_MV,D,20170905,000000,30.84,30.84,29.81,29.81,0,0
INM_MV,D,20170906,000000,29.81,29.81,29.81,29.81,0,0
INM_MV,D,20170907,000000,30.84,33.92,30.84,33.92,0,0
INM_MV,D,20170908,000000,32.89,33.92,29.81,29.81,0,0
INM_MV,D,20170912,000000,32.89,32.89,31.86,31.86,0,0
INM_MV,D,20170913,000000,31.86,33.92,30.84,33.92,0,0
INM_MV,D,20170914,000000,33.92,33.92,32.89,33.92,0,0
INM_MV,D,20170915,000000,34.95,35.98,33.92,34.95,0,0
INM_MV,D,20170918,000000,34.95,34.95,31.86,31.86,0,0
INM_MV,D,20170919,000000,31.86,33.92,31.86,33.92,0,0
INM_MV,D,20170920,000000,32.89,35.98,32.89,35.98,0,0
INM_MV,D,20170921,000000,35.98,35.98,33.92,34.95,0,0
INM_MV,D,20170922,000000,34.95,34.95,33.92,34.95,0,0
INM_MV,D,20170926,000000,34.95,34.95,34.95,34.95,0,0
INM_MV,D,20170927,000000,34.95,34.95,34.95,34.95,0,0
INM_MV,D,20171003,000000,33.92,38.03,32.89,38.03,0,0
INM_MV,D,20171005,000000,37,48.31,37,43.17,0,0
INM_MV,D,20171006,000000,46.25,51.39,46.25,49.34,0,0
INM_MV,D,20171009,000000,49.34,49.34,43.17,43.17,0,0
INM_MV,D,20171010,000000,50.37,51.39,45.23,46.25,0,0
INM_MV,D,20171011,000000,48.31,48.31,43.17,43.17,0,0
INM_MV,D,20171012,000000,41.11,42.14,41.11,42.14,0,0
INM_MV,D,20171013,000000,42.14,42.14,42.14,42.14,0,0
INM_MV,D,20171016,000000,46.25,46.25,41.11,46.25,0,0
INM_MV,D,20171017,000000,43.17,43.17,42.14,42.14,0,0
INM_MV,D,20171018,000000,45.23,50.37,45.23,50.37,0,0
INM_MV,D,20171019,000000,45.23,45.23,41.11,42.14,0,0
INM_MV,D,20171020,000000,42.14,46.25,42.14,44.2,0,0
INM_MV,D,20171023,000000,46.25,46.25,44.2,44.2,0,0
INM_MV,D,20171024,000000,46.25,46.25,46.25,46.25,0,0
INM_MV,D,20171025,000000,46.25,46.25,43.17,43.17,0,0
INM_MV,D,20171026,000000,44.2,47.28,44.2,47.28,0,0
INM_MV,D,20171027,000000,44.2,47.28,44.2,46.25,0,0
INM_MV,D,20171030,000000,46.25,46.25,44.2,44.2,0,0
INM_MV,D,20171031,000000,47.28,47.28,46.25,46.25,0,0
INM_MV,D,20171102,000000,46.25,46.25,46.25,46.25,0,0
INM_MV,D,20171103,000000,43.17,44.2,41.11,41.11,0,0
INM_MV,D,20171107,000000,41.11,45.23,41.11,45.23,0,0
INM_MV,D,20171108,000000,42.14,47.28,42.14,47.28,0,0
INM_MV,D,20171109,000000,46.25,46.25,44.2,44.2,0,0
INM_MV,D,20171110,000000,44.2,44.2,44.2,44.2,0,0
INM_MV,D,20171113,000000,44.2,44.2,44.2,44.2,0,0
INM_MV,D,20171115,000000,43.17,45.23,43.17,44.2,0,0
INM_MV,D,20171116,000000,45.23,45.23,45.23,45.23,0,0
INM_MV,D,20171117,000000,46.25,47.28,46.25,47.28,0,0
INM_MV,D,20171120,000000,47.28,50.37,47.28,49.34,0,0
INM_MV,D,20171121,000000,50.37,52.42,50.37,52.42,0,0
INM_MV,D,20171123,000000,48.31,48.31,48.31,48.31,0,0
INM_MV,D,20171124,000000,44.2,44.2,44.2,44.2,0,0
INM_MV,D,20171127,000000,45.23,48.31,45.23,48.31,0,0
INM_MV,D,20171128,000000,49.34,49.34,49.34,49.34,0,0
INM_MV,D,20171129,000000,46.25,51.39,44.2,51.39,0,0
INM_MV,D,20171130,000000,47.28,47.28,47.28,47.28,0,0
INM_MV,D,20171201,000000,47.28,47.28,47.28,47.28,0,0
INM_MV,D,20171204,000000,45.23,50.37,45.23,50.37,0,0
INM_MV,D,20171205,000000,44.2,50.37,44.2,50.37,0,0
INM_MV,D,20171206,000000,48.31,48.31,48.31,48.31,0,0
INM_MV,D,20171207,000000,48.31,48.31,48.31,48.31,0,0
INM_MV,D,20171208,000000,45.23,48.31,43.17,48.31,0,0
INM_MV,D,20171211,000000,48.31,57.56,48.31,56.53,0,0
INM_MV,D,20171212,000000,55.51,61.67,55.51,56.53,0,0
INM_MV,D,20171213,000000,59.62,61.67,54.48,55.51,0,0
INM_MV,D,20171214,000000,54.48,60.64,46.25,48.31,0,0
INM_MV,D,20171215,000000,50.37,50.37,44.2,44.2,0,0
INM_MV,D,20171218,000000,51.39,59.62,50.37,58.59,0,0
INM_MV,D,20171219,000000,57.56,57.56,46.25,52.42,0,0
INM_MV,D,20171220,000000,56.53,56.53,49.34,51.39,0,0
INM_MV,D,20171221,000000,47.28,51.39,46.25,51.39,0,0
INM_MV,D,20171222,000000,51.39,53.45,51.39,53.45,0,0
INM_MV,D,20171227,000000,51.39,51.39,51.39,51.39,0,0
INM_MV,D,20171229,000000,45.23,51.39,45.23,51.39,0,0
INM_MV,D,20180103,000000,56.53,56.53,46.25,50.37,0,0
INM_MV,D,20180104,000000,46.25,50.37,46.25,50.37,0,0
INM_MV,D,20180108,000000,50.37,54.48,49.34,54.48,0,0
INM_MV,D,20180109,000000,54.48,55.51,51.39,51.39,0,0
INM_MV,D,20180111,000000,47.28,51.39,47.28,47.28,0,0
INM_MV,D,20180115,000000,47.28,54.48,47.28,54.48,0,0
INM_MV,D,20180116,000000,54.48,54.48,54.48,54.48,0,0
INM_MV,D,20180118,000000,52.42,52.42,52.42,52.42,0,0
INM_MV,D,20180119,000000,50.37,58.59,50.37,57.56,0,0
INM_MV,D,20180122,000000,55.51,55.51,47.28,52.42,0,0
INM_MV,D,20180123,000000,51.39,57.56,51.39,57.56,0,0
INM_MV,D,20180124,000000,54.48,56.53,52.42,56.53,0,0
INM_MV,D,20180125,000000,56.53,56.53,56.53,56.53,0,0
INM_MV,D,20180126,000000,56.53,58.59,55.51,57.56,0,0
INM_MV,D,20180129,000000,58.59,68.87,58.59,65.78,0,0
INM_MV,D,20180130,000000,68.87,76.06,66.81,66.81,0,0
INM_MV,D,20180131,000000,66.81,66.81,58.59,60.64,0,0
INM_MV,D,20180201,000000,62.7,65.78,53.45,56.53,0,0
INM_MV,D,20180202,000000,61.67,63.73,59.62,63.73,0,0
INM_MV,D,20180205,000000,62.7,62.7,60.64,62.7,0,0
INM_MV,D,20180206,000000,63.73,63.73,57.56,63.73,0,0
INM_MV,D,20180207,000000,60.64,64.76,60.64,64.76,0,0
INM_MV,D,20180208,000000,64.76,68.87,62.7,68.87,0,0
INM_MV,D,20180209,000000,64.76,71.95,61.67,70.92,0,0
INM_MV,D,20180212,000000,66.81,71.95,63.73,71.95,0,0
INM_MV,D,20180213,000000,71.95,71.95,65.78,66.81,0,0
INM_MV,D,20180214,000000,65.78,69.9,64.76,68.87,0,0
INM_MV,D,20180215,000000,67.84,70.92,67.84,68.87,0,0
INM_MV,D,20180216,000000,69.9,70.92,69.9,69.9,0,0
INM_MV,D,20180219,000000,66.81,67.84,66.81,66.81,0,0
INM_MV,D,20180220,000000,69.9,70.92,68.87,70.92,0,0
INM_MV,D,20180221,000000,71.95,71.95,69.9,71.95,0,0
INM_MV,D,20180222,000000,70.92,77.09,70.92,77.09,0,0
INM_MV,D,20180223,000000,77.09,115.66,77.09,115.66,0,0
INM_MV,D,20180226,000000,118.51,121.37,114.23,119.94,0,0
INM_MV,D,20180227,000000,112.8,125.65,99.95,119.94,0,0
INM_MV,D,20180228,000000,117.09,117.09,101.38,108.52,0,0
INM_MV,D,20180301,000000,107.09,107.09,98.52,99.95,0,0
INM_MV,D,20180302,000000,99.95,104.23,99.95,102.81,0,0
INM_MV,D,20180305,000000,105.66,105.66,95.67,102.81,0,0
INM_MV,D,20180306,000000,102.81,105.66,99.95,105.66,0,0
INM_MV,D,20180307,000000,101.38,101.38,98.52,99.95,0,0
INM_MV,D,20180308,000000,98.52,99.95,91.38,99.95,0,0
INM_MV,D,20180309,000000,98.52,104.23,98.52,104.23,0,0
INM_MV,D,20180312,000000,99.95,101.38,98.52,99.95,0,0
INM_MV,D,20180313,000000,92.81,98.52,92.81,98.52,0,0
INM_MV,D,20180314,000000,97.1,98.52,97.1,98.52,0,0
INM_MV,D,20180315,000000,98.52,98.52,98.52,98.52,0,0
INM_MV,D,20180316,000000,98.52,99.95,95.67,98.52,0,0
INM_MV,D,20180319,000000,98.52,98.52,94.24,94.24,0,0
INM_MV,D,20180320,000000,94.24,94.24,82.82,85.67,0,0
INM_MV,D,20180321,000000,87.1,94.24,85.67,85.67,0,0
INM_MV,D,20180322,000000,85.67,88.53,81.39,88.53,0,0
INM_MV,D,20180323,000000,87.1,87.1,87.1,87.1,0,0
INM_MV,D,20180326,000000,84.24,87.1,84.24,87.1,0,0
INM_MV,D,20180327,000000,87.1,91.38,79.96,89.96,0,0
INM_MV,D,20180328,000000,89.96,89.96,88.53,88.53,0,0
INM_MV,D,20180329,000000,84.24,89.96,84.24,89.96,0,0
INM_MV,D,20180403,000000,84.24,89.96,78.53,79.96,0,0
INM_MV,D,20180404,000000,79.96,89.96,79.96,88.53,0,0
INM_MV,D,20180405,000000,79.96,87.1,79.96,87.1,0,0
INM_MV,D,20180406,000000,88.53,88.53,81.39,84.24,0,0
INM_MV,D,20180409,000000,78.53,78.53,75.68,78.53,0,0
INM_MV,D,20180410,000000,79.96,79.96,72.82,78.53,0,0
INM_MV,D,20180411,000000,78.53,78.53,78.53,78.53,0,0
INM_MV,D,20180412,000000,75.68,85.67,75.68,85.67,0,0
INM_MV,D,20180413,000000,79.96,82.82,79.96,82.82,0,0
INM_MV,D,20180416,000000,82.82,85.67,78.53,85.67,0,0
INM_MV,D,20180417,000000,85.67,89.96,82.82,89.96,0,0
INM_MV,D,20180418,000000,78.53,78.53,71.39,75.68,0,0
INM_MV,D,20180419,000000,72.82,74.25,68.54,72.82,0,0
INM_MV,D,20180420,000000,67.11,75.68,67.11,75.68,0,0
INM_MV,D,20180423,000000,72.82,72.82,72.82,72.82,0,0
INM_MV,D,20180424,000000,71.39,74.25,71.39,71.39,0,0
INM_MV,D,20180425,000000,71.39,72.82,71.39,72.82,0,0
INM_MV,D,20180426,000000,69.97,69.97,59.97,61.4,0,0
INM_MV,D,20180427,000000,67.11,71.39,62.83,71.39,0,0
INM_MV,D,20180502,000000,71.39,71.39,64.25,71.39,0,0
INM_MV,D,20180504,000000,71.39,72.82,71.39,72.82,0,0
INM_MV,D,20180507,000000,72.82,72.82,72.82,72.82,0,0
INM_MV,D,20180508,000000,67.11,72.82,67.11,72.82,0,0
INM_MV,D,20180510,000000,72.82,72.82,67.11,67.11,0,0
INM_MV,D,20180511,000000,71.39,71.39,65.68,69.97,0,0
INM_MV,D,20180514,000000,64.25,68.54,64.25,68.54,0,0
INM_MV,D,20180515,000000,67.11,68.54,62.83,68.54,0,0
INM_MV,D,20180516,000000,61.4,67.11,61.4,65.68,0,0
INM_MV,D,20180517,000000,65.68,65.68,65.68,65.68,0,0
INM_MV,D,20180521,000000,62.83,68.54,61.4,68.54,0,0
INM_MV,D,20180522,000000,61.4,61.4,58.54,58.54,0,0
INM_MV,D,20180523,000000,64.25,64.25,64.25,64.25,0,0
INM_MV,D,20180524,000000,58.54,64.25,48.55,49.98,0,0
INM_MV,D,20180525,000000,59.97,59.97,51.4,54.26,0,0
INM_MV,D,20180528,000000,54.26,59.97,54.26,59.97,0,0
INM_MV,D,20180529,000000,58.54,58.54,58.54,58.54,0,0
INM_MV,D,20180604,000000,58.54,58.54,58.54,58.54,0,0
INM_MV,D,20180607,000000,54.26,57.11,54.26,57.11,0,0
INM_MV,D,20180611,000000,57.11,58.54,57.11,58.54,0,0
INM_MV,D,20180613,000000,54.26,57.11,54.26,57.11,0,0
INM_MV,D,20180614,000000,54.26,55.69,51.4,55.69,0,0
INM_MV,D,20180615,000000,55.69,57.11,55.69,55.69,0,0
INM_MV,D,20180618,000000,55.69,57.11,55.69,57.11,0,0
INM_MV,D,20180619,000000,61.4,61.4,59.97,59.97,0,0
INM_MV,D,20180620,000000,62.83,62.83,62.83,62.83,0,0
INM_MV,D,20180621,000000,61.4,65.68,61.4,65.68,0,0
INM_MV,D,20180625,000000,58.54,65.68,57.11,57.11,0,0
INM_MV,D,20180627,000000,64.25,69.97,64.25,68.54,0,0
INM_MV,D,20180628,000000,68.54,68.54,57.11,61.4,0,0
INM_MV,D,20180629,000000,61.4,61.4,61.4,61.4,0,0
INM_MV,D,20180702,000000,61.4,61.4,61.4,61.4,0,0
INM_MV,D,20180704,000000,62.83,62.83,62.83,62.83,0,0
INM_MV,D,20180706,000000,57.11,64.25,57.11,64.25,0,0
INM_MV,D,20180709,000000,65.68,65.68,65.68,65.68,0,0
INM_MV,D,20180710,000000,59.97,67.11,59.97,67.11,0,0
INM_MV,D,20180711,000000,59.97,64.25,57.11,64.25,0,0
INM_MV,D,20180713,000000,68.54,68.54,65.68,65.68,0,0
INM_MV,D,20180716,000000,64.25,64.25,64.25,64.25,0,0
INM_MV,D,20180717,000000,59.97,64.25,58.54,58.54,0,0
INM_MV,D,20180718,000000,58.54,58.54,58.54,58.54,0,0
INM_MV,D,20180719,000000,54.26,54.26,54.26,54.26,0,0
INM_MV,D,20180723,000000,58.54,58.54,55.69,55.69,0,0
INM_MV,D,20180724,000000,55.69,55.69,54.26,54.26,0,0
INM_MV,D,20180725,000000,64.25,64.25,57.11,62.83,0,0
INM_MV,D,20180727,000000,55.69,62.83,55.69,62.83,0,0
INM_MV,D,20180730,000000,57.11,62.83,57.11,62.83,0,0
INM_MV,D,20180801,000000,58.54,62.83,58.54,58.54,0,0
INM_MV,D,20180803,000000,57.11,61.4,55.69,59.97,0,0
INM_MV,D,20180806,000000,55.69,55.69,51.4,51.4,0,0
INM_MV,D,20180808,000000,52.83,52.83,48.55,52.83,0,0
INM_MV,D,20180809,000000,48.55,51.4,48.55,51.4,0,0
INM_MV,D,20180810,000000,49.98,51.4,49.98,51.4,0,0
INM_MV,D,20180816,000000,45.69,52.83,45.69,52.83,0,0
INM_MV,D,20180817,000000,52.83,52.83,52.83,52.83,0,0
INM_MV,D,20180820,000000,49.98,49.98,49.98,49.98,0,0
INM_MV,D,20180829,000000,45.69,45.69,45.69,45.69,0,0
INM_MV,D,20180830,000000,47.12,51.4,44.26,51.4,0,0
INM_MV,D,20180903,000000,51.4,51.4,44.26,44.26,0,0
INM_MV,D,20180904,000000,44.26,44.26,42.84,44.26,0,0
INM_MV,D,20180905,000000,39.98,39.98,37.12,38.55,0,0
INM_MV,D,20180906,000000,41.41,41.41,41.41,41.41,0,0
INM_MV,D,20180907,000000,47.12,47.12,42.84,47.12,0,0
INM_MV,D,20180910,000000,42.84,45.69,42.84,44.26,0,0
INM_MV,D,20180911,000000,41.41,47.12,39.98,45.69,0,0
INM_MV,D,20180912,000000,45.69,45.69,45.69,45.69,0,0
INM_MV,D,20180913,000000,48.55,48.55,48.55,48.55,0,0
INM_MV,D,20180914,000000,48.55,49.98,45.69,49.98,0,0
INM_MV,D,20180917,000000,47.12,49.98,47.12,49.98,0,0
INM_MV,D,20180918,000000,47.12,49.98,47.12,49.98,0,0
INM_MV,D,20180919,000000,49.98,55.69,49.98,51.4,0,0
INM_MV,D,20180920,000000,51.4,55.69,51.4,55.69,0,0
INM_MV,D,20180921,000000,55.69,55.69,55.69,55.69,0,0
INM_MV,D,20180924,000000,49.98,49.98,48.55,48.55,0,0
INM_MV,D,20180925,000000,47.12,47.12,42.84,42.84,0,0
INM_MV,D,20180926,000000,42.84,42.84,41.41,41.41,0,0
INM_MV,D,20181003,000000,37.12,41.41,37.12,41.41,0,0
INM_MV,D,20181005,000000,42.84,48.55,42.84,44.26,0,0
INM_MV,D,20181008,000000,44.26,44.26,44.26,44.26,0,0
INM_MV,D,20181009,000000,47.12,55.69,42.84,55.69,0,0
INM_MV,D,20181010,000000,45.69,45.69,42.84,45.69,0,0
INM_MV,D,20181011,000000,45.69,47.12,41.41,47.12,0,0
INM_MV,D,20181015,000000,47.12,47.12,47.12,47.12,0,0
INM_MV,D,20181023,000000,42.84,49.98,39.98,48.55,0,0
INM_MV,D,20181025,000000,49.98,49.98,49.98,49.98,0,0
INM_MV,D,20181029,000000,48.55,48.55,48.55,48.55,0,0
INM_MV,D,20181102,000000,48.55,49.98,48.55,49.98,0,0
INM_MV,D,20181105,000000,45.69,48.55,44.26,48.55,0,0
INM_MV,D,20181106,000000,48.55,48.55,48.55,48.55,0,0
INM_MV,D,20181108,000000,48.55,55.69,44.26,51.4,0,0
INM_MV,D,20181109,000000,48.55,55.69,47.12,55.69,0,0
INM_MV,D,20181113,000000,47.12,55.69,47.12,55.69,0,0
INM_MV,D,20181114,000000,48.55,54.26,48.55,54.26,0,0
INM_MV,D,20181115,000000,54.26,54.26,54.26,54.26,0,0
INM_MV,D,20181116,000000,47.12,54.26,47.12,48.55,0,0
INM_MV,D,20181119,000000,54.26,54.26,54.26,54.26,0,0
INM_MV,D,20181121,000000,49.98,54.26,49.98,54.26,0,0
INM_MV,D,20181122,000000,51.4,54.26,51.4,54.26,0,0
INM_MV,D,20181126,000000,48.55,52.83,41.41,52.83,0,0
INM_MV,D,20181129,000000,47.12,49.98,44.26,44.26,0,0
INM_MV,D,20181130,000000,48.55,49.98,48.55,49.98,0,0
INM_MV,D,20181203,000000,48.55,48.55,48.55,48.55,0,0
INM_MV,D,20181204,000000,48.55,48.55,48.55,48.55,0,0
INM_MV,D,20181206,000000,42.84,48.55,42.84,48.55,0,0
INM_MV,D,20181210,000000,48.55,48.55,48.55,48.55,0,0
INM_MV,D,20181211,000000,49.98,51.4,44.26,44.26,0,0
INM_MV,D,20181213,000000,51.4,51.4,45.69,49.98,0,0
INM_MV,D,20181214,000000,47.12,51.4,44.26,51.4,0,0
INM_MV,D,20181217,000000,44.26,44.26,44.26,44.26,0,0
INM_MV,D,20181218,000000,45.69,49.98,44.26,44.26,0,0
INM_MV,D,20181219,000000,47.12,49.98,47.12,49.98,0,0
INM_MV,D,20181220,000000,49.98,51.4,49.98,51.4,0,0
INM_MV,D,20181221,000000,47.12,47.12,42.84,44.26,0,0
INM_MV,D,20181227,000000,49.98,49.98,42.84,45.69,0,0
INM_MV,D,20190102,000000,49.98,49.98,49.98,49.98,0,0
INM_MV,D,20190104,000000,49.98,49.98,45.69,47.12,0,0
INM_MV,D,20190110,000000,48.55,55.69,48.55,55.69,0,0
INM_MV,D,20190111,000000,55.69,55.69,49.98,55.69,0,0
INM_MV,D,20190114,000000,55.69,55.69,55.69,55.69,0,0
INM_MV,D,20190115,000000,48.55,54.26,48.55,54.26,0,0
INM_MV,D,20190116,000000,48.55,48.55,47.12,47.12,0,0
INM_MV,D,20190117,000000,49.98,49.98,49.98,49.98,0,0
INM_MV,D,20190121,000000,51.4,54.26,51.4,54.26,0,0
INM_MV,D,20190122,000000,52.83,54.26,52.83,54.26,0,0
INM_MV,D,20190123,000000,47.12,54.26,47.12,54.26,0,0
INM_MV,D,20190124,000000,47.12,47.12,47.12,47.12,0,0
INM_MV,D,20190125,000000,47.12,51.4,42.84,51.4,0,0
INM_MV,D,20190128,000000,59.97,64.25,54.26,57.11,0,0
INM_MV,D,20190129,000000,55.69,55.69,49.98,52.83,0,0
INM_MV,D,20190130,000000,52.83,58.54,48.55,58.54,0,0
INM_MV,D,20190131,000000,58.54,58.54,52.83,55.69,0,0
INM_MV,D,20190201,000000,57.11,57.11,49.98,54.26,0,0
INM_MV,D,20190204,000000,54.26,55.69,51.4,55.69,0,0
INM_MV,D,20190205,000000,52.83,57.11,52.83,55.69,0,0
INM_MV,D,20190206,000000,58.54,59.97,55.69,55.69,0,0
INM_MV,D,20190207,000000,57.11,57.11,52.83,57.11,0,0
INM_MV,D,20190208,000000,55.69,57.11,51.4,55.69,0,0
INM_MV,D,20190211,000000,51.4,52.83,49.98,49.98,0,0
INM_MV,D,20190212,000000,49.98,51.4,49.98,51.4,0,0
INM_MV,D,20190213,000000,51.4,52.83,48.55,52.83,0,0
INM_MV,D,20190214,000000,52.83,52.83,52.83,52.83,0,0
INM_MV,D,20190215,000000,48.55,49.98,48.55,49.98,0,0
INM_MV,D,20190218,000000,49.98,51.4,49.98,51.4,0,0
INM_MV,D,20190219,000000,51.4,54.26,49.98,54.26,0,0
INM_MV,D,20190220,000000,51.4,52.83,51.4,52.83,0,0
INM_MV,D,20190222,000000,54.26,54.26,52.83,52.83,0,0
INM_MV,D,20190225,000000,52.83,52.83,52.83,52.83,0,0
INM_MV,D,20190226,000000,51.4,51.4,51.4,51.4,0,0
INM_MV,D,20190227,000000,55.69,57.11,55.69,57.11,0,0
INM_MV,D,20190228,000000,55.69,55.69,55.69,55.69,0,0
INM_MV,D,20190301,000000,54.26,54.26,54.26,54.26,0,0
INM_MV,D,20190305,000000,51.4,58.54,51.4,58.54,0,0
INM_MV,D,20190306,000000,57.11,58.54,54.83,58.54,0,0
INM_MV,D,20190307,000000,61.4,64.25,55.4,59.97,0,0
INM_MV,D,20190308,000000,57.11,61.4,57.11,61.4,0,0
INM_MV,D,20190311,000000,64.25,64.25,57.11,62.83,0,0
INM_MV,D,20190312,000000,62.83,65.68,57.97,65.68,0,0
INM_MV,D,20190313,000000,66.54,69.97,65.68,69.97,0,0
INM_MV,D,20190314,000000,64.25,64.25,64.25,64.25,0,0
INM_MV,D,20190315,000000,61.11,69.39,60.26,69.39,0,0
INM_MV,D,20190318,000000,68.54,71.39,64.25,68.25,0,0
INM_MV,D,20190319,000000,69.97,72.82,68.54,69.97,0,0
INM_MV,D,20190320,000000,69.97,71.39,68.54,71.39,0,0
INM_MV,D,20190321,000000,64.25,71.11,62.83,65.68,0,0
INM_MV,D,20190322,000000,65.68,65.68,62.83,62.83,0,0
INM_MV,D,20190325,000000,60.26,63.97,55.69,58.54,0,0
INM_MV,D,20190326,000000,63.97,63.97,58.54,58.54,0,0
INM_MV,D,20190327,000000,59.97,63.68,59.97,63.68,0,0
INM_MV,D,20190328,000000,63.68,63.68,63.68,63.68,0,0
INM_MV,D,20190401,000000,57.4,63.4,57.4,57.4,0,0
INM_MV,D,20190402,000000,57.69,57.69,57.69,57.69,0,0
INM_MV,D,20190404,000000,57.4,57.4,57.4,57.4,0,0
INM_MV,D,20190408,000000,57.11,61.97,57.11,61.97,0,0
INM_MV,D,20190409,000000,58.54,58.54,58.54,58.54,0,0
INM_MV,D,20190410,000000,57.11,57.11,57.11,57.11,0,0
INM_MV,D,20190411,000000,57.11,59.97,51.4,59.97,0,0
INM_MV,D,20190412,000000,57.69,61.4,57.69,61.4,0,0
INM_MV,D,20190415,000000,57.69,61.4,57.69,58.26,0,0
INM_MV,D,20190418,000000,59.4,61.4,59.4,61.4,0,0
INM_MV,D,20190423,000000,59.97,59.97,59.97,59.97,0,0
INM_MV,D,20190424,000000,61.4,61.4,49.98,61.4,0,0
INM_MV,D,20190429,000000,57.11,63.97,57.11,58.54,0,0
INM_MV,D,20190430,000000,63.4,63.4,57.11,57.11,0,0
INM_MV,D,20190502,000000,63.97,63.97,63.97,63.97,0,0
INM_MV,D,20190506,000000,61.4,61.4,61.4,61.4,0,0
INM_MV,D,20190508,000000,52.83,62.54,52.83,62.54,0,0
INM_MV,D,20190509,000000,61.97,61.97,61.97,61.97,0,0
INM_MV,D,20190510,000000,52.83,59.97,52.83,59.97,0,0
INM_MV,D,20190513,000000,52.83,58.54,51.4,58.54,0,0
INM_MV,D,20190514,000000,55.4,57.11,55.4,57.11,0,0
INM_MV,D,20190517,000000,58.26,58.54,58.26,58.54,0,0
INM_MV,D,20190520,000000,62.83,68.54,60.83,68.54,0,0
INM_MV,D,20190521,000000,72.82,74.25,67.11,72.82,0,0
INM_MV,D,20190522,000000,72.82,77.11,71.39,74.96,0,0
INM_MV,D,20190523,000000,75.68,78.53,74.25,78.53,0,0
INM_MV,D,20190524,000000,78.53,84.24,78.53,82.82,0,0
INM_MV,D,20190527,000000,82.1,82.82,77.11,77.11,0,0
INM_MV,D,20190528,000000,79.96,79.96,72.82,78.53,0,0
INM_MV,D,20190529,000000,78.53,82.82,78.53,82.1,0,0
INM_MV,D,20190530,000000,82.1,82.82,77.11,78.53,0,0
INM_MV,D,20190531,000000,74.25,78.53,74.25,78.53,0,0
INM_MV,D,20190614,000000,62.83,74.96,62.83,74.96,0,0
INM_MV,D,20190617,000000,282.72,288.43,72.11,72.11,0,0
INM_MV,D,20190618,000000,70.32,72.11,70.32,72.11,0,0
INM_MV,D,20190619,000000,69.97,69.97,66.4,66.4,0,0
INM_MV,D,20190621,000000,66.4,68.54,66.04,68.54,0,0
INM_MV,D,20190624,000000,66.04,69.25,66.04,69.25,0,0
INM_MV,D,20190625,000000,66.04,68.54,62.83,65.68,0,0
INM_MV,D,20190626,000000,62.83,65.68,62.11,65.68,0,0
INM_MV,D,20190627,000000,62.11,67.47,58.54,67.47,0,0
INM_MV,D,20190628,000000,64.25,69.61,64.25,69.61,0,0
INM_MV,D,20190701,000000,65.68,68.54,62.47,66.04,0,0
INM_MV,D,20190702,000000,62.83,64.61,61.04,64.61,0,0
INM_MV,D,20190703,000000,62.47,62.47,61.04,61.04,0,0
INM_MV,D,20190704,000000,58.9,62.11,58.9,62.11,0,0
INM_MV,D,20190705,000000,58.9,58.9,58.54,58.54,0,0
INM_MV,D,20190708,000000,56.04,58.54,54.97,58.54,0,0
INM_MV,D,20190709,000000,51.76,53.55,51.76,53.55,0,0
INM_MV,D,20190710,000000,51.76,53.55,48.55,49.98,0,0
INM_MV,D,20190711,000000,49.98,49.98,49.98,49.98,0,0
INM_MV,D,20190712,000000,47.48,53.19,47.48,53.19,0,0
INM_MV,D,20190716,000000,49.98,51.05,49.98,51.05,0,0
INM_MV,D,20190717,000000,53.19,53.19,51.05,51.05,0,0
INM_MV,D,20190718,000000,51.05,51.05,51.05,51.05,0,0
INM_MV,D,20190719,000000,51.05,53.19,51.05,53.19,0,0
INM_MV,D,20190722,000000,67.47,67.47,64.25,64.25,0,0
INM_MV,D,20190723,000000,51.4,51.4,51.4,51.4,0,0
INM_MV,D,20190724,000000,51.4,60.68,51.4,60.33,0,0
INM_MV,D,20190729,000000,54.97,63.54,54.62,54.62,0,0
INM_MV,D,20190730,000000,54.97,63.18,54.97,63.18,0,0
INM_MV,D,20190731,000000,62.11,62.11,57.11,57.11,0,0
INM_MV,D,20190801,000000,53.55,57.11,53.55,53.55,0,0
INM_MV,D,20190806,000000,50.69,53.55,49.98,53.55,0,0
INM_MV,D,20190808,000000,49.98,49.98,46.41,49.98,0,0
INM_MV,D,20190809,000000,49.98,52.83,49.98,52.83,0,0
INM_MV,D,20190812,000000,52.83,62.83,52.12,52.12,0,0
INM_MV,D,20190813,000000,49.26,49.26,46.76,46.76,0,0
INM_MV,D,20190814,000000,47.12,47.12,47.12,47.12,0,0
INM_MV,D,20190816,000000,47.48,48.55,47.12,48.55,0,0
INM_MV,D,20190819,000000,46.76,48.55,46.76,48.55,0,0
INM_MV,D,20190823,000000,48.55,51.76,48.55,51.76,0,0
INM_MV,D,20190827,000000,51.76,54.62,51.76,54.62,0,0
INM_MV,D,20190828,000000,57.11,59.61,57.11,59.61,0,0
INM_MV,D,20190829,000000,55.69,55.69,53.9,53.9,0,0
INM_MV,D,20190830,000000,49.98,49.98,46.76,49.98,0,0
INM_MV,D,20190902,000000,48.19,48.19,48.19,48.19,0,0
INM_MV,D,20190903,000000,48.19,51.76,48.19,51.76,0,0
INM_MV,D,20190905,000000,46.41,51.4,46.41,51.4,0,0
INM_MV,D,20190906,000000,46.41,46.41,46.41,46.41,0,0
INM_MV,D,20190909,000000,51.4,51.4,46.41,46.41,0,0
INM_MV,D,20190910,000000,46.41,51.4,46.41,51.4,0,0
INM_MV,D,20190911,000000,47.12,51.4,46.76,47.48,0,0
INM_MV,D,20190913,000000,47.48,47.48,46.76,46.76,0,0
INM_MV,D,20190916,000000,48.19,48.19,48.19,48.19,0,0
INM_MV,D,20190917,000000,49.98,49.98,49.98,49.98,0,0
INM_MV,D,20190918,000000,46.41,49.98,44.62,44.62,0,0
INM_MV,D,20190919,000000,44.62,49.98,44.62,49.98,0,0
INM_MV,D,20190923,000000,44.62,48.19,44.62,48.19,0,0
INM_MV,D,20190924,000000,42.84,44.62,42.84,44.62,0,0
INM_MV,D,20190925,000000,45.33,45.33,45.33,45.33,0,0
INM_MV,D,20190926,000000,45.33,48.19,45.33,48.19,0,0
INM_MV,D,20190930,000000,48.19,57.11,48.19,57.11,0,0
INM_MV,D,20191001,000000,54.97,54.97,44.98,45.33,0,0
INM_MV,D,20191002,000000,45.33,50.33,45.33,50.33,0,0
INM_MV,D,20191003,000000,44.98,57.11,44.98,57.11,0,0
INM_MV,D,20191004,000000,53.55,53.55,44.62,48.19,0,0
INM_MV,D,20191007,000000,45.33,49.98,42.84,49.98,0,0
INM_MV,D,20191008,000000,49.98,53.55,49.98,53.19,0,0
INM_MV,D,20191010,000000,53.19,53.19,53.19,53.19,0,0
INM_MV,D,20191011,000000,53.19,53.19,48.19,48.19,0,0
INM_MV,D,20191015,000000,48.19,56.76,44.26,51.76,0,0
INM_MV,D,20191016,000000,44.26,48.19,44.26,48.19,0,0
INM_MV,D,20191021,000000,44.98,48.19,44.62,48.19,0,0
INM_MV,D,20191022,000000,44.62,48.19,44.62,48.19,0,0
INM_MV,D,20191028,000000,48.19,48.19,48.19,48.19,0,0
INM_MV,D,20191029,000000,48.19,51.4,44.98,51.4,0,0
INM_MV,D,20191030,000000,43.55,51.4,34.98,41.05,0,0
INM_MV,D,20191031,000000,46.41,46.41,46.41,46.41,0,0
INM_MV,D,20191104,000000,46.41,46.41,46.41,46.41,0,0
INM_MV,D,20191105,000000,42.84,46.41,42.84,46.41,0,0
INM_MV,D,20191106,000000,41.05,41.05,41.05,41.05,0,0
INM_MV,D,20191107,000000,41.05,48.19,41.05,48.19,0,0
INM_MV,D,20191108,000000,48.19,51.4,39.27,49.98,0,0
INM_MV,D,20191112,000000,42.84,44.62,39.98,41.05,0,0
INM_MV,D,20191113,000000,44.62,44.62,40.69,44.62,0,0
INM_MV,D,20191114,000000,39.98,44.62,39.98,39.98,0,0
INM_MV,D,20191115,000000,44.62,44.62,40.34,44.62,0,0
INM_MV,D,20191118,000000,44.62,44.62,40.34,44.62,0,0
INM_MV,D,20191121,000000,42.84,49.62,42.84,49.62,0,0
INM_MV,D,20191122,000000,44.98,49.62,44.62,44.62,0,0
INM_MV,D,20191125,000000,42.84,42.84,42.84,42.84,0,0
INM_MV,D,20191126,000000,39.98,44.62,39.98,44.62,0,0
INM_MV,D,20191128,000000,40.34,44.62,40.34,44.62,0,0
INM_MV,D,20191129,000000,44.62,49.62,44.62,49.62,0,0
INM_MV,D,20191202,000000,44.62,49.62,44.62,49.62,0,0
INM_MV,D,20191204,000000,48.19,48.19,42.84,48.19,0,0
INM_MV,D,20191205,000000,41.41,43.55,41.41,43.55,0,0
INM_MV,D,20191206,000000,43.55,45.69,41.41,45.69,0,0
INM_MV,D,20191209,000000,45.69,45.69,41.05,44.26,0,0
INM_MV,D,20191211,000000,44.26,44.26,40.34,44.26,0,0
INM_MV,D,20191212,000000,42.84,42.84,42.84,42.84,0,0
INM_MV,D,20191216,000000,44.26,44.26,35.7,35.7,0,0
INM_MV,D,20191217,000000,36.05,41.05,35.7,41.05,0,0
INM_MV,D,20191218,000000,42.84,42.84,41.05,42.48,0,0
INM_MV,D,20191219,000000,37.12,41.05,37.12,41.05,0,0
INM_MV,D,20191220,000000,37.84,41.05,37.48,41.05,0,0
INM_MV,D,20191223,000000,37.84,41.05,37.48,37.48,0,0
INM_MV,D,20191227,000000,44.26,44.26,40.69,43.55,0,0
INM_MV,D,20191230,000000,44.26,44.26,44.26,44.26,0,0
INM_MV,D,20200102,000000,44.26,44.26,40.69,43.55,0,0
INM_MV,D,20200103,000000,39.62,44.26,39.62,44.26,0,0
INM_MV,D,20200107,000000,39.27,43.19,39.27,43.19,0,0
INM_MV,D,20200108,000000,38.91,39.27,33.91,34.09,0,0
INM_MV,D,20200109,000000,39.27,39.27,39.27,39.27,0,0
INM_MV,D,20200113,000000,39.27,45.69,39.27,44.62,0,0
INM_MV,D,20200114,000000,44.62,44.62,42.84,44.26,0,0
INM_MV,D,20200115,000000,44.62,44.62,39.98,43.91,0,0
INM_MV,D,20200117,000000,39.98,41.05,39.27,41.05,0,0
INM_MV,D,20200120,000000,41.05,43.55,41.05,43.55,0,0
INM_MV,D,20200121,000000,42.84,43.55,39.27,43.55,0,0
INM_MV,D,20200122,000000,39.27,42.84,39.27,42.84,0,0
INM_MV,D,20200123,000000,39.27,42.84,39.27,42.84,0,0
INM_MV,D,20200127,000000,43.55,43.55,43.55,43.55,0,0
INM_MV,D,20200128,000000,43.19,43.55,41.05,43.55,0,0
INM_MV,D,20200129,000000,43.91,53.19,43.91,53.19,0,0
INM_MV,D,20200130,000000,53.55,60.68,49.98,55.33,0,0
INM_MV,D,20200203,000000,56.76,57.11,51.76,56.4,0,0
INM_MV,D,20200204,000000,56.76,56.76,53.55,56.04,0,0
INM_MV,D,20200205,000000,54.97,54.97,54.97,54.97,0,0
INM_MV,D,20200206,000000,54.26,56.4,54.26,56.4,0,0
INM_MV,D,20200207,000000,55.33,58.9,55.33,58.9,0,0
INM_MV,D,20200210,000000,58.9,60.33,56.4,60.33,0,0
INM_MV,D,20200211,000000,60.33,63.18,60.33,63.18,0,0
INM_MV,D,20200212,000000,62.47,62.83,59.97,62.83,0,0
INM_MV,D,20200213,000000,59.97,61.4,59.97,61.4,0,0
INM_MV,D,20200214,000000,61.04,61.04,61.04,61.04,0,0
INM_MV,D,20200217,000000,57.11,60.68,57.11,57.11,0,0
INM_MV,D,20200218,000000,57.11,61.4,57.11,61.4,0,0
INM_MV,D,20200219,000000,58.9,61.76,57.47,61.4,0,0
INM_MV,D,20200220,000000,61.4,61.4,61.4,61.4,0,0
INM_MV,D,20200221,000000,62.47,65.68,62.47,65.68,0,0
INM_MV,D,20200224,000000,66.04,67.47,64.97,64.97,0,0
INM_MV,D,20200225,000000,66.04,78.53,66.04,74.96,0,0
INM_MV,D,20200226,000000,73.54,73.54,68.89,70.68,0,0
INM_MV,D,20200227,000000,68.54,69.61,61.4,61.4,0,0
INM_MV,D,20200228,000000,64.25,65.33,51.4,64.97,0,0
INM_MV,D,20200302,000000,54.62,59.26,53.9,59.26,0,0
INM_MV,D,20200303,000000,59.26,59.26,59.26,59.26,0,0
INM_MV,D,20200306,000000,57.83,59.26,57.83,59.26,0,0
INM_MV,D,20200309,000000,57.11,57.11,49.26,57.11,0,0
INM_MV,D,20200310,000000,51.4,51.4,47.48,51.05,0,0
INM_MV,D,20200311,000000,49.98,49.98,49.98,49.98,0,0
INM_MV,D,20200312,000000,39.98,47.83,32.13,41.05,0,0
INM_MV,D,20200313,000000,35.7,41.05,35.7,40.69,0,0
INM_MV,D,20200316,000000,46.41,46.41,46.41,46.41,0,0
INM_MV,D,20200317,000000,41.05,46.41,41.05,46.41,0,0
INM_MV,D,20200318,000000,46.41,46.41,46.41,46.41,0,0
INM_MV,D,20200319,000000,46.05,46.05,46.05,46.05,0,0
INM_MV,D,20200320,000000,46.05,49.98,42.84,49.98,0,0
INM_MV,D,20200323,000000,42.84,49.98,41.05,49.26,0,0
INM_MV,D,20200324,000000,42.84,44.62,42.84,44.62,0,0
INM_MV,D,20200325,000000,42.84,44.62,42.84,44.62,0,0
INM_MV,D,20200326,000000,44.62,44.62,44.62,44.62,0,0
INM_MV,D,20200327,000000,48.19,49.98,46.41,49.98,0,0
INM_MV,D,20200330,000000,49.98,49.98,44.62,46.41,0,0
INM_MV,D,20200331,000000,44.62,46.41,44.62,46.41,0,0
INM_MV,D,20200401,000000,44.62,46.41,42.84,46.41,0,0
INM_MV,D,20200402,000000,44.26,46.41,42.84,46.41,0,0
INM_MV,D,20200406,000000,46.41,55.33,46.41,55.33,0,0
INM_MV,D,20200407,000000,66.4,77.82,60.68,60.68,0,0
INM_MV,D,20200408,000000,60.68,60.68,49.98,59.97,0,0
INM_MV,D,20200409,000000,55.33,65.68,49.98,58.9,0,0
INM_MV,D,20200414,000000,58.9,58.9,50.69,58.54,0,0
INM_MV,D,20200415,000000,51.4,55.33,51.4,55.33,0,0
INM_MV,D,20200416,000000,55.33,58.9,55.33,58.9,0,0
INM_MV,D,20200417,000000,57.11,62.83,53.55,57.11,0,0
INM_MV,D,20200420,000000,55.33,56.76,55.33,56.76,0,0
INM_MV,D,20200421,000000,57.11,57.11,53.55,55.33,0,0
INM_MV,D,20200422,000000,58.54,58.54,53.55,55.33,0,0
INM_MV,D,20200423,000000,53.9,55.33,51.05,55.33,0,0
INM_MV,D,20200427,000000,53.55,58.54,53.55,54.62,0,0
INM_MV,D,20200428,000000,54.26,58.19,53.9,58.19,0,0
INM_MV,D,20200429,000000,58.19,58.19,58.19,58.19,0,0
INM_MV,D,20200430,000000,54.26,57.83,54.26,57.83,0,0
INM_MV,D,20200505,000000,58.19,64.25,58.19,64.25,0,0
INM_MV,D,20200506,000000,62.47,63.9,58.54,63.54,0,0
INM_MV,D,20200507,000000,59.97,63.18,59.97,63.18,0,0
INM_MV,D,20200508,000000,59.97,63.18,59.97,63.18,0,0
INM_MV,D,20200511,000000,60.33,63.18,59.26,63.18,0,0
INM_MV,D,20200512,000000,59.26,63.18,59.26,63.18,0,0
INM_MV,D,20200513,000000,61.4,63.54,53.55,58.9,0,0
INM_MV,D,20200514,000000,58.9,58.9,58.9,58.9,0,0
INM_MV,D,20200515,000000,60.68,63.54,60.68,63.54,0,0
INM_MV,D,20200518,000000,58.9,60.68,51.76,51.76,0,0
INM_MV,D,20200519,000000,54.26,58.54,43.55,55.33,0,0
INM_MV,D,20200520,000000,53.55,81.39,53.55,81.39,0,0
INM_MV,D,20200521,000000,81.39,98.52,81.39,90.67,0,0
INM_MV,D,20200522,000000,89.24,89.96,76.39,84.96,0,0
INM_MV,D,20200525,000000,86.39,87.1,78.53,87.1,0,0
INM_MV,D,20200526,000000,87.1,95.67,85.67,95.67,0,0
INM_MV,D,20200527,000000,99.95,99.95,79.96,84.96,0,0
INM_MV,D,20200528,000000,82.1,82.1,74.96,78.53,0,0
INM_MV,D,20200529,000000,78.53,83.53,78.53,83.53,0,0
INM_MV,D,20200601,000000,83.53,83.53,71.39,79.25,0,0
INM_MV,D,20200602,000000,79.25,81.39,77.82,80.67,0,0
INM_MV,D,20200603,000000,84.24,84.24,66.04,69.25,0,0
INM_MV,D,20200604,000000,70.68,71.39,68.89,71.39,0,0
INM_MV,D,20200605,000000,72.82,74.25,62.47,64.97,0,0
INM_MV,D,20200608,000000,63.9,63.9,51.4,54.26,0,0
INM_MV,D,20200609,000000,54.26,57.83,54.26,57.11,0,0
INM_MV,D,20200610,000000,64.25,64.25,49.26,49.98,0,0
INM_MV,D,20200612,000000,46.41,51.76,46.41,51.76,0,0
INM_MV,D,20200615,000000,53.55,54.62,51.05,52.83,0,0
INM_MV,D,20200616,000000,53.55,53.55,37.48,38.91,0,0
INM_MV,D,20200617,000000,36.41,44.26,36.41,44.26,0,0
INM_MV,D,20200618,000000,46.41,47.83,44.26,45.69,0,0
INM_MV,D,20200619,000000,51.05,51.05,45.69,47.83,0,0
INM_MV,D,20200622,000000,47.83,47.83,43.19,43.91,0,0
INM_MV,D,20200623,000000,46.41,46.41,36.05,36.05,0,0
INM_MV,D,20200624,000000,37.48,39.27,37.48,38.91,0,0
INM_MV,D,20200625,000000,39.62,41.41,38.2,38.55,0,0
INM_MV,D,20200626,000000,38.91,38.91,36.41,37.48,0,0
INM_MV,D,20200629,000000,39.27,39.27,36.05,37.12,0,0
INM_MV,D,20200630,000000,37.12,37.12,30.7,32.31,0,0
INM_MV,D,20200701,000000,33.73,33.73,29.63,33.38,0,0
INM_MV,D,20200702,000000,33.55,37.48,32.13,36.41,0,0
INM_MV,D,20200703,000000,36.77,37.12,34.98,35.7,0,0
INM_MV,D,20200706,000000,36.77,38.91,36.41,38.91,0,0
INM_MV,D,20200707,000000,38.91,38.91,37.12,37.48,0,0
INM_MV,D,20200708,000000,37.48,37.48,35.7,37.48,0,0
INM_MV,D,20200709,000000,37.48,42.84,35.7,41.41,0,0
INM_MV,D,20200710,000000,42.48,44.98,41.05,42.48,0,0
INM_MV,D,20200713,000000,42.48,42.84,38.55,39.62,0,0
INM_MV,D,20200714,000000,42.84,42.84,35.7,35.7,0,0
INM_MV,D,20200715,000000,37.48,39.27,37.12,37.12,0,0
INM_MV,D,20200716,000000,37.84,38.91,36.77,37.48,0,0
INM_MV,D,20200717,000000,36.05,38.55,36.05,37.12,0,0
INM_MV,D,20200720,000000,38.91,38.91,34.63,35.52,0,0
INM_MV,D,20200721,000000,35.52,37.84,33.55,35.34,0,0
INM_MV,D,20200722,000000,37.12,39.27,34.8,39.27,0,0
INM_MV,D,20200723,000000,41.41,41.41,38.91,40.34,0,0
INM_MV,D,20200724,000000,45.33,45.33,39.98,40.34,0,0
INM_MV,D,20200727,000000,41.05,50.33,40.69,49.98,0,0
INM_MV,D,20200728,000000,52.83,64.61,47.83,59.97,0,0
INM_MV,D,20200729,000000,64.25,64.25,54.26,54.97,0,0
INM_MV,D,20200730,000000,54.97,54.97,39.27,39.62,0,0
INM_MV,D,20200731,000000,42.84,46.05,42.84,44.62,0,0
INM_MV,D,20200803,000000,46.41,53.55,46.41,52.83,0,0
INM_MV,D,20200804,000000,55.33,56.04,47.48,52.47,0,0
INM_MV,D,20200805,000000,53.55,53.55,49.62,50.69,0,0
INM_MV,D,20200806,000000,49.26,53.19,49.26,51.05,0,0
INM_MV,D,20200807,000000,51.4,51.4,45.33,49.26,0,0
INM_MV,D,20200810,000000,51.05,53.9,51.05,53.9,0,0
INM_MV,D,20200811,000000,54.62,57.11,50.69,52.12,0,0
INM_MV,D,20200812,000000,52.47,52.47,46.05,46.76,0,0
INM_MV,D,20200813,000000,46.76,48.55,46.41,47.48,0,0
INM_MV,D,20200814,000000,46.76,49.98,46.76,49.98,0,0
INM_MV,D,20200817,000000,48.55,51.76,46.76,51.4,0,0
INM_MV,D,20200818,000000,51.76,51.76,48.19,49.98,0,0
INM_MV,D,20200819,000000,49.98,49.98,48.19,48.55,0,0
INM_MV,D,20200820,000000,48.55,51.4,47.12,49.98,0,0
INM_MV,D,20200821,000000,51.05,51.05,48.19,48.9,0,0
INM_MV,D,20200824,000000,48.55,49.26,47.48,47.83,0,0
INM_MV,D,20200825,000000,48.9,48.9,39.27,46.05,0,0
INM_MV,D,20200826,000000,43.91,45.33,40.69,42.48,0,0
INM_MV,D,20200827,000000,43.55,43.91,41.77,43.55,0,0
INM_MV,D,20200828,000000,43.55,44.62,41.77,42.48,0,0
INM_MV,D,20200831,000000,42.84,42.84,38.91,40.69,0,0
INM_MV,D,20200901,000000,39.98,42.48,39.27,42.12,0,0
INM_MV,D,20200902,000000,42.12,42.84,39.27,40.34,0,0
INM_MV,D,20200903,000000,40.34,41.41,38.55,38.91,0,0
INM_MV,D,20200904,000000,38.2,39.27,37.84,38.91,0,0
INM_MV,D,20200907,000000,38.91,41.41,36.41,38.2,0,0
INM_MV,D,20200908,000000,38.55,38.55,30.88,33.38,0,0
INM_MV,D,20200909,000000,32.84,37.84,32.84,37.12,0,0
INM_MV,D,20200910,000000,37.48,37.84,34.63,37.12,0,0
INM_MV,D,20200911,000000,37.12,37.48,35.16,36.41,0,0
INM_MV,D,20200914,000000,36.77,37.48,34.98,37.48,0,0
INM_MV,D,20200915,000000,36.41,38.2,36.05,37.48,0,0
INM_MV,D,20200916,000000,36.41,36.77,35.34,36.77,0,0
INM_MV,D,20200917,000000,36.05,36.41,34.98,35.34,0,0
INM_MV,D,20200918,000000,35.34,37.48,35.16,36.77,0,0
INM_MV,D,20200921,000000,36.77,36.77,35.34,35.34,0,0
INM_MV,D,20200922,000000,34.27,35.7,33.91,35.16,0,0
INM_MV,D,20200923,000000,35.16,35.7,32.84,34.27,0,0
INM_MV,D,20200924,000000,33.91,34.63,32.48,32.48,0,0
INM_MV,D,20200925,000000,32.48,34.27,32.13,32.84,0,0
INM_MV,D,20200928,000000,33.02,33.91,32.13,32.48,0,0
INM_MV,D,20200929,000000,33.2,33.55,32.31,33.2,0,0
INM_MV,D,20200930,000000,33.2,33.2,31.06,31.06,0,0
INM_MV,D,20201001,000000,31.59,31.77,30.52,31.77,0,0
INM_MV,D,20201002,000000,31.77,34.09,30.7,32.13,0,0
INM_MV,D,20201005,000000,32.13,37.48,32.13,37.48,0,0
INM_MV,D,20201006,000000,38.91,40.69,36.05,37.84,0,0
INM_MV,D,20201007,000000,37.84,41.05,37.48,39.27,0,0
INM_MV,D,20201008,000000,40.34,46.41,40.34,46.41,0,0
INM_MV,D,20201009,000000,52.47,55.33,48.19,48.55,0,0
INM_MV,D,20201012,000000,51.76,52.47,47.83,47.83,0,0
INM_MV,D,20201013,000000,49.98,60.84,41.41,60.84,0,0
INM_MV,D,20201014,000000,60.84,61.34,55.26,57.79,0,0
INM_MV,D,20201015,000000,60.33,60.33,50.19,51.71,0,0
INM_MV,D,20201016,000000,51.71,55.77,51.71,54.75,0,0
