<TICKER>,<PER>,<DATE>,<TIME>,<OPEN>,<HIGH>,<LOW>,<CLOSE>,<VOL>,<OPENINT>
MGA_MV,D,20140312,000000,5.64,5.64,5.64,5.64,0,0
MGA_MV,D,20140313,000000,5.49,5.49,5.1,5.38,0,0
MGA_MV,D,20140314,000000,5.01,5.01,4.12,4.87,0,0
MGA_MV,D,20140317,000000,4.49,4.87,4.36,4.36,0,0
MGA_MV,D,20140318,000000,4.49,4.49,4.36,4.49,0,0
MGA_MV,D,20140319,000000,4.15,4.49,4.15,4.49,0,0
MGA_MV,D,20140320,000000,4.15,4.15,3.85,4.1,0,0
MGA_MV,D,20140321,000000,4.36,4.36,4.36,4.36,0,0
MGA_MV,D,20140325,000000,4.23,4.23,4.23,4.23,0,0
MGA_MV,D,20140326,000000,4.1,4.1,4.1,4.1,0,0
MGA_MV,D,20140331,000000,4.1,4.1,3.97,3.97,0,0
MGA_MV,D,20140402,000000,3.97,3.97,3.97,3.97,0,0
MGA_MV,D,20140403,000000,3.91,3.91,3.59,3.85,0,0
MGA_MV,D,20140409,000000,3.85,3.85,3.85,3.85,0,0
MGA_MV,D,20140411,000000,3.97,3.97,3.97,3.97,0,0
MGA_MV,D,20140422,000000,3.97,3.97,3.97,3.97,0,0
MGA_MV,D,20140430,000000,4.19,4.19,4.19,4.19,0,0
MGA_MV,D,20140502,000000,3.91,4.19,3.91,4.19,0,0
MGA_MV,D,20140506,000000,3.65,3.65,3.65,3.65,0,0
MGA_MV,D,20140512,000000,3.14,3.46,3.09,3.46,0,0
MGA_MV,D,20140513,000000,3.65,3.65,3.14,3.21,0,0
MGA_MV,D,20140514,000000,3.08,3.08,2.56,3.01,0,0
MGA_MV,D,20140516,000000,2.69,2.69,2.56,2.56,0,0
MGA_MV,D,20140519,000000,2.56,3.08,2.56,3.08,0,0
MGA_MV,D,20140520,000000,2.71,3.01,2.71,3.01,0,0
MGA_MV,D,20140521,000000,2.82,3.01,2.82,3.01,0,0
MGA_MV,D,20140526,000000,2.69,2.69,2.65,2.69,0,0
MGA_MV,D,20140527,000000,2.5,2.69,2.5,2.63,0,0
MGA_MV,D,20140528,000000,2.56,2.67,2.56,2.67,0,0
MGA_MV,D,20140530,000000,2.67,2.69,2.67,2.69,0,0
MGA_MV,D,20140602,000000,2.56,2.56,2.46,2.46,0,0
MGA_MV,D,20140603,000000,2.5,2.69,2.5,2.69,0,0
MGA_MV,D,20140606,000000,2.56,2.79,2.56,2.79,0,0
MGA_MV,D,20140609,000000,2.5,2.79,2.5,2.79,0,0
MGA_MV,D,20140610,000000,2.56,2.56,2.56,2.56,0,0
MGA_MV,D,20140611,000000,2.69,2.95,2.56,2.69,0,0
MGA_MV,D,20140612,000000,2.49,2.69,2.49,2.69,0,0
MGA_MV,D,20140617,000000,2.56,2.69,2.56,2.69,0,0
MGA_MV,D,20140623,000000,2.49,2.55,2.49,2.55,0,0
MGA_MV,D,20140624,000000,2.55,2.55,2.5,2.5,0,0
MGA_MV,D,20140626,000000,2.59,2.59,2.59,2.59,0,0
MGA_MV,D,20140627,000000,2.56,2.82,2.56,2.82,0,0
MGA_MV,D,20140630,000000,2.69,3.06,2.69,3.06,0,0
MGA_MV,D,20140701,000000,2.58,2.82,2.58,2.82,0,0
MGA_MV,D,20140707,000000,2.82,2.82,2.69,2.81,0,0
MGA_MV,D,20140710,000000,2.68,2.81,2.56,2.56,0,0
MGA_MV,D,20140716,000000,2.44,2.55,2.19,2.55,0,0
MGA_MV,D,20140728,000000,2.31,2.44,2.19,2.44,0,0
MGA_MV,D,20140805,000000,2.44,2.44,2.44,2.44,0,0
MGA_MV,D,20140807,000000,2.31,2.31,1.94,1.94,0,0
MGA_MV,D,20140808,000000,1.95,2.31,1.95,2.31,0,0
MGA_MV,D,20140822,000000,2.37,2.37,2.37,2.37,0,0
MGA_MV,D,20140825,000000,2.53,2.53,2.53,2.53,0,0
MGA_MV,D,20140826,000000,2.31,2.31,1.92,2.18,0,0
MGA_MV,D,20140827,000000,2.31,2.31,2.31,2.31,0,0
MGA_MV,D,20140828,000000,2.18,2.18,2.18,2.18,0,0
MGA_MV,D,20140829,000000,2.31,2.31,2.18,2.29,0,0
MGA_MV,D,20140908,000000,2.05,2.05,2.05,2.05,0,0
MGA_MV,D,20140911,000000,2.12,2.44,2.12,2.42,0,0
MGA_MV,D,20140916,000000,2.12,2.12,2.12,2.12,0,0
MGA_MV,D,20140917,000000,2.05,2.12,2.05,2.12,0,0
MGA_MV,D,20140918,000000,2.18,2.18,2.18,2.18,0,0
MGA_MV,D,20140919,000000,2.12,2.12,2.12,2.12,0,0
MGA_MV,D,20140922,000000,2.05,2.05,2.05,2.05,0,0
MGA_MV,D,20140924,000000,2.1,3.01,2.1,3.01,0,0
MGA_MV,D,20140925,000000,3.33,3.56,3.08,3.53,0,0
MGA_MV,D,20140926,000000,2.82,3.08,2.31,2.31,0,0
MGA_MV,D,20140929,000000,2.31,2.69,1.92,2.69,0,0
MGA_MV,D,20140930,000000,2.82,3.08,2.26,3.08,0,0
MGA_MV,D,20141001,000000,2.56,2.69,2.44,2.69,0,0
MGA_MV,D,20141002,000000,2.69,3.01,2.31,2.4,0,0
MGA_MV,D,20141003,000000,2.4,2.4,2.4,2.4,0,0
MGA_MV,D,20141006,000000,2.41,2.69,2.4,2.55,0,0
MGA_MV,D,20141007,000000,2.67,2.68,2.31,2.44,0,0
MGA_MV,D,20141008,000000,2.31,2.31,2.31,2.31,0,0
MGA_MV,D,20141010,000000,2.37,2.37,2.18,2.18,0,0
MGA_MV,D,20141013,000000,2.31,2.69,2.31,2.62,0,0
MGA_MV,D,20141014,000000,2.69,3.45,2.5,3.45,0,0
MGA_MV,D,20141015,000000,3.08,3.44,2.71,3.29,0,0
MGA_MV,D,20141016,000000,3.29,3.36,3.21,3.21,0,0
MGA_MV,D,20141017,000000,3.21,3.21,3.21,3.21,0,0
MGA_MV,D,20141020,000000,3.21,3.21,3.21,3.21,0,0
MGA_MV,D,20141021,000000,3.38,3.71,3.21,3.71,0,0
MGA_MV,D,20141022,000000,3.71,4.05,3.71,3.85,0,0
MGA_MV,D,20141023,000000,3.9,3.9,3.9,3.9,0,0
MGA_MV,D,20141024,000000,4.35,4.36,3.97,3.97,0,0
MGA_MV,D,20141027,000000,3.97,4.36,3.97,4.36,0,0
MGA_MV,D,20141028,000000,4.36,4.36,4.29,4.29,0,0
MGA_MV,D,20141029,000000,4.1,4.1,4.1,4.1,0,0
MGA_MV,D,20141030,000000,3.97,4.36,3.62,3.85,0,0
MGA_MV,D,20141103,000000,4.32,4.32,3.85,4.23,0,0
MGA_MV,D,20141104,000000,4.22,4.22,3.85,4.19,0,0
MGA_MV,D,20141105,000000,4.1,4.35,4.1,4.35,0,0
MGA_MV,D,20141106,000000,4.36,4.36,4.1,4.36,0,0
MGA_MV,D,20141107,000000,3.97,4.36,3.97,4.36,0,0
MGA_MV,D,20141110,000000,4.18,4.36,4.1,4.33,0,0
MGA_MV,D,20141112,000000,4.33,4.33,4.12,4.27,0,0
MGA_MV,D,20141113,000000,4.28,4.28,3.97,3.97,0,0
MGA_MV,D,20141114,000000,3.59,4.23,3.59,4.1,0,0
MGA_MV,D,20141117,000000,4.04,4.1,3.59,4.09,0,0
MGA_MV,D,20141118,000000,3.72,4.08,3.27,3.65,0,0
MGA_MV,D,20141119,000000,3.65,3.72,3.22,3.72,0,0
MGA_MV,D,20141120,000000,3.33,3.72,3.33,3.59,0,0
MGA_MV,D,20141121,000000,3.59,4.1,3.59,4.1,0,0
MGA_MV,D,20141124,000000,3.86,4.1,3.72,4.1,0,0
MGA_MV,D,20141125,000000,3.6,3.96,3.6,3.95,0,0
MGA_MV,D,20141126,000000,3.78,3.78,3.78,3.78,0,0
MGA_MV,D,20141127,000000,3.59,3.71,3.59,3.71,0,0
MGA_MV,D,20141128,000000,3.59,3.78,3.59,3.78,0,0
MGA_MV,D,20141201,000000,3.77,3.78,3.77,3.78,0,0
MGA_MV,D,20141202,000000,3.46,3.72,3.46,3.72,0,0
MGA_MV,D,20141203,000000,3.65,3.85,3.65,3.85,0,0
MGA_MV,D,20141204,000000,3.83,3.85,3.65,3.83,0,0
MGA_MV,D,20141205,000000,3.83,3.83,3.65,3.83,0,0
MGA_MV,D,20141208,000000,3.08,3.72,3.08,3.71,0,0
MGA_MV,D,20141209,000000,3.69,3.69,3.46,3.46,0,0
MGA_MV,D,20141210,000000,3.4,3.59,3.08,3.59,0,0
MGA_MV,D,20141211,000000,3.22,3.59,3.22,3.46,0,0
MGA_MV,D,20141212,000000,3.46,4.1,3.46,4.1,0,0
MGA_MV,D,20141215,000000,4.28,4.47,3.6,3.97,0,0
MGA_MV,D,20141216,000000,3.72,3.85,3.59,3.85,0,0
MGA_MV,D,20141217,000000,3.85,3.85,3.59,3.72,0,0
MGA_MV,D,20141218,000000,3.72,3.78,3.72,3.78,0,0
MGA_MV,D,20141219,000000,3.59,3.78,3.46,3.78,0,0
MGA_MV,D,20141222,000000,3.78,3.94,3.47,3.94,0,0
MGA_MV,D,20141223,000000,3.59,3.81,3.59,3.81,0,0
MGA_MV,D,20141230,000000,3.59,3.59,3.59,3.59,0,0
MGA_MV,D,20150102,000000,3.55,3.55,3.55,3.55,0,0
MGA_MV,D,20150105,000000,3.4,3.72,3.4,3.72,0,0
MGA_MV,D,20150107,000000,3.72,3.72,3.44,3.59,0,0
MGA_MV,D,20150108,000000,3.46,3.72,3.46,3.72,0,0
MGA_MV,D,20150109,000000,3.72,3.92,3.72,3.92,0,0
MGA_MV,D,20150112,000000,3.94,4.06,3.94,3.94,0,0
MGA_MV,D,20150113,000000,3.92,4.17,3.92,4.17,0,0
MGA_MV,D,20150114,000000,4.17,4.17,4.04,4.1,0,0
MGA_MV,D,20150115,000000,4.1,4.28,3.88,4.17,0,0
MGA_MV,D,20150116,000000,4,4.17,4,4.17,0,0
MGA_MV,D,20150119,000000,4.04,4.04,3.85,4.04,0,0
MGA_MV,D,20150120,000000,4.18,4.35,4.18,4.35,0,0
MGA_MV,D,20150121,000000,4.21,4.35,4.12,4.33,0,0
MGA_MV,D,20150122,000000,4.23,4.73,4.23,4.73,0,0
MGA_MV,D,20150123,000000,4.74,5.64,4.62,5.38,0,0
MGA_MV,D,20150126,000000,5.23,5.23,4.87,4.99,0,0
MGA_MV,D,20150127,000000,4.74,5.32,4.74,5.32,0,0
MGA_MV,D,20150128,000000,5.28,5.28,5.28,5.28,0,0
MGA_MV,D,20150129,000000,5.22,5.22,4.96,5.06,0,0
MGA_MV,D,20150130,000000,4.94,5,4.87,5,0,0
MGA_MV,D,20150202,000000,5.22,5.22,4.94,5.22,0,0
MGA_MV,D,20150203,000000,5,5.18,5,5.18,0,0
MGA_MV,D,20150204,000000,5.38,5.77,5.29,5.74,0,0
MGA_MV,D,20150205,000000,5.77,8.31,5.77,7.88,0,0
MGA_MV,D,20150206,000000,7.92,7.92,7.12,7.72,0,0
MGA_MV,D,20150209,000000,7.73,8.91,7.73,7.76,0,0
MGA_MV,D,20150210,000000,7.95,8.08,7.82,8.05,0,0
MGA_MV,D,20150211,000000,8.14,8.33,7.69,8.32,0,0
MGA_MV,D,20150212,000000,8.33,8.46,8.08,8.46,0,0
MGA_MV,D,20150213,000000,8.85,8.85,7.56,7.69,0,0
MGA_MV,D,20150216,000000,7.69,7.69,6.22,6.56,0,0
MGA_MV,D,20150217,000000,6.56,7.82,6.41,7.69,0,0
MGA_MV,D,20150218,000000,7.82,8.08,7.56,8.06,0,0
MGA_MV,D,20150219,000000,7.56,7.82,7.56,7.82,0,0
MGA_MV,D,20150220,000000,7.53,7.82,7.53,7.82,0,0
MGA_MV,D,20150223,000000,7.99,7.99,6.92,7.95,0,0
MGA_MV,D,20150224,000000,7.69,8.05,7.69,8.04,0,0
MGA_MV,D,20150225,000000,7.82,7.88,7.71,7.71,0,0
MGA_MV,D,20150226,000000,7.71,7.88,7.71,7.88,0,0
MGA_MV,D,20150227,000000,7.88,7.88,7.71,7.82,0,0
MGA_MV,D,20150302,000000,8.21,8.45,7.69,8.44,0,0
MGA_MV,D,20150303,000000,8.45,10.06,8.45,10,0,0
MGA_MV,D,20150304,000000,10,11.92,9.1,11.28,0,0
MGA_MV,D,20150305,000000,11.28,11.58,11.03,11.51,0,0
MGA_MV,D,20150306,000000,11.03,11.15,11.03,11.03,0,0
MGA_MV,D,20150309,000000,11.03,11.28,10.38,11.15,0,0
MGA_MV,D,20150310,000000,10.77,11.67,10.45,11.67,0,0
MGA_MV,D,20150311,000000,11.67,11.92,11.67,11.71,0,0
MGA_MV,D,20150312,000000,11.41,11.92,10.71,11.92,0,0
MGA_MV,D,20150313,000000,11.54,11.54,11.54,11.54,0,0
MGA_MV,D,20150316,000000,11.29,11.29,11.03,11.03,0,0
MGA_MV,D,20150317,000000,11.03,11.03,11.03,11.03,0,0
MGA_MV,D,20150318,000000,11.28,11.28,11.28,11.28,0,0
MGA_MV,D,20150319,000000,11.86,11.92,11.54,11.83,0,0
MGA_MV,D,20150320,000000,12.05,12.05,11.01,11.15,0,0
MGA_MV,D,20150323,000000,11.15,11.97,10.67,11.97,0,0
MGA_MV,D,20150324,000000,11.28,11.35,11.28,11.28,0,0
MGA_MV,D,20150325,000000,11.97,11.97,11.97,11.97,0,0
MGA_MV,D,20150326,000000,11.9,11.9,11.27,11.9,0,0
MGA_MV,D,20150327,000000,11.9,11.9,11.28,11.28,0,0
MGA_MV,D,20150330,000000,11.14,11.63,10.29,11.63,0,0
MGA_MV,D,20150331,000000,11.62,11.62,10.44,10.44,0,0
MGA_MV,D,20150401,000000,11,11,11,11,0,0
MGA_MV,D,20150402,000000,11,11.59,11,11.59,0,0
MGA_MV,D,20150407,000000,11.59,11.59,11.59,11.59,0,0
MGA_MV,D,20150408,000000,11.28,11.28,11,11,0,0
MGA_MV,D,20150409,000000,11.58,11.58,9.25,9.25,0,0
MGA_MV,D,20150410,000000,9.87,10.92,9.87,10.42,0,0
MGA_MV,D,20150413,000000,8.88,10.29,7.19,8.45,0,0
MGA_MV,D,20150414,000000,8.45,8.45,7.05,7.05,0,0
MGA_MV,D,20150415,000000,7.19,7.19,7.18,7.19,0,0
MGA_MV,D,20150416,000000,7.19,7.19,7.19,7.19,0,0
MGA_MV,D,20150417,000000,7.19,7.19,7.19,7.19,0,0
MGA_MV,D,20150420,000000,7.19,7.19,7.19,7.19,0,0
MGA_MV,D,20150421,000000,7.19,7.19,7.19,7.19,0,0
MGA_MV,D,20150422,000000,7.19,7.19,7.19,7.19,0,0
MGA_MV,D,20150423,000000,7.19,7.19,5.75,7.19,0,0
MGA_MV,D,20150424,000000,7.19,7.19,7.05,7.19,0,0
MGA_MV,D,20150427,000000,7.19,7.19,7.05,7.05,0,0
MGA_MV,D,20150428,000000,7.19,7.19,7.19,7.19,0,0
MGA_MV,D,20150429,000000,7.19,7.19,6.63,7.19,0,0
MGA_MV,D,20150430,000000,7.19,7.19,6.91,7.18,0,0
MGA_MV,D,20150504,000000,7.18,7.19,7.18,7.18,0,0
MGA_MV,D,20150505,000000,7.18,7.21,7.18,7.21,0,0
MGA_MV,D,20150506,000000,8.45,8.46,7.35,8.46,0,0
MGA_MV,D,20150507,000000,8.46,8.46,8.46,8.46,0,0
MGA_MV,D,20150508,000000,7.77,8.43,7.77,8.43,0,0
MGA_MV,D,20150511,000000,8.43,8.46,8.43,8.45,0,0
MGA_MV,D,20150512,000000,8.43,8.46,7.33,8.46,0,0
MGA_MV,D,20150513,000000,8.46,8.46,7.47,8.46,0,0
MGA_MV,D,20150514,000000,8.46,8.46,8.46,8.46,0,0
MGA_MV,D,20150515,000000,8.45,8.45,8.18,8.32,0,0
MGA_MV,D,20150518,000000,8.39,8.39,8.39,8.39,0,0
MGA_MV,D,20150519,000000,8.39,8.39,8.39,8.39,0,0
MGA_MV,D,20150520,000000,8.39,8.39,8.35,8.39,0,0
MGA_MV,D,20150521,000000,8.39,8.39,6.71,8.14,0,0
MGA_MV,D,20150522,000000,8.33,8.33,8.26,8.28,0,0
MGA_MV,D,20150525,000000,8.35,8.35,8.35,8.35,0,0
MGA_MV,D,20150526,000000,8.32,8.32,8.32,8.32,0,0
MGA_MV,D,20150527,000000,8.32,8.32,8.32,8.32,0,0
MGA_MV,D,20150528,000000,8.31,8.31,8.31,8.31,0,0
MGA_MV,D,20150529,000000,8.32,8.39,8.32,8.32,0,0
MGA_MV,D,20150601,000000,8.46,8.46,8.45,8.45,0,0
MGA_MV,D,20150602,000000,8.46,8.46,8.04,8.46,0,0
MGA_MV,D,20150603,000000,8.46,8.46,8.46,8.46,0,0
MGA_MV,D,20150605,000000,8.46,8.46,8.46,8.46,0,0
MGA_MV,D,20150608,000000,8.46,8.46,8.46,8.46,0,0
MGA_MV,D,20150609,000000,8.46,8.46,7.9,8.46,0,0
MGA_MV,D,20150610,000000,8.46,8.46,8.46,8.46,0,0
MGA_MV,D,20150611,000000,8.46,8.46,8.46,8.46,0,0
MGA_MV,D,20150612,000000,8.46,8.46,8.46,8.46,0,0
MGA_MV,D,20150615,000000,8.46,9.87,8.46,9.87,0,0
MGA_MV,D,20150616,000000,10.08,10.08,9.46,9.87,0,0
MGA_MV,D,20150617,000000,9.87,10.56,9.87,10.29,0,0
MGA_MV,D,20150618,000000,10.14,10.58,9.87,10.37,0,0
MGA_MV,D,20150619,000000,10.55,10.55,10.49,10.49,0,0
MGA_MV,D,20150622,000000,9.87,10.51,9.87,10.44,0,0
MGA_MV,D,20150623,000000,11.25,11.25,9.87,9.87,0,0
MGA_MV,D,20150624,000000,11,11,10.86,10.86,0,0
MGA_MV,D,20150625,000000,10.58,10.58,10.58,10.58,0,0
MGA_MV,D,20150626,000000,10.56,10.56,10.42,10.42,0,0
MGA_MV,D,20150629,000000,10.42,10.44,10.42,10.44,0,0
MGA_MV,D,20150630,000000,10.14,10.14,10.14,10.14,0,0
MGA_MV,D,20150701,000000,10.11,10.11,10.11,10.11,0,0
MGA_MV,D,20150702,000000,9.45,9.87,9.17,9.87,0,0
MGA_MV,D,20150703,000000,9.17,9.87,8.46,9.45,0,0
MGA_MV,D,20150706,000000,8.04,8.39,7.76,8.11,0,0
MGA_MV,D,20150707,000000,8.18,8.81,7.76,8.46,0,0
MGA_MV,D,20150708,000000,9.74,9.74,8.39,8.39,0,0
MGA_MV,D,20150709,000000,9.66,9.66,8.46,8.46,0,0
MGA_MV,D,20150710,000000,9.15,9.15,9.15,9.15,0,0
MGA_MV,D,20150713,000000,9.1,9.1,8.46,8.46,0,0
MGA_MV,D,20150714,000000,8.46,9.73,8.46,9.73,0,0
MGA_MV,D,20150715,000000,9.73,9.73,9.73,9.73,0,0
MGA_MV,D,20150716,000000,9.74,9.74,9.74,9.74,0,0
MGA_MV,D,20150717,000000,9.73,9.73,9.73,9.73,0,0
MGA_MV,D,20150720,000000,9.73,9.73,9.73,9.73,0,0
MGA_MV,D,20150721,000000,9.73,9.73,9.73,9.73,0,0
MGA_MV,D,20150722,000000,9.73,9.73,9.73,9.73,0,0
MGA_MV,D,20150723,000000,9.73,9.73,9.59,9.59,0,0
MGA_MV,D,20150724,000000,9.73,9.73,9.59,9.59,0,0
MGA_MV,D,20150727,000000,9.73,9.74,8.46,9.74,0,0
MGA_MV,D,20150728,000000,8.48,9.74,8.48,9.74,0,0
MGA_MV,D,20150729,000000,10.08,10.08,10.08,10.08,0,0
MGA_MV,D,20150730,000000,10.08,10.08,9.18,10.08,0,0
MGA_MV,D,20150731,000000,10.08,10.37,9.45,10.37,0,0
MGA_MV,D,20150803,000000,10.01,10.01,10,10.01,0,0
MGA_MV,D,20150804,000000,9.52,9.52,8.32,8.48,0,0
MGA_MV,D,20150805,000000,8.46,9.86,8.46,9.86,0,0
MGA_MV,D,20150806,000000,9.73,9.73,9.31,9.31,0,0
MGA_MV,D,20150807,000000,9.03,9.03,8.18,8.46,0,0
MGA_MV,D,20150810,000000,9.58,9.58,8.46,9.08,0,0
MGA_MV,D,20150811,000000,9.1,9.1,9.1,9.1,0,0
MGA_MV,D,20150812,000000,9.1,9.1,9.1,9.1,0,0
MGA_MV,D,20150813,000000,9.03,9.08,8.32,8.32,0,0
MGA_MV,D,20150814,000000,8.32,9.1,8.32,9.1,0,0
MGA_MV,D,20150817,000000,9.1,9.1,9.1,9.1,0,0
MGA_MV,D,20150818,000000,9.03,9.03,9.01,9.01,0,0
MGA_MV,D,20150819,000000,9.01,9.01,8.46,8.98,0,0
MGA_MV,D,20150820,000000,8.98,8.98,8.98,8.98,0,0
MGA_MV,D,20150821,000000,8.98,10.29,8.48,10.29,0,0
MGA_MV,D,20150824,000000,10.15,10.15,8.39,9.22,0,0
MGA_MV,D,20150825,000000,9.17,9.17,7.77,9.15,0,0
MGA_MV,D,20150826,000000,9.17,9.17,9.17,9.17,0,0
MGA_MV,D,20150827,000000,9.15,9.15,9.14,9.14,0,0
MGA_MV,D,20150828,000000,9.12,9.12,8.81,8.84,0,0
MGA_MV,D,20150831,000000,8.81,8.81,8.81,8.81,0,0
MGA_MV,D,20150901,000000,9.15,9.15,8.81,9.15,0,0
MGA_MV,D,20150902,000000,9.15,9.15,8.46,9.15,0,0
MGA_MV,D,20150903,000000,8.88,8.88,8.52,8.88,0,0
MGA_MV,D,20150904,000000,9.17,9.17,9.17,9.17,0,0
MGA_MV,D,20150907,000000,9.17,9.17,8.62,8.62,0,0
MGA_MV,D,20150908,000000,9.17,9.17,9.17,9.17,0,0
MGA_MV,D,20150909,000000,9.17,9.17,9.17,9.17,0,0
MGA_MV,D,20150910,000000,9.17,9.17,8.6,8.6,0,0
MGA_MV,D,20150911,000000,8.6,8.6,8.6,8.6,0,0
MGA_MV,D,20150914,000000,9.15,9.59,9.1,9.55,0,0
MGA_MV,D,20150915,000000,8.63,9.56,8.63,9.56,0,0
MGA_MV,D,20150916,000000,9.58,9.66,9.58,9.66,0,0
MGA_MV,D,20150917,000000,9.31,9.87,9.31,9.87,0,0
MGA_MV,D,20150918,000000,9.73,9.73,9.7,9.7,0,0
MGA_MV,D,20150921,000000,9.45,9.45,9.45,9.45,0,0
MGA_MV,D,20150922,000000,9.45,9.45,9.45,9.45,0,0
MGA_MV,D,20150923,000000,9.45,9.45,9.45,9.45,0,0
MGA_MV,D,20150924,000000,9.45,9.45,9.45,9.45,0,0
MGA_MV,D,20150925,000000,9.45,9.45,9.45,9.45,0,0
MGA_MV,D,20150928,000000,9.45,9.45,9.45,9.45,0,0
MGA_MV,D,20150929,000000,9.45,9.45,8.52,8.52,0,0
MGA_MV,D,20150930,000000,9.45,9.45,9.45,9.45,0,0
MGA_MV,D,20151001,000000,9.45,9.45,9.45,9.45,0,0
MGA_MV,D,20151002,000000,9.45,9.45,9.45,9.45,0,0
MGA_MV,D,20151005,000000,9.43,9.43,7.95,9.24,0,0
MGA_MV,D,20151006,000000,9.28,9.28,9.28,9.28,0,0
MGA_MV,D,20151007,000000,9.42,9.42,9.42,9.42,0,0
MGA_MV,D,20151008,000000,8.74,8.74,7.97,8.74,0,0
MGA_MV,D,20151009,000000,8.74,8.74,8.74,8.74,0,0
MGA_MV,D,20151012,000000,8.88,8.88,8.74,8.74,0,0
MGA_MV,D,20151013,000000,8.74,8.88,8.74,8.88,0,0
MGA_MV,D,20151014,000000,8.88,8.88,8.88,8.88,0,0
MGA_MV,D,20151015,000000,8.88,8.88,8.88,8.88,0,0
MGA_MV,D,20151016,000000,8.88,8.88,8.88,8.88,0,0
MGA_MV,D,20151019,000000,8.88,8.88,7.57,8.86,0,0
MGA_MV,D,20151020,000000,8.86,8.86,8.86,8.86,0,0
MGA_MV,D,20151021,000000,8.86,8.86,8.84,8.84,0,0
MGA_MV,D,20151022,000000,8.74,8.74,8.04,8.04,0,0
MGA_MV,D,20151023,000000,7.91,8.59,7.91,8.59,0,0
MGA_MV,D,20151026,000000,7.9,7.9,7.9,7.9,0,0
MGA_MV,D,20151027,000000,8.56,8.56,8.56,8.56,0,0
MGA_MV,D,20151028,000000,8.56,8.56,6.85,6.85,0,0
MGA_MV,D,20151029,000000,6.63,7.01,6.35,7.01,0,0
MGA_MV,D,20151030,000000,7.01,7.01,5.61,6.35,0,0
MGA_MV,D,20151102,000000,6.22,6.78,5.78,6.63,0,0
MGA_MV,D,20151103,000000,6.68,6.68,5.84,6.35,0,0
MGA_MV,D,20151104,000000,6.68,7.18,6.67,7.15,0,0
MGA_MV,D,20151105,000000,7.14,7.86,6.36,7.78,0,0
MGA_MV,D,20151106,000000,7.77,7.77,7.4,7.4,0,0
MGA_MV,D,20151109,000000,7.67,7.67,7.67,7.67,0,0
MGA_MV,D,20151110,000000,7.67,7.67,7.67,7.67,0,0
MGA_MV,D,20151112,000000,7.67,7.67,7.67,7.67,0,0
MGA_MV,D,20151113,000000,7.62,7.62,6.57,7.62,0,0
MGA_MV,D,20151116,000000,7.62,7.62,6.21,6.29,0,0
MGA_MV,D,20151117,000000,7.18,7.18,7.04,7.04,0,0
MGA_MV,D,20151118,000000,7.02,7.02,7.02,7.02,0,0
MGA_MV,D,20151119,000000,6.9,7.04,6.9,7.04,0,0
MGA_MV,D,20151120,000000,6.98,7.28,6.98,7.28,0,0
MGA_MV,D,20151123,000000,7.33,7.33,7.31,7.31,0,0
MGA_MV,D,20151124,000000,7.04,7.04,7.04,7.04,0,0
MGA_MV,D,20151125,000000,7.04,7.04,7.04,7.04,0,0
MGA_MV,D,20151126,000000,6.9,10.44,6.9,10.44,0,0
MGA_MV,D,20151127,000000,10.4,11.72,10.4,11.72,0,0
MGA_MV,D,20151130,000000,11.53,11.53,11.53,11.53,0,0
MGA_MV,D,20151201,000000,11.72,11.72,11.72,11.72,0,0
MGA_MV,D,20151202,000000,10.68,11.72,10.68,11.53,0,0
MGA_MV,D,20151203,000000,11.53,11.53,11.53,11.53,0,0
MGA_MV,D,20151204,000000,11.42,11.42,11.42,11.42,0,0
MGA_MV,D,20151207,000000,11.08,11.08,11.08,11.08,0,0
MGA_MV,D,20151208,000000,10.89,10.89,10.89,10.89,0,0
MGA_MV,D,20151209,000000,10.89,10.89,10.89,10.89,0,0
MGA_MV,D,20151210,000000,10.89,10.89,10.89,10.89,0,0
MGA_MV,D,20151211,000000,10.89,10.89,10.68,10.68,0,0
MGA_MV,D,20151214,000000,10.68,10.68,10.68,10.68,0,0
MGA_MV,D,20151215,000000,8.56,9.59,7.03,9.59,0,0
MGA_MV,D,20151216,000000,9.59,9.59,7.69,7.92,0,0
MGA_MV,D,20151217,000000,8.22,8.22,6.62,6.62,0,0
MGA_MV,D,20151218,000000,7.79,7.79,7.05,7.05,0,0
MGA_MV,D,20151221,000000,7.15,8.52,6.62,8.11,0,0
MGA_MV,D,20151222,000000,8.54,10.25,8.54,10.25,0,0
MGA_MV,D,20151223,000000,9.61,11.1,9.61,9.82,0,0
MGA_MV,D,20151228,000000,11.32,11.4,11.32,11.4,0,0
MGA_MV,D,20151229,000000,11.32,11.32,11.32,11.32,0,0
MGA_MV,D,20151230,000000,11.32,11.32,11.32,11.32,0,0
MGA_MV,D,20160104,000000,13.58,14.71,13.58,14.71,0,0
MGA_MV,D,20160105,000000,12.81,12.81,12.81,12.81,0,0
MGA_MV,D,20160107,000000,10.72,10.89,10.38,10.85,0,0
MGA_MV,D,20160108,000000,10.36,10.36,10.25,10.25,0,0
MGA_MV,D,20160111,000000,10.46,10.46,10.25,10.25,0,0
MGA_MV,D,20160112,000000,10.25,12.26,10.25,12.24,0,0
MGA_MV,D,20160113,000000,10.27,10.65,10.04,10.04,0,0
MGA_MV,D,20160114,000000,10.25,10.25,10.25,10.25,0,0
MGA_MV,D,20160115,000000,10.04,10.04,10.04,10.04,0,0
MGA_MV,D,20160118,000000,10.04,10.04,8.54,10.01,0,0
MGA_MV,D,20160119,000000,10.04,10.04,8.75,8.75,0,0
MGA_MV,D,20160120,000000,10.04,10.04,8.78,8.78,0,0
MGA_MV,D,20160121,000000,9.97,10.25,9.18,9.18,0,0
MGA_MV,D,20160122,000000,10.23,10.23,10.23,10.23,0,0
MGA_MV,D,20160125,000000,10.23,10.23,10.23,10.23,0,0
MGA_MV,D,20160126,000000,10.21,10.21,10.21,10.21,0,0
MGA_MV,D,20160127,000000,10.21,10.21,10.21,10.21,0,0
MGA_MV,D,20160128,000000,10.16,10.16,10.16,10.16,0,0
MGA_MV,D,20160129,000000,10.16,10.16,10.16,10.16,0,0
MGA_MV,D,20160201,000000,10.25,10.25,8.54,8.54,0,0
MGA_MV,D,20160202,000000,10.21,10.21,8.58,8.58,0,0
MGA_MV,D,20160203,000000,10.04,10.04,8.58,9.54,0,0
MGA_MV,D,20160204,000000,9.48,9.48,8.75,8.75,0,0
MGA_MV,D,20160205,000000,9.37,9.37,9.35,9.35,0,0
MGA_MV,D,20160208,000000,9.25,9.25,8.28,8.54,0,0
MGA_MV,D,20160209,000000,8.33,8.97,8.28,8.28,0,0
MGA_MV,D,20160210,000000,8.97,8.97,7.47,8.73,0,0
MGA_MV,D,20160211,000000,8.54,8.54,8.54,8.54,0,0
MGA_MV,D,20160212,000000,8.71,8.71,6.98,8.69,0,0
MGA_MV,D,20160215,000000,8.61,8.61,7.32,8.54,0,0
MGA_MV,D,20160216,000000,8.54,8.65,7.41,8.65,0,0
MGA_MV,D,20160217,000000,8.54,8.54,8.54,8.54,0,0
MGA_MV,D,20160218,000000,8.54,8.65,7.84,8.65,0,0
MGA_MV,D,20160219,000000,8.97,8.97,8.65,8.86,0,0
MGA_MV,D,20160222,000000,8.95,8.95,8.95,8.95,0,0
MGA_MV,D,20160223,000000,8.88,8.88,8.88,8.88,0,0
MGA_MV,D,20160224,000000,8.82,8.82,8.82,8.82,0,0
MGA_MV,D,20160225,000000,8.54,8.54,8.11,8.5,0,0
MGA_MV,D,20160226,000000,8.97,8.97,8.16,8.16,0,0
MGA_MV,D,20160229,000000,8.97,8.97,8.97,8.97,0,0
MGA_MV,D,20160301,000000,8.97,8.97,8.97,8.97,0,0
MGA_MV,D,20160302,000000,8.97,8.97,8.97,8.97,0,0
MGA_MV,D,20160303,000000,8.97,8.97,8.97,8.97,0,0
MGA_MV,D,20160304,000000,8.97,8.97,8.95,8.97,0,0
MGA_MV,D,20160307,000000,8.97,9.16,8.97,9.16,0,0
MGA_MV,D,20160308,000000,9.16,9.16,9.16,9.16,0,0
MGA_MV,D,20160309,000000,9.05,9.05,9.05,9.05,0,0
MGA_MV,D,20160310,000000,8.95,8.95,8.14,8.65,0,0
MGA_MV,D,20160311,000000,8.84,8.84,8.11,8.41,0,0
MGA_MV,D,20160314,000000,8.75,8.75,8.71,8.71,0,0
MGA_MV,D,20160315,000000,8.65,8.71,8.65,8.71,0,0
MGA_MV,D,20160316,000000,8.71,8.71,8.11,8.54,0,0
MGA_MV,D,20160317,000000,8.56,8.56,7.64,8.52,0,0
MGA_MV,D,20160318,000000,8.52,8.52,8.48,8.48,0,0
MGA_MV,D,20160321,000000,8.48,8.48,8.11,8.11,0,0
MGA_MV,D,20160322,000000,8.37,8.37,8.24,8.24,0,0
MGA_MV,D,20160323,000000,8.24,8.24,8.24,8.24,0,0
MGA_MV,D,20160324,000000,7.45,7.79,6.51,6.56,0,0
MGA_MV,D,20160329,000000,6.43,6.43,5.15,5.68,0,0
MGA_MV,D,20160330,000000,6.09,6.36,6.09,6.28,0,0
MGA_MV,D,20160331,000000,6.3,6.3,5.34,5.34,0,0
MGA_MV,D,20160401,000000,5.34,5.98,5.17,5.64,0,0
MGA_MV,D,20160404,000000,5.66,5.66,4.8,4.93,0,0
MGA_MV,D,20160405,000000,5.25,5.25,4.27,5.1,0,0
MGA_MV,D,20160406,000000,5.06,5.23,4.51,5.23,0,0
MGA_MV,D,20160407,000000,5.23,5.23,4.85,5.21,0,0
MGA_MV,D,20160408,000000,5.25,5.66,5.19,5.66,0,0
MGA_MV,D,20160411,000000,5.66,6.3,4.7,5.3,0,0
MGA_MV,D,20160412,000000,5.49,6.3,4.95,6.3,0,0
MGA_MV,D,20160413,000000,6.26,6.36,5.08,5.08,0,0
MGA_MV,D,20160414,000000,5.83,6.3,5.08,6.19,0,0
MGA_MV,D,20160415,000000,6.19,7.26,5.21,7.26,0,0
MGA_MV,D,20160418,000000,8.01,8.97,8.01,8.33,0,0
MGA_MV,D,20160419,000000,8.97,8.97,7.26,8.11,0,0
MGA_MV,D,20160420,000000,7.28,7.47,5.87,7.47,0,0
MGA_MV,D,20160421,000000,7.43,7.43,7.43,7.43,0,0
MGA_MV,D,20160422,000000,6.21,7.05,6.21,7.03,0,0
MGA_MV,D,20160425,000000,7.47,8.54,6.19,8.11,0,0
MGA_MV,D,20160426,000000,8.11,8.11,6.81,6.81,0,0
MGA_MV,D,20160427,000000,8.09,8.09,8.01,8.01,0,0
MGA_MV,D,20160428,000000,8.9,8.97,7.28,8.54,0,0
MGA_MV,D,20160429,000000,7.62,8.11,6.73,8.11,0,0
MGA_MV,D,20160502,000000,8.22,8.22,8.22,8.22,0,0
MGA_MV,D,20160504,000000,8.28,8.33,7.11,7.73,0,0
MGA_MV,D,20160505,000000,8.28,8.28,7.62,7.62,0,0
MGA_MV,D,20160506,000000,8.28,8.28,7.58,7.58,0,0
MGA_MV,D,20160509,000000,8.14,8.33,7.9,8.33,0,0
MGA_MV,D,20160510,000000,8.31,8.31,7.58,7.58,0,0
MGA_MV,D,20160511,000000,7.99,7.99,7.99,7.99,0,0
MGA_MV,D,20160512,000000,7.92,7.92,6.96,7.9,0,0
MGA_MV,D,20160513,000000,7.9,7.9,7.3,7.3,0,0
MGA_MV,D,20160516,000000,6.34,6.51,5.98,6.51,0,0
MGA_MV,D,20160517,000000,6.51,6.81,6.41,6.81,0,0
MGA_MV,D,20160518,000000,6.7,7.88,6.3,7.88,0,0
MGA_MV,D,20160519,000000,7.88,7.88,7.88,7.88,0,0
MGA_MV,D,20160520,000000,7.67,7.67,6.17,6.17,0,0
MGA_MV,D,20160523,000000,6.41,7.58,6.41,6.64,0,0
MGA_MV,D,20160524,000000,7.45,7.45,7.45,7.45,0,0
MGA_MV,D,20160525,000000,7.39,7.39,7.39,7.39,0,0
MGA_MV,D,20160527,000000,7.58,7.58,7.58,7.58,0,0
MGA_MV,D,20160530,000000,7.58,7.58,7.58,7.58,0,0
MGA_MV,D,20160531,000000,7.58,7.58,6.23,7.54,0,0
MGA_MV,D,20160601,000000,7.54,7.54,6.23,6.3,0,0
MGA_MV,D,20160602,000000,7.26,7.26,7.26,7.26,0,0
MGA_MV,D,20160603,000000,7.22,7.24,6.32,7.24,0,0
MGA_MV,D,20160606,000000,7.13,7.13,6.36,6.36,0,0
MGA_MV,D,20160607,000000,6.19,6.41,5.55,5.55,0,0
MGA_MV,D,20160608,000000,6.41,6.41,5.66,5.66,0,0
MGA_MV,D,20160609,000000,6.19,6.19,6.19,6.19,0,0
MGA_MV,D,20160610,000000,6.19,6.19,6.19,6.19,0,0
MGA_MV,D,20160613,000000,5.77,6.09,5.34,6.09,0,0
MGA_MV,D,20160614,000000,5.91,5.91,5.85,5.85,0,0
MGA_MV,D,20160615,000000,5.98,5.98,5.98,5.98,0,0
MGA_MV,D,20160616,000000,5.94,5.94,5.94,5.94,0,0
MGA_MV,D,20160617,000000,5.94,5.94,5.55,5.55,0,0
MGA_MV,D,20160620,000000,5.98,5.98,5.98,5.98,0,0
MGA_MV,D,20160621,000000,5.98,7.09,5.68,5.68,0,0
MGA_MV,D,20160622,000000,6.3,6.3,5.55,5.55,0,0
MGA_MV,D,20160623,000000,6.17,6.17,5.55,5.55,0,0
MGA_MV,D,20160624,000000,5.55,5.55,4.91,4.91,0,0
MGA_MV,D,20160627,000000,5.87,5.87,5.17,5.17,0,0
MGA_MV,D,20160628,000000,5.98,5.98,5.34,5.34,0,0
MGA_MV,D,20160629,000000,6.38,6.38,6.38,6.38,0,0
MGA_MV,D,20160630,000000,5.96,5.96,5.96,5.96,0,0
MGA_MV,D,20160701,000000,5.98,5.98,5.23,5.23,0,0
MGA_MV,D,20160704,000000,5.7,5.7,5.7,5.7,0,0
MGA_MV,D,20160705,000000,5.49,5.72,5.17,5.17,0,0
MGA_MV,D,20160706,000000,5.72,5.72,5.72,5.72,0,0
MGA_MV,D,20160707,000000,5.64,5.64,5.55,5.55,0,0
MGA_MV,D,20160708,000000,5.34,5.34,5.34,5.34,0,0
MGA_MV,D,20160711,000000,5.77,5.98,5.21,5.23,0,0
MGA_MV,D,20160712,000000,5.98,5.98,5.98,5.98,0,0
MGA_MV,D,20160713,000000,5.77,5.77,5.77,5.77,0,0
MGA_MV,D,20160714,000000,5.77,5.77,5.17,5.17,0,0
MGA_MV,D,20160715,000000,5.74,5.74,5.74,5.74,0,0
MGA_MV,D,20160718,000000,5.66,5.66,5.66,5.66,0,0
MGA_MV,D,20160719,000000,5.64,5.64,5.12,5.23,0,0
MGA_MV,D,20160720,000000,5.53,5.53,5.04,5.04,0,0
MGA_MV,D,20160721,000000,5.64,5.64,5.64,5.64,0,0
MGA_MV,D,20160722,000000,5.34,5.34,5.34,5.34,0,0
MGA_MV,D,20160726,000000,5.62,5.62,5.62,5.62,0,0
MGA_MV,D,20160727,000000,5.62,5.62,5.62,5.62,0,0
MGA_MV,D,20160728,000000,5.62,5.62,5.62,5.62,0,0
MGA_MV,D,20160729,000000,5.62,5.62,5.62,5.62,0,0
MGA_MV,D,20160801,000000,5.62,5.62,5.62,5.62,0,0
MGA_MV,D,20160802,000000,5.62,5.62,5.62,5.62,0,0
MGA_MV,D,20160803,000000,5.62,5.62,5.15,5.15,0,0
MGA_MV,D,20160804,000000,5.62,5.62,5.62,5.62,0,0
MGA_MV,D,20160805,000000,5.62,6.19,5.62,6.19,0,0
MGA_MV,D,20160808,000000,6.19,6.19,5.15,6.19,0,0
MGA_MV,D,20160809,000000,6.17,6.17,6.17,6.17,0,0
MGA_MV,D,20160810,000000,6.15,6.15,6.15,6.15,0,0
MGA_MV,D,20160811,000000,6.15,6.15,6.15,6.15,0,0
MGA_MV,D,20160812,000000,6.15,6.3,6.15,6.3,0,0
MGA_MV,D,20160816,000000,6.3,6.3,6.3,6.3,0,0
MGA_MV,D,20160817,000000,6.19,6.19,5.12,5.12,0,0
MGA_MV,D,20160818,000000,5.15,6.09,5.15,6.09,0,0
MGA_MV,D,20160819,000000,6.06,6.06,6.06,6.06,0,0
MGA_MV,D,20160822,000000,6.04,6.04,6.04,6.04,0,0
MGA_MV,D,20160823,000000,6,6,6,6,0,0
MGA_MV,D,20160824,000000,5.96,5.96,5.96,5.96,0,0
MGA_MV,D,20160825,000000,5.96,5.96,5.96,5.96,0,0
MGA_MV,D,20160826,000000,5.96,5.96,5.34,5.34,0,0
MGA_MV,D,20160829,000000,5.34,5.34,5.34,5.34,0,0
MGA_MV,D,20160830,000000,5.34,5.96,5.34,5.96,0,0
MGA_MV,D,20160831,000000,5.96,6.07,5.12,6.07,0,0
MGA_MV,D,20160901,000000,6.07,6.07,5.85,5.85,0,0
MGA_MV,D,20160902,000000,6.05,6.05,5.44,5.44,0,0
MGA_MV,D,20160905,000000,5.85,5.85,5.85,5.85,0,0
MGA_MV,D,20160906,000000,5.79,6.05,5.79,6.05,0,0
MGA_MV,D,20160907,000000,6.05,6.05,6.05,6.05,0,0
MGA_MV,D,20160908,000000,6.05,6.05,5.46,5.46,0,0
MGA_MV,D,20160909,000000,5.96,5.96,5.96,5.96,0,0
MGA_MV,D,20160912,000000,5.92,5.92,5.03,5.03,0,0
MGA_MV,D,20160913,000000,5.87,5.87,5.67,5.67,0,0
MGA_MV,D,20160914,000000,5.67,5.67,5.35,5.44,0,0
MGA_MV,D,20160915,000000,5.44,5.44,5.44,5.44,0,0
MGA_MV,D,20160916,000000,5.44,5.89,5.44,5.89,0,0
MGA_MV,D,20160919,000000,5.78,5.78,5.78,5.78,0,0
MGA_MV,D,20160920,000000,5.78,5.78,5.01,5.21,0,0
MGA_MV,D,20160921,000000,5.19,5.69,5.19,5.69,0,0
MGA_MV,D,20160922,000000,5.71,6.26,5.69,6.14,0,0
MGA_MV,D,20160923,000000,6.3,6.46,5.94,6.46,0,0
MGA_MV,D,20160926,000000,6.14,6.14,6.12,6.12,0,0
MGA_MV,D,20160927,000000,6.46,7.46,6.42,6.51,0,0
MGA_MV,D,20160928,000000,7.74,7.74,7.74,7.74,0,0
MGA_MV,D,20160929,000000,7.64,7.64,6.58,6.78,0,0
MGA_MV,D,20160930,000000,6.8,6.8,6.78,6.78,0,0
MGA_MV,D,20161003,000000,7.14,7.14,6.55,6.55,0,0
MGA_MV,D,20161005,000000,6.26,6.99,6.26,6.99,0,0
MGA_MV,D,20161006,000000,6.94,6.94,6.94,6.94,0,0
MGA_MV,D,20161007,000000,6.6,6.89,6.6,6.83,0,0
MGA_MV,D,20161010,000000,7.01,7.05,7.01,7.05,0,0
MGA_MV,D,20161011,000000,6.99,6.99,6.58,6.58,0,0
MGA_MV,D,20161012,000000,6.76,6.76,6.6,6.6,0,0
MGA_MV,D,20161013,000000,6.76,6.76,6.17,6.73,0,0
MGA_MV,D,20161014,000000,6.73,6.73,6.73,6.73,0,0
MGA_MV,D,20161017,000000,7.03,7.03,7.03,7.03,0,0
MGA_MV,D,20161018,000000,6.96,6.96,6.14,6.94,0,0
MGA_MV,D,20161019,000000,6.94,6.94,6.94,6.94,0,0
MGA_MV,D,20161020,000000,6.85,6.85,6.83,6.83,0,0
MGA_MV,D,20161021,000000,6.92,6.92,6.92,6.92,0,0
MGA_MV,D,20161024,000000,6.8,6.8,6.78,6.78,0,0
MGA_MV,D,20161025,000000,6.76,6.76,6.14,6.14,0,0
MGA_MV,D,20161026,000000,6.8,6.8,6.8,6.8,0,0
MGA_MV,D,20161027,000000,6.51,6.51,6.12,6.12,0,0
MGA_MV,D,20161028,000000,6.51,6.51,6.51,6.51,0,0
MGA_MV,D,20161031,000000,6.44,6.44,6.12,6.12,0,0
MGA_MV,D,20161102,000000,6.33,6.33,6.3,6.3,0,0
MGA_MV,D,20161103,000000,6.48,6.48,6.48,6.48,0,0
MGA_MV,D,20161104,000000,6.44,6.44,6.44,6.44,0,0
MGA_MV,D,20161107,000000,6.39,6.39,6.14,6.14,0,0
MGA_MV,D,20161108,000000,6.33,6.33,6.14,6.14,0,0
MGA_MV,D,20161109,000000,6.51,6.51,6.14,6.14,0,0
MGA_MV,D,20161110,000000,6.46,6.78,6.46,6.78,0,0
MGA_MV,D,20161114,000000,6.6,6.78,6.6,6.78,0,0
MGA_MV,D,20161115,000000,6.94,6.94,6.62,6.62,0,0
MGA_MV,D,20161116,000000,6.83,6.83,6.83,6.83,0,0
MGA_MV,D,20161117,000000,6.53,6.53,6.53,6.53,0,0
MGA_MV,D,20161118,000000,6.53,6.71,6.53,6.71,0,0
MGA_MV,D,20161121,000000,6.83,6.83,6.8,6.8,0,0
MGA_MV,D,20161122,000000,6.83,6.83,6.17,6.17,0,0
MGA_MV,D,20161123,000000,6.14,6.14,6.14,6.14,0,0
MGA_MV,D,20161124,000000,6.71,6.71,6.71,6.71,0,0
MGA_MV,D,20161125,000000,6.71,6.83,5.92,5.96,0,0
MGA_MV,D,20161128,000000,6.8,6.8,6.78,6.8,0,0
MGA_MV,D,20161129,000000,7.05,7.05,6.8,6.8,0,0
MGA_MV,D,20161130,000000,7.05,7.37,7.05,7.28,0,0
MGA_MV,D,20161201,000000,7.51,7.85,7.39,7.85,0,0
MGA_MV,D,20161202,000000,7.85,7.96,7.85,7.96,0,0
MGA_MV,D,20161205,000000,8.19,8.74,7.96,8.28,0,0
MGA_MV,D,20161206,000000,8.3,8.76,8.3,8.65,0,0
MGA_MV,D,20161207,000000,8.6,8.62,8.19,8.62,0,0
MGA_MV,D,20161208,000000,8.62,8.62,7.17,7.96,0,0
MGA_MV,D,20161209,000000,7.28,8.65,7.28,7.96,0,0
MGA_MV,D,20161212,000000,8.62,8.62,7.96,8.6,0,0
MGA_MV,D,20161213,000000,8.6,8.65,8.6,8.65,0,0
MGA_MV,D,20161214,000000,8.65,8.65,8.65,8.65,0,0
MGA_MV,D,20161215,000000,8.6,8.6,8.6,8.6,0,0
MGA_MV,D,20161216,000000,8.53,8.53,7.42,7.42,0,0
MGA_MV,D,20161219,000000,8.53,8.53,7.96,8.53,0,0
MGA_MV,D,20161220,000000,8.53,8.56,7.19,7.19,0,0
MGA_MV,D,20161221,000000,8.49,8.49,8.49,8.49,0,0
MGA_MV,D,20161222,000000,8.51,8.51,8.19,8.26,0,0
MGA_MV,D,20161223,000000,8.49,8.49,8.49,8.49,0,0
MGA_MV,D,20161227,000000,8.49,8.51,8.49,8.51,0,0
MGA_MV,D,20161228,000000,8.51,8.51,7.96,7.96,0,0
MGA_MV,D,20161229,000000,8.35,8.35,8.33,8.35,0,0
MGA_MV,D,20161230,000000,8.35,8.35,8.35,8.35,0,0
MGA_MV,D,20170102,000000,8.56,9.1,6.85,9.1,0,0
MGA_MV,D,20170103,000000,9.03,9.03,8.81,8.81,0,0
MGA_MV,D,20170104,000000,8.81,8.81,8.21,8.21,0,0
MGA_MV,D,20170105,000000,8.21,8.21,8.21,8.21,0,0
MGA_MV,D,20170109,000000,8.83,8.83,8.28,8.28,0,0
MGA_MV,D,20170110,000000,8.28,8.83,8.28,8.83,0,0
MGA_MV,D,20170111,000000,8.83,8.83,8.83,8.83,0,0
MGA_MV,D,20170112,000000,8.58,8.58,8.58,8.58,0,0
MGA_MV,D,20170113,000000,8.19,8.53,6.71,8.53,0,0
MGA_MV,D,20170116,000000,8.56,8.56,8.53,8.53,0,0
MGA_MV,D,20170117,000000,8.53,8.53,7.05,7.05,0,0
MGA_MV,D,20170118,000000,7.17,8.56,7.17,8.56,0,0
MGA_MV,D,20170119,000000,8.19,8.19,8.19,8.19,0,0
MGA_MV,D,20170120,000000,8.4,8.4,8.4,8.4,0,0
MGA_MV,D,20170123,000000,8.19,8.19,8.17,8.17,0,0
MGA_MV,D,20170124,000000,8.1,8.1,7.21,7.21,0,0
MGA_MV,D,20170125,000000,8.01,8.01,8.01,8.01,0,0
MGA_MV,D,20170126,000000,8.01,8.1,8.01,8.1,0,0
MGA_MV,D,20170127,000000,8.1,8.1,7.28,7.28,0,0
MGA_MV,D,20170130,000000,8.15,8.15,7.3,7.3,0,0
MGA_MV,D,20170131,000000,8.1,8.1,7.26,7.26,0,0
MGA_MV,D,20170201,000000,7.87,7.87,6.71,7.87,0,0
MGA_MV,D,20170202,000000,7.87,7.87,6.48,6.48,0,0
MGA_MV,D,20170203,000000,6.58,6.58,6.58,6.58,0,0
MGA_MV,D,20170206,000000,6.6,6.6,6.6,6.6,0,0
MGA_MV,D,20170207,000000,6.62,6.62,6.62,6.62,0,0
MGA_MV,D,20170208,000000,7.71,7.71,7.71,7.71,0,0
MGA_MV,D,20170209,000000,7.69,7.69,7.69,7.69,0,0
MGA_MV,D,20170210,000000,7.69,7.69,7.69,7.69,0,0
MGA_MV,D,20170213,000000,7.69,7.69,7.69,7.69,0,0
MGA_MV,D,20170214,000000,7.78,7.9,7.78,7.9,0,0
MGA_MV,D,20170215,000000,6.71,7.78,6.71,6.71,0,0
MGA_MV,D,20170216,000000,7.85,7.85,7.85,7.85,0,0
MGA_MV,D,20170217,000000,7.85,7.85,6.85,6.85,0,0
MGA_MV,D,20170220,000000,7.78,7.78,7.78,7.78,0,0
MGA_MV,D,20170221,000000,7.76,7.76,6.26,7.58,0,0
MGA_MV,D,20170222,000000,7.53,7.7,6.23,7.7,0,0
MGA_MV,D,20170223,000000,6.69,7.15,6.69,7.15,0,0
MGA_MV,D,20170224,000000,7.13,7.13,7.1,7.13,0,0
MGA_MV,D,20170227,000000,7.1,7.25,6.81,7.25,0,0
MGA_MV,D,20170228,000000,7.99,7.99,6.76,6.76,0,0
MGA_MV,D,20170301,000000,6.76,6.76,6.76,6.76,0,0
MGA_MV,D,20170302,000000,6.76,6.76,6.76,6.76,0,0
MGA_MV,D,20170303,000000,7.85,7.85,7.85,7.85,0,0
MGA_MV,D,20170306,000000,7.73,7.73,6.76,6.76,0,0
MGA_MV,D,20170307,000000,6.76,6.76,6.76,6.76,0,0
MGA_MV,D,20170308,000000,7.7,7.7,7.7,7.7,0,0
MGA_MV,D,20170309,000000,7.66,7.66,7.66,7.66,0,0
MGA_MV,D,20170310,000000,7.58,7.58,7.58,7.58,0,0
MGA_MV,D,20170313,000000,7.51,7.51,7.46,7.46,0,0
MGA_MV,D,20170314,000000,7.41,7.41,6.79,6.79,0,0
MGA_MV,D,20170315,000000,6.79,7.32,6.79,7.1,0,0
MGA_MV,D,20170316,000000,7.1,7.32,7.1,7.32,0,0
MGA_MV,D,20170317,000000,7.34,7.34,7.34,7.34,0,0
MGA_MV,D,20170320,000000,7.32,7.32,7.32,7.32,0,0
MGA_MV,D,20170321,000000,7.29,7.32,7.29,7.32,0,0
MGA_MV,D,20170322,000000,7.29,7.29,7.29,7.29,0,0
MGA_MV,D,20170323,000000,7.32,7.32,7.32,7.32,0,0
MGA_MV,D,20170324,000000,7.29,7.29,6.81,6.81,0,0
MGA_MV,D,20170327,000000,6.84,7.29,6.84,7.29,0,0
MGA_MV,D,20170328,000000,7.29,7.7,7.29,7.7,0,0
MGA_MV,D,20170329,000000,7.27,7.27,7.27,7.27,0,0
MGA_MV,D,20170330,000000,7.22,7.22,7.22,7.22,0,0
MGA_MV,D,20170331,000000,7.22,7.22,6.64,6.69,0,0
MGA_MV,D,20170403,000000,7.22,7.22,7.22,7.22,0,0
MGA_MV,D,20170404,000000,7.22,7.25,7.15,7.15,0,0
MGA_MV,D,20170405,000000,7.58,7.58,7.58,7.58,0,0
MGA_MV,D,20170406,000000,7.66,7.66,7.66,7.66,0,0
MGA_MV,D,20170407,000000,7.66,7.66,7.66,7.66,0,0
MGA_MV,D,20170410,000000,7.66,7.66,7.66,7.66,0,0
MGA_MV,D,20170411,000000,7.66,7.66,7.66,7.66,0,0
MGA_MV,D,20170412,000000,7.66,7.66,7.66,7.66,0,0
MGA_MV,D,20170413,000000,7.66,7.66,7.63,7.63,0,0
MGA_MV,D,20170418,000000,7.66,7.66,6.71,6.71,0,0
MGA_MV,D,20170419,000000,5.58,7.54,5.58,7.51,0,0
MGA_MV,D,20170420,000000,7.51,7.51,7.49,7.49,0,0
MGA_MV,D,20170421,000000,7.51,7.51,7.51,7.51,0,0
MGA_MV,D,20170424,000000,7.51,7.51,7.51,7.51,0,0
MGA_MV,D,20170425,000000,7.56,7.56,7.56,7.56,0,0
MGA_MV,D,20170426,000000,7.56,7.56,7.56,7.56,0,0
MGA_MV,D,20170427,000000,7.56,7.56,7.54,7.54,0,0
MGA_MV,D,20170428,000000,7.54,7.54,7.54,7.54,0,0
MGA_MV,D,20170502,000000,7.54,7.54,7.54,7.54,0,0
MGA_MV,D,20170504,000000,7.54,7.54,7.54,7.54,0,0
MGA_MV,D,20170505,000000,7.22,7.22,7.22,7.22,0,0
MGA_MV,D,20170508,000000,7.22,7.22,7.22,7.22,0,0
MGA_MV,D,20170509,000000,5.8,5.8,5.8,5.8,0,0
MGA_MV,D,20170511,000000,5.84,5.84,5.84,5.84,0,0
MGA_MV,D,20170512,000000,5.84,5.84,5.68,5.68,0,0
MGA_MV,D,20170517,000000,5.56,5.56,5.56,5.56,0,0
MGA_MV,D,20170519,000000,5.56,6.64,4.9,6.64,0,0
MGA_MV,D,20170522,000000,6.57,6.57,6.57,6.57,0,0
MGA_MV,D,20170523,000000,6.4,6.4,6.4,6.4,0,0
MGA_MV,D,20170525,000000,5.99,6.11,5.99,6.11,0,0
MGA_MV,D,20170526,000000,5.05,5.05,5.05,5.05,0,0
MGA_MV,D,20170529,000000,5,5,5,5,0,0
MGA_MV,D,20170530,000000,5.97,5.97,4.9,5.77,0,0
MGA_MV,D,20170531,000000,5.75,5.75,5.75,5.75,0,0
MGA_MV,D,20170601,000000,5.72,5.72,5.72,5.72,0,0
MGA_MV,D,20170602,000000,5.68,5.68,3.89,3.89,0,0
MGA_MV,D,20170605,000000,3.89,3.89,3.89,3.89,0,0
MGA_MV,D,20170606,000000,3.86,3.89,3.86,3.86,0,0
MGA_MV,D,20170607,000000,3.19,3.19,2.87,2.9,0,0
MGA_MV,D,20170608,000000,2.9,3.24,2.46,3.24,0,0
MGA_MV,D,20170609,000000,3.33,3.33,2.9,2.9,0,0
MGA_MV,D,20170612,000000,3.26,3.84,3.26,3.84,0,0
MGA_MV,D,20170613,000000,4.28,5.68,4.23,5.56,0,0
MGA_MV,D,20170614,000000,5.31,5.56,4.35,4.83,0,0
MGA_MV,D,20170622,000000,5.77,5.77,5.07,5.07,0,0
MGA_MV,D,20170623,000000,5.75,5.92,5.19,5.92,0,0
MGA_MV,D,20170626,000000,4.83,5.8,4.83,5.07,0,0
MGA_MV,D,20170627,000000,5.31,5.31,5.31,5.31,0,0
MGA_MV,D,20170628,000000,5.29,5.7,4.83,5.7,0,0
MGA_MV,D,20170629,000000,6.01,6.04,5.8,5.8,0,0
MGA_MV,D,20170630,000000,5.8,5.8,5.8,5.8,0,0
MGA_MV,D,20170703,000000,5.8,5.8,5.31,5.31,0,0
MGA_MV,D,20170704,000000,5.22,5.22,4.64,4.64,0,0
MGA_MV,D,20170705,000000,5.56,6.28,5.56,6.28,0,0
MGA_MV,D,20170706,000000,6.28,6.28,6.28,6.28,0,0
MGA_MV,D,20170707,000000,6.28,7.25,6.28,7.22,0,0
MGA_MV,D,20170710,000000,7.22,7.22,7.22,7.22,0,0
MGA_MV,D,20170711,000000,7.22,7.22,7.22,7.22,0,0
MGA_MV,D,20170712,000000,7.22,7.22,7.22,7.22,0,0
MGA_MV,D,20170713,000000,7.25,7.25,7.25,7.25,0,0
MGA_MV,D,20170714,000000,7.25,7.25,7.25,7.25,0,0
MGA_MV,D,20170717,000000,7.25,7.25,7.25,7.25,0,0
MGA_MV,D,20170718,000000,7.25,7.25,7.25,7.25,0,0
MGA_MV,D,20170719,000000,7.25,7.25,6.04,7.13,0,0
MGA_MV,D,20170720,000000,7.13,8.41,7.13,8.41,0,0
MGA_MV,D,20170721,000000,8.33,8.33,8.28,8.28,0,0
MGA_MV,D,20170724,000000,8.28,8.28,8.28,8.28,0,0
MGA_MV,D,20170725,000000,8.19,8.19,7.25,7.25,0,0
MGA_MV,D,20170726,000000,7.25,7.25,7,7,0,0
MGA_MV,D,20170727,000000,7.25,7.25,7.25,7.25,0,0
MGA_MV,D,20170728,000000,7,7.25,7,7.25,0,0
MGA_MV,D,20170731,000000,5.31,5.31,5.31,5.31,0,0
MGA_MV,D,20170801,000000,5.31,6.38,5.31,6.38,0,0
MGA_MV,D,20170802,000000,7.25,7.73,7.22,7.22,0,0
MGA_MV,D,20170803,000000,7.22,7.22,7.22,7.22,0,0
MGA_MV,D,20170804,000000,7.22,7.97,7.22,7.97,0,0
MGA_MV,D,20170807,000000,7.97,7.97,7.97,7.97,0,0
MGA_MV,D,20170808,000000,7.97,7.97,7.97,7.97,0,0
MGA_MV,D,20170809,000000,7.95,7.95,6.79,6.79,0,0
MGA_MV,D,20170810,000000,7.95,7.95,7.95,7.95,0,0
MGA_MV,D,20170811,000000,7.49,7.49,7.49,7.49,0,0
MGA_MV,D,20170814,000000,7.25,7.25,7.25,7.25,0,0
MGA_MV,D,20170816,000000,6.76,6.76,6.55,6.55,0,0
MGA_MV,D,20170817,000000,6.52,7.25,6.28,6.28,0,0
MGA_MV,D,20170818,000000,6.76,6.76,6.76,6.76,0,0
MGA_MV,D,20170821,000000,6.76,7,6.28,6.4,0,0
MGA_MV,D,20170822,000000,6.52,6.76,6.52,6.76,0,0
MGA_MV,D,20170823,000000,7,7.25,6.76,7.25,0,0
MGA_MV,D,20170824,000000,6.86,6.86,6.86,6.86,0,0
MGA_MV,D,20170825,000000,6.86,6.86,6.86,6.86,0,0
MGA_MV,D,20170828,000000,6.76,7.25,6.55,7.25,0,0
MGA_MV,D,20170829,000000,7.25,7.25,7.25,7.25,0,0
MGA_MV,D,20170830,000000,7.25,7.25,7.25,7.25,0,0
MGA_MV,D,20170831,000000,7.25,7.25,6.52,6.52,0,0
MGA_MV,D,20170901,000000,7.32,7.32,7.25,7.25,0,0
MGA_MV,D,20170904,000000,7.25,7.25,7.2,7.2,0,0
MGA_MV,D,20170905,000000,7.2,7.2,7.2,7.2,0,0
MGA_MV,D,20170906,000000,6.98,7.2,6.98,7.2,0,0
MGA_MV,D,20170907,000000,7.2,7.97,7.2,7.97,0,0
MGA_MV,D,20170908,000000,7.7,7.7,6.79,7.22,0,0
MGA_MV,D,20170911,000000,7.22,7.22,7.22,7.22,0,0
MGA_MV,D,20170912,000000,7.25,7.25,7.25,7.25,0,0
MGA_MV,D,20170913,000000,7.25,7.25,7.25,7.25,0,0
MGA_MV,D,20170914,000000,7.25,7.25,7.25,7.25,0,0
MGA_MV,D,20170915,000000,7.25,7.25,7.03,7.25,0,0
MGA_MV,D,20170918,000000,7.13,7.7,7.13,7.7,0,0
MGA_MV,D,20170919,000000,7.25,7.25,6.33,6.33,0,0
MGA_MV,D,20170920,000000,7.25,7.25,6.4,6.4,0,0
MGA_MV,D,20170921,000000,6.52,6.52,6.35,6.35,0,0
MGA_MV,D,20170922,000000,7.25,7.25,7.25,7.25,0,0
MGA_MV,D,20170925,000000,7.17,7.17,7.17,7.17,0,0
MGA_MV,D,20170926,000000,6.98,6.98,6.98,6.98,0,0
MGA_MV,D,20170927,000000,6.86,6.86,6.86,6.86,0,0
MGA_MV,D,20170928,000000,6.86,6.86,6.86,6.86,0,0
MGA_MV,D,20170929,000000,6.86,6.86,6.86,6.86,0,0
MGA_MV,D,20171002,000000,6.86,6.88,6.33,6.33,0,0
MGA_MV,D,20171003,000000,6.06,6.79,6.06,6.79,0,0
MGA_MV,D,20171004,000000,6.86,6.86,6.86,6.86,0,0
MGA_MV,D,20171005,000000,6.88,6.88,6.88,6.88,0,0
MGA_MV,D,20171006,000000,6.88,6.88,6.88,6.88,0,0
MGA_MV,D,20171009,000000,6.88,6.88,6.88,6.88,0,0
MGA_MV,D,20171010,000000,6.88,6.88,6.16,6.16,0,0
MGA_MV,D,20171011,000000,6.86,6.86,6.86,6.86,0,0
MGA_MV,D,20171012,000000,6.86,6.86,6.86,6.86,0,0
MGA_MV,D,20171013,000000,6.86,6.86,6.06,6.06,0,0
MGA_MV,D,20171016,000000,4.9,4.9,4.9,4.9,0,0
MGA_MV,D,20171017,000000,5.31,5.31,5.31,5.31,0,0
MGA_MV,D,20171018,000000,4.35,4.35,4.35,4.35,0,0
MGA_MV,D,20171023,000000,4.59,4.59,4.59,4.59,0,0
MGA_MV,D,20171024,000000,4.71,4.71,4.71,4.71,0,0
MGA_MV,D,20171025,000000,5.63,5.63,5.63,5.63,0,0
MGA_MV,D,20171026,000000,6.74,6.74,6.74,6.74,0,0
MGA_MV,D,20171027,000000,6.86,6.86,6.76,6.76,0,0
MGA_MV,D,20171030,000000,6.86,6.86,6.86,6.86,0,0
MGA_MV,D,20171031,000000,6.86,6.86,6.86,6.86,0,0
MGA_MV,D,20171102,000000,6.76,6.86,6.76,6.86,0,0
MGA_MV,D,20171103,000000,6.84,6.86,6.16,6.86,0,0
MGA_MV,D,20171106,000000,6.86,6.86,6.86,6.86,0,0
MGA_MV,D,20171107,000000,6.86,6.86,6.86,6.86,0,0
MGA_MV,D,20171108,000000,6.76,6.76,6.16,6.16,0,0
MGA_MV,D,20171109,000000,6.76,6.76,6.76,6.76,0,0
MGA_MV,D,20171110,000000,6.76,7.2,6.76,7.2,0,0
MGA_MV,D,20171113,000000,7.13,7.13,7,7,0,0
MGA_MV,D,20171114,000000,7.1,7.1,7.1,7.1,0,0
MGA_MV,D,20171115,000000,6.98,6.98,6.3,6.3,0,0
MGA_MV,D,20171117,000000,7,7,7,7,0,0
MGA_MV,D,20171120,000000,6.98,6.98,6.98,6.98,0,0
MGA_MV,D,20171122,000000,6.06,6.98,6.06,6.98,0,0
MGA_MV,D,20171123,000000,6.93,6.93,6.93,6.93,0,0
MGA_MV,D,20171124,000000,6.93,6.93,6.93,6.93,0,0
MGA_MV,D,20171127,000000,6.93,6.93,6.93,6.93,0,0
MGA_MV,D,20171128,000000,6.93,6.93,6.93,6.93,0,0
MGA_MV,D,20171129,000000,6.93,6.93,6.93,6.93,0,0
MGA_MV,D,20171130,000000,6.93,6.93,6.93,6.93,0,0
MGA_MV,D,20171201,000000,6.93,6.93,6.93,6.93,0,0
MGA_MV,D,20171204,000000,6.86,6.86,6.86,6.86,0,0
MGA_MV,D,20171205,000000,6.98,6.98,6.86,6.86,0,0
MGA_MV,D,20171207,000000,6.98,6.98,6.98,6.98,0,0
MGA_MV,D,20171208,000000,6.88,6.88,6.88,6.88,0,0
MGA_MV,D,20171211,000000,6.93,6.93,6.93,6.93,0,0
MGA_MV,D,20171213,000000,6.93,6.93,6.93,6.93,0,0
MGA_MV,D,20171214,000000,6.93,6.93,6.93,6.93,0,0
MGA_MV,D,20171215,000000,6.93,6.93,6.93,6.93,0,0
MGA_MV,D,20171220,000000,6.93,6.93,6.93,6.93,0,0
MGA_MV,D,20171221,000000,6.93,6.93,6.93,6.93,0,0
MGA_MV,D,20171222,000000,6.93,6.93,6.93,6.93,0,0
MGA_MV,D,20180103,000000,8.12,8.12,8.12,8.12,0,0
MGA_MV,D,20180116,000000,7,7,7,7,0,0
MGA_MV,D,20180117,000000,7,7,7,7,0,0
MGA_MV,D,20180118,000000,5.6,5.6,4.83,4.83,0,0
MGA_MV,D,20180124,000000,4.01,4.01,4.01,4.01,0,0
MGA_MV,D,20180212,000000,4.81,5.75,4.81,5.75,0,0
MGA_MV,D,20180213,000000,6.28,6.76,6.28,6.76,0,0
MGA_MV,D,20180214,000000,6.52,6.76,6.52,6.76,0,0
MGA_MV,D,20180215,000000,7.39,7.39,7.39,7.39,0,0
MGA_MV,D,20180220,000000,7.29,7.29,7.29,7.29,0,0
MGA_MV,D,20180319,000000,6.04,6.04,6.04,6.04,0,0
MGA_MV,D,20180326,000000,5.8,5.8,5.8,5.8,0,0
MGA_MV,D,20180327,000000,5.56,5.56,4.66,4.66,0,0
MGA_MV,D,20180404,000000,5.51,6.04,5.51,6.04,0,0
MGA_MV,D,20180405,000000,6.42,6.42,6.42,6.42,0,0
MGA_MV,D,20180411,000000,6.09,6.09,6.09,6.09,0,0
MGA_MV,D,20180413,000000,6.04,6.04,6.04,6.04,0,0
MGA_MV,D,20180416,000000,4.83,4.83,4.83,4.83,0,0
MGA_MV,D,20180418,000000,4.78,4.78,4.78,4.78,0,0
MGA_MV,D,20180424,000000,5.56,5.56,5.56,5.56,0,0
MGA_MV,D,20180427,000000,5.56,5.56,5.56,5.56,0,0
MGA_MV,D,20180511,000000,4.54,4.59,4.54,4.59,0,0
MGA_MV,D,20180514,000000,5.31,5.31,4.83,4.83,0,0
MGA_MV,D,20180515,000000,5.56,5.56,5.56,5.56,0,0
MGA_MV,D,20180517,000000,5.56,5.7,5.56,5.7,0,0
MGA_MV,D,20180518,000000,5.41,5.41,5.41,5.41,0,0
MGA_MV,D,20180521,000000,5.36,5.36,4.83,4.83,0,0
MGA_MV,D,20180524,000000,5.02,5.02,4.73,4.73,0,0
MGA_MV,D,20180525,000000,4.73,4.73,4.73,4.73,0,0
MGA_MV,D,20180528,000000,4.73,4.73,4.73,4.73,0,0
MGA_MV,D,20180529,000000,4.73,4.73,4.73,4.73,0,0
MGA_MV,D,20180530,000000,4.73,4.73,4.73,4.73,0,0
MGA_MV,D,20180601,000000,4.73,4.73,4.71,4.71,0,0
MGA_MV,D,20180604,000000,4.93,4.93,4.93,4.93,0,0
MGA_MV,D,20180605,000000,4.83,4.83,4.83,4.83,0,0
MGA_MV,D,20180607,000000,4.83,5.22,4.83,5.22,0,0
MGA_MV,D,20180611,000000,5.22,5.75,5.22,5.75,0,0
MGA_MV,D,20180612,000000,6.04,6.04,6.04,6.04,0,0
MGA_MV,D,20180613,000000,6.04,6.91,6.04,6.91,0,0
MGA_MV,D,20180614,000000,6.86,6.86,6.71,6.71,0,0
MGA_MV,D,20180615,000000,6.71,6.71,6.71,6.71,0,0
MGA_MV,D,20180618,000000,6.04,6.04,5.99,5.99,0,0
MGA_MV,D,20180619,000000,5.99,5.99,5.99,5.99,0,0
MGA_MV,D,20180620,000000,5.02,5.02,5.02,5.02,0,0
MGA_MV,D,20180625,000000,4.83,4.83,4.83,4.83,0,0
MGA_MV,D,20180626,000000,4.69,4.83,4.52,4.59,0,0
MGA_MV,D,20180627,000000,4.59,4.59,4.59,4.59,0,0
MGA_MV,D,20180628,000000,4.59,4.59,4.59,4.59,0,0
MGA_MV,D,20180629,000000,4.59,4.88,4.59,4.88,0,0
MGA_MV,D,20180716,000000,4.88,5.17,4.88,5.17,0,0
MGA_MV,D,20180717,000000,5.22,5.27,5.22,5.27,0,0
MGA_MV,D,20180718,000000,5.07,5.46,5.07,5.46,0,0
MGA_MV,D,20180719,000000,5.94,6.04,5.94,6.04,0,0
MGA_MV,D,20180723,000000,6.04,6.04,6.04,6.04,0,0
MGA_MV,D,20180724,000000,6.04,6.04,6.04,6.04,0,0
MGA_MV,D,20180725,000000,6.04,6.04,6.04,6.04,0,0
MGA_MV,D,20180726,000000,6.04,6.04,6.04,6.04,0,0
MGA_MV,D,20180727,000000,6.04,6.04,6.04,6.04,0,0
MGA_MV,D,20180730,000000,6.04,6.04,6.04,6.04,0,0
MGA_MV,D,20180731,000000,5.36,5.36,5.36,5.36,0,0
MGA_MV,D,20180807,000000,5.36,5.41,4.83,4.83,0,0
MGA_MV,D,20180808,000000,5.17,5.17,5.17,5.17,0,0
MGA_MV,D,20180813,000000,4.93,4.93,4.93,4.93,0,0
MGA_MV,D,20180817,000000,5.07,5.22,5.07,5.22,0,0
MGA_MV,D,20180821,000000,5.12,5.12,5.07,5.07,0,0
MGA_MV,D,20180823,000000,5.17,5.17,5.17,5.17,0,0
MGA_MV,D,20180824,000000,5.36,5.8,5.31,5.31,0,0
MGA_MV,D,20180827,000000,5.8,5.8,5.8,5.8,0,0
MGA_MV,D,20180828,000000,5.8,5.8,5.8,5.8,0,0
MGA_MV,D,20180829,000000,5.8,5.8,5.8,5.8,0,0
MGA_MV,D,20180831,000000,5.8,5.8,5.8,5.8,0,0
MGA_MV,D,20180903,000000,5.6,5.8,5.6,5.8,0,0
MGA_MV,D,20180904,000000,5.75,5.8,5.75,5.8,0,0
MGA_MV,D,20180905,000000,5.8,6.04,5.8,6.04,0,0
MGA_MV,D,20180906,000000,6.04,6.91,6.04,6.71,0,0
MGA_MV,D,20180907,000000,6.71,6.71,6.71,6.71,0,0
MGA_MV,D,20180910,000000,6.62,6.62,6.62,6.62,0,0
MGA_MV,D,20180911,000000,5.31,5.8,5.31,5.75,0,0
MGA_MV,D,20180914,000000,5.94,5.94,5.94,5.94,0,0
MGA_MV,D,20180917,000000,5.94,5.94,5.94,5.94,0,0
MGA_MV,D,20180918,000000,5.94,5.94,5.6,5.6,0,0
MGA_MV,D,20180921,000000,5.31,5.31,4.52,4.83,0,0
MGA_MV,D,20180924,000000,4.83,4.83,4.83,4.83,0,0
MGA_MV,D,20180927,000000,4.93,4.93,4.93,4.93,0,0
MGA_MV,D,20181004,000000,4.78,4.78,4.78,4.78,0,0
MGA_MV,D,20181008,000000,5.07,5.07,5.07,5.07,0,0
MGA_MV,D,20181012,000000,4.88,4.88,4.78,4.78,0,0
MGA_MV,D,20181015,000000,4.88,5.12,4.88,5.12,0,0
MGA_MV,D,20181016,000000,4.83,4.83,3.86,3.86,0,0
MGA_MV,D,20181017,000000,3.62,3.62,3.26,3.26,0,0
MGA_MV,D,20181018,000000,3.26,3.26,2.66,2.66,0,0
MGA_MV,D,20181019,000000,2.9,2.9,2.32,2.32,0,0
MGA_MV,D,20181022,000000,2.42,2.42,2.42,2.42,0,0
MGA_MV,D,20181024,000000,2.17,2.17,2.17,2.17,0,0
MGA_MV,D,20181026,000000,2.17,2.17,1.93,1.93,0,0
MGA_MV,D,20181029,000000,1.93,1.93,1.93,1.93,0,0
MGA_MV,D,20181030,000000,1.69,1.69,1.35,1.35,0,0
MGA_MV,D,20181031,000000,1.57,1.57,1.35,1.35,0,0
MGA_MV,D,20181102,000000,1.35,1.35,1.35,1.35,0,0
MGA_MV,D,20181105,000000,1.35,1.35,1.09,1.09,0,0
MGA_MV,D,20181106,000000,0.97,0.97,0.97,0.97,0,0
MGA_MV,D,20181107,000000,0.97,0.97,0.85,0.85,0,0
MGA_MV,D,20181108,000000,0.85,0.85,0.72,0.72,0,0
MGA_MV,D,20181109,000000,0.8,0.94,0.8,0.94,0,0
MGA_MV,D,20181113,000000,0.94,0.94,0.94,0.94,0,0
MGA_MV,D,20181114,000000,0.97,0.97,0.97,0.97,0,0
MGA_MV,D,20181115,000000,1.01,1.21,1.01,1.21,0,0
MGA_MV,D,20181119,000000,1.45,1.69,1.45,1.69,0,0
MGA_MV,D,20181120,000000,2.03,2.17,1.69,2.15,0,0
MGA_MV,D,20181121,000000,2.13,2.13,1.57,1.57,0,0
MGA_MV,D,20181122,000000,1.45,1.45,1.21,1.21,0,0
MGA_MV,D,20181203,000000,1.33,1.33,1.33,1.33,0,0
MGA_MV,D,20181204,000000,1.33,1.33,1.33,1.33,0,0
MGA_MV,D,20181205,000000,1.33,1.33,1.33,1.33,0,0
MGA_MV,D,20181206,000000,1.33,1.33,1.06,1.06,0,0
MGA_MV,D,20181207,000000,1.26,1.26,1.26,1.26,0,0
MGA_MV,D,20181210,000000,1.26,1.26,1.26,1.26,0,0
MGA_MV,D,20181212,000000,1.16,1.16,1.16,1.16,0,0
MGA_MV,D,20181218,000000,1.06,1.06,0.97,0.97,0,0
MGA_MV,D,20181219,000000,0.87,0.87,0.7,0.7,0,0
MGA_MV,D,20181221,000000,0.92,0.92,0.92,0.92,0,0
MGA_MV,D,20181227,000000,0.85,0.85,0.58,0.58,0,0
MGA_MV,D,20181228,000000,0.63,0.63,0.51,0.51,0,0
MGA_MV,D,20190102,000000,0.51,0.51,0.48,0.48,0,0
MGA_MV,D,20190103,000000,0.58,0.58,0.48,0.48,0,0
MGA_MV,D,20190104,000000,0.51,0.51,0.51,0.51,0,0
MGA_MV,D,20190107,000000,0.53,0.53,0.53,0.53,0,0
MGA_MV,D,20190108,000000,0.43,0.43,0.43,0.43,0,0
MGA_MV,D,20190109,000000,0.39,0.39,0.39,0.39,0,0
MGA_MV,D,20190110,000000,0.31,0.39,0.31,0.39,0,0
MGA_MV,D,20190111,000000,0.43,0.48,0.43,0.48,0,0
MGA_MV,D,20190114,000000,0.58,0.68,0.58,0.68,0,0
MGA_MV,D,20190115,000000,0.82,0.97,0.82,0.97,0,0
MGA_MV,D,20190116,000000,1.16,1.26,1.16,1.26,0,0
MGA_MV,D,20190117,000000,1.26,1.5,1.26,1.5,0,0
MGA_MV,D,20190118,000000,1.79,1.79,1.79,1.79,0,0
MGA_MV,D,20190121,000000,1.57,1.57,1.57,1.57,0,0
MGA_MV,D,20190122,000000,1.79,1.79,1.59,1.59,0,0
MGA_MV,D,20190123,000000,1.59,1.59,1.59,1.59,0,0
MGA_MV,D,20190124,000000,1.59,1.59,1.59,1.59,0,0
MGA_MV,D,20190125,000000,1.59,1.59,1.59,1.59,0,0
MGA_MV,D,20190128,000000,1.59,1.59,1.59,1.59,0,0
MGA_MV,D,20190129,000000,1.59,1.59,1.59,1.59,0,0
MGA_MV,D,20190130,000000,1.59,1.59,1.59,1.59,0,0
MGA_MV,D,20190131,000000,1.59,1.59,1.59,1.59,0,0
MGA_MV,D,20190201,000000,1.59,1.59,1.59,1.59,0,0
MGA_MV,D,20190204,000000,1.57,1.57,1.57,1.57,0,0
MGA_MV,D,20190205,000000,1.45,1.45,1.45,1.45,0,0
MGA_MV,D,20190207,000000,1.21,1.21,1.21,1.21,0,0
MGA_MV,D,20190208,000000,1.4,1.4,1.18,1.18,0,0
MGA_MV,D,20190211,000000,1.09,1.09,1.09,1.09,0,0
MGA_MV,D,20190212,000000,0.97,0.97,0.97,0.97,0,0
MGA_MV,D,20190213,000000,0.85,0.97,0.85,0.97,0,0
MGA_MV,D,20190214,000000,1.06,1.26,1.06,1.26,0,0
MGA_MV,D,20190215,000000,1.5,1.5,1.33,1.33,0,0
