<TICKER>,<PER>,<DATE>,<TIME>,<OPEN>,<HIGH>,<LOW>,<CLOSE>,<VOL>,<OPENINT>
MGS_MV,D,20121026,000000,30.5,30.5,30.5,30.5,0,0
MGS_MV,D,20121029,000000,28.98,34.62,23.18,23.18,0,0
MGS_MV,D,20121030,000000,22.72,22.72,15.25,15.25,0,0
MGS_MV,D,20121031,000000,14.49,17.69,12.2,17.69,0,0
MGS_MV,D,20121102,000000,15.25,18.15,12.2,12.2,0,0
MGS_MV,D,20121105,000000,12.81,14.18,7.93,7.93,0,0
MGS_MV,D,20121106,000000,7.78,7.78,4.58,4.58,0,0
MGS_MV,D,20121107,000000,4.12,4.73,3.66,3.97,0,0
MGS_MV,D,20121108,000000,4.12,5.34,3.97,5.34,0,0
MGS_MV,D,20121109,000000,6.1,7.47,5.8,7.47,0,0
MGS_MV,D,20121112,000000,7.78,9.15,7.17,7.17,0,0
MGS_MV,D,20121113,000000,7.63,9.76,6.71,9.76,0,0
MGS_MV,D,20121114,000000,9.76,13.73,8.08,8.08,0,0
MGS_MV,D,20121115,000000,8.69,9.46,7.63,8.69,0,0
MGS_MV,D,20121116,000000,8.85,9,7.47,7.63,0,0
MGS_MV,D,20121119,000000,7.78,9.15,6.56,9.15,0,0
MGS_MV,D,20121120,000000,9,9.46,6.86,6.86,0,0
MGS_MV,D,20121121,000000,7.47,7.63,6.1,6.1,0,0
MGS_MV,D,20121122,000000,5.8,7.32,5.8,6.41,0,0
MGS_MV,D,20121123,000000,6.41,6.56,5.95,6.25,0,0
MGS_MV,D,20121126,000000,6.25,6.71,6.25,6.71,0,0
MGS_MV,D,20121127,000000,6.56,6.56,5.95,6.1,0,0
MGS_MV,D,20121128,000000,6.1,6.25,5.95,6.1,0,0
MGS_MV,D,20121129,000000,5.95,5.95,5.19,5.34,0,0
MGS_MV,D,20121130,000000,5.34,6.1,5.19,5.64,0,0
MGS_MV,D,20121203,000000,5.49,5.8,5.49,5.64,0,0
MGS_MV,D,20121204,000000,5.49,7.17,5.34,6.41,0,0
MGS_MV,D,20121205,000000,6.56,7.02,5.95,6.25,0,0
MGS_MV,D,20121206,000000,6.1,6.1,5.34,5.64,0,0
MGS_MV,D,20121207,000000,5.8,6.41,5.8,6.1,0,0
MGS_MV,D,20121210,000000,6.41,6.41,5.8,5.8,0,0
MGS_MV,D,20121211,000000,5.8,6.1,5.64,5.95,0,0
MGS_MV,D,20121212,000000,5.64,5.95,5.64,5.95,0,0
MGS_MV,D,20121213,000000,5.64,5.95,5.64,5.95,0,0
MGS_MV,D,20121214,000000,5.95,5.95,5.49,5.49,0,0
MGS_MV,D,20121217,000000,5.49,5.64,5.19,5.19,0,0
MGS_MV,D,20121218,000000,5.19,5.49,4.88,5.19,0,0
MGS_MV,D,20121219,000000,4.73,5.34,4.58,4.58,0,0
MGS_MV,D,20121220,000000,4.58,5.19,4.42,4.42,0,0
MGS_MV,D,20121221,000000,4.73,5.03,4.58,4.73,0,0
MGS_MV,D,20121227,000000,4.88,5.34,4.73,5.03,0,0
MGS_MV,D,20121228,000000,4.88,5.03,4.58,4.73,0,0
MGS_MV,D,20130102,000000,4.58,4.88,4.12,4.73,0,0
MGS_MV,D,20130103,000000,4.27,5.95,4.27,5.64,0,0
MGS_MV,D,20130104,000000,5.49,5.8,5.03,5.19,0,0
MGS_MV,D,20130107,000000,5.34,5.34,4.88,5.03,0,0
MGS_MV,D,20130108,000000,4.88,5.34,4.42,4.58,0,0
MGS_MV,D,20130109,000000,4.58,5.49,4.58,5.19,0,0
MGS_MV,D,20130110,000000,5.19,5.19,4.58,4.88,0,0
MGS_MV,D,20130111,000000,4.58,4.73,4.42,4.58,0,0
MGS_MV,D,20130114,000000,4.58,4.73,4.42,4.58,0,0
MGS_MV,D,20130115,000000,4.42,4.58,4.27,4.42,0,0
MGS_MV,D,20130116,000000,4.12,4.12,4.12,4.12,0,0
MGS_MV,D,20130117,000000,3.97,4.12,3.81,4.12,0,0
MGS_MV,D,20130118,000000,4.12,4.12,3.81,4.12,0,0
MGS_MV,D,20130121,000000,3.97,4.42,3.81,3.81,0,0
MGS_MV,D,20130122,000000,3.81,3.97,3.66,3.81,0,0
MGS_MV,D,20130123,000000,3.51,3.81,3.2,3.51,0,0
MGS_MV,D,20130124,000000,3.51,3.66,3.36,3.66,0,0
MGS_MV,D,20130125,000000,3.36,3.51,3.36,3.36,0,0
MGS_MV,D,20130128,000000,3.2,3.36,3.05,3.36,0,0
MGS_MV,D,20130129,000000,3.2,3.2,3.05,3.05,0,0
MGS_MV,D,20130130,000000,3.2,4.12,3.2,3.66,0,0
MGS_MV,D,20130131,000000,3.66,3.81,3.36,3.66,0,0
MGS_MV,D,20130201,000000,3.51,3.51,3.2,3.51,0,0
MGS_MV,D,20130204,000000,3.36,3.51,3.2,3.36,0,0
MGS_MV,D,20130205,000000,3.2,3.36,3.05,3.36,0,0
MGS_MV,D,20130206,000000,3.2,3.66,3.2,3.2,0,0
MGS_MV,D,20130207,000000,3.2,3.36,3.05,3.36,0,0
MGS_MV,D,20130208,000000,3.2,3.36,3.05,3.36,0,0
MGS_MV,D,20130211,000000,3.2,3.2,2.75,2.75,0,0
MGS_MV,D,20130212,000000,2.59,2.59,2.14,2.14,0,0
MGS_MV,D,20130213,000000,1.98,2.14,1.68,1.98,0,0
MGS_MV,D,20130214,000000,1.98,2.14,1.83,2.14,0,0
MGS_MV,D,20130215,000000,1.98,1.98,1.68,1.98,0,0
MGS_MV,D,20130218,000000,1.83,1.83,1.68,1.83,0,0
MGS_MV,D,20130219,000000,1.68,1.83,1.53,1.83,0,0
MGS_MV,D,20130220,000000,1.68,1.83,1.53,1.53,0,0
MGS_MV,D,20130221,000000,1.53,1.53,1.37,1.37,0,0
MGS_MV,D,20130222,000000,1.53,1.83,1.53,1.83,0,0
MGS_MV,D,20130225,000000,1.83,1.83,1.53,1.53,0,0
MGS_MV,D,20130226,000000,1.53,1.68,1.53,1.68,0,0
MGS_MV,D,20130227,000000,1.53,1.68,1.53,1.68,0,0
MGS_MV,D,20130228,000000,1.68,1.98,1.68,1.98,0,0
MGS_MV,D,20130301,000000,2.14,2.44,2.14,2.29,0,0
MGS_MV,D,20130304,000000,2.14,2.29,1.98,1.98,0,0
MGS_MV,D,20130305,000000,1.98,1.98,1.68,1.83,0,0
MGS_MV,D,20130306,000000,1.68,1.83,1.68,1.68,0,0
MGS_MV,D,20130307,000000,1.68,1.83,1.53,1.83,0,0
MGS_MV,D,20130308,000000,1.98,1.98,1.68,1.83,0,0
MGS_MV,D,20130311,000000,1.83,1.98,1.68,1.83,0,0
MGS_MV,D,20130312,000000,1.68,1.83,1.68,1.83,0,0
MGS_MV,D,20130313,000000,1.68,1.83,1.68,1.68,0,0
MGS_MV,D,20130314,000000,1.83,1.83,1.68,1.68,0,0
MGS_MV,D,20130315,000000,1.68,1.83,1.53,1.53,0,0
MGS_MV,D,20130318,000000,1.53,1.68,1.37,1.68,0,0
MGS_MV,D,20130319,000000,1.53,1.68,1.53,1.68,0,0
MGS_MV,D,20130320,000000,1.68,1.68,1.53,1.53,0,0
MGS_MV,D,20130321,000000,1.53,1.53,1.53,1.53,0,0
MGS_MV,D,20130322,000000,1.53,1.68,1.53,1.68,0,0
MGS_MV,D,20130325,000000,1.53,1.53,1.53,1.53,0,0
MGS_MV,D,20130326,000000,1.53,1.53,1.53,1.53,0,0
MGS_MV,D,20130327,000000,1.68,1.68,1.37,1.53,0,0
MGS_MV,D,20130328,000000,1.37,1.53,1.37,1.53,0,0
MGS_MV,D,20130402,000000,1.53,1.53,1.22,1.37,0,0
MGS_MV,D,20130403,000000,1.22,1.53,1.22,1.53,0,0
MGS_MV,D,20130404,000000,1.37,1.37,1.22,1.37,0,0
MGS_MV,D,20130405,000000,1.22,1.37,1.22,1.22,0,0
MGS_MV,D,20130408,000000,1.37,1.37,1.37,1.37,0,0
MGS_MV,D,20130409,000000,1.37,1.37,1.22,1.37,0,0
MGS_MV,D,20130410,000000,1.22,1.37,1.22,1.22,0,0
MGS_MV,D,20130411,000000,1.22,1.37,1.07,1.37,0,0
MGS_MV,D,20130412,000000,1.37,1.37,1.37,1.37,0,0
MGS_MV,D,20130415,000000,1.22,1.22,1.22,1.22,0,0
MGS_MV,D,20130417,000000,1.22,1.22,0.92,1.07,0,0
MGS_MV,D,20130418,000000,1.07,1.07,0.92,1.07,0,0
MGS_MV,D,20130419,000000,1.07,1.07,0.92,0.92,0,0
MGS_MV,D,20130422,000000,0.92,1.07,0.92,1.07,0,0
MGS_MV,D,20130423,000000,1.07,1.37,1.07,1.22,0,0
MGS_MV,D,20130424,000000,1.22,1.22,1.22,1.22,0,0
MGS_MV,D,20130425,000000,1.07,1.07,1.07,1.07,0,0
MGS_MV,D,20130426,000000,1.07,1.22,1.07,1.07,0,0
MGS_MV,D,20130429,000000,1.07,1.22,1.07,1.22,0,0
MGS_MV,D,20130430,000000,1.22,1.22,1.07,1.22,0,0
MGS_MV,D,20130502,000000,1.22,1.37,1.22,1.37,0,0
MGS_MV,D,20130506,000000,1.37,1.37,1.22,1.37,0,0
MGS_MV,D,20130507,000000,1.22,1.37,1.22,1.37,0,0
MGS_MV,D,20130508,000000,1.37,1.37,1.22,1.22,0,0
MGS_MV,D,20130509,000000,1.22,1.22,1.22,1.22,0,0
MGS_MV,D,20130510,000000,1.37,1.37,1.22,1.22,0,0
MGS_MV,D,20130513,000000,1.22,1.22,1.07,1.22,0,0
MGS_MV,D,20130514,000000,1.22,1.37,1.22,1.25,0,0
MGS_MV,D,20130515,000000,1.25,1.41,1.25,1.41,0,0
MGS_MV,D,20130516,000000,1.25,1.25,1.1,1.25,0,0
MGS_MV,D,20130517,000000,1.1,1.1,1.1,1.1,0,0
MGS_MV,D,20130520,000000,1.25,1.25,1.1,1.25,0,0
MGS_MV,D,20130522,000000,1.25,1.25,1.1,1.25,0,0
MGS_MV,D,20130527,000000,1.1,1.1,0.94,1.1,0,0
MGS_MV,D,20130528,000000,0.94,0.94,0.78,0.94,0,0
MGS_MV,D,20130529,000000,0.94,0.94,0.78,0.94,0,0
MGS_MV,D,20130531,000000,0.94,1.1,0.94,1.1,0,0
MGS_MV,D,20130603,000000,1.1,1.1,0.94,0.94,0,0
MGS_MV,D,20130604,000000,0.94,1.1,0.78,1.1,0,0
MGS_MV,D,20130605,000000,1.1,1.1,0.94,1.1,0,0
MGS_MV,D,20130606,000000,0.94,1.1,0.94,1.1,0,0
MGS_MV,D,20130607,000000,0.94,1.1,0.94,1.1,0,0
MGS_MV,D,20130610,000000,1.1,1.1,0.94,1.1,0,0
MGS_MV,D,20130611,000000,0.94,1.1,0.94,1.1,0,0
MGS_MV,D,20130612,000000,0.94,1.1,0.94,1.1,0,0
MGS_MV,D,20130613,000000,0.94,1.1,0.94,1.1,0,0
MGS_MV,D,20130614,000000,1.1,1.1,1.1,1.1,0,0
MGS_MV,D,20130617,000000,0.94,1.1,0.94,1.1,0,0
MGS_MV,D,20130619,000000,0.94,1.1,0.78,1.1,0,0
MGS_MV,D,20130620,000000,0.94,1.1,0.94,1.1,0,0
MGS_MV,D,20130621,000000,1.1,1.1,0.94,1.1,0,0
MGS_MV,D,20130624,000000,0.94,1.1,0.78,0.94,0,0
MGS_MV,D,20130625,000000,0.94,0.94,0.94,0.94,0,0
MGS_MV,D,20130626,000000,0.94,0.94,0.94,0.94,0,0
MGS_MV,D,20130702,000000,0.94,0.94,0.94,0.94,0,0
MGS_MV,D,20130704,000000,0.78,0.94,0.78,0.94,0,0
MGS_MV,D,20130705,000000,0.78,0.94,0.78,0.94,0,0
MGS_MV,D,20130708,000000,0.78,0.94,0.78,0.94,0,0
MGS_MV,D,20130709,000000,0.78,0.78,0.63,0.78,0,0
MGS_MV,D,20130710,000000,0.78,0.78,0.78,0.78,0,0
MGS_MV,D,20130711,000000,0.63,0.94,0.63,0.94,0,0
MGS_MV,D,20130712,000000,0.94,0.94,0.78,0.78,0,0
MGS_MV,D,20130715,000000,0.78,0.94,0.78,0.94,0,0
MGS_MV,D,20130716,000000,0.94,1.1,0.94,1.1,0,0
MGS_MV,D,20130717,000000,1.1,1.1,0.94,0.94,0,0
MGS_MV,D,20130718,000000,0.94,1.1,0.94,1.1,0,0
MGS_MV,D,20130719,000000,0.94,1.1,0.94,1.1,0,0
MGS_MV,D,20130722,000000,0.94,1.1,0.94,1.1,0,0
MGS_MV,D,20130724,000000,1.1,1.1,1.1,1.1,0,0
MGS_MV,D,20130725,000000,0.94,0.94,0.94,0.94,0,0
MGS_MV,D,20130726,000000,0.94,0.94,0.94,0.94,0,0
MGS_MV,D,20130730,000000,0.94,0.94,0.94,0.94,0,0
MGS_MV,D,20130731,000000,0.94,0.94,0.78,0.94,0,0
MGS_MV,D,20130801,000000,0.78,1.1,0.78,0.94,0,0
MGS_MV,D,20130802,000000,0.94,0.94,0.94,0.94,0,0
MGS_MV,D,20130805,000000,0.94,1.1,0.94,1.1,0,0
MGS_MV,D,20130806,000000,1.1,1.1,1.1,1.1,0,0
MGS_MV,D,20130807,000000,1.1,1.1,0.94,0.94,0,0
MGS_MV,D,20130808,000000,0.94,0.94,0.94,0.94,0,0
MGS_MV,D,20130809,000000,0.94,1.1,0.94,1.1,0,0
MGS_MV,D,20130812,000000,1.1,1.25,1.1,1.25,0,0
MGS_MV,D,20130813,000000,1.25,1.41,1.25,1.41,0,0
MGS_MV,D,20130814,000000,1.25,1.25,1.25,1.25,0,0
MGS_MV,D,20130816,000000,1.25,1.25,1.1,1.25,0,0
MGS_MV,D,20130819,000000,1.1,1.1,0.94,0.94,0,0
MGS_MV,D,20130820,000000,1.1,1.1,1.1,1.1,0,0
MGS_MV,D,20130821,000000,1.1,1.1,1.1,1.1,0,0
MGS_MV,D,20130822,000000,1.1,1.1,1.1,1.1,0,0
MGS_MV,D,20130823,000000,1.25,1.25,1.25,1.25,0,0
MGS_MV,D,20130826,000000,1.1,1.1,1.1,1.1,0,0
MGS_MV,D,20130827,000000,1.1,1.1,1.1,1.1,0,0
MGS_MV,D,20130828,000000,1.1,1.25,0.94,1.1,0,0
MGS_MV,D,20130829,000000,1.1,1.1,0.94,0.94,0,0
MGS_MV,D,20130830,000000,0.94,0.94,0.94,0.94,0,0
MGS_MV,D,20130902,000000,1.1,1.25,1.1,1.25,0,0
MGS_MV,D,20130903,000000,1.1,1.25,0.94,1.1,0,0
MGS_MV,D,20130904,000000,1.1,1.1,1.1,1.1,0,0
MGS_MV,D,20130905,000000,1.1,1.1,0.94,1.1,0,0
MGS_MV,D,20130906,000000,1.1,1.25,1.1,1.1,0,0
MGS_MV,D,20130909,000000,1.1,1.1,1.1,1.1,0,0
MGS_MV,D,20130910,000000,1.1,1.25,1.1,1.25,0,0
MGS_MV,D,20130911,000000,1.25,1.57,1.25,1.41,0,0
MGS_MV,D,20130912,000000,1.41,1.57,1.25,1.41,0,0
MGS_MV,D,20130913,000000,1.25,1.25,1.25,1.25,0,0
MGS_MV,D,20130916,000000,1.25,1.25,1.1,1.25,0,0
MGS_MV,D,20130917,000000,1.25,1.41,1.1,1.25,0,0
MGS_MV,D,20130918,000000,1.25,1.25,1.1,1.1,0,0
MGS_MV,D,20130919,000000,1.25,1.41,1.25,1.41,0,0
MGS_MV,D,20130920,000000,1.41,1.41,1.25,1.41,0,0
MGS_MV,D,20130923,000000,1.41,1.41,1.41,1.41,0,0
MGS_MV,D,20130924,000000,1.41,1.41,1.41,1.41,0,0
MGS_MV,D,20130925,000000,1.25,1.41,1.25,1.41,0,0
MGS_MV,D,20130926,000000,1.25,1.25,1.25,1.25,0,0
MGS_MV,D,20130927,000000,1.25,1.25,1.25,1.25,0,0
MGS_MV,D,20130930,000000,1.1,1.1,1.1,1.1,0,0
MGS_MV,D,20131001,000000,1.1,1.1,1.1,1.1,0,0
MGS_MV,D,20131002,000000,1.25,1.25,1.25,1.25,0,0
MGS_MV,D,20131003,000000,1.1,1.1,1.1,1.1,0,0
MGS_MV,D,20131004,000000,1.1,1.1,0.94,0.94,0,0
MGS_MV,D,20131007,000000,0.94,0.94,0.94,0.94,0,0
MGS_MV,D,20131008,000000,0.94,0.94,0.94,0.94,0,0
MGS_MV,D,20131010,000000,0.78,0.78,0.78,0.78,0,0
MGS_MV,D,20131011,000000,0.94,0.94,0.94,0.94,0,0
MGS_MV,D,20131014,000000,0.78,0.78,0.78,0.78,0,0
MGS_MV,D,20131015,000000,0.78,0.78,0.78,0.78,0,0
MGS_MV,D,20131017,000000,0.78,0.78,0.78,0.78,0,0
MGS_MV,D,20131018,000000,0.78,0.78,0.78,0.78,0,0
MGS_MV,D,20131021,000000,0.78,0.78,0.78,0.78,0,0
MGS_MV,D,20131022,000000,0.78,0.78,0.78,0.78,0,0
MGS_MV,D,20131023,000000,0.78,0.78,0.78,0.78,0,0
MGS_MV,D,20131024,000000,0.78,0.78,0.78,0.78,0,0
MGS_MV,D,20131025,000000,0.78,0.78,0.78,0.78,0,0
MGS_MV,D,20131028,000000,0.94,0.94,0.94,0.94,0,0
MGS_MV,D,20131030,000000,0.94,0.94,0.94,0.94,0,0
MGS_MV,D,20131031,000000,0.78,0.78,0.78,0.78,0,0
MGS_MV,D,20131104,000000,0.78,0.78,0.78,0.78,0,0
MGS_MV,D,20131105,000000,0.94,0.94,0.94,0.94,0,0
MGS_MV,D,20131106,000000,0.94,0.94,0.94,0.94,0,0
MGS_MV,D,20131107,000000,0.94,0.94,0.94,0.94,0,0
MGS_MV,D,20131108,000000,0.78,0.78,0.78,0.78,0,0
MGS_MV,D,20131113,000000,0.94,0.94,0.94,0.94,0,0
MGS_MV,D,20131114,000000,0.94,0.94,0.94,0.94,0,0
MGS_MV,D,20131115,000000,0.94,0.94,0.94,0.94,0,0
MGS_MV,D,20131118,000000,0.94,0.94,0.94,0.94,0,0
MGS_MV,D,20131119,000000,0.94,0.94,0.94,0.94,0,0
MGS_MV,D,20131120,000000,0.94,0.94,0.94,0.94,0,0
MGS_MV,D,20131121,000000,0.94,0.94,0.94,0.94,0,0
MGS_MV,D,20131122,000000,0.94,0.94,0.94,0.94,0,0
MGS_MV,D,20131125,000000,0.78,0.78,0.78,0.78,0,0
MGS_MV,D,20131127,000000,0.78,0.78,0.78,0.78,0,0
MGS_MV,D,20131128,000000,0.78,0.94,0.78,0.94,0,0
MGS_MV,D,20131129,000000,0.94,0.94,0.94,0.94,0,0
MGS_MV,D,20131202,000000,0.94,0.94,0.94,0.94,0,0
MGS_MV,D,20131203,000000,0.94,0.94,0.78,0.78,0,0
MGS_MV,D,20131204,000000,0.78,0.78,0.78,0.78,0,0
MGS_MV,D,20131205,000000,0.78,0.78,0.78,0.78,0,0
MGS_MV,D,20131206,000000,0.78,0.94,0.78,0.94,0,0
MGS_MV,D,20131209,000000,0.94,0.94,0.94,0.94,0,0
MGS_MV,D,20131210,000000,0.94,0.94,0.78,0.78,0,0
MGS_MV,D,20131211,000000,0.78,0.78,0.78,0.78,0,0
MGS_MV,D,20131213,000000,0.63,0.63,0.63,0.63,0,0
MGS_MV,D,20131216,000000,0.63,0.63,0.63,0.63,0,0
MGS_MV,D,20131217,000000,0.63,0.63,0.63,0.63,0,0
MGS_MV,D,20131218,000000,0.47,0.63,0.47,0.63,0,0
MGS_MV,D,20131219,000000,0.63,0.63,0.63,0.63,0,0
MGS_MV,D,20131220,000000,0.63,0.63,0.63,0.63,0,0
MGS_MV,D,20131223,000000,0.47,0.47,0.47,0.47,0,0
MGS_MV,D,20131227,000000,0.47,0.47,0.47,0.47,0,0
MGS_MV,D,20131230,000000,0.63,0.78,0.63,0.78,0,0
MGS_MV,D,20140102,000000,1.1,1.1,1.1,1.1,0,0
MGS_MV,D,20140103,000000,1.1,1.1,1.1,1.1,0,0
MGS_MV,D,20140107,000000,1.1,1.1,1.1,1.1,0,0
MGS_MV,D,20140108,000000,0.94,0.94,0.78,0.78,0,0
MGS_MV,D,20140109,000000,0.78,0.78,0.78,0.78,0,0
MGS_MV,D,20140110,000000,0.94,1.1,0.94,1.1,0,0
MGS_MV,D,20140113,000000,1.1,1.25,1.1,1.25,0,0
MGS_MV,D,20140114,000000,1.25,1.25,1.1,1.1,0,0
MGS_MV,D,20140115,000000,1.1,1.1,1.1,1.1,0,0
MGS_MV,D,20140116,000000,1.1,1.1,1.1,1.1,0,0
MGS_MV,D,20140117,000000,0.94,1.1,0.94,1.1,0,0
MGS_MV,D,20140120,000000,1.1,1.1,1.1,1.1,0,0
MGS_MV,D,20140121,000000,1.1,1.1,1.1,1.1,0,0
MGS_MV,D,20140122,000000,1.1,1.1,1.1,1.1,0,0
MGS_MV,D,20140123,000000,0.94,0.94,0.94,0.94,0,0
MGS_MV,D,20140124,000000,0.94,0.94,0.78,0.78,0,0
MGS_MV,D,20140127,000000,0.78,0.94,0.78,0.94,0,0
MGS_MV,D,20140128,000000,0.78,0.78,0.78,0.78,0,0
MGS_MV,D,20140129,000000,0.63,0.63,0.63,0.63,0,0
MGS_MV,D,20140130,000000,0.78,0.78,0.78,0.78,0,0
MGS_MV,D,20140131,000000,0.94,0.94,0.94,0.94,0,0
MGS_MV,D,20140203,000000,0.94,0.94,0.78,0.78,0,0
MGS_MV,D,20140204,000000,0.78,0.78,0.78,0.78,0,0
MGS_MV,D,20140205,000000,0.78,0.78,0.78,0.78,0,0
MGS_MV,D,20140206,000000,0.94,0.94,0.94,0.94,0,0
MGS_MV,D,20140207,000000,0.94,0.94,0.94,0.94,0,0
MGS_MV,D,20140210,000000,1.1,1.1,0.94,0.94,0,0
MGS_MV,D,20140211,000000,1.1,1.1,1.1,1.1,0,0
MGS_MV,D,20140212,000000,0.94,0.94,0.94,0.94,0,0
MGS_MV,D,20140213,000000,0.94,0.94,0.94,0.94,0,0
MGS_MV,D,20140214,000000,0.94,0.94,0.94,0.94,0,0
MGS_MV,D,20140217,000000,0.94,0.94,0.94,0.94,0,0
MGS_MV,D,20140218,000000,0.94,0.94,0.94,0.94,0,0
MGS_MV,D,20140220,000000,0.78,0.94,0.78,0.94,0,0
MGS_MV,D,20140221,000000,0.94,0.94,0.94,0.94,0,0
MGS_MV,D,20140224,000000,0.94,0.94,0.94,0.94,0,0
MGS_MV,D,20140225,000000,0.78,0.78,0.78,0.78,0,0
MGS_MV,D,20140226,000000,0.78,0.94,0.78,0.94,0,0
MGS_MV,D,20140227,000000,0.94,0.94,0.94,0.94,0,0
MGS_MV,D,20140228,000000,0.94,0.94,0.94,0.94,0,0
MGS_MV,D,20140303,000000,0.78,0.78,0.78,0.78,0,0
MGS_MV,D,20140304,000000,0.78,0.78,0.78,0.78,0,0
MGS_MV,D,20140305,000000,0.78,0.78,0.78,0.78,0,0
MGS_MV,D,20140306,000000,0.78,0.78,0.78,0.78,0,0
MGS_MV,D,20140307,000000,0.78,0.78,0.78,0.78,0,0
MGS_MV,D,20140310,000000,0.78,0.78,0.78,0.78,0,0
MGS_MV,D,20140311,000000,0.78,0.78,0.78,0.78,0,0
MGS_MV,D,20140312,000000,0.78,0.78,0.78,0.78,0,0
MGS_MV,D,20140313,000000,0.78,0.94,0.78,0.94,0,0
MGS_MV,D,20140314,000000,0.78,0.94,0.78,0.94,0,0
MGS_MV,D,20140317,000000,0.94,0.94,0.94,0.94,0,0
MGS_MV,D,20140318,000000,0.94,0.94,0.94,0.94,0,0
MGS_MV,D,20140319,000000,0.94,0.94,0.94,0.94,0,0
MGS_MV,D,20140320,000000,0.94,0.94,0.94,0.94,0,0
MGS_MV,D,20140321,000000,0.94,0.94,0.94,0.94,0,0
MGS_MV,D,20140325,000000,0.78,0.78,0.78,0.78,0,0
MGS_MV,D,20140326,000000,0.78,0.78,0.78,0.78,0,0
MGS_MV,D,20140327,000000,0.78,0.78,0.78,0.78,0,0
MGS_MV,D,20140328,000000,0.94,0.94,0.94,0.94,0,0
MGS_MV,D,20140331,000000,0.78,0.78,0.78,0.78,0,0
MGS_MV,D,20140401,000000,0.78,0.94,0.78,0.94,0,0
MGS_MV,D,20140402,000000,0.78,0.78,0.78,0.78,0,0
MGS_MV,D,20140403,000000,0.78,0.78,0.78,0.78,0,0
MGS_MV,D,20140404,000000,0.78,0.78,0.78,0.78,0,0
MGS_MV,D,20140407,000000,0.78,0.78,0.78,0.78,0,0
MGS_MV,D,20140408,000000,0.94,0.94,0.94,0.94,0,0
MGS_MV,D,20140409,000000,0.94,0.94,0.94,0.94,0,0
MGS_MV,D,20140410,000000,0.78,0.78,0.78,0.78,0,0
MGS_MV,D,20140411,000000,0.78,0.78,0.78,0.78,0,0
MGS_MV,D,20140414,000000,0.78,0.78,0.63,0.63,0,0
MGS_MV,D,20140415,000000,0.78,0.78,0.78,0.78,0,0
MGS_MV,D,20140416,000000,0.78,0.78,0.78,0.78,0,0
MGS_MV,D,20140417,000000,0.78,0.78,0.78,0.78,0,0
MGS_MV,D,20140424,000000,0.78,0.78,0.78,0.78,0,0
MGS_MV,D,20140425,000000,0.78,0.78,0.78,0.78,0,0
MGS_MV,D,20140428,000000,0.78,0.78,0.78,0.78,0,0
MGS_MV,D,20140429,000000,0.78,0.78,0.78,0.78,0,0
MGS_MV,D,20140430,000000,0.94,0.94,0.94,0.94,0,0
MGS_MV,D,20140502,000000,0.94,0.94,0.78,0.78,0,0
MGS_MV,D,20140505,000000,0.78,0.78,0.78,0.78,0,0
MGS_MV,D,20140506,000000,0.78,0.78,0.78,0.78,0,0
MGS_MV,D,20140507,000000,0.78,0.78,0.78,0.78,0,0
MGS_MV,D,20140508,000000,0.78,0.78,0.78,0.78,0,0
MGS_MV,D,20140509,000000,0.78,0.78,0.78,0.78,0,0
MGS_MV,D,20140512,000000,0.78,0.78,0.78,0.78,0,0
MGS_MV,D,20140513,000000,0.78,0.78,0.78,0.78,0,0
MGS_MV,D,20140516,000000,0.78,0.78,0.78,0.78,0,0
MGS_MV,D,20140521,000000,0.78,0.78,0.63,0.63,0,0
MGS_MV,D,20140527,000000,0.63,0.63,0.63,0.63,0,0
MGS_MV,D,20140528,000000,0.78,0.78,0.78,0.78,0,0
MGS_MV,D,20140530,000000,0.78,0.78,0.78,0.78,0,0
MGS_MV,D,20140603,000000,0.78,0.78,0.78,0.78,0,0
MGS_MV,D,20140605,000000,0.78,0.78,0.78,0.78,0,0
MGS_MV,D,20140609,000000,0.78,0.78,0.78,0.78,0,0
MGS_MV,D,20140611,000000,0.78,0.78,0.78,0.78,0,0
MGS_MV,D,20140612,000000,0.78,0.78,0.78,0.78,0,0
MGS_MV,D,20140616,000000,0.78,0.78,0.78,0.78,0,0
MGS_MV,D,20140617,000000,0.78,0.78,0.78,0.78,0,0
MGS_MV,D,20140620,000000,0.78,0.78,0.78,0.78,0,0
MGS_MV,D,20140623,000000,0.78,0.78,0.78,0.78,0,0
MGS_MV,D,20140625,000000,0.78,0.78,0.78,0.78,0,0
MGS_MV,D,20140626,000000,0.78,0.78,0.78,0.78,0,0
MGS_MV,D,20140627,000000,0.78,0.78,0.78,0.78,0,0
MGS_MV,D,20140630,000000,0.78,0.78,0.78,0.78,0,0
MGS_MV,D,20140701,000000,0.63,0.63,0.63,0.63,0,0
MGS_MV,D,20140702,000000,0.63,0.78,0.63,0.78,0,0
MGS_MV,D,20140704,000000,0.63,0.63,0.63,0.63,0,0
MGS_MV,D,20140707,000000,0.63,0.78,0.63,0.78,0,0
MGS_MV,D,20140708,000000,0.94,0.94,0.94,0.94,0,0
MGS_MV,D,20140709,000000,0.94,0.94,0.94,0.94,0,0
MGS_MV,D,20140710,000000,0.78,0.78,0.78,0.78,0,0
MGS_MV,D,20140711,000000,0.63,0.78,0.63,0.78,0,0
MGS_MV,D,20140714,000000,0.78,0.78,0.78,0.78,0,0
MGS_MV,D,20140715,000000,0.78,0.78,0.78,0.78,0,0
MGS_MV,D,20140716,000000,0.78,0.94,0.78,0.94,0,0
MGS_MV,D,20140717,000000,0.94,0.94,0.94,0.94,0,0
MGS_MV,D,20140718,000000,0.94,0.94,0.94,0.94,0,0
MGS_MV,D,20140721,000000,0.94,0.94,0.94,0.94,0,0
MGS_MV,D,20140722,000000,0.94,0.94,0.94,0.94,0,0
MGS_MV,D,20140723,000000,0.94,0.94,0.94,0.94,0,0
MGS_MV,D,20140724,000000,0.94,0.94,0.94,0.94,0,0
MGS_MV,D,20140725,000000,0.94,0.94,0.94,0.94,0,0
MGS_MV,D,20140728,000000,0.94,0.94,0.94,0.94,0,0
MGS_MV,D,20140729,000000,0.78,0.78,0.78,0.78,0,0
MGS_MV,D,20140730,000000,0.63,0.78,0.63,0.78,0,0
MGS_MV,D,20140731,000000,0.78,0.94,0.78,0.94,0,0
MGS_MV,D,20140801,000000,0.94,0.94,0.94,0.94,0,0
MGS_MV,D,20140804,000000,0.78,0.94,0.78,0.94,0,0
MGS_MV,D,20140806,000000,0.94,0.94,0.94,0.94,0,0
MGS_MV,D,20140807,000000,0.94,0.94,0.94,0.94,0,0
MGS_MV,D,20140808,000000,0.78,0.78,0.78,0.78,0,0
MGS_MV,D,20140811,000000,0.94,0.94,0.94,0.94,0,0
MGS_MV,D,20140812,000000,0.94,1.1,0.94,1.1,0,0
MGS_MV,D,20140814,000000,0.94,0.94,0.94,0.94,0,0
MGS_MV,D,20140818,000000,0.94,0.94,0.94,0.94,0,0
MGS_MV,D,20140825,000000,0.78,0.78,0.78,0.78,0,0
MGS_MV,D,20140826,000000,0.78,0.78,0.78,0.78,0,0
MGS_MV,D,20140827,000000,0.78,0.78,0.78,0.78,0,0
MGS_MV,D,20140828,000000,0.94,0.94,0.94,0.94,0,0
MGS_MV,D,20140901,000000,0.78,0.78,0.78,0.78,0,0
MGS_MV,D,20140902,000000,0.63,0.78,0.63,0.78,0,0
MGS_MV,D,20140903,000000,0.78,0.78,0.78,0.78,0,0
MGS_MV,D,20140904,000000,0.63,0.63,0.63,0.63,0,0
MGS_MV,D,20140905,000000,0.78,0.78,0.63,0.63,0,0
MGS_MV,D,20140908,000000,0.63,0.63,0.63,0.63,0,0
MGS_MV,D,20140909,000000,0.78,0.78,0.63,0.63,0,0
MGS_MV,D,20140911,000000,0.78,0.78,0.78,0.78,0,0
MGS_MV,D,20140912,000000,0.78,0.78,0.78,0.78,0,0
MGS_MV,D,20140915,000000,0.94,0.94,0.94,0.94,0,0
MGS_MV,D,20140917,000000,0.94,0.94,0.94,0.94,0,0
MGS_MV,D,20140919,000000,0.78,0.78,0.78,0.78,0,0
MGS_MV,D,20140922,000000,0.78,0.78,0.78,0.78,0,0
MGS_MV,D,20140923,000000,0.94,0.94,0.94,0.94,0,0
MGS_MV,D,20140924,000000,0.78,0.78,0.78,0.78,0,0
MGS_MV,D,20140925,000000,0.78,0.78,0.63,0.63,0,0
MGS_MV,D,20140926,000000,0.78,0.78,0.63,0.63,0,0
MGS_MV,D,20140929,000000,0.78,0.78,0.78,0.78,0,0
MGS_MV,D,20140930,000000,0.78,0.78,0.78,0.78,0,0
MGS_MV,D,20141001,000000,0.63,0.63,0.63,0.63,0,0
MGS_MV,D,20141002,000000,0.78,0.78,0.78,0.78,0,0
MGS_MV,D,20141006,000000,0.78,0.78,0.78,0.78,0,0
MGS_MV,D,20141007,000000,0.78,0.94,0.78,0.94,0,0
MGS_MV,D,20141009,000000,0.78,0.78,0.78,0.78,0,0
MGS_MV,D,20141013,000000,0.78,0.78,0.78,0.78,0,0
MGS_MV,D,20141014,000000,0.78,0.78,0.78,0.78,0,0
MGS_MV,D,20141016,000000,0.78,0.78,0.78,0.78,0,0
MGS_MV,D,20141027,000000,0.78,0.78,0.78,0.78,0,0
MGS_MV,D,20141103,000000,0.78,0.78,0.78,0.78,0,0
MGS_MV,D,20141105,000000,0.63,0.63,0.63,0.63,0,0
MGS_MV,D,20141106,000000,0.78,0.78,0.78,0.78,0,0
MGS_MV,D,20141113,000000,0.78,0.78,0.78,0.78,0,0
MGS_MV,D,20141117,000000,0.63,0.63,0.63,0.63,0,0
MGS_MV,D,20141118,000000,0.63,0.63,0.63,0.63,0,0
MGS_MV,D,20141119,000000,0.63,0.63,0.63,0.63,0,0
MGS_MV,D,20141120,000000,0.63,0.63,0.47,0.47,0,0
MGS_MV,D,20141121,000000,0.47,0.47,0.47,0.47,0,0
MGS_MV,D,20141125,000000,0.47,0.47,0.47,0.47,0,0
MGS_MV,D,20141126,000000,0.47,0.47,0.47,0.47,0,0
MGS_MV,D,20141204,000000,0.63,0.63,0.63,0.63,0,0
MGS_MV,D,20141205,000000,0.63,0.63,0.63,0.63,0,0
MGS_MV,D,20141208,000000,0.63,0.63,0.63,0.63,0,0
MGS_MV,D,20141209,000000,0.63,0.63,0.63,0.63,0,0
MGS_MV,D,20141210,000000,0.63,0.63,0.63,0.63,0,0
MGS_MV,D,20141212,000000,0.63,0.78,0.63,0.78,0,0
MGS_MV,D,20141215,000000,0.94,0.94,0.78,0.78,0,0
MGS_MV,D,20141216,000000,0.78,0.78,0.78,0.78,0,0
MGS_MV,D,20141218,000000,0.63,0.63,0.63,0.63,0,0
MGS_MV,D,20141219,000000,0.63,0.78,0.63,0.78,0,0
MGS_MV,D,20141222,000000,0.63,0.63,0.63,0.63,0,0
MGS_MV,D,20141223,000000,0.78,0.78,0.78,0.78,0,0
MGS_MV,D,20141229,000000,0.78,0.78,0.78,0.78,0,0
MGS_MV,D,20150108,000000,0.78,0.78,0.78,0.78,0,0
MGS_MV,D,20150109,000000,0.63,0.63,0.63,0.63,0,0
MGS_MV,D,20150112,000000,0.63,0.63,0.63,0.63,0,0
MGS_MV,D,20150113,000000,0.63,0.63,0.47,0.47,0,0
MGS_MV,D,20150114,000000,0.63,0.63,0.63,0.63,0,0
MGS_MV,D,20150115,000000,0.63,0.63,0.63,0.63,0,0
MGS_MV,D,20150119,000000,0.63,0.63,0.63,0.63,0,0
MGS_MV,D,20150120,000000,0.63,0.63,0.63,0.63,0,0
MGS_MV,D,20150127,000000,0.63,0.63,0.63,0.63,0,0
MGS_MV,D,20150129,000000,0.63,0.63,0.63,0.63,0,0
MGS_MV,D,20150130,000000,0.63,0.63,0.63,0.63,0,0
MGS_MV,D,20150202,000000,0.63,0.63,0.63,0.63,0,0
MGS_MV,D,20150203,000000,0.63,0.63,0.63,0.63,0,0
MGS_MV,D,20150204,000000,0.47,0.63,0.47,0.63,0,0
MGS_MV,D,20150205,000000,0.63,0.63,0.63,0.63,0,0
MGS_MV,D,20150210,000000,0.63,0.63,0.63,0.63,0,0
MGS_MV,D,20150211,000000,0.78,0.78,0.78,0.78,0,0
MGS_MV,D,20150212,000000,0.78,0.78,0.78,0.78,0,0
MGS_MV,D,20150213,000000,0.63,0.63,0.63,0.63,0,0
MGS_MV,D,20150216,000000,0.63,0.63,0.63,0.63,0,0
MGS_MV,D,20150217,000000,0.78,0.78,0.78,0.78,0,0
MGS_MV,D,20150218,000000,0.78,0.78,0.78,0.78,0,0
MGS_MV,D,20150223,000000,0.78,0.78,0.63,0.63,0,0
MGS_MV,D,20150224,000000,0.63,0.63,0.63,0.63,0,0
MGS_MV,D,20150225,000000,0.63,0.63,0.63,0.63,0,0
MGS_MV,D,20150226,000000,0.63,0.78,0.63,0.78,0,0
MGS_MV,D,20150227,000000,0.78,0.78,0.78,0.78,0,0
MGS_MV,D,20150303,000000,0.63,0.63,0.63,0.63,0,0
MGS_MV,D,20150304,000000,0.78,0.78,0.78,0.78,0,0
MGS_MV,D,20150306,000000,0.63,0.63,0.63,0.63,0,0
MGS_MV,D,20150309,000000,0.63,0.78,0.63,0.78,0,0
MGS_MV,D,20150310,000000,0.78,0.78,0.78,0.78,0,0
MGS_MV,D,20150311,000000,0.78,0.78,0.78,0.78,0,0
MGS_MV,D,20150312,000000,0.78,0.78,0.78,0.78,0,0
MGS_MV,D,20150313,000000,0.78,0.78,0.78,0.78,0,0
MGS_MV,D,20150316,000000,0.94,0.94,0.94,0.94,0,0
MGS_MV,D,20150317,000000,0.78,0.78,0.78,0.78,0,0
MGS_MV,D,20150320,000000,0.78,0.78,0.78,0.78,0,0
MGS_MV,D,20150324,000000,0.78,0.78,0.78,0.78,0,0
MGS_MV,D,20150326,000000,0.78,0.78,0.78,0.78,0,0
MGS_MV,D,20150327,000000,0.78,0.78,0.63,0.63,0,0
MGS_MV,D,20150330,000000,0.63,0.63,0.63,0.63,0,0
MGS_MV,D,20150331,000000,0.78,0.78,0.78,0.78,0,0
MGS_MV,D,20150407,000000,0.63,0.63,0.63,0.63,0,0
MGS_MV,D,20150409,000000,0.47,0.47,0.47,0.47,0,0
MGS_MV,D,20150410,000000,0.63,0.63,0.63,0.63,0,0
MGS_MV,D,20150413,000000,0.63,0.63,0.63,0.63,0,0
MGS_MV,D,20150414,000000,0.63,0.63,0.63,0.63,0,0
MGS_MV,D,20150417,000000,0.63,0.63,0.63,0.63,0,0
MGS_MV,D,20150420,000000,0.63,0.63,0.63,0.63,0,0
MGS_MV,D,20150422,000000,0.63,0.63,0.63,0.63,0,0
MGS_MV,D,20150424,000000,0.63,0.78,0.63,0.78,0,0
MGS_MV,D,20150429,000000,0.63,0.63,0.63,0.63,0,0
MGS_MV,D,20150430,000000,0.63,0.63,0.63,0.63,0,0
MGS_MV,D,20150504,000000,0.63,0.63,0.63,0.63,0,0
MGS_MV,D,20150505,000000,0.63,0.63,0.63,0.63,0,0
MGS_MV,D,20150508,000000,0.63,0.63,0.63,0.63,0,0
MGS_MV,D,20150511,000000,0.78,0.78,0.78,0.78,0,0
MGS_MV,D,20150513,000000,0.63,0.63,0.63,0.63,0,0
MGS_MV,D,20150520,000000,0.63,0.63,0.63,0.63,0,0
MGS_MV,D,20150521,000000,0.63,0.63,0.63,0.63,0,0
MGS_MV,D,20150528,000000,0.63,0.63,0.63,0.63,0,0
MGS_MV,D,20150529,000000,0.63,0.63,0.63,0.63,0,0
MGS_MV,D,20150611,000000,0.63,0.63,0.63,0.63,0,0
MGS_MV,D,20150701,000000,0.63,0.63,0.63,0.63,0,0
MGS_MV,D,20150713,000000,0.47,0.47,0.47,0.47,0,0
MGS_MV,D,20150715,000000,0.47,0.47,0.47,0.47,0,0
MGS_MV,D,20150724,000000,0.47,0.47,0.47,0.47,0,0
MGS_MV,D,20150727,000000,0.47,0.47,0.47,0.47,0,0
MGS_MV,D,20150728,000000,0.47,0.47,0.47,0.47,0,0
MGS_MV,D,20150729,000000,0.47,0.47,0.47,0.47,0,0
MGS_MV,D,20150730,000000,0.47,0.47,0.47,0.47,0,0
MGS_MV,D,20150803,000000,0.47,0.47,0.47,0.47,0,0
MGS_MV,D,20150804,000000,0.47,0.63,0.47,0.63,0,0
MGS_MV,D,20150805,000000,0.78,0.78,0.78,0.78,0,0
MGS_MV,D,20150806,000000,0.78,0.78,0.78,0.78,0,0
MGS_MV,D,20150807,000000,0.78,0.78,0.78,0.78,0,0
MGS_MV,D,20150810,000000,0.63,0.63,0.63,0.63,0,0
MGS_MV,D,20150811,000000,0.63,0.63,0.63,0.63,0,0
MGS_MV,D,20150812,000000,0.63,0.63,0.63,0.63,0,0
MGS_MV,D,20150813,000000,0.63,0.78,0.63,0.78,0,0
MGS_MV,D,20150814,000000,0.78,0.78,0.78,0.78,0,0
MGS_MV,D,20150817,000000,0.78,0.78,0.78,0.78,0,0
MGS_MV,D,20150818,000000,0.63,0.63,0.63,0.63,0,0
MGS_MV,D,20150819,000000,0.63,0.63,0.63,0.63,0,0
MGS_MV,D,20150820,000000,0.63,0.63,0.63,0.63,0,0
MGS_MV,D,20150824,000000,0.63,0.63,0.63,0.63,0,0
MGS_MV,D,20150826,000000,0.63,0.63,0.63,0.63,0,0
MGS_MV,D,20150827,000000,0.63,0.63,0.63,0.63,0,0
MGS_MV,D,20150831,000000,0.47,0.63,0.47,0.63,0,0
MGS_MV,D,20150901,000000,0.63,0.63,0.63,0.63,0,0
MGS_MV,D,20150908,000000,0.47,0.47,0.47,0.47,0,0
MGS_MV,D,20150909,000000,0.63,0.63,0.63,0.63,0,0
MGS_MV,D,20151019,000000,0.63,0.63,0.63,0.63,0,0
MGS_MV,D,20151022,000000,0.63,0.63,0.63,0.63,0,0
MGS_MV,D,20151026,000000,0.63,0.63,0.63,0.63,0,0
MGS_MV,D,20151029,000000,0.63,0.63,0.63,0.63,0,0
MGS_MV,D,20151112,000000,0.47,0.47,0.47,0.47,0,0
MGS_MV,D,20151113,000000,0.63,0.63,0.47,0.47,0,0
MGS_MV,D,20151116,000000,0.63,0.78,0.63,0.78,0,0
MGS_MV,D,20151117,000000,0.78,0.78,0.78,0.78,0,0
MGS_MV,D,20151118,000000,0.63,0.63,0.63,0.63,0,0
MGS_MV,D,20151119,000000,0.63,0.63,0.63,0.63,0,0
MGS_MV,D,20151120,000000,0.47,0.47,0.47,0.47,0,0
MGS_MV,D,20151123,000000,0.47,0.47,0.47,0.47,0,0
MGS_MV,D,20151125,000000,0.63,0.63,0.63,0.63,0,0
MGS_MV,D,20151126,000000,0.47,0.63,0.47,0.63,0,0
MGS_MV,D,20151127,000000,0.47,0.47,0.47,0.47,0,0
MGS_MV,D,20151201,000000,0.47,0.47,0.47,0.47,0,0
MGS_MV,D,20151202,000000,0.47,0.47,0.47,0.47,0,0
MGS_MV,D,20151204,000000,0.47,0.47,0.47,0.47,0,0
MGS_MV,D,20151208,000000,0.47,0.47,0.47,0.47,0,0
MGS_MV,D,20151210,000000,0.47,0.47,0.47,0.47,0,0
MGS_MV,D,20151211,000000,0.47,0.47,0.47,0.47,0,0
MGS_MV,D,20151214,000000,0.47,0.47,0.47,0.47,0,0
MGS_MV,D,20151215,000000,0.47,0.47,0.47,0.47,0,0
MGS_MV,D,20151216,000000,0.63,0.63,0.63,0.63,0,0
MGS_MV,D,20151218,000000,0.63,0.63,0.63,0.63,0,0
MGS_MV,D,20151222,000000,0.47,0.63,0.47,0.63,0,0
MGS_MV,D,20151223,000000,0.47,0.63,0.47,0.63,0,0
MGS_MV,D,20151228,000000,0.63,0.78,0.63,0.78,0,0
MGS_MV,D,20151230,000000,0.78,0.78,0.78,0.78,0,0
MGS_MV,D,20160104,000000,0.78,0.78,0.63,0.63,0,0
MGS_MV,D,20160105,000000,0.63,0.63,0.63,0.63,0,0
MGS_MV,D,20160107,000000,0.78,0.78,0.78,0.78,0,0
MGS_MV,D,20160108,000000,0.63,0.63,0.63,0.63,0,0
MGS_MV,D,20160112,000000,0.63,0.63,0.63,0.63,0,0
MGS_MV,D,20160115,000000,0.78,0.78,0.63,0.63,0,0
MGS_MV,D,20160118,000000,0.63,0.63,0.63,0.63,0,0
MGS_MV,D,20160121,000000,0.63,0.63,0.63,0.63,0,0
MGS_MV,D,20160125,000000,0.63,0.63,0.63,0.63,0,0
MGS_MV,D,20160128,000000,0.78,0.78,0.63,0.63,0,0
MGS_MV,D,20160129,000000,0.78,0.94,0.78,0.94,0,0
MGS_MV,D,20160201,000000,0.94,1.1,0.94,1.1,0,0
MGS_MV,D,20160202,000000,1.1,1.1,1.1,1.1,0,0
MGS_MV,D,20160203,000000,1.1,1.41,1.1,1.41,0,0
MGS_MV,D,20160204,000000,1.57,1.72,1.57,1.72,0,0
MGS_MV,D,20160205,000000,1.72,1.72,1.57,1.57,0,0
MGS_MV,D,20160208,000000,1.41,1.41,1.25,1.25,0,0
MGS_MV,D,20160209,000000,1.25,1.41,1.25,1.41,0,0
MGS_MV,D,20160210,000000,1.41,1.41,1.41,1.41,0,0
MGS_MV,D,20160211,000000,1.41,1.57,1.41,1.57,0,0
MGS_MV,D,20160212,000000,1.57,1.57,1.57,1.57,0,0
MGS_MV,D,20160215,000000,1.57,1.57,1.41,1.41,0,0
MGS_MV,D,20160216,000000,1.41,1.41,1.41,1.41,0,0
MGS_MV,D,20160217,000000,1.41,1.57,1.41,1.57,0,0
MGS_MV,D,20160218,000000,1.88,1.88,1.88,1.88,0,0
MGS_MV,D,20160219,000000,1.72,1.88,1.72,1.88,0,0
MGS_MV,D,20160222,000000,1.88,1.88,1.88,1.88,0,0
MGS_MV,D,20160223,000000,1.88,1.88,1.88,1.88,0,0
MGS_MV,D,20160224,000000,1.72,1.72,1.72,1.72,0,0
MGS_MV,D,20160225,000000,1.72,1.72,1.72,1.72,0,0
MGS_MV,D,20160226,000000,1.72,1.72,1.72,1.72,0,0
MGS_MV,D,20160301,000000,1.57,1.57,1.57,1.57,0,0
MGS_MV,D,20160302,000000,1.57,1.72,1.57,1.72,0,0
MGS_MV,D,20160303,000000,1.72,1.72,1.72,1.72,0,0
MGS_MV,D,20160304,000000,1.72,1.72,1.72,1.72,0,0
MGS_MV,D,20160307,000000,1.88,1.88,1.88,1.88,0,0
MGS_MV,D,20160308,000000,1.72,2.04,1.72,2.04,0,0
MGS_MV,D,20160309,000000,2.19,2.19,2.19,2.19,0,0
MGS_MV,D,20160310,000000,2.04,2.04,2.04,2.04,0,0
MGS_MV,D,20160311,000000,2.19,2.19,2.19,2.19,0,0
MGS_MV,D,20160314,000000,1.88,1.88,1.88,1.88,0,0
MGS_MV,D,20160315,000000,2.19,2.19,2.19,2.19,0,0
MGS_MV,D,20160316,000000,2.04,2.04,2.04,2.04,0,0
MGS_MV,D,20160317,000000,2.04,2.04,2.04,2.04,0,0
MGS_MV,D,20160318,000000,2.04,2.04,2.04,2.04,0,0
MGS_MV,D,20160321,000000,1.88,1.88,1.88,1.88,0,0
MGS_MV,D,20160322,000000,1.88,1.88,1.88,1.88,0,0
MGS_MV,D,20160324,000000,1.88,1.88,1.88,1.88,0,0
MGS_MV,D,20160329,000000,1.72,2.04,1.72,2.04,0,0
MGS_MV,D,20160330,000000,1.88,1.88,1.88,1.88,0,0
MGS_MV,D,20160331,000000,2.04,2.04,2.04,2.04,0,0
MGS_MV,D,20160401,000000,2.04,2.04,2.04,2.04,0,0
MGS_MV,D,20160404,000000,1.88,1.88,1.88,1.88,0,0
MGS_MV,D,20160405,000000,1.88,1.88,1.88,1.88,0,0
MGS_MV,D,20160412,000000,1.72,1.88,1.72,1.88,0,0
MGS_MV,D,20160413,000000,1.88,1.88,1.88,1.88,0,0
MGS_MV,D,20160414,000000,2.04,2.35,2.04,2.35,0,0
MGS_MV,D,20160415,000000,2.82,2.82,2.82,2.82,0,0
MGS_MV,D,20160418,000000,4.07,4.07,4.07,4.07,0,0
MGS_MV,D,20160419,000000,3.91,3.91,3.76,3.76,0,0
MGS_MV,D,20160420,000000,3.76,3.76,3.76,3.76,0,0
MGS_MV,D,20160421,000000,3.76,3.76,3.76,3.76,0,0
MGS_MV,D,20160422,000000,3.91,3.91,3.91,3.91,0,0
MGS_MV,D,20160425,000000,3.91,3.91,3.91,3.91,0,0
MGS_MV,D,20160426,000000,3.91,3.91,3.6,3.6,0,0
MGS_MV,D,20160427,000000,3.44,3.44,3.13,3.13,0,0
MGS_MV,D,20160428,000000,2.82,3.44,2.82,3.44,0,0
MGS_MV,D,20160429,000000,3.29,3.29,3.29,3.29,0,0
MGS_MV,D,20160502,000000,3.29,3.44,3.29,3.44,0,0
MGS_MV,D,20160504,000000,4.23,4.54,4.23,4.54,0,0
MGS_MV,D,20160505,000000,4.7,4.7,4.54,4.54,0,0
MGS_MV,D,20160506,000000,4.23,4.23,4.07,4.07,0,0
MGS_MV,D,20160509,000000,4.07,4.07,4.07,4.07,0,0
MGS_MV,D,20160510,000000,4.07,4.23,4.07,4.23,0,0
MGS_MV,D,20160511,000000,4.23,4.23,4.23,4.23,0,0
MGS_MV,D,20160512,000000,4.38,4.38,4.38,4.38,0,0
MGS_MV,D,20160513,000000,4.38,4.38,4.23,4.23,0,0
MGS_MV,D,20160516,000000,4.7,4.7,4.54,4.54,0,0
MGS_MV,D,20160517,000000,4.54,4.54,4.07,4.07,0,0
MGS_MV,D,20160518,000000,4.38,4.54,4.38,4.54,0,0
MGS_MV,D,20160519,000000,4.54,4.54,4.54,4.54,0,0
MGS_MV,D,20160520,000000,4.54,4.54,4.38,4.38,0,0
MGS_MV,D,20160523,000000,4.38,4.54,4.38,4.54,0,0
MGS_MV,D,20160524,000000,4.54,4.54,4.38,4.38,0,0
MGS_MV,D,20160525,000000,4.54,4.54,4.54,4.54,0,0
MGS_MV,D,20160527,000000,4.54,4.54,4.38,4.38,0,0
MGS_MV,D,20160530,000000,4.38,4.38,4.38,4.38,0,0
MGS_MV,D,20160531,000000,4.38,4.38,4.38,4.38,0,0
MGS_MV,D,20160601,000000,4.07,4.07,4.07,4.07,0,0
MGS_MV,D,20160602,000000,3.91,3.91,3.91,3.91,0,0
MGS_MV,D,20160603,000000,3.91,3.91,3.76,3.76,0,0
MGS_MV,D,20160606,000000,3.76,3.76,3.76,3.76,0,0
MGS_MV,D,20160607,000000,4.23,4.23,4.07,4.07,0,0
MGS_MV,D,20160608,000000,4.23,4.23,4.23,4.23,0,0
MGS_MV,D,20160609,000000,3.6,4.23,3.6,4.23,0,0
MGS_MV,D,20160613,000000,16.65,16.65,16.03,16.03,0,0
MGS_MV,D,20160614,000000,14.18,14.18,12.33,12.33,0,0
MGS_MV,D,20160615,000000,15.42,15.42,14.8,14.8,0,0
MGS_MV,D,20160616,000000,15.42,15.42,14.8,14.8,0,0
MGS_MV,D,20160617,000000,15.42,15.42,15.42,15.42,0,0
MGS_MV,D,20160620,000000,14.8,14.8,14.8,14.8,0,0
MGS_MV,D,20160621,000000,16.65,16.65,16.65,16.65,0,0
MGS_MV,D,20160622,000000,16.65,16.65,15.42,15.42,0,0
MGS_MV,D,20160623,000000,15.42,15.42,15.42,15.42,0,0
MGS_MV,D,20160624,000000,15.42,15.42,15.42,15.42,0,0
MGS_MV,D,20160627,000000,15.42,15.42,15.42,15.42,0,0
MGS_MV,D,20160629,000000,14.18,14.18,14.18,14.18,0,0
MGS_MV,D,20160704,000000,16.65,16.65,14.8,15.42,0,0
MGS_MV,D,20160705,000000,15.42,16.65,15.42,16.65,0,0
MGS_MV,D,20160706,000000,16.03,16.65,16.03,16.03,0,0
MGS_MV,D,20160707,000000,16.03,16.65,14.8,15.42,0,0
MGS_MV,D,20160708,000000,15.42,15.42,14.8,15.42,0,0
MGS_MV,D,20160711,000000,15.42,15.42,14.8,14.8,0,0
MGS_MV,D,20160712,000000,15.42,15.42,14.8,14.8,0,0
MGS_MV,D,20160713,000000,15.42,15.42,15.42,15.42,0,0
MGS_MV,D,20160714,000000,16.03,16.65,16.03,16.65,0,0
MGS_MV,D,20160715,000000,16.03,16.03,16.03,16.03,0,0
MGS_MV,D,20160718,000000,15.42,16.03,15.42,16.03,0,0
MGS_MV,D,20160719,000000,15.42,16.03,15.42,16.03,0,0
MGS_MV,D,20160720,000000,15.42,15.42,14.8,15.42,0,0
MGS_MV,D,20160721,000000,16.03,16.03,16.03,16.03,0,0
MGS_MV,D,20160722,000000,15.42,16.03,15.42,16.03,0,0
MGS_MV,D,20160725,000000,15.42,16.03,15.42,15.42,0,0
MGS_MV,D,20160726,000000,15.42,16.65,15.42,16.03,0,0
MGS_MV,D,20160727,000000,16.65,16.65,16.03,16.65,0,0
MGS_MV,D,20160728,000000,16.65,16.65,16.03,16.65,0,0
MGS_MV,D,20160729,000000,16.65,16.65,16.03,16.65,0,0
MGS_MV,D,20160801,000000,16.65,17.27,16.65,16.65,0,0
MGS_MV,D,20160802,000000,16.65,17.27,16.03,16.03,0,0
MGS_MV,D,20160803,000000,16.03,16.03,16.03,16.03,0,0
MGS_MV,D,20160804,000000,16.03,16.65,16.03,16.03,0,0
MGS_MV,D,20160805,000000,16.03,16.65,15.42,16.03,0,0
MGS_MV,D,20160808,000000,16.03,16.03,16.03,16.03,0,0
MGS_MV,D,20160809,000000,16.03,16.03,14.18,16.03,0,0
MGS_MV,D,20160810,000000,15.42,15.42,15.42,15.42,0,0
MGS_MV,D,20160811,000000,13.57,15.42,12.95,15.42,0,0
MGS_MV,D,20160812,000000,15.42,15.42,14.8,15.42,0,0
MGS_MV,D,20160816,000000,16.03,19.12,16.03,16.65,0,0
MGS_MV,D,20160817,000000,16.65,17.88,16.03,16.65,0,0
MGS_MV,D,20160818,000000,17.27,18.5,17.27,18.5,0,0
MGS_MV,D,20160819,000000,18.5,22.2,18.5,20.97,0,0
MGS_MV,D,20160822,000000,22.2,25.9,22.2,24.67,0,0
MGS_MV,D,20160823,000000,25.29,25.29,24.05,24.67,0,0
MGS_MV,D,20160824,000000,24.67,24.67,22.2,23.44,0,0
MGS_MV,D,20160825,000000,24.67,24.67,22.82,23.44,0,0
MGS_MV,D,20160826,000000,23.44,24.05,22.82,23.44,0,0
MGS_MV,D,20160829,000000,24.05,24.05,23.44,24.05,0,0
MGS_MV,D,20160830,000000,23.44,24.05,22.82,23.44,0,0
MGS_MV,D,20160831,000000,24.05,24.05,22.82,24.05,0,0
MGS_MV,D,20160901,000000,23.44,24.05,22.82,23.44,0,0
MGS_MV,D,20160902,000000,22.82,23.44,22.82,22.82,0,0
MGS_MV,D,20160905,000000,22.82,22.82,20.97,22.2,0,0
MGS_MV,D,20160906,000000,21.58,22.2,20.97,21.58,0,0
MGS_MV,D,20160907,000000,20.97,21.58,20.97,21.58,0,0
MGS_MV,D,20160908,000000,20.97,27.75,20.97,27.75,0,0
MGS_MV,D,20160909,000000,27.75,28.99,22.82,25.29,0,0
MGS_MV,D,20160912,000000,24.67,24.67,23.44,24.05,0,0
MGS_MV,D,20160913,000000,24.67,27.14,24.05,26.52,0,0
MGS_MV,D,20160914,000000,26.52,27.14,25.29,26.52,0,0
MGS_MV,D,20160915,000000,26.52,27.14,26.52,27.14,0,0
MGS_MV,D,20160916,000000,26.52,26.52,25.9,26.52,0,0
MGS_MV,D,20160919,000000,27.75,27.75,25.9,26.52,0,0
MGS_MV,D,20160920,000000,25.9,25.9,24.67,25.9,0,0
MGS_MV,D,20160921,000000,25.9,26.52,25.9,26.52,0,0
MGS_MV,D,20160922,000000,26.52,27.14,25.29,25.29,0,0
MGS_MV,D,20160923,000000,25.9,25.9,24.05,25.9,0,0
MGS_MV,D,20160926,000000,25.9,25.9,24.05,24.67,0,0
MGS_MV,D,20160927,000000,25.29,25.29,24.67,25.29,0,0
MGS_MV,D,20160928,000000,25.29,30.83,25.29,30.83,0,0
MGS_MV,D,20160929,000000,30.83,31.57,28.63,30.1,0,0
MGS_MV,D,20160930,000000,29.37,30.1,29.37,29.37,0,0
MGS_MV,D,20161003,000000,29.37,30.83,25.69,26.43,0,0
MGS_MV,D,20161004,000000,26.43,28.63,26.43,26.43,0,0
MGS_MV,D,20161005,000000,27.16,27.9,26.43,27.16,0,0
MGS_MV,D,20161006,000000,27.16,27.16,27.16,27.16,0,0
MGS_MV,D,20161007,000000,26.43,27.16,24.23,26.43,0,0
MGS_MV,D,20161010,000000,26.43,27.16,24.23,24.96,0,0
MGS_MV,D,20161011,000000,24.96,25.69,24.96,25.69,0,0
MGS_MV,D,20161012,000000,24.96,26.43,24.23,26.43,0,0
MGS_MV,D,20161013,000000,26.43,26.43,25.69,25.69,0,0
MGS_MV,D,20161014,000000,26.43,28.63,25.69,27.16,0,0
MGS_MV,D,20161017,000000,27.9,29.37,27.16,28.63,0,0
MGS_MV,D,20161018,000000,29.37,29.37,25.69,28.63,0,0
MGS_MV,D,20161019,000000,28.63,28.63,27.16,27.16,0,0
MGS_MV,D,20161020,000000,27.16,28.63,27.16,28.63,0,0
MGS_MV,D,20161021,000000,29.37,30.83,29.37,30.1,0,0
MGS_MV,D,20161024,000000,30.1,31.57,29.37,31.57,0,0
MGS_MV,D,20161025,000000,30.83,31.57,28.63,30.83,0,0
MGS_MV,D,20161026,000000,30.83,31.57,29.37,29.37,0,0
MGS_MV,D,20161027,000000,29.37,30.83,29.37,30.83,0,0
MGS_MV,D,20161028,000000,30.83,30.83,29.37,29.37,0,0
MGS_MV,D,20161031,000000,28.63,29.37,28.63,29.37,0,0
MGS_MV,D,20161102,000000,28.63,29.37,28.63,29.37,0,0
MGS_MV,D,20161103,000000,29.37,29.37,27.9,27.9,0,0
MGS_MV,D,20161104,000000,27.9,29.37,27.16,29.37,0,0
MGS_MV,D,20161107,000000,27.9,29.37,26.43,27.9,0,0
MGS_MV,D,20161108,000000,27.9,27.9,27.9,27.9,0,0
MGS_MV,D,20161109,000000,26.43,28.63,26.43,28.63,0,0
MGS_MV,D,20161114,000000,30.83,31.57,29.37,30.83,0,0
MGS_MV,D,20161115,000000,31.57,32.3,28.63,30.1,0,0
MGS_MV,D,20161116,000000,29.37,30.83,28.63,30.83,0,0
MGS_MV,D,20161117,000000,30.1,30.1,29.37,30.1,0,0
MGS_MV,D,20161118,000000,27.9,30.1,27.9,30.1,0,0
MGS_MV,D,20161121,000000,30.1,30.1,27.9,29.37,0,0
MGS_MV,D,20161122,000000,27.9,29.37,27.9,29.37,0,0
MGS_MV,D,20161123,000000,28.63,29.37,27.9,27.9,0,0
MGS_MV,D,20161124,000000,28.63,28.63,27.9,27.9,0,0
MGS_MV,D,20161125,000000,28.63,28.63,27.9,27.9,0,0
MGS_MV,D,20161128,000000,27.9,28.63,26.43,27.16,0,0
MGS_MV,D,20161129,000000,27.9,27.9,26.43,27.9,0,0
MGS_MV,D,20161130,000000,27.16,27.9,26.43,27.9,0,0
MGS_MV,D,20161201,000000,27.16,27.9,26.43,27.16,0,0
MGS_MV,D,20161202,000000,27.16,27.16,25.69,27.16,0,0
MGS_MV,D,20161206,000000,25.69,27.16,25.69,26.43,0,0
MGS_MV,D,20161207,000000,26.43,26.43,26.43,26.43,0,0
MGS_MV,D,20161208,000000,27.16,27.9,26.43,27.9,0,0
MGS_MV,D,20161209,000000,27.16,27.9,25.69,26.43,0,0
MGS_MV,D,20161212,000000,27.16,27.16,25.69,26.43,0,0
MGS_MV,D,20161213,000000,27.9,27.9,24.96,25.69,0,0
MGS_MV,D,20161214,000000,26.43,26.43,26.43,26.43,0,0
MGS_MV,D,20161215,000000,26.43,26.43,26.43,26.43,0,0
MGS_MV,D,20161219,000000,25.69,27.16,25.69,26.43,0,0
MGS_MV,D,20161220,000000,27.16,28.63,25.69,28.63,0,0
MGS_MV,D,20161221,000000,28.63,28.63,27.9,28.63,0,0
MGS_MV,D,20161222,000000,28.63,29.37,28.63,29.37,0,0
MGS_MV,D,20161223,000000,28.63,29.37,27.9,29.37,0,0
MGS_MV,D,20161227,000000,28.63,28.63,26.43,27.9,0,0
MGS_MV,D,20161228,000000,27.9,29.37,27.16,28.63,0,0
MGS_MV,D,20161229,000000,28.63,29.37,27.9,28.63,0,0
MGS_MV,D,20161230,000000,29.37,30.83,29.37,30.1,0,0
MGS_MV,D,20170102,000000,30.1,30.83,28.63,30.1,0,0
MGS_MV,D,20170103,000000,30.1,30.83,29.37,30.83,0,0
MGS_MV,D,20170104,000000,31.57,33.77,31.57,33.04,0,0
MGS_MV,D,20170105,000000,32.3,33.04,30.1,30.83,0,0
MGS_MV,D,20170109,000000,30.83,33.04,30.83,32.3,0,0
MGS_MV,D,20170110,000000,33.04,46.98,32.3,38.18,0,0
MGS_MV,D,20170111,000000,37.44,42.58,35.24,41.11,0,0
MGS_MV,D,20170112,000000,41.85,46.25,41.11,44.78,0,0
MGS_MV,D,20170113,000000,45.52,45.52,42.58,43.31,0,0
MGS_MV,D,20170116,000000,44.05,44.05,41.85,44.05,0,0
MGS_MV,D,20170117,000000,44.05,49.19,43.31,46.98,0,0
MGS_MV,D,20170118,000000,46.98,60.2,46.98,59.47,0,0
MGS_MV,D,20170119,000000,61.67,71.21,58.73,70.48,0,0
MGS_MV,D,20170120,000000,69.74,71.21,62.4,67.54,0,0
MGS_MV,D,20170123,000000,65.34,69.01,62.4,62.4,0,0
MGS_MV,D,20170124,000000,61.67,65.34,60.2,60.2,0,0
MGS_MV,D,20170125,000000,61.67,63.14,60.93,63.14,0,0
MGS_MV,D,20170126,000000,62.4,77.08,62.4,75.62,0,0
MGS_MV,D,20170127,000000,76.35,85.89,75.62,82.96,0,0
MGS_MV,D,20170130,000000,85.89,103.51,84.43,103.51,0,0
MGS_MV,D,20170131,000000,106.45,115.26,99.11,102.05,0,0
MGS_MV,D,20170201,000000,96.17,99.11,82.22,90.3,0,0
MGS_MV,D,20170202,000000,90.3,95.44,83.69,90.3,0,0
MGS_MV,D,20170203,000000,93.24,98.37,89.56,97.64,0,0
MGS_MV,D,20170206,000000,98.37,98.37,85.16,86.63,0,0
MGS_MV,D,20170207,000000,85.16,88.83,85.16,88.83,0,0
MGS_MV,D,20170208,000000,88.1,88.1,85.16,85.16,0,0
MGS_MV,D,20170209,000000,91.77,97.64,85.16,85.16,0,0
MGS_MV,D,20170210,000000,85.89,85.89,74.15,81.49,0,0
MGS_MV,D,20170213,000000,77.08,82.22,74.88,78.55,0,0
MGS_MV,D,20170214,000000,74.88,75.62,66.81,66.81,0,0
MGS_MV,D,20170215,000000,63.14,66.07,52.86,58,0,0
MGS_MV,D,20170216,000000,57.26,63.14,55.06,60.93,0,0
MGS_MV,D,20170217,000000,58.73,59.47,53.59,53.59,0,0
MGS_MV,D,20170220,000000,52.86,58,49.19,55.06,0,0
MGS_MV,D,20170221,000000,55.06,62.4,52.12,57.26,0,0
MGS_MV,D,20170222,000000,58,61.67,58,60.2,0,0
MGS_MV,D,20170223,000000,60.2,60.2,55.79,55.79,0,0
MGS_MV,D,20170224,000000,51.39,51.39,46.25,47.72,0,0
MGS_MV,D,20170227,000000,44.78,46.98,35.97,36.71,0,0
MGS_MV,D,20170228,000000,33.77,38.91,33.77,38.18,0,0
MGS_MV,D,20170301,000000,36.71,44.05,36.71,41.85,0,0
MGS_MV,D,20170302,000000,42.58,42.58,36.71,40.38,0,0
MGS_MV,D,20170303,000000,40.38,40.38,38.18,39.64,0,0
MGS_MV,D,20170306,000000,39.64,39.64,36.71,37.44,0,0
MGS_MV,D,20170307,000000,36.71,36.71,35.24,35.97,0,0
MGS_MV,D,20170308,000000,35.97,47.72,34.5,41.11,0,0
MGS_MV,D,20170309,000000,41.85,43.31,39.64,39.64,0,0
MGS_MV,D,20170310,000000,40.38,41.85,37.44,38.18,0,0
MGS_MV,D,20170313,000000,38.91,38.91,36.71,38.18,0,0
MGS_MV,D,20170314,000000,37.44,38.91,35.97,37.44,0,0
MGS_MV,D,20170315,000000,36.71,36.71,35.24,35.97,0,0
MGS_MV,D,20170316,000000,35.97,36.71,35.24,35.24,0,0
MGS_MV,D,20170317,000000,35.24,35.97,33.77,34.5,0,0
MGS_MV,D,20170320,000000,34.5,40.38,33.77,37.44,0,0
MGS_MV,D,20170321,000000,38.18,38.91,35.97,35.97,0,0
MGS_MV,D,20170322,000000,35.97,37.44,34.5,36.71,0,0
MGS_MV,D,20170323,000000,36.71,37.44,35.24,35.97,0,0
MGS_MV,D,20170324,000000,35.97,36.71,34.5,35.24,0,0
MGS_MV,D,20170327,000000,35.24,35.24,33.77,35.24,0,0
MGS_MV,D,20170328,000000,34.5,35.24,33.77,33.77,0,0
MGS_MV,D,20170329,000000,33.77,34.5,32.3,33.04,0,0
MGS_MV,D,20170330,000000,33.04,33.77,33.04,33.04,0,0
MGS_MV,D,20170331,000000,32.3,33.77,32.3,33.04,0,0
MGS_MV,D,20170403,000000,32.3,33.77,28.63,30.83,0,0
MGS_MV,D,20170404,000000,30.1,32.3,29.37,30.83,0,0
MGS_MV,D,20170405,000000,30.83,30.83,29.37,30.83,0,0
MGS_MV,D,20170406,000000,30.83,31.57,29.37,30.1,0,0
MGS_MV,D,20170407,000000,30.83,30.83,27.9,28.63,0,0
MGS_MV,D,20170410,000000,29.37,29.37,27.16,27.9,0,0
MGS_MV,D,20170411,000000,27.9,28.63,27.16,27.16,0,0
MGS_MV,D,20170412,000000,27.9,28.63,27.9,28.63,0,0
MGS_MV,D,20170413,000000,28.63,31.57,25.69,26.43,0,0
MGS_MV,D,20170418,000000,25.69,27.16,24.96,26.43,0,0
MGS_MV,D,20170419,000000,26.43,26.43,24.96,26.43,0,0
MGS_MV,D,20170420,000000,26.43,26.43,24.96,25.69,0,0
MGS_MV,D,20170421,000000,24.96,25.69,22.76,23.49,0,0
MGS_MV,D,20170424,000000,22.02,22.02,19.82,21.29,0,0
MGS_MV,D,20170425,000000,21.29,21.29,16.89,16.89,0,0
MGS_MV,D,20170426,000000,16.89,19.82,14.68,18.35,0,0
MGS_MV,D,20170427,000000,19.09,24.23,19.09,23.49,0,0
MGS_MV,D,20170428,000000,23.49,28.63,22.76,24.23,0,0
MGS_MV,D,20170502,000000,24.96,24.96,22.02,23.49,0,0
MGS_MV,D,20170504,000000,24.23,25.69,22.76,23.49,0,0
MGS_MV,D,20170505,000000,24.23,24.96,23.49,24.96,0,0
MGS_MV,D,20170508,000000,24.96,24.96,22.76,24.23,0,0
MGS_MV,D,20170509,000000,24.23,24.23,19.82,20.56,0,0
MGS_MV,D,20170510,000000,21.29,29.37,20.56,24.96,0,0
MGS_MV,D,20170511,000000,24.96,27.9,24.23,25.69,0,0
MGS_MV,D,20170512,000000,27.16,30.1,26.43,27.9,0,0
MGS_MV,D,20170515,000000,25.69,27.16,24.96,26.43,0,0
MGS_MV,D,20170516,000000,25.69,25.69,23.49,24.23,0,0
MGS_MV,D,20170517,000000,24.23,24.23,22.02,22.76,0,0
MGS_MV,D,20170518,000000,23.49,26.43,22.76,24.23,0,0
MGS_MV,D,20170519,000000,25.69,26.43,24.96,26.43,0,0
MGS_MV,D,20170522,000000,26.43,26.43,24.23,25.69,0,0
MGS_MV,D,20170523,000000,24.96,25.69,24.23,24.23,0,0
MGS_MV,D,20170524,000000,24.23,24.96,23.49,24.23,0,0
MGS_MV,D,20170525,000000,24.23,24.96,24.23,24.23,0,0
MGS_MV,D,20170526,000000,23.49,24.96,23.49,24.96,0,0
MGS_MV,D,20170529,000000,24.96,25.69,24.23,24.96,0,0
MGS_MV,D,20170530,000000,24.96,24.96,24.23,24.23,0,0
MGS_MV,D,20170531,000000,24.23,24.96,23.49,24.96,0,0
MGS_MV,D,20170601,000000,24.23,24.96,23.49,24.96,0,0
MGS_MV,D,20170602,000000,24.96,24.96,22.02,22.76,0,0
MGS_MV,D,20170605,000000,22.02,24.23,22.02,24.23,0,0
MGS_MV,D,20170606,000000,24.23,24.23,22.76,24.23,0,0
MGS_MV,D,20170607,000000,24.23,24.23,22.76,22.76,0,0
MGS_MV,D,20170608,000000,22.76,24.23,22.76,22.76,0,0
MGS_MV,D,20170609,000000,23.49,24.23,22.76,23.49,0,0
MGS_MV,D,20170612,000000,23.49,24.23,21.29,24.23,0,0
MGS_MV,D,20170613,000000,23.49,24.96,22.76,24.23,0,0
MGS_MV,D,20170614,000000,24.23,24.23,22.76,22.76,0,0
MGS_MV,D,20170616,000000,22.02,22.76,22.02,22.02,0,0
MGS_MV,D,20170619,000000,22.02,22.76,21.29,22.02,0,0
MGS_MV,D,20170620,000000,22.02,22.02,22.02,22.02,0,0
MGS_MV,D,20170621,000000,22.02,22.02,20.56,21.29,0,0
MGS_MV,D,20170622,000000,20.56,21.29,20.56,21.29,0,0
MGS_MV,D,20170623,000000,20.56,22.02,20.56,21.29,0,0
MGS_MV,D,20170626,000000,21.29,22.02,20.56,22.02,0,0
MGS_MV,D,20170627,000000,20.56,22.02,18.35,21.29,0,0
MGS_MV,D,20170628,000000,21.29,21.29,19.82,21.29,0,0
MGS_MV,D,20170629,000000,20.56,21.29,19.09,19.82,0,0
MGS_MV,D,20170630,000000,19.09,20.56,19.09,20.56,0,0
MGS_MV,D,20170703,000000,19.82,20.56,18.35,19.82,0,0
MGS_MV,D,20170704,000000,19.09,19.82,18.35,19.09,0,0
MGS_MV,D,20170705,000000,18.35,19.82,18.35,19.09,0,0
MGS_MV,D,20170706,000000,19.82,19.82,18.35,19.82,0,0
MGS_MV,D,20170707,000000,19.82,20.56,18.35,19.09,0,0
MGS_MV,D,20170710,000000,19.09,19.82,18.35,19.09,0,0
MGS_MV,D,20170711,000000,19.09,19.82,18.35,19.09,0,0
MGS_MV,D,20170712,000000,19.09,19.82,17.62,19.82,0,0
MGS_MV,D,20170713,000000,18.35,19.09,17.62,18.96,0,0
MGS_MV,D,20170714,000000,18.96,19.72,18.96,18.96,0,0
MGS_MV,D,20170717,000000,19.72,19.72,17.44,18.96,0,0
MGS_MV,D,20170718,000000,18.2,18.96,17.44,18.2,0,0
MGS_MV,D,20170719,000000,17.44,20.48,16.68,18.96,0,0
MGS_MV,D,20170720,000000,17.44,18.96,17.44,18.2,0,0
MGS_MV,D,20170721,000000,18.2,18.2,17.44,18.2,0,0
MGS_MV,D,20170724,000000,17.44,19.72,17.44,18.96,0,0
MGS_MV,D,20170725,000000,18.96,18.96,18.2,18.96,0,0
MGS_MV,D,20170726,000000,18.2,18.96,17.44,18.2,0,0
MGS_MV,D,20170727,000000,16.68,18.2,16.68,17.44,0,0
MGS_MV,D,20170728,000000,17.44,17.44,16.68,17.44,0,0
MGS_MV,D,20170731,000000,18.2,18.2,17.44,18.2,0,0
MGS_MV,D,20170801,000000,18.2,18.2,17.44,18.2,0,0
MGS_MV,D,20170802,000000,18.2,26.54,17.44,26.54,0,0
MGS_MV,D,20170803,000000,26.54,26.54,21.99,22.75,0,0
MGS_MV,D,20170804,000000,22.75,23.51,21.99,22.75,0,0
MGS_MV,D,20170807,000000,22.75,23.51,20.48,20.48,0,0
MGS_MV,D,20170808,000000,20.48,21.99,19.72,20.48,0,0
MGS_MV,D,20170809,000000,20.48,21.23,18.96,21.23,0,0
MGS_MV,D,20170810,000000,21.23,23.51,19.72,21.99,0,0
MGS_MV,D,20170811,000000,22.75,22.75,21.23,21.99,0,0
MGS_MV,D,20170814,000000,21.99,21.99,20.48,20.48,0,0
MGS_MV,D,20170816,000000,20.48,21.23,19.72,21.23,0,0
MGS_MV,D,20170817,000000,21.23,21.23,19.72,19.72,0,0
MGS_MV,D,20170818,000000,19.72,19.72,18.2,18.2,0,0
MGS_MV,D,20170821,000000,18.2,19.72,18.2,19.72,0,0
MGS_MV,D,20170822,000000,18.96,19.72,18.2,19.72,0,0
MGS_MV,D,20170823,000000,18.96,18.96,18.2,18.96,0,0
MGS_MV,D,20170824,000000,18.96,19.72,18.2,19.72,0,0
MGS_MV,D,20170825,000000,18.96,19.72,18.96,18.96,0,0
MGS_MV,D,20170828,000000,18.96,19.72,18.2,18.96,0,0
MGS_MV,D,20170829,000000,18.96,19.72,17.44,18.2,0,0
MGS_MV,D,20170830,000000,18.2,18.96,17.44,18.2,0,0
MGS_MV,D,20170831,000000,17.44,18.2,16.68,16.68,0,0
MGS_MV,D,20170901,000000,16.68,17.44,15.93,17.44,0,0
MGS_MV,D,20170904,000000,17.44,17.44,16.68,17.44,0,0
MGS_MV,D,20170905,000000,16.68,17.44,16.68,17.44,0,0
MGS_MV,D,20170906,000000,16.68,18.2,16.68,16.68,0,0
MGS_MV,D,20170907,000000,16.68,17.44,16.68,16.68,0,0
MGS_MV,D,20170908,000000,17.44,18.2,17.44,17.44,0,0
MGS_MV,D,20170911,000000,17.44,17.44,16.68,16.68,0,0
MGS_MV,D,20170912,000000,17.44,17.44,16.68,17.44,0,0
MGS_MV,D,20170913,000000,17.44,19.72,16.68,18.96,0,0
MGS_MV,D,20170914,000000,18.2,18.96,17.44,17.44,0,0
MGS_MV,D,20170915,000000,17.44,18.2,16.68,18.2,0,0
MGS_MV,D,20170918,000000,17.44,18.2,16.68,17.44,0,0
MGS_MV,D,20170919,000000,17.44,17.44,16.68,17.44,0,0
MGS_MV,D,20170920,000000,17.44,21.23,17.44,20.48,0,0
MGS_MV,D,20170921,000000,21.23,21.99,19.72,21.23,0,0
MGS_MV,D,20170922,000000,21.23,21.23,17.44,18.96,0,0
MGS_MV,D,20170925,000000,18.96,19.72,16.68,16.68,0,0
MGS_MV,D,20170926,000000,15.93,17.44,15.17,15.93,0,0
MGS_MV,D,20170927,000000,15.93,16.68,15.17,15.17,0,0
MGS_MV,D,20170928,000000,15.17,15.17,15.17,15.17,0,0
MGS_MV,D,20170929,000000,14.41,14.41,14.41,14.41,0,0
MGS_MV,D,20171002,000000,13.65,14.41,12.89,13.65,0,0
MGS_MV,D,20171003,000000,13.65,14.41,13.65,13.65,0,0
MGS_MV,D,20171004,000000,13.65,14.41,12.89,13.65,0,0
MGS_MV,D,20171005,000000,13.65,14.41,13.65,14.41,0,0
MGS_MV,D,20171006,000000,14.41,14.41,12.89,12.89,0,0
MGS_MV,D,20171009,000000,12.13,12.89,11.38,12.13,0,0
MGS_MV,D,20171010,000000,12.13,12.13,11.38,11.38,0,0
MGS_MV,D,20171011,000000,11.38,12.13,11.38,12.13,0,0
MGS_MV,D,20171012,000000,12.13,14.41,12.13,14.41,0,0
MGS_MV,D,20171013,000000,14.41,16.68,12.89,13.65,0,0
MGS_MV,D,20171016,000000,14.41,15.17,12.89,13.65,0,0
MGS_MV,D,20171017,000000,13.65,15.17,12.89,14.41,0,0
MGS_MV,D,20171018,000000,14.41,15.17,13.65,13.65,0,0
MGS_MV,D,20171019,000000,13.65,14.41,12.89,14.41,0,0
MGS_MV,D,20171020,000000,14.41,14.41,13.65,13.65,0,0
MGS_MV,D,20171023,000000,13.65,14.41,12.89,13.65,0,0
MGS_MV,D,20171024,000000,13.65,13.65,12.89,12.89,0,0
MGS_MV,D,20171025,000000,12.89,12.89,10.62,11.38,0,0
MGS_MV,D,20171026,000000,11.38,12.13,11.38,11.38,0,0
MGS_MV,D,20171027,000000,12.13,12.13,11.38,11.38,0,0
MGS_MV,D,20171030,000000,11.38,11.38,9.86,10.62,0,0
MGS_MV,D,20171031,000000,10.62,11.38,8.34,9.1,0,0
MGS_MV,D,20171102,000000,9.86,9.86,8.34,9.1,0,0
MGS_MV,D,20171103,000000,9.86,9.86,9.1,9.86,0,0
MGS_MV,D,20171106,000000,9.86,9.86,9.1,9.86,0,0
MGS_MV,D,20171107,000000,9.86,9.86,9.1,9.86,0,0
MGS_MV,D,20171108,000000,9.86,9.86,9.86,9.86,0,0
MGS_MV,D,20171109,000000,9.1,9.86,9.1,9.1,0,0
MGS_MV,D,20171110,000000,9.86,9.86,9.1,9.1,0,0
MGS_MV,D,20171113,000000,9.86,10.62,9.1,9.86,0,0
MGS_MV,D,20171114,000000,9.86,9.86,9.1,9.1,0,0
MGS_MV,D,20171115,000000,9.1,9.1,8.34,9.1,0,0
MGS_MV,D,20171120,000000,7.58,8.34,7.58,8.34,0,0
MGS_MV,D,20171121,000000,7.58,8.34,7.58,8.34,0,0
MGS_MV,D,20171122,000000,8.34,9.1,7.58,9.1,0,0
MGS_MV,D,20171123,000000,9.1,9.1,8.34,9.1,0,0
MGS_MV,D,20171124,000000,8.34,9.1,8.34,9.1,0,0
MGS_MV,D,20171127,000000,9.1,9.1,8.34,9.1,0,0
MGS_MV,D,20171128,000000,8.34,9.1,8.34,9.1,0,0
MGS_MV,D,20171129,000000,7.58,8.34,6.83,7.58,0,0
MGS_MV,D,20171130,000000,7.58,8.34,7.58,7.58,0,0
MGS_MV,D,20171201,000000,7.58,7.58,7.58,7.58,0,0
MGS_MV,D,20171204,000000,7.58,8.34,6.83,7.58,0,0
MGS_MV,D,20171205,000000,7.58,8.34,7.58,7.58,0,0
MGS_MV,D,20171206,000000,8.34,8.34,7.58,7.58,0,0
MGS_MV,D,20171207,000000,7.58,8.34,7.58,8.34,0,0
MGS_MV,D,20171208,000000,8.34,8.34,6.83,7.58,0,0
MGS_MV,D,20171211,000000,7.58,8.34,6.83,7.58,0,0
MGS_MV,D,20171212,000000,7.58,8.34,7.58,7.58,0,0
MGS_MV,D,20171213,000000,7.58,7.58,6.83,7.58,0,0
MGS_MV,D,20171214,000000,7.58,7.58,6.83,6.83,0,0
MGS_MV,D,20171215,000000,7.58,7.58,7.58,7.58,0,0
MGS_MV,D,20171218,000000,7.58,7.58,6.83,6.83,0,0
MGS_MV,D,20171219,000000,6.83,7.58,6.83,6.83,0,0
MGS_MV,D,20171220,000000,6.83,7.58,6.83,6.83,0,0
MGS_MV,D,20171221,000000,6.83,6.83,6.07,6.07,0,0
MGS_MV,D,20171222,000000,6.07,6.07,5.31,6.07,0,0
MGS_MV,D,20171227,000000,5.31,6.07,5.31,5.31,0,0
MGS_MV,D,20171228,000000,5.31,6.07,5.31,6.07,0,0
MGS_MV,D,20171229,000000,5.31,6.07,5.31,5.31,0,0
MGS_MV,D,20180103,000000,5.31,6.07,5.31,6.07,0,0
MGS_MV,D,20180104,000000,5.31,6.83,5.31,6.83,0,0
MGS_MV,D,20180105,000000,6.07,6.07,6.07,6.07,0,0
MGS_MV,D,20180108,000000,6.83,6.83,6.07,6.83,0,0
MGS_MV,D,20180109,000000,6.83,6.83,6.07,6.83,0,0
MGS_MV,D,20180110,000000,6.83,6.83,6.83,6.83,0,0
MGS_MV,D,20180111,000000,6.83,6.83,6.07,6.83,0,0
MGS_MV,D,20180112,000000,6.83,6.83,6.07,6.83,0,0
MGS_MV,D,20180115,000000,6.83,7.58,6.83,7.58,0,0
MGS_MV,D,20180116,000000,7.58,7.58,7.58,7.58,0,0
MGS_MV,D,20180117,000000,7.58,7.58,6.83,7.58,0,0
MGS_MV,D,20180118,000000,6.83,7.58,6.83,7.58,0,0
MGS_MV,D,20180119,000000,6.83,7.58,6.83,6.83,0,0
MGS_MV,D,20180122,000000,6.83,7.58,6.83,7.58,0,0
MGS_MV,D,20180123,000000,6.83,7.58,6.07,6.83,0,0
MGS_MV,D,20180124,000000,6.83,6.83,6.07,6.07,0,0
MGS_MV,D,20180125,000000,6.83,7.58,6.07,6.83,0,0
MGS_MV,D,20180126,000000,6.07,6.83,6.07,6.07,0,0
MGS_MV,D,20180129,000000,6.83,7.58,6.07,7.58,0,0
MGS_MV,D,20180130,000000,6.83,7.58,6.83,7.58,0,0
MGS_MV,D,20180131,000000,7.58,7.58,6.83,6.83,0,0
MGS_MV,D,20180201,000000,6.07,6.83,6.07,6.83,0,0
MGS_MV,D,20180202,000000,6.83,7.58,6.07,7.58,0,0
MGS_MV,D,20180205,000000,6.07,6.83,6.07,6.83,0,0
MGS_MV,D,20180206,000000,6.83,6.83,6.07,6.83,0,0
MGS_MV,D,20180207,000000,6.07,6.83,6.07,6.83,0,0
MGS_MV,D,20180208,000000,6.07,6.83,6.07,6.83,0,0
MGS_MV,D,20180209,000000,6.83,6.83,6.07,6.83,0,0
MGS_MV,D,20180212,000000,6.07,6.83,6.07,6.83,0,0
MGS_MV,D,20180213,000000,6.07,6.83,6.07,6.07,0,0
MGS_MV,D,20180214,000000,6.83,6.83,6.83,6.83,0,0
MGS_MV,D,20180215,000000,6.83,6.83,6.07,6.83,0,0
MGS_MV,D,20180216,000000,6.07,6.83,6.07,6.83,0,0
MGS_MV,D,20180219,000000,6.83,6.83,6.07,6.83,0,0
MGS_MV,D,20180220,000000,6.83,6.83,6.07,6.83,0,0
MGS_MV,D,20180221,000000,6.07,6.07,6.07,6.07,0,0
MGS_MV,D,20180222,000000,6.07,6.83,5.31,6.83,0,0
MGS_MV,D,20180223,000000,6.07,6.83,6.07,6.07,0,0
MGS_MV,D,20180226,000000,6.83,6.83,6.07,6.07,0,0
MGS_MV,D,20180227,000000,6.83,6.83,6.07,6.07,0,0
MGS_MV,D,20180228,000000,6.07,6.07,6.07,6.07,0,0
MGS_MV,D,20180301,000000,6.07,6.83,6.07,6.07,0,0
MGS_MV,D,20180302,000000,6.07,6.83,6.07,6.07,0,0
MGS_MV,D,20180305,000000,5.31,6.07,5.31,6.07,0,0
MGS_MV,D,20180306,000000,5.31,6.07,5.31,6.07,0,0
MGS_MV,D,20180307,000000,6.07,6.07,5.31,5.31,0,0
MGS_MV,D,20180308,000000,5.31,6.83,5.31,6.83,0,0
MGS_MV,D,20180309,000000,6.07,6.07,6.07,6.07,0,0
MGS_MV,D,20180312,000000,5.31,6.07,5.31,6.07,0,0
MGS_MV,D,20180313,000000,6.07,6.07,5.31,5.31,0,0
MGS_MV,D,20180314,000000,5.31,6.07,5.31,6.07,0,0
MGS_MV,D,20180315,000000,5.31,6.07,5.31,6.07,0,0
MGS_MV,D,20180316,000000,5.31,6.07,5.31,6.07,0,0
MGS_MV,D,20180319,000000,6.07,6.07,5.31,6.07,0,0
MGS_MV,D,20180320,000000,5.31,5.31,3.79,4.55,0,0
MGS_MV,D,20180321,000000,4.55,5.31,3.79,4.55,0,0
MGS_MV,D,20180322,000000,3.79,4.55,3.79,4.55,0,0
MGS_MV,D,20180323,000000,4.55,4.55,3.03,3.79,0,0
MGS_MV,D,20180326,000000,3.79,3.79,3.03,3.79,0,0
MGS_MV,D,20180327,000000,3.79,3.79,3.03,3.79,0,0
MGS_MV,D,20180328,000000,3.79,3.79,3.79,3.79,0,0
MGS_MV,D,20180329,000000,3.03,3.79,3.03,3.03,0,0
MGS_MV,D,20180403,000000,3.03,3.03,3.03,3.03,0,0
MGS_MV,D,20180404,000000,3.03,3.03,3.03,3.03,0,0
MGS_MV,D,20180405,000000,3.03,3.03,3.03,3.03,0,0
MGS_MV,D,20180406,000000,3.03,3.03,3.03,3.03,0,0
MGS_MV,D,20180409,000000,3.79,3.79,3.03,3.03,0,0
MGS_MV,D,20180410,000000,3.03,3.03,3.03,3.03,0,0
MGS_MV,D,20180411,000000,3.03,3.03,3.03,3.03,0,0
MGS_MV,D,20180412,000000,3.03,3.79,3.03,3.79,0,0
MGS_MV,D,20180413,000000,3.03,3.03,3.03,3.03,0,0
