<TICKER>,<PER>,<DATE>,<TIME>,<OPEN>,<HIGH>,<LOW>,<CLOSE>,<VOL>,<OPENINT>
MPY_PE,D,20150223,000000,73.3,93.6,73.3,93.6,0,0
MPY_PE,D,20150312,000000,93.3,93.6,93.3,93.6,0,0
MPY_PE,D,20150313,000000,93.3,93.6,93.3,93.6,0,0
MPY_PE,D,20150317,000000,82.2,82.2,75.6,78,0,0
MPY_PE,D,20150318,000000,75.6,75.8,75.6,75.8,0,0
MPY_PE,D,20150320,000000,75.6,75.6,73.3,73.3,0,0
MPY_PE,D,20150401,000000,77.8,80.2,64.4,80.2,0,0
MPY_PE,D,20150414,000000,80,95.8,80,95.8,0,0
MPY_PE,D,20150420,000000,93.3,97.8,93.3,95.8,0,0
MPY_PE,D,20150421,000000,97.8,115.6,97.8,109.2,0,0
MPY_PE,D,20150422,000000,108.9,122.6,100,122.6,0,0
MPY_PE,D,20150424,000000,117.8,118.1,117.8,118.1,0,0
MPY_PE,D,20150428,000000,100,100.3,100,100.3,0,0
MPY_PE,D,20150430,000000,100,107,100,107,0,0
MPY_PE,D,20150504,000000,86.7,86.9,86.7,86.9,0,0
MPY_PE,D,20150506,000000,100,100.3,100,100.3,0,0
MPY_PE,D,20150519,000000,100,100.3,100,100.3,0,0
MPY_PE,D,20150526,000000,100,111.4,100,111.4,0,0
MPY_PE,D,20150528,000000,100,100.3,100,100.3,0,0
MPY_PE,D,20150529,000000,102.2,102.5,102.2,102.5,0,0
MPY_PE,D,20150601,000000,104.4,104.8,104.4,104.8,0,0
MPY_PE,D,20150608,000000,104.4,124.1,104.4,124.1,0,0
MPY_PE,D,20150617,000000,170,183.3,170,182.8,0,0
MPY_PE,D,20150623,000000,183.3,183.3,182.8,182.8,0,0
MPY_PE,D,20150624,000000,160,183.3,160,182.8,0,0
MPY_PE,D,20150625,000000,183.3,183.3,182.8,182.8,0,0
MPY_PE,D,20150630,000000,153.3,183.3,153.3,182.8,0,0
MPY_PE,D,20150702,000000,180,180,166.7,179.5,0,0
MPY_PE,D,20150707,000000,180,180,179.5,179.5,0,0
MPY_PE,D,20150708,000000,153.3,180,153.3,179.5,0,0
MPY_PE,D,20150710,000000,156.7,160,156.7,159.5,0,0
MPY_PE,D,20150715,000000,130,130,129.6,129.6,0,0
MPY_PE,D,20150716,000000,136.7,136.7,136.3,136.3,0,0
MPY_PE,D,20150717,000000,133.3,133.3,132.9,132.9,0,0
MPY_PE,D,20150722,000000,130,130,123,123,0,0
MPY_PE,D,20150723,000000,140,166.7,140,166.2,0,0
MPY_PE,D,20150724,000000,146.7,153.3,146.7,152.9,0,0
MPY_PE,D,20150727,000000,153.3,166.7,140,166.7,0,0
MPY_PE,D,20150729,000000,150,150,120,129.6,0,0
MPY_PE,D,20150805,000000,120,120,103,103,0,0
MPY_PE,D,20150806,000000,106.7,106.7,106.4,106.4,0,0
MPY_PE,D,20150811,000000,110,110,99.7,99.7,0,0
MPY_PE,D,20150814,000000,100,100,80,89.7,0,0
MPY_PE,D,20150817,000000,90,90,89.7,89.7,0,0
MPY_PE,D,20150818,000000,90,90,89.7,89.7,0,0
MPY_PE,D,20150820,000000,90,100,83.3,99.7,0,0
MPY_PE,D,20150821,000000,100,116.7,99.7,99.7,0,0
MPY_PE,D,20150824,000000,80,80,76.7,76.7,0,0
MPY_PE,D,20160225,000000,108.4,108.4,108.4,108.4,0,0
MPY_PE,D,20160321,000000,92.3,93,92.3,93,0,0
MPY_PE,D,20160331,000000,71.8,77.5,61.5,77.5,0,0
MPY_PE,D,20160408,000000,64.1,67.1,51.3,67.1,0,0
MPY_PE,D,20160411,000000,66.7,67.1,66.7,67.1,0,0
MPY_PE,D,20160413,000000,64.1,64.6,64.1,64.6,0,0
MPY_PE,D,20160414,000000,64.1,64.6,64.1,64.6,0,0
MPY_PE,D,20160420,000000,66.7,67.1,66.7,67.1,0,0
MPY_PE,D,20160421,000000,66.7,69.7,66.7,69.7,0,0
MPY_PE,D,20160422,000000,69.2,72.3,56.4,72.3,0,0
MPY_PE,D,20160426,000000,71.8,85.2,71.8,85.2,0,0
MPY_PE,D,20160510,000000,103.3,103.3,102.5,102.5,0,0
MPY_PE,D,20160517,000000,83.3,83.3,82.7,82.7,0,0
MPY_PE,D,20160518,000000,76.7,76.7,66.1,66.1,0,0
MPY_PE,D,20160520,000000,80,86.7,80,86,0,0
MPY_PE,D,20160601,000000,70,80,60,79.4,0,0
MPY_PE,D,20160602,000000,80,83.3,66.7,79.4,0,0
MPY_PE,D,20160603,000000,83.3,147.8,83.3,147.8,0,0
MPY_PE,D,20160606,000000,152.9,153.7,152.9,153.7,0,0
MPY_PE,D,20160609,000000,123.5,123.5,94.1,94.6,0,0
MPY_PE,D,20160610,000000,111.8,130,111.8,130,0,0
MPY_PE,D,20160615,000000,105.9,111.8,94.1,94.6,0,0
MPY_PE,D,20160616,000000,100,100,94.1,94.6,0,0
MPY_PE,D,20160617,000000,100,100,94.1,94.6,0,0
MPY_PE,D,20160620,000000,105.9,105.9,100,100.5,0,0
MPY_PE,D,20160622,000000,105.9,105.9,100,100.5,0,0
MPY_PE,D,20160627,000000,111.8,118.2,111.8,118.2,0,0
MPY_PE,D,20160628,000000,117.6,124.1,117.6,124.1,0,0
MPY_PE,D,20160630,000000,123.5,171.4,123.5,171.4,0,0
MPY_PE,D,20160701,000000,176.5,183.2,176.5,183.2,0,0
MPY_PE,D,20160704,000000,152.9,176.5,152.9,153.7,0,0
MPY_PE,D,20160705,000000,176.5,211.8,176.5,200.9,0,0
MPY_PE,D,20160706,000000,205.9,247.1,170.6,171.4,0,0
MPY_PE,D,20160707,000000,182.4,194.1,164.7,177.3,0,0
MPY_PE,D,20160708,000000,164.7,177.3,158.8,177.3,0,0
MPY_PE,D,20160711,000000,176.5,177.3,176.5,177.3,0,0
MPY_PE,D,20160712,000000,152.9,177.3,147.1,177.3,0,0
MPY_PE,D,20160714,000000,170.6,171.4,170.6,171.4,0,0
MPY_PE,D,20160715,000000,147.1,159.6,135.3,159.6,0,0
MPY_PE,D,20160718,000000,158.8,171.4,135.3,171.4,0,0
MPY_PE,D,20160719,000000,176.5,177.3,176.5,177.3,0,0
MPY_PE,D,20160721,000000,141.2,164.7,141.2,147.8,0,0
MPY_PE,D,20160725,000000,158.8,159.6,158.8,159.6,0,0
MPY_PE,D,20160726,000000,158.8,159.6,158.8,159.6,0,0
MPY_PE,D,20160801,000000,129.4,130,129.4,130,0,0
MPY_PE,D,20160803,000000,141.2,147.8,141.2,147.8,0,0
MPY_PE,D,20160805,000000,152.9,153.7,152.9,153.7,0,0
MPY_PE,D,20160816,000000,152.9,153.7,152.9,153.7,0,0
MPY_PE,D,20160819,000000,135.3,153.7,135.3,153.7,0,0
MPY_PE,D,20160822,000000,152.9,158.8,152.9,153.7,0,0
MPY_PE,D,20160823,000000,158.8,159.6,158.8,159.6,0,0
MPY_PE,D,20160824,000000,135.3,135.9,135.3,135.9,0,0
MPY_PE,D,20160825,000000,135.3,153.7,135.3,153.7,0,0
MPY_PE,D,20160829,000000,147.1,147.1,66.1,66.1,0,0
MPY_PE,D,20160831,000000,55.3,55.5,47.4,55.5,0,0
MPY_PE,D,20160901,000000,60.5,60.8,60.5,60.8,0,0
MPY_PE,D,20160902,000000,60.5,60.8,60.5,60.8,0,0
MPY_PE,D,20160906,000000,63.2,63.5,63.2,63.5,0,0
MPY_PE,D,20160909,000000,65.8,65.8,57.9,58.2,0,0
MPY_PE,D,20160912,000000,57.9,57.9,47.4,55.5,0,0
MPY_PE,D,20160913,000000,57.9,66.1,57.9,66.1,0,0
MPY_PE,D,20160914,000000,73.7,86.8,73.7,84.6,0,0
MPY_PE,D,20160915,000000,81.6,100,81.6,97.8,0,0
MPY_PE,D,20160916,000000,94.7,94.7,78.9,79.3,0,0
MPY_PE,D,20160919,000000,68.4,97.4,68.4,95.2,0,0
MPY_PE,D,20160920,000000,89.5,119,89.5,119,0,0
MPY_PE,D,20160921,000000,118.4,121.1,105.3,113.7,0,0
MPY_PE,D,20160922,000000,113.2,113.2,92.1,100.5,0,0
MPY_PE,D,20160923,000000,97.4,97.4,71.1,76.7,0,0
MPY_PE,D,20160926,000000,73.7,87.3,73.7,87.3,0,0
MPY_PE,D,20160929,000000,81.6,81.6,78.9,78.9,0,0
MPY_PE,D,20160930,000000,71.1,71.1,68.4,68.7,0,0
MPY_PE,D,20161004,000000,68.4,79.3,68.4,79.3,0,0
MPY_PE,D,20161005,000000,78.9,79.3,78.9,79.3,0,0
MPY_PE,D,20161006,000000,78.9,79.3,78.9,79.3,0,0
MPY_PE,D,20161010,000000,68.4,79.3,68.4,79.3,0,0
MPY_PE,D,20161011,000000,78.9,113.2,78.9,103.1,0,0
MPY_PE,D,20161012,000000,107.9,123.7,84.2,84.6,0,0
MPY_PE,D,20161013,000000,84.2,84.2,73.7,82,0,0
MPY_PE,D,20161014,000000,81.6,84.2,73.7,82,0,0
MPY_PE,D,20161017,000000,84.2,100,78.9,79.3,0,0
MPY_PE,D,20161018,000000,78.9,89.5,78.9,84.6,0,0
MPY_PE,D,20161019,000000,84.2,94.7,81.6,84.6,0,0
MPY_PE,D,20161020,000000,86.8,92.5,84.2,92.5,0,0
MPY_PE,D,20161021,000000,92.1,92.1,84.2,84.6,0,0
MPY_PE,D,20161024,000000,84.2,84.6,84.2,84.6,0,0
MPY_PE,D,20161025,000000,84.2,84.6,84.2,84.6,0,0
MPY_PE,D,20161026,000000,84.2,84.6,84.2,84.6,0,0
MPY_PE,D,20161027,000000,84.2,84.6,84.2,84.6,0,0
MPY_PE,D,20161102,000000,81.6,81.6,76.3,76.7,0,0
MPY_PE,D,20161103,000000,76.3,76.3,73.7,74,0,0
MPY_PE,D,20161107,000000,73.7,74,73.7,74,0,0
MPY_PE,D,20161108,000000,71.1,71.4,71.1,71.4,0,0
MPY_PE,D,20161115,000000,78.9,78.9,68.4,68.7,0,0
MPY_PE,D,20161116,000000,68.4,68.4,65.8,66.1,0,0
MPY_PE,D,20161123,000000,71.1,71.4,71.1,71.4,0,0
MPY_PE,D,20161202,000000,109.1,124.8,109.1,124.8,0,0
MPY_PE,D,20161208,000000,113.6,124.8,109.1,124.8,0,0
MPY_PE,D,20161219,000000,109.1,110.9,109.1,110.9,0,0
MPY_PE,D,20161222,000000,109.1,118.2,109.1,110.9,0,0
MPY_PE,D,20161223,000000,109.1,110.9,109.1,110.9,0,0
MPY_PE,D,20161228,000000,109.1,110.9,109.1,110.9,0,0
MPY_PE,D,20161229,000000,109.1,120.2,109.1,120.2,0,0
MPY_PE,D,20161230,000000,113.6,127.3,113.6,127.3,0,0
MPY_PE,D,20170102,000000,136.4,138.7,136.4,138.7,0,0
MPY_PE,D,20170103,000000,113.6,115.6,113.6,115.6,0,0
MPY_PE,D,20170104,000000,113.6,113.6,109.1,110.9,0,0
MPY_PE,D,20170105,000000,122.7,134.1,122.7,134.1,0,0
MPY_PE,D,20170110,000000,113.6,115.6,113.6,115.6,0,0
MPY_PE,D,20170112,000000,118.2,120.2,118.2,120.2,0,0
MPY_PE,D,20170113,000000,118.2,129.4,118.2,129.4,0,0
MPY_PE,D,20170117,000000,127.3,134.1,127.3,134.1,0,0
MPY_PE,D,20170119,000000,131.8,134.1,131.8,134.1,0,0
MPY_PE,D,20170127,000000,118.2,120.2,118.2,120.2,0,0
MPY_PE,D,20170130,000000,131.8,138.7,131.8,138.7,0,0
MPY_PE,D,20170131,000000,136.4,138.7,136.4,138.7,0,0
MPY_PE,D,20170201,000000,140.9,147.9,140.9,147.9,0,0
MPY_PE,D,20170203,000000,131.8,134.1,131.8,134.1,0,0
MPY_PE,D,20170206,000000,145.5,159.1,136.4,150,0,0
MPY_PE,D,20170208,000000,140.9,140.9,136.4,138.7,0,0
MPY_PE,D,20170209,000000,150,152.5,150,152.5,0,0
MPY_PE,D,20170210,000000,136.4,136.4,131.8,134.1,0,0
MPY_PE,D,20170213,000000,145.5,145.5,122.7,124.8,0,0
MPY_PE,D,20170214,000000,127.3,138.7,127.3,138.7,0,0
MPY_PE,D,20170216,000000,131.8,143.3,122.7,143.3,0,0
MPY_PE,D,20170222,000000,140.9,143.3,140.9,143.3,0,0
MPY_PE,D,20170301,000000,136.4,171,136.4,171,0,0
MPY_PE,D,20170302,000000,177.3,177.3,159.1,161.8,0,0
MPY_PE,D,20170303,000000,159.1,161.8,159.1,161.8,0,0
MPY_PE,D,20170306,000000,145.5,145.5,140.9,143.3,0,0
MPY_PE,D,20170307,000000,140.9,143.3,140.9,143.3,0,0
MPY_PE,D,20170308,000000,136.4,138.7,136.4,138.7,0,0
MPY_PE,D,20170314,000000,127.3,129.4,127.3,129.4,0,0
MPY_PE,D,20170315,000000,127.3,129.4,127.3,129.4,0,0
MPY_PE,D,20170316,000000,127.3,134.1,127.3,134.1,0,0
MPY_PE,D,20170317,000000,122.7,138.7,122.7,138.7,0,0
MPY_PE,D,20170320,000000,127.3,129.4,127.3,129.4,0,0
MPY_PE,D,20170321,000000,140.9,145.5,131.8,134.1,0,0
MPY_PE,D,20170327,000000,136.4,136.4,136.4,136.4,0,0
MPY_PE,D,20170328,000000,118.2,239,113.6,239,0,0
MPY_PE,D,20170329,000000,254.5,294.2,254.5,294.2,0,0
MPY_PE,D,20170410,000000,272.7,275.8,272.7,275.8,0,0
MPY_PE,D,20170418,000000,272.7,275.8,272.7,275.8,0,0
MPY_PE,D,20170426,000000,245.5,257.4,245.5,257.4,0,0
MPY_PE,D,20170427,000000,227.3,229.8,227.3,229.8,0,0
MPY_PE,D,20170428,000000,272.7,272.7,200,220.6,0,0
MPY_PE,D,20170502,000000,227.3,229.8,227.3,229.8,0,0
MPY_PE,D,20170509,000000,227.3,229.8,227.3,229.8,0,0
MPY_PE,D,20170822,000000,550,562.7,550,562.7,0,0
MPY_PE,D,20170824,000000,550,562.7,550,562.7,0,0
MPY_PE,D,20170904,000000,550,562.7,550,562.7,0,0
MPY_PE,D,20170920,000000,525,537.1,525,537.1,0,0
MPY_PE,D,20170922,000000,525,537.1,525,537.1,0,0
MPY_PE,D,20170927,000000,625,639.4,625,639.4,0,0
MPY_PE,D,20171006,000000,650,665,650,665,0,0
MPY_PE,D,20171026,000000,475,486,475,486,0,0
MPY_PE,D,20171030,000000,550,639.4,550,639.4,0,0
MPY_PE,D,20171031,000000,625,639.4,625,639.4,0,0
MPY_PE,D,20171109,000000,600,613.8,600,613.8,0,0
MPY_PE,D,20171110,000000,625,639.4,625,639.4,0,0
MPY_PE,D,20171113,000000,625,639.4,625,639.4,0,0
MPY_PE,D,20171114,000000,500,511.5,500,511.5,0,0
MPY_PE,D,20171121,000000,425,460.4,425,460.4,0,0
MPY_PE,D,20171122,000000,450,450,400,409.2,0,0
MPY_PE,D,20171123,000000,475,475,77.2,77.2,0,0
MPY_PE,D,20171201,000000,80,81.3,80,81.3,0,0
MPY_PE,D,20171207,000000,76,76,60,73.2,0,0
MPY_PE,D,20171215,000000,68,69.1,68,69.1,0,0
MPY_PE,D,20171219,000000,68,68,64,65,0,0
MPY_PE,D,20171220,000000,64,65,64,65,0,0
MPY_PE,D,20171222,000000,76,81.3,76,81.3,0,0
MPY_PE,D,20171227,000000,84,101.6,84,101.6,0,0
MPY_PE,D,20171228,000000,100,117.9,100,117.9,0,0
MPY_PE,D,20171229,000000,112,126,112,126,0,0
MPY_PE,D,20180103,000000,124,126,124,126,0,0
MPY_PE,D,20180104,000000,124,126,124,126,0,0
MPY_PE,D,20180125,000000,96,97.5,96,97.5,0,0
MPY_PE,D,20180131,000000,80,80,76,80,0,0
MPY_PE,D,20180201,000000,72,85.3,72,85.3,0,0
MPY_PE,D,20180208,000000,84,85.3,84,85.3,0,0
MPY_PE,D,20180213,000000,88,89.4,88,89.4,0,0
MPY_PE,D,20180227,000000,88,89.4,88,89.4,0,0
MPY_PE,D,20180305,000000,84,85.3,84,85.3,0,0
MPY_PE,D,20180306,000000,84,85.3,84,85.3,0,0
MPY_PE,D,20180312,000000,84,112,84,105.7,0,0
MPY_PE,D,20180314,000000,96,96,80,81.3,0,0
MPY_PE,D,20180319,000000,100,101.6,100,101.6,0,0
MPY_PE,D,20180320,000000,116,117.9,116,117.9,0,0
MPY_PE,D,20180321,000000,92,124.5,92,124.5,0,0
MPY_PE,D,20180329,000000,138.9,138.9,135.3,135.3,0,0
MPY_PE,D,20180404,000000,138.9,138.9,135.3,135.3,0,0
MPY_PE,D,20180412,000000,138.9,138.9,135.3,135.3,0,0
MPY_PE,D,20180413,000000,138.9,138.9,135.3,135.3,0,0
MPY_PE,D,20180416,000000,138.9,138.9,135.3,135.3,0,0
MPY_PE,D,20180417,000000,155.6,155.6,151.6,151.6,0,0
MPY_PE,D,20180419,000000,127.8,127.8,124.5,124.5,0,0
MPY_PE,D,20180515,000000,111.1,111.1,108.3,108.3,0,0
MPY_PE,D,20180517,000000,111.1,111.1,108.3,108.3,0,0
MPY_PE,D,20180612,000000,44.8,44.8,44.8,44.8,0,0
MPY_PE,D,20180618,000000,59.5,59.5,58.9,58.9,0,0
MPY_PE,D,20180717,000000,45.2,47.6,45.2,47.1,0,0
MPY_PE,D,20180718,000000,45.2,45.2,44.8,44.8,0,0
MPY_PE,D,20180719,000000,45.2,45.2,44.8,44.8,0,0
MPY_PE,D,20180720,000000,42.9,42.9,42.4,42.4,0,0
MPY_PE,D,20180726,000000,35.7,45.2,33.3,44.8,0,0
MPY_PE,D,20180801,000000,45.2,47.6,45.2,47.1,0,0
MPY_PE,D,20180802,000000,57.1,57.1,56.5,56.5,0,0
MPY_PE,D,20180807,000000,57.1,59.5,57.1,58.9,0,0
MPY_PE,D,20180823,000000,64.5,65,64.5,65,0,0
MPY_PE,D,20180907,000000,54.8,55.2,54.8,55.2,0,0
MPY_PE,D,20180919,000000,54.8,55.2,54.8,55.2,0,0
MPY_PE,D,20181002,000000,48.4,48.7,48.4,48.7,0,0
MPY_PE,D,20181018,000000,48.4,48.7,48.4,48.7,0,0
MPY_PE,D,20181102,000000,58.1,58.5,58.1,58.5,0,0
MPY_PE,D,20181108,000000,61.3,71.5,61.3,71.5,0,0
MPY_PE,D,20181114,000000,71,71.5,71,71.5,0,0
MPY_PE,D,20181203,000000,900,900,722.4,722.4,0,0
MPY_PE,D,20181211,000000,850,850,682.2,682.2,0,0
MPY_PE,D,20181214,000000,900,900,722.4,722.4,0,0
MPY_PE,D,20181217,000000,1050,1050,842.8,842.8,0,0
MPY_PE,D,20181219,000000,1050,1250,1003.3,1003.3,0,0
MPY_PE,D,20181220,000000,1200,1400,1123.7,1123.7,0,0
MPY_PE,D,20181221,000000,1400,1500,1400,1500,0,0
MPY_PE,D,20181227,000000,1450,1650,1324.3,1324.3,0,0
MPY_PE,D,20181228,000000,1350,1600,1284.2,1284.2,0,0
MPY_PE,D,20190114,000000,1250,1250,1003.3,1003.3,0,0
MPY_PE,D,20190115,000000,900,950,762.5,762.5,0,0
MPY_PE,D,20190116,000000,900,900,722.4,722.4,0,0
MPY_PE,D,20190117,000000,1050,1050,842.8,842.8,0,0
MPY_PE,D,20190118,000000,1150,1150,842.8,842.8,0,0
MPY_PE,D,20190123,000000,1250,1250,1003.3,1003.3,0,0
MPY_PE,D,20190208,000000,950,1100,882.9,882.9,0,0
MPY_PE,D,20190211,000000,1150,1250,963.2,963.2,0,0
MPY_PE,D,20190213,000000,1200,1200,963.2,963.2,0,0
MPY_PE,D,20190226,000000,950,1200,950,963.2,0,0
MPY_PE,D,20190319,000000,850,850,682.2,682.2,0,0
MPY_PE,D,20190320,000000,850,850,850,850,0,0
MPY_PE,D,20200323,000000,540,631.9,540,631.9,0,0
MPY_PE,D,20200325,000000,566.7,596.8,566.7,596.8,0,0
MPY_PE,D,20200330,000000,566.7,596.8,566.7,596.8,0,0
MPY_PE,D,20200403,000000,400,421.3,400,421.3,0,0
MPY_PE,D,20200407,000000,480,566.7,480,561.7,0,0
MPY_PE,D,20200408,000000,633.3,667.1,633.3,667.1,0,0
MPY_PE,D,20200409,000000,633.3,667.1,633.3,667.1,0,0
MPY_PE,D,20200414,000000,633.3,667.1,633.3,667.1,0,0
MPY_PE,D,20200416,000000,633.3,667.1,633.3,667.1,0,0
MPY_PE,D,20200420,000000,633.3,702.2,633.3,702.2,0,0
MPY_PE,D,20200421,000000,666.7,737.3,666.7,737.3,0,0
MPY_PE,D,20200422,000000,700,737.3,700,737.3,0,0
MPY_PE,D,20200428,000000,700,737.3,700,737.3,0,0
MPY_PE,D,20200430,000000,600,702.2,600,702.2,0,0
MPY_PE,D,20200504,000000,633.3,667.1,633.3,667.1,0,0
MPY_PE,D,20200507,000000,666.7,807.5,666.7,807.5,0,0
MPY_PE,D,20200508,000000,766.7,807.5,766.7,807.5,0,0
MPY_PE,D,20200511,000000,766.7,807.5,766.7,807.5,0,0
MPY_PE,D,20200512,000000,800,912.8,800,912.8,0,0
MPY_PE,D,20200513,000000,866.7,983,866.7,983,0,0
MPY_PE,D,20200514,000000,933.3,947.9,900,947.9,0,0
MPY_PE,D,20200525,000000,860,898.8,733.3,898.8,0,0
MPY_PE,D,20200526,000000,853.3,898.8,853.3,898.8,0,0
MPY_PE,D,20200527,000000,853.3,898.8,853.3,898.8,0,0
MPY_PE,D,20200529,000000,800,842.6,800,842.6,0,0
MPY_PE,D,20200603,000000,866.7,866.7,800,842.6,0,0
MPY_PE,D,20200604,000000,800,842.6,800,842.6,0,0
MPY_PE,D,20200609,000000,866.7,912.8,866.7,912.8,0,0
MPY_PE,D,20200617,000000,833.3,877.7,833.3,877.7,0,0
MPY_PE,D,20200618,000000,800,800,800,800,0,0
MPY_PE,D,20200623,000000,966.7,966.7,966.7,966.7,0,0
MPY_PE,D,20200624,000000,966.7,1018.1,966.7,1018.1,0,0
MPY_PE,D,20200629,000000,800,835.6,793.3,835.6,0,0
MPY_PE,D,20200630,000000,793.3,793.3,793.3,793.3,0,0
