<TICKER>,<PER>,<DATE>,<TIME>,<OPEN>,<HIGH>,<LOW>,<CLOSE>,<VOL>,<OPENINT>
NTS_MV,D,20100315,000000,3.19,3.19,3.19,3.19,0,0
NTS_MV,D,20100316,000000,3.27,3.27,3.27,3.27,0,0
NTS_MV,D,20100317,000000,3.24,3.5,3.18,3.5,0,0
NTS_MV,D,20100318,000000,3.5,3.5,3.5,3.5,0,0
NTS_MV,D,20100319,000000,3.33,3.33,3.32,3.32,0,0
NTS_MV,D,20100322,000000,3.3,3.3,3.3,3.3,0,0
NTS_MV,D,20100323,000000,3.05,3.5,3.05,3.5,0,0
NTS_MV,D,20100325,000000,3.05,3.26,2.81,3.26,0,0
NTS_MV,D,20100329,000000,3.26,3.26,3.26,3.26,0,0
NTS_MV,D,20100330,000000,3.02,3.24,3.02,3.24,0,0
NTS_MV,D,20100331,000000,3.24,3.24,3.24,3.24,0,0
NTS_MV,D,20100401,000000,3.05,3.22,3.04,3.22,0,0
NTS_MV,D,20100406,000000,3.2,3.23,3.2,3.22,0,0
NTS_MV,D,20100407,000000,3.21,3.21,3.2,3.2,0,0
NTS_MV,D,20100408,000000,3.2,3.22,3.2,3.22,0,0
NTS_MV,D,20100409,000000,3.22,3.22,3.22,3.22,0,0
NTS_MV,D,20100413,000000,3.22,3.35,3.22,3.35,0,0
NTS_MV,D,20100414,000000,3.45,3.48,3.45,3.48,0,0
NTS_MV,D,20100415,000000,3.22,3.38,3.22,3.38,0,0
NTS_MV,D,20100416,000000,3.09,3.38,3.09,3.38,0,0
NTS_MV,D,20100420,000000,3.07,3.07,3.04,3.04,0,0
NTS_MV,D,20100421,000000,3.28,3.28,3.28,3.28,0,0
NTS_MV,D,20100422,000000,3.3,3.36,3.06,3.32,0,0
NTS_MV,D,20100426,000000,3.07,3.35,3.07,3.35,0,0
NTS_MV,D,20100428,000000,3.08,3.32,3.08,3.32,0,0
NTS_MV,D,20100429,000000,3.1,3.32,3.1,3.2,0,0
NTS_MV,D,20100430,000000,3.35,3.35,3.12,3.31,0,0
NTS_MV,D,20100504,000000,3.09,3.2,3.09,3.2,0,0
NTS_MV,D,20100505,000000,3.1,3.21,3.1,3.21,0,0
NTS_MV,D,20100506,000000,3.1,3.19,3.1,3.19,0,0
NTS_MV,D,20100507,000000,3.19,3.19,3.19,3.19,0,0
NTS_MV,D,20100511,000000,3.19,3.19,3.19,3.19,0,0
NTS_MV,D,20100513,000000,3.05,3.17,2.88,3.17,0,0
NTS_MV,D,20100518,000000,3.21,3.32,3,3.3,0,0
NTS_MV,D,20100519,000000,3.05,3.25,3.05,3.25,0,0
NTS_MV,D,20100520,000000,3,3.29,3,3.29,0,0
NTS_MV,D,20100526,000000,2.87,3.25,2.87,3.25,0,0
NTS_MV,D,20100527,000000,3.25,3.29,3.1,3.29,0,0
NTS_MV,D,20100528,000000,3.29,3.38,3.29,3.38,0,0
NTS_MV,D,20100531,000000,3.38,3.38,3.21,3.38,0,0
NTS_MV,D,20100601,000000,3.38,3.38,3.1,3.38,0,0
NTS_MV,D,20100602,000000,3.38,3.89,3.25,3.89,0,0
NTS_MV,D,20100604,000000,3.41,3.89,3.41,3.89,0,0
NTS_MV,D,20100607,000000,3.89,3.89,3.89,3.89,0,0
NTS_MV,D,20100609,000000,3.89,3.89,3.65,3.65,0,0
NTS_MV,D,20100610,000000,3.8,3.8,3.33,3.7,0,0
NTS_MV,D,20100611,000000,3.33,3.62,3.1,3.5,0,0
NTS_MV,D,20100614,000000,3.25,3.65,3.25,3.65,0,0
NTS_MV,D,20100617,000000,3.68,3.68,3.14,3.18,0,0
NTS_MV,D,20100618,000000,3.18,3.49,3.18,3.49,0,0
NTS_MV,D,20100621,000000,3.54,3.54,3.49,3.49,0,0
NTS_MV,D,20100622,000000,3.45,3.54,3.45,3.54,0,0
NTS_MV,D,20100625,000000,3.47,3.49,3.47,3.49,0,0
NTS_MV,D,20100630,000000,3.49,3.49,3.49,3.49,0,0
NTS_MV,D,20100707,000000,3.37,3.67,3.37,3.67,0,0
NTS_MV,D,20100715,000000,3.34,3.58,3.34,3.58,0,0
NTS_MV,D,20100722,000000,3.43,3.67,3.43,3.67,0,0
NTS_MV,D,20100728,000000,3.67,3.67,3.67,3.67,0,0
NTS_MV,D,20100802,000000,3.65,3.67,3.65,3.67,0,0
NTS_MV,D,20100810,000000,3.3,3.3,3.29,3.29,0,0
NTS_MV,D,20100816,000000,3.18,3.18,3.17,3.17,0,0
NTS_MV,D,20100817,000000,3.31,3.66,3.31,3.63,0,0
NTS_MV,D,20100819,000000,3.59,3.67,3.59,3.67,0,0
NTS_MV,D,20100820,000000,3.59,3.67,3.59,3.67,0,0
NTS_MV,D,20100824,000000,3.67,3.83,3.67,3.83,0,0
NTS_MV,D,20100825,000000,3.85,3.85,3.65,3.8,0,0
NTS_MV,D,20100826,000000,3.85,3.9,3.79,3.85,0,0
NTS_MV,D,20100827,000000,3.75,3.9,3.75,3.9,0,0
NTS_MV,D,20100830,000000,3.9,4.05,3.21,4.04,0,0
NTS_MV,D,20100831,000000,4.07,4.08,3.62,4.08,0,0
NTS_MV,D,20100901,000000,3.64,4.05,3.64,4.05,0,0
NTS_MV,D,20100906,000000,4,4.3,3.9,4.3,0,0
NTS_MV,D,20100907,000000,4.28,4.38,4.28,4.36,0,0
NTS_MV,D,20100908,000000,4.38,4.4,4.1,4.38,0,0
NTS_MV,D,20100909,000000,4.4,4.5,4.4,4.5,0,0
NTS_MV,D,20100913,000000,4.1,4.4,4.1,4.4,0,0
NTS_MV,D,20100914,000000,4.1,4.1,4.1,4.1,0,0
NTS_MV,D,20100917,000000,4.44,4.44,4.1,4.1,0,0
NTS_MV,D,20100920,000000,3.85,4.1,3.85,4.1,0,0
NTS_MV,D,20100927,000000,4.1,4.45,3.78,4,0,0
NTS_MV,D,20100929,000000,4,4,3.78,3.78,0,0
NTS_MV,D,20100930,000000,3.9,4,3.9,4,0,0
NTS_MV,D,20101005,000000,4,4,4,4,0,0
NTS_MV,D,20101007,000000,3.92,4,3.92,4,0,0
NTS_MV,D,20101008,000000,3.92,4,3.92,4,0,0
NTS_MV,D,20101011,000000,3.82,3.99,3.71,3.9,0,0
NTS_MV,D,20101012,000000,3.71,3.9,3.71,3.9,0,0
NTS_MV,D,20101013,000000,3.9,3.95,3.9,3.95,0,0
NTS_MV,D,20101014,000000,3.97,3.97,3.97,3.97,0,0
NTS_MV,D,20101015,000000,3.97,3.97,3.97,3.97,0,0
NTS_MV,D,20101018,000000,3.84,3.99,3.75,3.75,0,0
NTS_MV,D,20101019,000000,3.9,3.9,3.9,3.9,0,0
NTS_MV,D,20101020,000000,3.9,3.9,3.9,3.9,0,0
NTS_MV,D,20101021,000000,3.89,4.09,3.89,4.09,0,0
NTS_MV,D,20101022,000000,4.14,4.14,4.14,4.14,0,0
NTS_MV,D,20101025,000000,4.09,4.1,4.09,4.1,0,0
NTS_MV,D,20101026,000000,4.09,4.09,4.09,4.09,0,0
NTS_MV,D,20101027,000000,4.08,4.08,4.08,4.08,0,0
NTS_MV,D,20101028,000000,4.07,4.08,4.07,4.08,0,0
NTS_MV,D,20101029,000000,4.08,4.08,3.8,4,0,0
NTS_MV,D,20101102,000000,4,4,3.76,3.95,0,0
NTS_MV,D,20101103,000000,3.95,3.95,3.95,3.95,0,0
NTS_MV,D,20101104,000000,3.95,3.95,3.95,3.95,0,0
NTS_MV,D,20101105,000000,3.95,3.95,3.85,3.87,0,0
NTS_MV,D,20101108,000000,3.89,3.9,3.76,3.89,0,0
NTS_MV,D,20101109,000000,3.77,4,3.77,3.92,0,0
NTS_MV,D,20101110,000000,4,4,4,4,0,0
NTS_MV,D,20101112,000000,4,4,4,4,0,0
NTS_MV,D,20101115,000000,4,4,4,4,0,0
NTS_MV,D,20101116,000000,4,4,3.78,3.78,0,0
NTS_MV,D,20101117,000000,3.94,3.94,3.85,3.85,0,0
NTS_MV,D,20101118,000000,3.95,3.95,3.8,3.89,0,0
NTS_MV,D,20101119,000000,3.85,3.9,3.85,3.9,0,0
NTS_MV,D,20101122,000000,3.9,3.9,3.8,3.9,0,0
NTS_MV,D,20101123,000000,3.9,3.9,3.8,3.89,0,0
NTS_MV,D,20101124,000000,3.89,3.89,3.89,3.89,0,0
NTS_MV,D,20101125,000000,3.89,3.89,3.76,3.89,0,0
NTS_MV,D,20101126,000000,3.89,3.89,3.76,3.85,0,0
NTS_MV,D,20101129,000000,3.77,3.88,3.65,3.65,0,0
NTS_MV,D,20101130,000000,3.85,3.85,3.85,3.85,0,0
NTS_MV,D,20101201,000000,3.85,3.88,3.85,3.85,0,0
NTS_MV,D,20101202,000000,3.69,3.84,3.69,3.83,0,0
NTS_MV,D,20101203,000000,3.83,4.15,3.82,3.95,0,0
NTS_MV,D,20101206,000000,3.68,4.05,3.68,3.99,0,0
NTS_MV,D,20101207,000000,3.98,4,3.98,4,0,0
NTS_MV,D,20101208,000000,3.95,4,3.95,4,0,0
NTS_MV,D,20101210,000000,4,4.1,4,4.1,0,0
NTS_MV,D,20101213,000000,3.99,4.1,3.8,4.1,0,0
NTS_MV,D,20101216,000000,3.67,4,3.67,4,0,0
NTS_MV,D,20101223,000000,3.68,4.45,3.68,4.45,0,0
NTS_MV,D,20101228,000000,4.31,4.31,3.95,4.3,0,0
NTS_MV,D,20101230,000000,3.84,4.23,3.84,4.23,0,0
NTS_MV,D,20101231,000000,3.83,4.23,3.83,4.2,0,0
NTS_MV,D,20110103,000000,4.21,4.34,4.21,4.34,0,0
NTS_MV,D,20110104,000000,4.33,4.34,4.33,4.34,0,0
NTS_MV,D,20110105,000000,4.34,4.34,4.34,4.34,0,0
NTS_MV,D,20110107,000000,4.33,4.34,4.33,4.34,0,0
NTS_MV,D,20110110,000000,4.33,4.33,4.33,4.33,0,0
NTS_MV,D,20110111,000000,4.33,4.33,4.33,4.33,0,0
NTS_MV,D,20110112,000000,4.33,4.33,4.33,4.33,0,0
NTS_MV,D,20110113,000000,4.33,4.33,4.33,4.33,0,0
NTS_MV,D,20110114,000000,4.32,4.32,3.95,4.23,0,0
NTS_MV,D,20110117,000000,3.94,4.12,3.91,4.12,0,0
NTS_MV,D,20110118,000000,4.12,4.2,4.12,4.2,0,0
NTS_MV,D,20110119,000000,4.18,4.18,4.18,4.18,0,0
NTS_MV,D,20110120,000000,4.15,4.28,4.15,4.28,0,0
NTS_MV,D,20110121,000000,4.28,4.28,4.28,4.28,0,0
NTS_MV,D,20110127,000000,4.29,4.32,4.29,4.32,0,0
NTS_MV,D,20110128,000000,4.32,4.32,4.32,4.32,0,0
NTS_MV,D,20110131,000000,4.32,4.32,4.32,4.32,0,0
NTS_MV,D,20110201,000000,4.31,4.31,4.31,4.31,0,0
NTS_MV,D,20110202,000000,4.25,4.28,4.25,4.28,0,0
NTS_MV,D,20110203,000000,4.28,4.28,4.28,4.28,0,0
NTS_MV,D,20110204,000000,4.28,4.28,4.28,4.28,0,0
NTS_MV,D,20110207,000000,4.28,4.28,4.28,4.28,0,0
NTS_MV,D,20110208,000000,4,4.28,3.93,3.93,0,0
NTS_MV,D,20110209,000000,4.16,4.16,4.15,4.15,0,0
NTS_MV,D,20110210,000000,4.27,4.27,4.27,4.27,0,0
NTS_MV,D,20110211,000000,4.26,4.26,4.26,4.26,0,0
NTS_MV,D,20110216,000000,4.27,4.27,4.27,4.27,0,0
NTS_MV,D,20110221,000000,3.95,3.95,3.64,3.64,0,0
NTS_MV,D,20110222,000000,3.82,3.91,3.82,3.91,0,0
NTS_MV,D,20110224,000000,3.72,3.72,3.64,3.64,0,0
NTS_MV,D,20110225,000000,3.86,3.9,3.64,3.9,0,0
NTS_MV,D,20110228,000000,4.13,4.13,4.13,4.13,0,0
NTS_MV,D,20110301,000000,4.13,4.22,4.13,4.22,0,0
NTS_MV,D,20110302,000000,3.92,4.2,3.8,4.2,0,0
NTS_MV,D,20110303,000000,4.2,4.2,3.95,4.2,0,0
NTS_MV,D,20110308,000000,4.14,4.14,4.12,4.12,0,0
NTS_MV,D,20110309,000000,4.12,4.14,4.12,4.14,0,0
NTS_MV,D,20110310,000000,3.92,4.11,3.92,4.11,0,0
NTS_MV,D,20110311,000000,4.11,4.11,4.11,4.11,0,0
NTS_MV,D,20110314,000000,4.19,4.19,4.19,4.19,0,0
NTS_MV,D,20110315,000000,4.18,4.19,3.92,4.12,0,0
NTS_MV,D,20110316,000000,4.12,4.12,4.12,4.12,0,0
NTS_MV,D,20110318,000000,4.09,4.12,4.09,4.12,0,0
NTS_MV,D,20110321,000000,4.11,4.11,4.11,4.11,0,0
NTS_MV,D,20110323,000000,3.92,3.92,3.9,3.9,0,0
NTS_MV,D,20110324,000000,3.9,3.9,3.89,3.89,0,0
NTS_MV,D,20110325,000000,3.89,3.89,3.89,3.89,0,0
NTS_MV,D,20110328,000000,3.89,4.12,3.89,4.12,0,0
NTS_MV,D,20110329,000000,4.15,4.25,4.15,4.25,0,0
NTS_MV,D,20110404,000000,4.24,4.25,4.24,4.25,0,0
NTS_MV,D,20110405,000000,4.21,4.21,4.21,4.21,0,0
NTS_MV,D,20110406,000000,4.21,4.21,4.21,4.21,0,0
NTS_MV,D,20110407,000000,4.2,4.2,4.2,4.2,0,0
NTS_MV,D,20110408,000000,3.93,4.15,3.93,4.15,0,0
NTS_MV,D,20110411,000000,4.15,4.15,4.15,4.15,0,0
NTS_MV,D,20110412,000000,4.14,4.15,4.14,4.15,0,0
NTS_MV,D,20110413,000000,4.2,4.24,4.2,4.24,0,0
NTS_MV,D,20110414,000000,4.23,4.24,4.23,4.24,0,0
NTS_MV,D,20110419,000000,4.23,4.23,4.23,4.23,0,0
NTS_MV,D,20110420,000000,4.21,4.21,4.18,4.18,0,0
NTS_MV,D,20110421,000000,4.21,4.21,4.21,4.21,0,0
NTS_MV,D,20110426,000000,4.2,4.2,4.2,4.2,0,0
NTS_MV,D,20110427,000000,4.18,4.18,4.18,4.18,0,0
NTS_MV,D,20110428,000000,4.12,4.12,4.1,4.1,0,0
NTS_MV,D,20110429,000000,4.09,4.09,4.09,4.09,0,0
NTS_MV,D,20110502,000000,3.94,3.94,3.94,3.94,0,0
NTS_MV,D,20110504,000000,3.95,3.95,3.94,3.94,0,0
NTS_MV,D,20110505,000000,3.94,3.94,3.9,3.9,0,0
NTS_MV,D,20110509,000000,3.9,3.9,3.9,3.9,0,0
NTS_MV,D,20110511,000000,3.8,3.94,3.8,3.94,0,0
NTS_MV,D,20110512,000000,3.8,3.98,3.8,3.98,0,0
NTS_MV,D,20110513,000000,3.79,3.79,3.79,3.79,0,0
NTS_MV,D,20110516,000000,3.78,3.98,3.78,3.98,0,0
NTS_MV,D,20110517,000000,3.79,3.79,3.79,3.79,0,0
NTS_MV,D,20110518,000000,3.98,3.98,3.98,3.98,0,0
NTS_MV,D,20110520,000000,3.8,3.8,3.8,3.8,0,0
NTS_MV,D,20110523,000000,3.98,3.98,3.98,3.98,0,0
NTS_MV,D,20110524,000000,4,4,4,4,0,0
NTS_MV,D,20110525,000000,3.99,3.99,3.99,3.99,0,0
NTS_MV,D,20110526,000000,3.8,3.81,3.8,3.81,0,0
NTS_MV,D,20110527,000000,3.81,3.81,3.81,3.81,0,0
NTS_MV,D,20110530,000000,3.8,3.96,3.8,3.96,0,0
NTS_MV,D,20110531,000000,3.8,3.95,3.8,3.95,0,0
NTS_MV,D,20110602,000000,3.79,3.93,3.79,3.93,0,0
NTS_MV,D,20110606,000000,3.93,3.93,3.93,3.93,0,0
NTS_MV,D,20110607,000000,3.77,3.77,3.77,3.77,0,0
NTS_MV,D,20110609,000000,3.92,3.92,3.92,3.92,0,0
NTS_MV,D,20110615,000000,3.91,3.91,3.91,3.91,0,0
NTS_MV,D,20110617,000000,3.9,3.9,3.9,3.9,0,0
NTS_MV,D,20110622,000000,3.87,3.87,3.87,3.87,0,0
NTS_MV,D,20110624,000000,3.87,4.03,3.87,3.94,0,0
NTS_MV,D,20110627,000000,3.95,3.95,3.94,3.94,0,0
NTS_MV,D,20110628,000000,4.08,4.11,4.08,4.11,0,0
NTS_MV,D,20110630,000000,4.09,4.11,4.09,4.11,0,0
NTS_MV,D,20110701,000000,4.1,4.1,4.1,4.1,0,0
NTS_MV,D,20110712,000000,3.8,4.06,3.8,4.06,0,0
NTS_MV,D,20110715,000000,3.81,4.05,3.8,4.05,0,0
NTS_MV,D,20110718,000000,3.74,3.74,3.57,3.58,0,0
NTS_MV,D,20110719,000000,3.77,3.79,3.56,3.79,0,0
NTS_MV,D,20110720,000000,3.56,3.56,3.55,3.56,0,0
NTS_MV,D,20110721,000000,3.56,3.56,3.56,3.56,0,0
NTS_MV,D,20110722,000000,3.79,3.79,3.65,3.65,0,0
NTS_MV,D,20110725,000000,3.65,3.79,3.57,3.79,0,0
NTS_MV,D,20110726,000000,3.79,3.79,3.7,3.7,0,0
NTS_MV,D,20110727,000000,3.7,3.7,3.6,3.6,0,0
NTS_MV,D,20110728,000000,3.78,3.78,3.6,3.6,0,0
NTS_MV,D,20110729,000000,3.79,3.79,3.57,3.7,0,0
NTS_MV,D,20110801,000000,3.7,3.7,3.7,3.7,0,0
NTS_MV,D,20110802,000000,3.7,3.81,3.49,3.49,0,0
NTS_MV,D,20110803,000000,3.7,3.7,3.46,3.62,0,0
NTS_MV,D,20110804,000000,3.6,3.7,3.4,3.7,0,0
NTS_MV,D,20110808,000000,3.7,3.7,3.34,3.5,0,0
NTS_MV,D,20110809,000000,3.5,3.5,3.3,3.45,0,0
NTS_MV,D,20110810,000000,3.35,3.35,3.25,3.34,0,0
NTS_MV,D,20110811,000000,3.45,3.45,3.45,3.45,0,0
NTS_MV,D,20110816,000000,3.31,3.51,3.31,3.51,0,0
NTS_MV,D,20110817,000000,3.51,3.51,3.51,3.51,0,0
NTS_MV,D,20110818,000000,3.5,3.52,3.5,3.52,0,0
NTS_MV,D,20110819,000000,3.4,3.5,3.4,3.5,0,0
NTS_MV,D,20110824,000000,3.33,3.5,3.33,3.5,0,0
NTS_MV,D,20110825,000000,3.22,3.45,3.14,3.14,0,0
NTS_MV,D,20110826,000000,3.2,3.5,3.2,3.5,0,0
NTS_MV,D,20110829,000000,3.06,3.4,3.05,3.4,0,0
NTS_MV,D,20110901,000000,3.39,3.39,3.39,3.39,0,0
NTS_MV,D,20110902,000000,3.4,3.4,3.4,3.4,0,0
NTS_MV,D,20110906,000000,3.4,3.4,3.4,3.4,0,0
NTS_MV,D,20110912,000000,3.4,3.4,3.4,3.4,0,0
NTS_MV,D,20110913,000000,3.22,3.36,3.19,3.36,0,0
NTS_MV,D,20110919,000000,3.35,3.35,3.35,3.35,0,0
NTS_MV,D,20110921,000000,3.15,3.32,3.15,3.32,0,0
NTS_MV,D,20110926,000000,3.35,3.35,3.35,3.35,0,0
NTS_MV,D,20110929,000000,3.35,3.35,3.35,3.35,0,0
NTS_MV,D,20110930,000000,3.35,3.35,3.35,3.35,0,0
NTS_MV,D,20111003,000000,3.35,3.35,3.35,3.35,0,0
NTS_MV,D,20111007,000000,3.35,3.35,3.35,3.35,0,0
NTS_MV,D,20111012,000000,3.35,3.35,3.35,3.35,0,0
NTS_MV,D,20111013,000000,3.36,3.36,3.36,3.36,0,0
NTS_MV,D,20111017,000000,3.36,3.36,3.36,3.36,0,0
NTS_MV,D,20111018,000000,3.52,3.52,3.52,3.52,0,0
NTS_MV,D,20111019,000000,3.52,3.52,3.52,3.52,0,0
NTS_MV,D,20111020,000000,3.52,3.52,3.52,3.52,0,0
NTS_MV,D,20111021,000000,3.6,3.6,3.6,3.6,0,0
NTS_MV,D,20111024,000000,3.6,3.6,3.6,3.6,0,0
NTS_MV,D,20111026,000000,3.61,3.61,3.61,3.61,0,0
NTS_MV,D,20111027,000000,3.61,3.94,3.61,3.94,0,0
NTS_MV,D,20111028,000000,3.66,3.66,3.66,3.66,0,0
NTS_MV,D,20111031,000000,3.66,3.84,3.66,3.84,0,0
NTS_MV,D,20111102,000000,3.83,3.83,3.83,3.83,0,0
NTS_MV,D,20111107,000000,3.83,3.83,3.83,3.83,0,0
NTS_MV,D,20111114,000000,3.76,3.76,3.76,3.76,0,0
NTS_MV,D,20111115,000000,3.5,3.5,3.35,3.5,0,0
NTS_MV,D,20111116,000000,3.5,3.66,3.5,3.66,0,0
NTS_MV,D,20111117,000000,3.51,3.51,3.51,3.51,0,0
NTS_MV,D,20111118,000000,3.51,3.51,3.51,3.51,0,0
NTS_MV,D,20111121,000000,3.6,3.66,3.34,3.34,0,0
NTS_MV,D,20111122,000000,3.61,3.61,3.61,3.61,0,0
NTS_MV,D,20111123,000000,3.61,3.62,3.61,3.62,0,0
NTS_MV,D,20111124,000000,3.51,3.59,3.51,3.59,0,0
NTS_MV,D,20111125,000000,3.58,3.58,3.58,3.58,0,0
NTS_MV,D,20111128,000000,3.56,3.57,3.56,3.57,0,0
NTS_MV,D,20111129,000000,3.58,3.59,3.56,3.59,0,0
NTS_MV,D,20111130,000000,3.59,3.84,3.55,3.84,0,0
NTS_MV,D,20111206,000000,3.84,4.01,3.84,4.01,0,0
NTS_MV,D,20111209,000000,3.88,4.18,3.88,4.18,0,0
NTS_MV,D,20111214,000000,4.18,4.18,4.18,4.18,0,0
NTS_MV,D,20111216,000000,4.2,4.2,4.2,4.2,0,0
NTS_MV,D,20111222,000000,4.14,4.14,4.14,4.14,0,0
NTS_MV,D,20111223,000000,4.1,4.1,4.1,4.1,0,0
NTS_MV,D,20111227,000000,4.1,4.2,4.1,4.2,0,0
NTS_MV,D,20111230,000000,4.4,4.4,4.11,4.4,0,0
NTS_MV,D,20120102,000000,4.2,4.2,4.2,4.2,0,0
NTS_MV,D,20120103,000000,4.2,4.2,4.2,4.2,0,0
NTS_MV,D,20120105,000000,4.05,4.05,4,4,0,0
NTS_MV,D,20120109,000000,4,4.45,3.96,4.45,0,0
NTS_MV,D,20120110,000000,4.75,4.75,4.75,4.75,0,0
NTS_MV,D,20120111,000000,4.75,4.75,4.75,4.75,0,0
NTS_MV,D,20120113,000000,4.75,4.75,4.75,4.75,0,0
NTS_MV,D,20120116,000000,4.75,4.8,4.25,4.25,0,0
NTS_MV,D,20120117,000000,4.85,4.85,4.2,4.85,0,0
NTS_MV,D,20120118,000000,4.25,4.85,4.25,4.85,0,0
NTS_MV,D,20120119,000000,4.44,4.85,4.44,4.85,0,0
NTS_MV,D,20120120,000000,4.44,4.85,4.44,4.85,0,0
NTS_MV,D,20120124,000000,4.5,4.5,4.5,4.5,0,0
NTS_MV,D,20120125,000000,4.85,4.85,4.85,4.85,0,0
NTS_MV,D,20120126,000000,4.85,4.85,4.5,4.8,0,0
NTS_MV,D,20120127,000000,4.5,4.8,4.45,4.8,0,0
NTS_MV,D,20120130,000000,4.8,4.84,4.8,4.84,0,0
NTS_MV,D,20120201,000000,4.84,4.84,4.84,4.84,0,0
NTS_MV,D,20120202,000000,4.84,4.84,4.84,4.84,0,0
NTS_MV,D,20120203,000000,4.84,4.84,4.41,4.84,0,0
NTS_MV,D,20120206,000000,4.83,4.94,4.46,4.46,0,0
NTS_MV,D,20120208,000000,5,5,4.09,4.09,0,0
NTS_MV,D,20120209,000000,4,4,3.77,3.77,0,0
NTS_MV,D,20120214,000000,3.68,3.86,3.68,3.86,0,0
NTS_MV,D,20120215,000000,4,4.02,3.52,3.7,0,0
NTS_MV,D,20120216,000000,3.75,4,3.75,4,0,0
NTS_MV,D,20120221,000000,3.7,3.7,3.7,3.7,0,0
NTS_MV,D,20120228,000000,3.8,3.8,3.8,3.8,0,0
NTS_MV,D,20120229,000000,4,4,4,4,0,0
NTS_MV,D,20120301,000000,4,4,4,4,0,0
NTS_MV,D,20120312,000000,4,4,4,4,0,0
NTS_MV,D,20120313,000000,4.2,4.2,4.2,4.2,0,0
NTS_MV,D,20120315,000000,3.71,4.2,3.71,4.2,0,0
NTS_MV,D,20120403,000000,4.2,4.38,3.7,4.28,0,0
NTS_MV,D,20120417,000000,4.17,4.17,4.17,4.17,0,0
NTS_MV,D,20120425,000000,4.17,4.17,4.17,4.17,0,0
NTS_MV,D,20120430,000000,4.18,4.5,4.18,4.5,0,0
NTS_MV,D,20120515,000000,4.19,4.2,4.19,4.2,0,0
NTS_MV,D,20120605,000000,4.18,4.18,4.18,4.18,0,0
NTS_MV,D,20120619,000000,3.35,4.18,3.35,4.18,0,0
NTS_MV,D,20120629,000000,3.35,4.18,3.35,4.18,0,0
NTS_MV,D,20120702,000000,3.45,4.17,3.45,4.17,0,0
NTS_MV,D,20120712,000000,3.45,3.45,3.45,3.45,0,0
NTS_MV,D,20120713,000000,3.4,3.4,3.4,3.4,0,0
NTS_MV,D,20120723,000000,3.4,3.4,3.33,3.33,0,0
NTS_MV,D,20120727,000000,3.12,3.12,3.12,3.12,0,0
NTS_MV,D,20120730,000000,3.13,3.13,3.13,3.13,0,0
NTS_MV,D,20120731,000000,3.72,3.72,3.72,3.72,0,0
NTS_MV,D,20120801,000000,3.35,3.35,3.35,3.35,0,0
NTS_MV,D,20120802,000000,3.05,3.05,3.05,3.05,0,0
NTS_MV,D,20120803,000000,3.5,3.5,3.5,3.5,0,0
NTS_MV,D,20120807,000000,2.82,3.25,2.82,2.82,0,0
NTS_MV,D,20120808,000000,3,3,3,3,0,0
NTS_MV,D,20120810,000000,3.4,3.4,3.4,3.4,0,0
NTS_MV,D,20120821,000000,3.4,3.4,3.4,3.4,0,0
NTS_MV,D,20120822,000000,3.41,3.41,3.41,3.41,0,0
NTS_MV,D,20120827,000000,3.74,3.74,3.74,3.74,0,0
NTS_MV,D,20120828,000000,3.46,3.46,3.46,3.46,0,0
NTS_MV,D,20120829,000000,4,4,4,4,0,0
NTS_MV,D,20120831,000000,3.8,4.5,3.45,4.5,0,0
NTS_MV,D,20120904,000000,4,4,4,4,0,0
NTS_MV,D,20120907,000000,4.39,4.39,4.39,4.39,0,0
NTS_MV,D,20120924,000000,4.15,4.15,4.15,4.15,0,0
NTS_MV,D,20120928,000000,4.39,4.39,4.39,4.39,0,0
NTS_MV,D,20121008,000000,4.2,4.2,4.2,4.2,0,0
NTS_MV,D,20121009,000000,4.1,4.39,4.1,4.39,0,0
NTS_MV,D,20121015,000000,4.05,4.05,4.05,4.05,0,0
NTS_MV,D,20121016,000000,4.38,4.38,4.38,4.38,0,0
NTS_MV,D,20121022,000000,4.38,4.38,4.38,4.38,0,0
NTS_MV,D,20121025,000000,4.32,4.38,4.32,4.38,0,0
NTS_MV,D,20121113,000000,4.05,4.34,4,4.34,0,0
NTS_MV,D,20121114,000000,4,4.3,3.5,4.3,0,0
NTS_MV,D,20121115,000000,4,4.3,3.55,4.29,0,0
NTS_MV,D,20121116,000000,3.95,4.2,3.94,4.2,0,0
NTS_MV,D,20121120,000000,4.2,4.2,3.55,4.05,0,0
NTS_MV,D,20121121,000000,3.95,4.11,3.8,4.11,0,0
NTS_MV,D,20121221,000000,4.2,4.2,4.2,4.2,0,0
NTS_MV,D,20121228,000000,4.1,4.5,4.1,4.5,0,0
NTS_MV,D,20130103,000000,4.7,4.7,4.7,4.7,0,0
NTS_MV,D,20130104,000000,4.69,4.69,4.68,4.68,0,0
NTS_MV,D,20130218,000000,4.67,4.67,4.67,4.67,0,0
NTS_MV,D,20130221,000000,4.65,4.65,4.65,4.65,0,0
NTS_MV,D,20130227,000000,3.95,4.65,3.95,4.65,0,0
NTS_MV,D,20130228,000000,4.35,4.65,3.96,4.3,0,0
NTS_MV,D,20130305,000000,4.57,4.57,4.57,4.57,0,0
NTS_MV,D,20130405,000000,4.26,4.56,4.26,4.56,0,0
NTS_MV,D,20130417,000000,4.3,4.45,4,4.45,0,0
NTS_MV,D,20130419,000000,4.4,4.5,4.4,4.5,0,0
NTS_MV,D,20130531,000000,4.4,4.6,4.4,4.6,0,0
NTS_MV,D,20130603,000000,4.6,4.6,4.6,4.6,0,0
NTS_MV,D,20130704,000000,4.55,4.6,4.55,4.6,0,0
NTS_MV,D,20130708,000000,3.8,3.8,3.8,3.8,0,0
NTS_MV,D,20130709,000000,3.85,4.56,3.85,4.56,0,0
NTS_MV,D,20130724,000000,4.54,4.54,4.54,4.54,0,0
NTS_MV,D,20130809,000000,3.98,4.54,3.98,4.54,0,0
NTS_MV,D,20130827,000000,4.49,4.5,4.49,4.5,0,0
NTS_MV,D,20130903,000000,4.4,4.44,4.2,4.44,0,0
NTS_MV,D,20130904,000000,4.3,4.45,4.3,4.45,0,0
NTS_MV,D,20130916,000000,4.3,4.45,4.28,4.45,0,0
NTS_MV,D,20130926,000000,4.37,4.38,4.37,4.38,0,0
NTS_MV,D,20131003,000000,4.15,4.35,4.15,4.35,0,0
NTS_MV,D,20131007,000000,4.15,4.15,4.15,4.15,0,0
NTS_MV,D,20131009,000000,4.25,4.25,4.25,4.25,0,0
NTS_MV,D,20131031,000000,4.1,4.18,4.1,4.18,0,0
NTS_MV,D,20131126,000000,4.05,4.15,4.05,4.15,0,0
NTS_MV,D,20131206,000000,4.2,4.2,4.2,4.2,0,0
NTS_MV,D,20131218,000000,4.2,4.6,4.2,4.6,0,0
NTS_MV,D,20131219,000000,4.5,4.5,4.5,4.5,0,0
NTS_MV,D,20140107,000000,4.29,4.29,4.29,4.29,0,0
NTS_MV,D,20140108,000000,4.5,4.5,4.5,4.5,0,0
NTS_MV,D,20140114,000000,4.5,4.5,4.5,4.5,0,0
NTS_MV,D,20140115,000000,4.6,4.6,4.6,4.6,0,0
NTS_MV,D,20140116,000000,4.7,4.7,4.7,4.7,0,0
NTS_MV,D,20140117,000000,4.8,4.9,4.8,4.9,0,0
NTS_MV,D,20140120,000000,4.9,5,4.9,5,0,0
NTS_MV,D,20140121,000000,5,5,5,5,0,0
NTS_MV,D,20140129,000000,5,5,5,5,0,0
NTS_MV,D,20140131,000000,5,5,5,5,0,0
NTS_MV,D,20140211,000000,5,5,5,5,0,0
NTS_MV,D,20140212,000000,5,5,5,5,0,0
NTS_MV,D,20140214,000000,4.75,4.75,4.75,4.75,0,0
NTS_MV,D,20140224,000000,4.83,4.83,4.83,4.83,0,0
NTS_MV,D,20140228,000000,4.87,4.87,4.87,4.87,0,0
NTS_MV,D,20140307,000000,4.87,4.87,4.87,4.87,0,0
NTS_MV,D,20140317,000000,4.87,5,4.5,4.5,0,0
NTS_MV,D,20140318,000000,4.53,5,4.53,5,0,0
NTS_MV,D,20140321,000000,4.55,4.55,4.55,4.55,0,0
NTS_MV,D,20140325,000000,4.6,4.6,4.6,4.6,0,0
NTS_MV,D,20140407,000000,4.45,4.45,4.45,4.45,0,0
NTS_MV,D,20140429,000000,4.22,4.22,4.22,4.22,0,0
NTS_MV,D,20140506,000000,4.02,4.02,4.02,4.02,0,0
NTS_MV,D,20140521,000000,4.31,4.31,4.31,4.31,0,0
NTS_MV,D,20140526,000000,4.35,4.35,4.35,4.35,0,0
NTS_MV,D,20140527,000000,4.57,4.57,4.57,4.57,0,0
NTS_MV,D,20140528,000000,4.64,4.64,4.64,4.64,0,0
NTS_MV,D,20140602,000000,4.34,4.4,4.34,4.4,0,0
NTS_MV,D,20140603,000000,4.4,4.4,4.4,4.4,0,0
NTS_MV,D,20140709,000000,4.44,4.44,4.44,4.44,0,0
NTS_MV,D,20140828,000000,4.13,4.13,4.13,4.13,0,0
NTS_MV,D,20140917,000000,4.15,4.4,4.11,4.11,0,0
NTS_MV,D,20140918,000000,4.7,4.7,4.7,4.7,0,0
NTS_MV,D,20140930,000000,4.7,5,4.7,4.7,0,0
NTS_MV,D,20141008,000000,4.7,5,4.7,5,0,0
NTS_MV,D,20141009,000000,5,5.55,5,5.55,0,0
NTS_MV,D,20141010,000000,5.89,5.9,5.89,5.9,0,0
NTS_MV,D,20141016,000000,6.05,6.25,6.05,6.25,0,0
NTS_MV,D,20141017,000000,6.85,6.85,6.85,6.85,0,0
NTS_MV,D,20141020,000000,7.05,7.05,7.05,7.05,0,0
NTS_MV,D,20141021,000000,7.45,7.45,7.45,7.45,0,0
NTS_MV,D,20141022,000000,7.05,7.25,7.05,7.25,0,0
NTS_MV,D,20141023,000000,7.2,7.4,7.2,7.4,0,0
NTS_MV,D,20141027,000000,7.2,7.2,7,7,0,0
NTS_MV,D,20141028,000000,7,7,6.85,6.85,0,0
NTS_MV,D,20141029,000000,7.5,7.5,7.5,7.5,0,0
NTS_MV,D,20141103,000000,7.53,7.75,7.53,7.75,0,0
NTS_MV,D,20141104,000000,7.75,7.75,7.75,7.75,0,0
NTS_MV,D,20141106,000000,7.75,7.75,7.55,7.55,0,0
NTS_MV,D,20141107,000000,7.8,7.85,7.8,7.85,0,0
NTS_MV,D,20141110,000000,7.85,8.1,7.85,8.1,0,0
NTS_MV,D,20141112,000000,8.1,8.1,7.95,7.95,0,0
NTS_MV,D,20141113,000000,8.1,8.1,8.1,8.1,0,0
NTS_MV,D,20141114,000000,8.1,8.1,8.1,8.1,0,0
NTS_MV,D,20141127,000000,8.08,8.1,8.08,8.1,0,0
NTS_MV,D,20141205,000000,7.95,8.1,7.45,8.1,0,0
NTS_MV,D,20141208,000000,7.5,8.1,6.05,8.1,0,0
NTS_MV,D,20141229,000000,7.9,8.14,7.65,8.14,0,0
NTS_MV,D,20141230,000000,8.04,8.04,7.07,7.6,0,0
NTS_MV,D,20150102,000000,8.15,8.15,7.1,7.6,0,0
NTS_MV,D,20150105,000000,7.6,7.6,7.6,7.6,0,0
NTS_MV,D,20150107,000000,7.65,7.69,7.65,7.69,0,0
NTS_MV,D,20150108,000000,7.25,7.25,7.17,7.17,0,0
NTS_MV,D,20150112,000000,7.17,7.17,7.17,7.17,0,0
NTS_MV,D,20150120,000000,6.7,6.7,6.33,6.33,0,0
NTS_MV,D,20150121,000000,6.2,6.2,6.2,6.2,0,0
NTS_MV,D,20150130,000000,5,5,5,5,0,0
NTS_MV,D,20150224,000000,5.2,5.2,5.2,5.2,0,0
NTS_MV,D,20150413,000000,5.45,5.46,5.45,5.46,0,0
NTS_MV,D,20150424,000000,5.45,5.46,5.45,5.46,0,0
NTS_MV,D,20150427,000000,5.45,5.46,5.45,5.46,0,0
NTS_MV,D,20150504,000000,4.62,5.46,4.62,5.46,0,0
NTS_MV,D,20150603,000000,5.46,5.99,5.46,5.99,0,0
NTS_MV,D,20150608,000000,6.25,6.3,6.25,6.3,0,0
NTS_MV,D,20150622,000000,6.29,6.83,6.29,6.83,0,0
NTS_MV,D,20150624,000000,6.3,6.3,6.3,6.3,0,0
NTS_MV,D,20150824,000000,5.99,6.44,5.99,6.44,0,0
NTS_MV,D,20150901,000000,6.2,6.83,5.78,6.51,0,0
NTS_MV,D,20150904,000000,6.37,6.37,6.37,6.37,0,0
NTS_MV,D,20151013,000000,5.93,5.93,5.93,5.93,0,0
NTS_MV,D,20151019,000000,5.57,5.99,5.57,5.83,0,0
NTS_MV,D,20151112,000000,5.57,5.57,5.3,5.3,0,0
NTS_MV,D,20151118,000000,5.36,5.87,5.36,5.87,0,0
NTS_MV,D,20151119,000000,6.19,6.19,6.19,6.19,0,0
NTS_MV,D,20151123,000000,6.19,6.56,6.19,6.56,0,0
NTS_MV,D,20151126,000000,6.44,6.56,6.1,6.56,0,0
NTS_MV,D,20151127,000000,6.38,6.38,6.38,6.38,0,0
NTS_MV,D,20151204,000000,5.12,6.56,5.12,6.56,0,0
NTS_MV,D,20151209,000000,6.1,6.56,6.1,6.38,0,0
NTS_MV,D,20151221,000000,5.75,6.15,5.75,6.15,0,0
NTS_MV,D,20160118,000000,6.15,6.15,5.98,5.98,0,0
NTS_MV,D,20160126,000000,6.04,6.04,6.04,6.04,0,0
NTS_MV,D,20160129,000000,6.04,6.43,6.04,6.43,0,0
NTS_MV,D,20160202,000000,6.43,6.43,6.43,6.43,0,0
NTS_MV,D,20160204,000000,7.33,7.36,7.33,7.36,0,0
NTS_MV,D,20160208,000000,7.53,7.53,7.53,7.53,0,0
NTS_MV,D,20160209,000000,7.45,7.52,7.02,7.52,0,0
NTS_MV,D,20160210,000000,7.52,7.52,7.52,7.52,0,0
NTS_MV,D,20160212,000000,7.52,7.52,7.52,7.52,0,0
NTS_MV,D,20160225,000000,7.52,7.52,7.52,7.52,0,0
NTS_MV,D,20160229,000000,7.48,7.52,7.02,7.52,0,0
NTS_MV,D,20160309,000000,7.52,7.53,7.52,7.53,0,0
NTS_MV,D,20160321,000000,7.48,7.48,7.02,7.02,0,0
NTS_MV,D,20160323,000000,7.13,7.13,7.13,7.13,0,0
NTS_MV,D,20160421,000000,6.79,7.1,6.79,7.1,0,0
NTS_MV,D,20160607,000000,7.1,7.1,7.1,7.1,0,0
NTS_MV,D,20160613,000000,7.1,7.71,7.1,7.22,0,0
NTS_MV,D,20160614,000000,7.65,7.65,7.65,7.65,0,0
NTS_MV,D,20160621,000000,7.65,7.71,7.65,7.71,0,0
NTS_MV,D,20160622,000000,7.71,7.71,7.48,7.48,0,0
NTS_MV,D,20160630,000000,7.48,7.48,7.48,7.48,0,0
NTS_MV,D,20160704,000000,7.48,7.71,7.48,7.71,0,0
NTS_MV,D,20160712,000000,7.3,7.3,7.3,7.3,0,0
NTS_MV,D,20160810,000000,7.41,7.41,7.41,7.41,0,0
NTS_MV,D,20160819,000000,7.41,7.41,7.41,7.41,0,0
NTS_MV,D,20160830,000000,7.41,7.41,7.41,7.41,0,0
NTS_MV,D,20160908,000000,7.12,7.71,7.02,7.71,0,0
NTS_MV,D,20160909,000000,7.71,7.82,7.41,7.71,0,0
NTS_MV,D,20160920,000000,7.71,7.71,7.71,7.71,0,0
NTS_MV,D,20160930,000000,7.71,7.71,7.71,7.71,0,0
NTS_MV,D,20161004,000000,7.81,7.81,7.81,7.81,0,0
NTS_MV,D,20161012,000000,7.8,7.8,7.8,7.8,0,0
NTS_MV,D,20161014,000000,7.11,7.11,7.11,7.11,0,0
NTS_MV,D,20161109,000000,7.36,7.36,7.36,7.36,0,0
NTS_MV,D,20161205,000000,7.36,7.82,7.36,7.82,0,0
NTS_MV,D,20161209,000000,7.76,7.76,7.76,7.76,0,0
NTS_MV,D,20161213,000000,7.76,7.82,7.76,7.82,0,0
NTS_MV,D,20161214,000000,7.82,7.82,7.82,7.82,0,0
NTS_MV,D,20161215,000000,7.82,7.82,7.82,7.82,0,0
NTS_MV,D,20161219,000000,7.13,7.82,7.13,7.82,0,0
NTS_MV,D,20161220,000000,7.3,8.59,7.3,8.59,0,0
NTS_MV,D,20161222,000000,7.25,7.76,7.25,7.76,0,0
NTS_MV,D,20161230,000000,7.25,7.76,7.25,7.76,0,0
NTS_MV,D,20170102,000000,8.91,8.91,8.35,8.35,0,0
NTS_MV,D,20170111,000000,7.49,8.86,7.49,8.57,0,0
NTS_MV,D,20170113,000000,7.94,8.56,7.94,8.56,0,0
NTS_MV,D,20170306,000000,8.04,8.04,6.44,7.53,0,0
NTS_MV,D,20170307,000000,7.19,7.71,7.19,7.71,0,0
NTS_MV,D,20170314,000000,7.71,7.71,7.71,7.71,0,0
NTS_MV,D,20170321,000000,7.71,7.76,7.71,7.76,0,0
NTS_MV,D,20170327,000000,7.76,7.76,7.76,7.76,0,0
NTS_MV,D,20170330,000000,7.79,7.79,7.79,7.79,0,0
NTS_MV,D,20170410,000000,7.25,7.79,7.25,7.79,0,0
NTS_MV,D,20170411,000000,7.9,7.9,7.9,7.9,0,0
NTS_MV,D,20170428,000000,7.89,7.89,7.89,7.89,0,0
NTS_MV,D,20170523,000000,7.89,7.94,7.89,7.94,0,0
NTS_MV,D,20170530,000000,7.36,7.91,7.36,7.91,0,0
NTS_MV,D,20170601,000000,7.91,7.94,7.91,7.94,0,0
NTS_MV,D,20170605,000000,7.36,7.36,7.34,7.34,0,0
NTS_MV,D,20170711,000000,7.34,8.77,7.34,8.05,0,0
NTS_MV,D,20170721,000000,8.03,8.03,8.03,8.03,0,0
NTS_MV,D,20170801,000000,8.05,8.05,8.05,8.05,0,0
NTS_MV,D,20170906,000000,7.5,8,7.5,8,0,0
NTS_MV,D,20170913,000000,8.06,8.17,8.06,8.17,0,0
NTS_MV,D,20171004,000000,8.05,8.05,8.05,8.05,0,0
NTS_MV,D,20171010,000000,8.05,8.05,8.05,8.05,0,0
NTS_MV,D,20171031,000000,7.6,8.05,7.6,8.05,0,0
NTS_MV,D,20171212,000000,7.6,8.04,7.6,8.04,0,0
NTS_MV,D,20171221,000000,7.5,8.05,7.48,8.05,0,0
NTS_MV,D,20180103,000000,8.05,8.05,8.05,8.05,0,0
NTS_MV,D,20180104,000000,8.05,8.05,7.48,7.48,0,0
NTS_MV,D,20180108,000000,6.67,6.67,5.75,5.75,0,0
NTS_MV,D,20180109,000000,5.75,5.75,5.36,5.36,0,0
NTS_MV,D,20180110,000000,5.52,5.81,5.52,5.64,0,0
NTS_MV,D,20180111,000000,5.92,6.1,5.92,6.1,0,0
NTS_MV,D,20180112,000000,5.98,6.33,5.98,6.33,0,0
NTS_MV,D,20180115,000000,6.33,7.3,6.33,7.3,0,0
NTS_MV,D,20180116,000000,7.3,7.3,7.3,7.3,0,0
NTS_MV,D,20180131,000000,6.9,6.9,6.9,6.9,0,0
NTS_MV,D,20180201,000000,6.9,7.25,6.9,7.25,0,0
NTS_MV,D,20180202,000000,7.3,7.3,7.3,7.3,0,0
NTS_MV,D,20180206,000000,6.96,7.42,6.96,7.42,0,0
NTS_MV,D,20180215,000000,6.96,7.42,6.96,7.42,0,0
NTS_MV,D,20180228,000000,6.9,6.9,5.98,6.9,0,0
NTS_MV,D,20180301,000000,6.61,7.02,6.61,7.02,0,0
NTS_MV,D,20180302,000000,6.96,7.02,6.96,7.02,0,0
NTS_MV,D,20180321,000000,7.02,7.02,7.02,7.02,0,0
NTS_MV,D,20180403,000000,7.02,7.02,7.02,7.02,0,0
NTS_MV,D,20180515,000000,7.02,7.02,7.02,7.02,0,0
NTS_MV,D,20180516,000000,7.07,7.07,7.07,7.07,0,0
NTS_MV,D,20180517,000000,6.96,7.13,6.96,7.13,0,0
NTS_MV,D,20180523,000000,7.13,7.42,7.13,7.42,0,0
NTS_MV,D,20180529,000000,6.96,7.42,6.96,7.42,0,0
NTS_MV,D,20180605,000000,7.42,7.42,7.42,7.42,0,0
NTS_MV,D,20180608,000000,7.25,7.36,7.25,7.36,0,0
NTS_MV,D,20180622,000000,7.36,7.36,6.9,6.9,0,0
NTS_MV,D,20180626,000000,7.02,7.36,7.02,7.36,0,0
NTS_MV,D,20180709,000000,7.42,7.48,7.42,7.48,0,0
NTS_MV,D,20180716,000000,7.48,7.48,7.48,7.48,0,0
NTS_MV,D,20180810,000000,7.42,7.42,7.42,7.42,0,0
NTS_MV,D,20180813,000000,7.48,7.48,7.48,7.48,0,0
NTS_MV,D,20180823,000000,7.36,7.53,7.36,7.53,0,0
NTS_MV,D,20180830,000000,7.19,7.19,7.13,7.13,0,0
NTS_MV,D,20180903,000000,7.13,7.13,7.13,7.13,0,0
NTS_MV,D,20180904,000000,7.02,7.02,7.02,7.02,0,0
NTS_MV,D,20180906,000000,6.9,6.9,6.9,6.9,0,0
NTS_MV,D,20180907,000000,6.73,6.73,6.73,6.73,0,0
NTS_MV,D,20180919,000000,6.5,6.79,6.5,6.79,0,0
NTS_MV,D,20181002,000000,6.79,6.79,6.79,6.79,0,0
NTS_MV,D,20181019,000000,6.5,6.5,5.29,5.41,0,0
NTS_MV,D,20181022,000000,5.06,5.06,4.26,4.26,0,0
NTS_MV,D,20181023,000000,4.09,4.78,3.45,4.78,0,0
NTS_MV,D,20181024,000000,4.3,4.3,3.84,3.84,0,0
NTS_MV,D,20181030,000000,4.32,4.32,4.32,4.32,0,0
NTS_MV,D,20181031,000000,4.14,4.14,4.14,4.14,0,0
NTS_MV,D,20181106,000000,4.32,4.32,4.32,4.32,0,0
NTS_MV,D,20181115,000000,4.26,4.26,4.26,4.26,0,0
NTS_MV,D,20181119,000000,4.3,4.3,4.3,4.3,0,0
NTS_MV,D,20181121,000000,4.35,4.35,4.35,4.35,0,0
NTS_MV,D,20181123,000000,4.37,4.37,4.37,4.37,0,0
NTS_MV,D,20181129,000000,4.37,4.37,4.37,4.37,0,0
NTS_MV,D,20181130,000000,4.46,4.46,4.46,4.46,0,0
NTS_MV,D,20181203,000000,4.49,4.51,4.49,4.51,0,0
NTS_MV,D,20181204,000000,4.6,4.6,4.6,4.6,0,0
NTS_MV,D,20181213,000000,4.51,4.51,4.51,4.51,0,0
NTS_MV,D,20190102,000000,4.72,4.95,4.72,4.95,0,0
NTS_MV,D,20190103,000000,4.83,5.75,4.83,5.75,0,0
NTS_MV,D,20190104,000000,4.97,5.13,4.97,5.13,0,0
NTS_MV,D,20190114,000000,5.18,5.18,5.18,5.18,0,0
NTS_MV,D,20190116,000000,5.34,5.54,5.34,5.54,0,0
NTS_MV,D,20190118,000000,5.68,5.68,5.68,5.68,0,0
NTS_MV,D,20190125,000000,5.68,5.68,5.68,5.68,0,0
NTS_MV,D,20190129,000000,5.47,5.47,5.47,5.47,0,0
NTS_MV,D,20190222,000000,5.5,5.68,5.5,5.68,0,0
NTS_MV,D,20190412,000000,5.43,5.68,5.43,5.68,0,0
NTS_MV,D,20190423,000000,5.45,5.68,5.45,5.68,0,0
NTS_MV,D,20190426,000000,5.45,5.68,5.45,5.68,0,0
NTS_MV,D,20190506,000000,5.45,5.68,5.45,5.68,0,0
NTS_MV,D,20190513,000000,5.66,5.68,5.66,5.68,0,0
NTS_MV,D,20190708,000000,5.68,5.68,5.68,5.68,0,0
NTS_MV,D,20190902,000000,5.68,5.68,5.68,5.68,0,0
NTS_MV,D,20190909,000000,5.68,6.73,5.68,6.44,0,0
NTS_MV,D,20191105,000000,6.15,6.15,6.15,6.15,0,0
NTS_MV,D,20191118,000000,6.33,6.33,6.33,6.33,0,0
NTS_MV,D,20191223,000000,6.46,7.62,6.46,7.62,0,0
NTS_MV,D,20191227,000000,8.15,8.15,8.15,8.15,0,0
NTS_MV,D,20200102,000000,6.98,6.98,6.98,6.98,0,0
NTS_MV,D,20200108,000000,6.92,6.98,6.92,6.98,0,0
NTS_MV,D,20200225,000000,6.98,6.98,6.98,6.98,0,0
NTS_MV,D,20200304,000000,6.98,6.98,6.98,6.98,0,0
NTS_MV,D,20200317,000000,6.98,6.98,6.98,6.98,0,0
NTS_MV,D,20200402,000000,6.98,6.98,6.98,6.98,0,0
NTS_MV,D,20200407,000000,6.98,6.98,6.98,6.98,0,0
NTS_MV,D,20200511,000000,6.98,6.98,6.98,6.98,0,0
NTS_MV,D,20200512,000000,6.98,6.98,6.98,6.98,0,0
NTS_MV,D,20200513,000000,6.98,6.98,6.98,6.98,0,0
NTS_MV,D,20200514,000000,6.98,6.98,6.98,6.98,0,0
NTS_MV,D,20200515,000000,6.98,7.1,6.98,7.1,0,0
NTS_MV,D,20200519,000000,7.1,7.1,7.1,7.1,0,0
NTS_MV,D,20200520,000000,7.1,7.1,7.1,7.1,0,0
NTS_MV,D,20200521,000000,7.1,7.1,7.1,7.1,0,0
NTS_MV,D,20200522,000000,7.1,7.1,7.1,7.1,0,0
NTS_MV,D,20200525,000000,7.1,7.1,7.1,7.1,0,0
NTS_MV,D,20200609,000000,7.1,7.1,7.1,7.1,0,0
NTS_MV,D,20200619,000000,6.81,6.81,6.81,6.81,0,0
NTS_MV,D,20200702,000000,6.75,6.75,6.75,6.75,0,0
NTS_MV,D,20200709,000000,6.75,6.87,6.69,6.69,0,0
NTS_MV,D,20200812,000000,6.69,6.69,6.69,6.69,0,0
NTS_MV,D,20200827,000000,6.87,6.87,6.87,6.87,0,0
NTS_MV,D,20200901,000000,6.87,6.98,6.87,6.98,0,0
NTS_MV,D,20200917,000000,6.75,6.75,6.75,6.75,0,0
NTS_MV,D,20200922,000000,6.98,7.91,6.98,7.91,0,0
NTS_MV,D,20200923,000000,7.45,8.73,7.16,7.27,0,0
NTS_MV,D,20200924,000000,7.39,7.39,7.39,7.39,0,0
NTS_MV,D,20200925,000000,7.45,7.45,7.45,7.45,0,0
NTS_MV,D,20200928,000000,7.56,7.91,7.56,7.56,0,0
NTS_MV,D,20201001,000000,7.33,7.33,7.1,7.1,0,0
NTS_MV,D,20201006,000000,7.22,7.22,7.22,7.22,0,0
