<TICKER>,<PER>,<DATE>,<TIME>,<OPEN>,<HIGH>,<LOW>,<CLOSE>,<VOL>,<OPENINT>
ORP_PE,D,20130318,000000,29.6,29.6,29.6,29.6,0,0
ORP_PE,D,20130319,000000,29.6,29.7,28.5,29.7,0,0
ORP_PE,D,20130320,000000,30,30,28.5,29.9,0,0
ORP_PE,D,20130321,000000,28.5,29.4,26.6,28.4,0,0
ORP_PE,D,20130322,000000,27.4,28.5,26.9,27.7,0,0
ORP_PE,D,20130325,000000,29.1,29.1,26.9,28.6,0,0
ORP_PE,D,20130326,000000,27,28.6,27,27.7,0,0
ORP_PE,D,20130327,000000,27.7,28.5,27.7,28.5,0,0
ORP_PE,D,20130328,000000,28.8,30.4,27.7,30.4,0,0
ORP_PE,D,20130402,000000,30.2,30.2,28.3,29.6,0,0
ORP_PE,D,20130403,000000,29.7,29.7,28.2,28.8,0,0
ORP_PE,D,20130404,000000,28.2,28.4,28.2,28.2,0,0
ORP_PE,D,20130405,000000,27.8,27.8,27.1,27.7,0,0
ORP_PE,D,20130408,000000,27.7,28.2,26.4,28.2,0,0
ORP_PE,D,20130409,000000,29.7,29.7,29.7,29.7,0,0
ORP_PE,D,20130410,000000,29.3,29.3,29.3,29.3,0,0
ORP_PE,D,20130411,000000,28.6,28.6,28.5,28.5,0,0
ORP_PE,D,20130412,000000,28.5,28.5,27.5,28.2,0,0
ORP_PE,D,20130415,000000,27.8,27.8,27.8,27.8,0,0
ORP_PE,D,20130417,000000,27.8,27.8,26.3,27.7,0,0
ORP_PE,D,20130418,000000,27.2,27.2,23.5,26.9,0,0
ORP_PE,D,20130419,000000,25.4,27.1,25.4,25.5,0,0
ORP_PE,D,20130422,000000,25.5,25.5,25.5,25.5,0,0
ORP_PE,D,20130423,000000,25.5,25.5,24.2,24.5,0,0
ORP_PE,D,20130424,000000,23.7,24.1,23.6,24.1,0,0
ORP_PE,D,20130425,000000,24.4,24.4,23.8,23.9,0,0
ORP_PE,D,20130426,000000,23.9,26.5,23.7,25.9,0,0
ORP_PE,D,20130429,000000,25.9,25.9,24.5,25.7,0,0
ORP_PE,D,20130430,000000,24.8,25.7,24.7,25.7,0,0
ORP_PE,D,20130502,000000,25.7,26.4,24.7,26.4,0,0
ORP_PE,D,20130506,000000,26.5,26.5,26.3,26.4,0,0
ORP_PE,D,20130507,000000,26.5,26.5,26.5,26.5,0,0
ORP_PE,D,20130508,000000,26.5,26.5,26.4,26.4,0,0
ORP_PE,D,20130509,000000,26.5,26.5,26.5,26.5,0,0
ORP_PE,D,20130510,000000,26.4,26.4,26.4,26.4,0,0
ORP_PE,D,20130513,000000,26.5,26.5,25.7,25.8,0,0
ORP_PE,D,20130514,000000,26.5,26.5,25.5,25.5,0,0
ORP_PE,D,20130515,000000,26.5,27.1,25.6,27.1,0,0
ORP_PE,D,20130516,000000,27.1,27.1,24.7,24.7,0,0
ORP_PE,D,20130517,000000,25.8,25.9,25.7,25.7,0,0
ORP_PE,D,20130520,000000,25.7,25.7,25,25.5,0,0
ORP_PE,D,20130521,000000,25.6,25.6,24.7,25,0,0
ORP_PE,D,20130522,000000,25.7,27.2,25.7,27.2,0,0
ORP_PE,D,20130523,000000,27.2,27.3,27.1,27.2,0,0
ORP_PE,D,20130524,000000,27.1,27.2,27.1,27.2,0,0
ORP_PE,D,20130527,000000,27.5,28.1,26.9,27.5,0,0
ORP_PE,D,20130528,000000,27.4,28.4,27.4,28,0,0
ORP_PE,D,20130529,000000,28,28,26.6,27.8,0,0
ORP_PE,D,20130531,000000,27.8,27.8,27.4,27.5,0,0
ORP_PE,D,20130603,000000,27.5,27.5,27.4,27.4,0,0
ORP_PE,D,20130604,000000,27.9,27.9,27.3,27.3,0,0
ORP_PE,D,20130605,000000,27.7,27.7,26.8,27.6,0,0
ORP_PE,D,20130606,000000,27.8,27.8,26.5,27.5,0,0
ORP_PE,D,20130607,000000,27.7,27.7,26.9,27.2,0,0
ORP_PE,D,20130610,000000,27.6,27.6,27.3,27.5,0,0
ORP_PE,D,20130611,000000,27.4,27.4,27.1,27.4,0,0
ORP_PE,D,20140303,000000,55,55,55,55,0,0
ORP_PE,D,20140304,000000,55,59.3,52.3,52.3,0,0
ORP_PE,D,20140305,000000,54,56.5,16.7,16.7,0,0
ORP_PE,D,20140306,000000,16.2,16.2,14.6,15.3,0,0
ORP_PE,D,20140307,000000,15,17.8,15,17.4,0,0
ORP_PE,D,20140310,000000,17.4,17.4,17,17,0,0
ORP_PE,D,20140311,000000,17.5,17.5,17,17.1,0,0
ORP_PE,D,20140312,000000,16.7,16.7,16,16.5,0,0
ORP_PE,D,20140313,000000,16,16.5,16,16.5,0,0
ORP_PE,D,20140314,000000,15.9,16.5,15.5,16.5,0,0
ORP_PE,D,20140317,000000,16.5,16.5,15.8,16.4,0,0
ORP_PE,D,20140318,000000,16.5,17,16.5,16.5,0,0
ORP_PE,D,20140319,000000,16.5,16.5,15.8,15.8,0,0
ORP_PE,D,20140320,000000,16.2,16.2,15.2,16.1,0,0
ORP_PE,D,20140321,000000,15.7,16,15.6,16,0,0
ORP_PE,D,20140324,000000,16,16,15.7,15.7,0,0
ORP_PE,D,20140325,000000,16,16,15.6,15.7,0,0
ORP_PE,D,20140326,000000,15.8,15.8,15.7,15.7,0,0
ORP_PE,D,20140327,000000,15.8,15.8,15.7,15.7,0,0
ORP_PE,D,20140328,000000,16.1,16.1,15.8,15.8,0,0
ORP_PE,D,20140331,000000,15.2,15.7,15,15,0,0
ORP_PE,D,20140401,000000,15.2,15.2,14.8,15,0,0
ORP_PE,D,20140402,000000,15.3,15.3,14.8,14.8,0,0
ORP_PE,D,20140403,000000,14.8,14.8,14.5,14.7,0,0
ORP_PE,D,20140404,000000,14.7,14.8,14.7,14.8,0,0
ORP_PE,D,20140407,000000,15.2,15.2,14.3,14.7,0,0
ORP_PE,D,20140408,000000,14.7,14.7,14.2,14.7,0,0
ORP_PE,D,20140409,000000,14.7,14.8,14.7,14.7,0,0
ORP_PE,D,20140410,000000,14.9,14.9,14.3,14.8,0,0
ORP_PE,D,20140411,000000,14.9,14.9,14.4,14.6,0,0
ORP_PE,D,20140414,000000,14.6,14.6,14.3,14.4,0,0
ORP_PE,D,20140415,000000,14.4,15.9,14.4,15,0,0
ORP_PE,D,20140416,000000,15.9,15.9,14.5,14.8,0,0
ORP_PE,D,20140417,000000,15,15,14.7,14.7,0,0
ORP_PE,D,20140422,000000,15.1,15.1,14.9,15,0,0
ORP_PE,D,20140423,000000,15.2,15.2,14.7,14.7,0,0
ORP_PE,D,20140424,000000,14.9,15,14.9,15,0,0
ORP_PE,D,20140425,000000,15.2,15.2,14.9,15,0,0
ORP_PE,D,20140428,000000,15,15,14.8,14.8,0,0
ORP_PE,D,20140429,000000,15,15,14.6,14.7,0,0
ORP_PE,D,20140430,000000,15,15,14.7,15,0,0
ORP_PE,D,20140502,000000,15.5,15.5,14.7,14.7,0,0
ORP_PE,D,20140505,000000,15.1,15.1,14,14.5,0,0
ORP_PE,D,20140506,000000,14.7,14.7,14,14.6,0,0
ORP_PE,D,20140507,000000,14.6,14.6,13.7,14.3,0,0
ORP_PE,D,20140508,000000,14,14,12.8,13.2,0,0
ORP_PE,D,20140509,000000,13.3,13.7,13.1,13.5,0,0
ORP_PE,D,20140512,000000,13.9,13.9,13.6,13.6,0,0
ORP_PE,D,20140513,000000,13.6,13.9,12.5,13.5,0,0
ORP_PE,D,20140514,000000,13.9,13.9,12.1,13.1,0,0
ORP_PE,D,20140515,000000,12.4,14,12.4,14,0,0
ORP_PE,D,20140516,000000,14.3,14.8,14.1,14.6,0,0
ORP_PE,D,20140519,000000,14.2,14.4,13.5,14,0,0
ORP_PE,D,20140520,000000,13.9,13.9,13.9,13.9,0,0
ORP_PE,D,20140521,000000,13.9,14.3,13.8,13.9,0,0
ORP_PE,D,20140522,000000,14,14,13.5,14,0,0
ORP_PE,D,20140523,000000,14,14.9,14,14.8,0,0
ORP_PE,D,20140526,000000,14.7,14.8,13.8,14.2,0,0
ORP_PE,D,20140527,000000,14.3,14.3,11.8,11.8,0,0
ORP_PE,D,20140528,000000,11.7,11.7,11.2,11.5,0,0
ORP_PE,D,20140529,000000,10.9,11.5,10.7,11.1,0,0
ORP_PE,D,20140530,000000,11.1,11.1,10.8,11,0,0
ORP_PE,D,20140602,000000,11.2,11.3,10.9,11.3,0,0
ORP_PE,D,20140603,000000,11,11.3,10.9,11.3,0,0
ORP_PE,D,20140604,000000,11.1,11.3,11.1,11.3,0,0
ORP_PE,D,20140605,000000,11.3,11.3,11.1,11.3,0,0
ORP_PE,D,20140606,000000,11.3,11.3,11.3,11.3,0,0
ORP_PE,D,20140609,000000,11.3,11.8,11.3,11.8,0,0
ORP_PE,D,20140610,000000,11.4,11.4,11.4,11.4,0,0
ORP_PE,D,20140611,000000,11.3,11.3,11,11.1,0,0
ORP_PE,D,20140612,000000,11.5,11.5,11,11,0,0
ORP_PE,D,20140613,000000,11.1,11.1,11.1,11.1,0,0
ORP_PE,D,20140616,000000,10.9,11.1,10.6,10.6,0,0
ORP_PE,D,20140617,000000,10.6,10.6,10.6,10.6,0,0
ORP_PE,D,20140618,000000,10.6,11.4,10.6,10.6,0,0
ORP_PE,D,20140620,000000,10.8,10.9,10.8,10.9,0,0
ORP_PE,D,20140623,000000,10.9,10.9,10.1,10.1,0,0
ORP_PE,D,20140624,000000,10.3,10.3,9.9,9.9,0,0
ORP_PE,D,20140625,000000,9.7,9.7,9.6,9.6,0,0
ORP_PE,D,20140626,000000,9.7,10.2,9.6,9.9,0,0
ORP_PE,D,20140627,000000,9.9,9.9,9.8,9.8,0,0
ORP_PE,D,20140630,000000,9.8,9.8,9.4,9.8,0,0
ORP_PE,D,20140701,000000,9.6,9.6,9.6,9.6,0,0
ORP_PE,D,20140702,000000,9.8,9.8,9,9.3,0,0
ORP_PE,D,20140703,000000,9.5,10,9.5,9.6,0,0
ORP_PE,D,20140704,000000,9.8,9.9,9.8,9.9,0,0
ORP_PE,D,20140707,000000,9.7,10,9.7,9.9,0,0
ORP_PE,D,20140708,000000,9.9,10.1,9.9,10.1,0,0
ORP_PE,D,20140709,000000,10.1,10.1,9.1,9.2,0,0
ORP_PE,D,20140710,000000,9.4,9.4,9,9,0,0
ORP_PE,D,20140711,000000,9,9.2,8.9,9.2,0,0
ORP_PE,D,20140714,000000,9.5,9.5,9,9,0,0
ORP_PE,D,20140715,000000,9.6,9.6,8.2,8.2,0,0
ORP_PE,D,20140716,000000,8.7,8.7,8.2,8.3,0,0
ORP_PE,D,20140717,000000,8.3,8.4,8.3,8.4,0,0
ORP_PE,D,20140718,000000,8.4,9.3,8.3,8.4,0,0
ORP_PE,D,20140721,000000,8.9,9,8.5,9,0,0
ORP_PE,D,20140722,000000,8.9,9.1,8.7,8.7,0,0
ORP_PE,D,20140723,000000,8.7,8.9,8.6,8.7,0,0
ORP_PE,D,20140724,000000,8.8,8.9,8.7,8.9,0,0
ORP_PE,D,20140725,000000,8.8,11,8.3,11,0,0
ORP_PE,D,20140728,000000,11,11.5,11,11.4,0,0
ORP_PE,D,20140729,000000,11.4,11.4,10.6,10.7,0,0
ORP_PE,D,20140730,000000,10.8,10.8,9.5,9.8,0,0
ORP_PE,D,20140731,000000,10,10.5,9.8,10.5,0,0
ORP_PE,D,20140801,000000,10.5,10.5,10.1,10.4,0,0
ORP_PE,D,20140804,000000,10.2,10.7,10.2,10.6,0,0
ORP_PE,D,20140805,000000,10.9,10.9,10.5,10.7,0,0
ORP_PE,D,20140806,000000,10.8,10.8,10.3,10.3,0,0
ORP_PE,D,20140807,000000,10.3,10.3,9.9,10.1,0,0
ORP_PE,D,20140808,000000,10.1,10.1,9.7,9.9,0,0
ORP_PE,D,20140811,000000,9.9,10.4,9.7,10.4,0,0
ORP_PE,D,20140812,000000,10.3,10.5,10.2,10.5,0,0
ORP_PE,D,20140813,000000,10.5,10.5,10.1,10.5,0,0
ORP_PE,D,20140814,000000,10.2,10.8,10.2,10.6,0,0
ORP_PE,D,20140818,000000,10.5,10.8,10.1,10.5,0,0
ORP_PE,D,20140819,000000,10.4,13,10,13,0,0
ORP_PE,D,20140820,000000,12.8,13,12.6,13,0,0
ORP_PE,D,20140821,000000,13,13.8,12.8,13.8,0,0
ORP_PE,D,20140822,000000,13.8,13.9,13.5,13.8,0,0
ORP_PE,D,20140825,000000,13.8,13.8,13.5,13.7,0,0
ORP_PE,D,20140826,000000,13.8,13.8,13.6,13.8,0,0
ORP_PE,D,20140827,000000,14,14.3,13.6,13.6,0,0
ORP_PE,D,20140828,000000,14,14,13.1,13.1,0,0
ORP_PE,D,20140829,000000,13.5,13.5,13.1,13.1,0,0
ORP_PE,D,20140901,000000,13.2,13.2,12.6,12.9,0,0
ORP_PE,D,20140902,000000,12.7,12.9,12.2,12.2,0,0
ORP_PE,D,20140903,000000,12.5,12.5,10.7,11.4,0,0
ORP_PE,D,20140904,000000,11.4,11.9,11.1,11.9,0,0
ORP_PE,D,20140905,000000,11.9,11.9,11,11.1,0,0
ORP_PE,D,20140908,000000,11.3,11.9,11.3,11.3,0,0
ORP_PE,D,20140909,000000,11.6,11.6,10.7,10.7,0,0
ORP_PE,D,20140910,000000,11,11,10.4,10.5,0,0
ORP_PE,D,20140911,000000,10.5,10.5,10.3,10.5,0,0
ORP_PE,D,20140912,000000,10.5,10.5,10.2,10.5,0,0
ORP_PE,D,20140915,000000,10.5,10.9,10.5,10.6,0,0
ORP_PE,D,20140916,000000,10.7,11.2,10.6,10.9,0,0
ORP_PE,D,20140917,000000,11.2,11.2,10.9,10.9,0,0
ORP_PE,D,20140918,000000,11.1,11.9,11,11.8,0,0
ORP_PE,D,20140919,000000,11.8,12,11.6,12,0,0
ORP_PE,D,20140922,000000,12,12,11.2,11.5,0,0
ORP_PE,D,20140923,000000,11.5,11.8,11.3,11.8,0,0
ORP_PE,D,20140924,000000,11.9,11.9,11.3,11.9,0,0
ORP_PE,D,20140925,000000,12,12,11.5,11.5,0,0
ORP_PE,D,20140926,000000,11.4,11.5,11.1,11.3,0,0
ORP_PE,D,20140929,000000,11.3,11.8,11,11.5,0,0
ORP_PE,D,20140930,000000,11.5,11.5,10.8,11.3,0,0
ORP_PE,D,20141001,000000,11.4,11.6,11.1,11.1,0,0
ORP_PE,D,20141002,000000,11.4,11.5,11.4,11.5,0,0
ORP_PE,D,20141003,000000,11,11.4,11,11.1,0,0
ORP_PE,D,20141006,000000,11.3,11.3,10.7,11.1,0,0
ORP_PE,D,20141007,000000,11.3,11.3,9.9,10.4,0,0
ORP_PE,D,20141008,000000,11,11,10.2,10.3,0,0
ORP_PE,D,20141009,000000,10.2,10.6,10.2,10.4,0,0
ORP_PE,D,20141010,000000,10.4,10.4,9.9,10,0,0
ORP_PE,D,20141013,000000,9.7,10.2,9.7,9.8,0,0
ORP_PE,D,20141014,000000,10.2,10.2,9.6,9.7,0,0
ORP_PE,D,20141015,000000,10,10,8.7,8.8,0,0
ORP_PE,D,20141016,000000,9.2,9.2,8.6,8.6,0,0
ORP_PE,D,20141017,000000,8.8,9.2,8.7,8.7,0,0
ORP_PE,D,20141020,000000,8.8,9.4,8.8,9.1,0,0
ORP_PE,D,20141021,000000,9.4,9.5,9,9.4,0,0
ORP_PE,D,20141022,000000,9.4,10.6,9.2,10.3,0,0
ORP_PE,D,20141023,000000,10.6,10.7,9.9,10.6,0,0
ORP_PE,D,20141024,000000,10.6,10.6,9.9,10.3,0,0
ORP_PE,D,20141027,000000,9.4,10.4,9.4,10.4,0,0
ORP_PE,D,20141028,000000,10.5,10.5,9.7,10,0,0
ORP_PE,D,20141029,000000,10.2,10.2,9.6,9.7,0,0
ORP_PE,D,20141030,000000,10.1,10.1,10.1,10.1,0,0
ORP_PE,D,20141031,000000,9.6,10.2,9.4,10.2,0,0
ORP_PE,D,20141103,000000,10.4,10.8,10.2,10.2,0,0
ORP_PE,D,20141104,000000,10.2,10.5,9.7,10.2,0,0
ORP_PE,D,20141105,000000,10.2,10.2,9.7,10,0,0
ORP_PE,D,20141106,000000,10.1,10.5,9.7,10,0,0
ORP_PE,D,20141107,000000,10.3,10.3,10,10.2,0,0
ORP_PE,D,20141110,000000,10.2,10.3,10.1,10.3,0,0
ORP_PE,D,20141112,000000,10.3,10.9,10.3,10.8,0,0
ORP_PE,D,20141113,000000,10.7,10.7,10.3,10.4,0,0
ORP_PE,D,20141114,000000,10.7,10.7,10.7,10.7,0,0
ORP_PE,D,20141117,000000,10.6,10.6,9.7,10.4,0,0
ORP_PE,D,20141118,000000,10.5,10.5,10.1,10.4,0,0
ORP_PE,D,20141119,000000,10.4,10.4,10.1,10.4,0,0
ORP_PE,D,20141120,000000,10.4,10.4,9.9,10.4,0,0
ORP_PE,D,20141121,000000,10.1,10.4,9.9,10.4,0,0
ORP_PE,D,20141124,000000,10.3,23.4,10,23.4,0,0
ORP_PE,D,20141125,000000,23.1,23.6,22.1,22.9,0,0
ORP_PE,D,20141126,000000,22.9,22.9,21.5,22.4,0,0
ORP_PE,D,20141127,000000,22.4,22.4,21,21.5,0,0
ORP_PE,D,20141128,000000,20.8,22,20.8,21.6,0,0
ORP_PE,D,20141201,000000,20.8,21.2,20.8,20.8,0,0
ORP_PE,D,20141202,000000,20.4,22.8,20.4,21.5,0,0
ORP_PE,D,20141203,000000,21.5,21.5,20.9,21.2,0,0
ORP_PE,D,20141204,000000,21.3,22.6,21.3,22.5,0,0
ORP_PE,D,20141205,000000,22.5,22.5,21.1,22.4,0,0
ORP_PE,D,20141208,000000,22.4,22.4,20.9,20.9,0,0
ORP_PE,D,20141209,000000,20.9,21.2,20.3,20.8,0,0
ORP_PE,D,20141210,000000,20.9,20.9,20.3,20.9,0,0
ORP_PE,D,20141211,000000,20.9,20.9,20.3,20.6,0,0
ORP_PE,D,20141212,000000,20.1,20.4,19.6,19.7,0,0
ORP_PE,D,20141215,000000,20,20.6,19.4,20.6,0,0
ORP_PE,D,20141216,000000,20.1,20.6,19.8,20.5,0,0
ORP_PE,D,20141217,000000,20.2,20.7,19.8,19.8,0,0
ORP_PE,D,20141218,000000,19.3,20.2,15.9,17.1,0,0
ORP_PE,D,20141219,000000,17.3,17.3,16,16,0,0
ORP_PE,D,20141222,000000,16,16.5,15.3,15.6,0,0
ORP_PE,D,20141223,000000,15.6,15.7,15.2,15.6,0,0
ORP_PE,D,20141229,000000,15.8,16.1,15.4,15.9,0,0
ORP_PE,D,20141230,000000,16.3,17.8,15.4,15.5,0,0
ORP_PE,D,20150102,000000,15.3,16.2,15.1,15.6,0,0
ORP_PE,D,20150105,000000,16.1,19.2,16.1,19.2,0,0
ORP_PE,D,20150107,000000,19,19,16.8,18.6,0,0
ORP_PE,D,20150108,000000,18.6,18.6,17.7,17.9,0,0
ORP_PE,D,20150109,000000,18.5,18.5,17.7,18.2,0,0
ORP_PE,D,20150112,000000,18.2,18.2,16.9,17,0,0
ORP_PE,D,20150113,000000,17.4,18.7,17.3,18.3,0,0
ORP_PE,D,20150114,000000,18.8,18.8,16.7,17,0,0
ORP_PE,D,20150115,000000,17,17.3,14.4,14.4,0,0
ORP_PE,D,20150116,000000,14.4,14.4,13.7,13.9,0,0
ORP_PE,D,20150119,000000,13.8,13.8,13,13,0,0
ORP_PE,D,20150120,000000,13.3,13.3,12.3,12.3,0,0
ORP_PE,D,20150121,000000,12.4,12.6,12.2,12.4,0,0
ORP_PE,D,20150122,000000,12.6,12.6,11.9,11.9,0,0
ORP_PE,D,20150123,000000,13.5,16.2,13.2,13.2,0,0
ORP_PE,D,20150126,000000,14,15.3,14,14.7,0,0
ORP_PE,D,20150127,000000,15.4,15.4,14.6,15.3,0,0
ORP_PE,D,20150128,000000,15.3,15.5,14.5,15.5,0,0
ORP_PE,D,20150129,000000,15.4,15.8,15.3,15.8,0,0
ORP_PE,D,20150130,000000,15.8,16.1,15.3,16.1,0,0
ORP_PE,D,20150202,000000,16,16.2,15.9,16.2,0,0
ORP_PE,D,20150203,000000,16.2,16.4,15.9,15.9,0,0
ORP_PE,D,20150204,000000,16.1,16.1,15.4,15.8,0,0
ORP_PE,D,20150205,000000,15.8,15.8,15.5,15.8,0,0
ORP_PE,D,20150206,000000,16,16.9,16,16.5,0,0
ORP_PE,D,20150209,000000,16.6,16.9,15.8,15.8,0,0
ORP_PE,D,20150210,000000,15.7,15.7,14.9,14.9,0,0
ORP_PE,D,20150211,000000,15,15.2,14.6,15,0,0
ORP_PE,D,20150212,000000,15.1,16.3,15,16.1,0,0
ORP_PE,D,20150213,000000,16.2,16.2,15.7,15.9,0,0
ORP_PE,D,20150216,000000,16.1,16.3,15.2,15.2,0,0
ORP_PE,D,20150217,000000,16.5,16.7,15.9,16,0,0
ORP_PE,D,20150218,000000,16.1,16.6,16.1,16.6,0,0
ORP_PE,D,20150219,000000,16.6,16.6,16.2,16.4,0,0
ORP_PE,D,20180323,000000,315.5,315.5,315.5,315.5,0,0
ORP_PE,D,20180326,000000,317.9,317.9,314.8,314.8,0,0
ORP_PE,D,20180327,000000,317.9,317.9,297.4,313.3,0,0
ORP_PE,D,20180328,000000,315.4,315.5,315.4,315.5,0,0
ORP_PE,D,20180329,000000,307.7,307.7,289.7,306.2,0,0
ORP_PE,D,20180403,000000,307.7,308,307.7,308,0,0
ORP_PE,D,20180404,000000,307.7,307.9,307.7,307.9,0,0
ORP_PE,D,20180405,000000,307.7,307.7,305.1,306.3,0,0
ORP_PE,D,20180406,000000,302.6,304,302.6,304,0,0
ORP_PE,D,20180409,000000,302.6,304.5,302.6,304.5,0,0
ORP_PE,D,20180410,000000,302.6,302.6,276.9,299.4,0,0
ORP_PE,D,20180411,000000,297.4,297.4,286.2,286.2,0,0
ORP_PE,D,20180412,000000,270.7,296.5,270.7,296.5,0,0
ORP_PE,D,20180413,000000,300,300,296.8,296.8,0,0
ORP_PE,D,20180416,000000,300,300,297.6,297.6,0,0
ORP_PE,D,20180417,000000,300,300,298.9,298.9,0,0
ORP_PE,D,20180418,000000,300,300.1,300,300.1,0,0
ORP_PE,D,20180419,000000,300,301.1,300,301.1,0,0
ORP_PE,D,20180420,000000,300,301.3,300,301.3,0,0
ORP_PE,D,20180423,000000,300,300,271.1,298.3,0,0
ORP_PE,D,20180424,000000,297.4,297.4,297.2,297.2,0,0
ORP_PE,D,20180425,000000,297.4,297.4,290.2,290.2,0,0
ORP_PE,D,20180426,000000,292.1,292.1,287.3,287.3,0,0
ORP_PE,D,20180427,000000,292.1,292.1,288.3,288.3,0,0
ORP_PE,D,20180430,000000,282.1,286.4,282.1,286.4,0,0
ORP_PE,D,20180502,000000,289.5,289.5,271.1,279.1,0,0
ORP_PE,D,20180504,000000,281.6,281.6,267.6,267.6,0,0
ORP_PE,D,20180507,000000,266.7,267.1,264.1,267.1,0,0
ORP_PE,D,20180508,000000,266.7,269.2,256.4,269.2,0,0
ORP_PE,D,20180509,000000,266.7,277.8,266.7,277.8,0,0
ORP_PE,D,20180510,000000,266.7,266.7,265.6,265.6,0,0
ORP_PE,D,20180511,000000,276.9,278.6,259,278.6,0,0
ORP_PE,D,20180514,000000,276.9,278.5,276.9,278.5,0,0
ORP_PE,D,20180515,000000,276.9,281.5,276.9,281.5,0,0
ORP_PE,D,20180516,000000,279.5,279.5,279,279,0,0
ORP_PE,D,20180517,000000,279.5,279.5,276.2,276.2,0,0
ORP_PE,D,20180518,000000,279.5,279.5,276.6,276.6,0,0
ORP_PE,D,20180521,000000,279.5,279.5,103.2,103.2,0,0
ORP_PE,D,20180522,000000,102.8,102.8,102.5,102.5,0,0
ORP_PE,D,20180523,000000,100,100.4,100,100.4,0,0
ORP_PE,D,20180524,000000,100,100,94.3,98.7,0,0
ORP_PE,D,20180525,000000,99.1,99.1,99.1,99.1,0,0
ORP_PE,D,20180528,000000,99.1,99.1,93.5,98.9,0,0
ORP_PE,D,20180529,000000,99.1,99.1,93.5,97.2,0,0
ORP_PE,D,20180530,000000,99.1,99.1,90.7,97.3,0,0
ORP_PE,D,20180601,000000,97.2,97.2,92.7,92.7,0,0
ORP_PE,D,20180604,000000,92.7,92.7,91.7,92.1,0,0
ORP_PE,D,20180605,000000,97.2,101,88.1,101,0,0
ORP_PE,D,20180606,000000,100.9,100.9,100,100.4,0,0
ORP_PE,D,20180607,000000,100,100.6,88.9,100.6,0,0
ORP_PE,D,20180608,000000,100.9,101.4,100.9,101.4,0,0
ORP_PE,D,20180611,000000,100.9,100.9,100.3,100.3,0,0
ORP_PE,D,20180612,000000,89.8,91,89.8,91,0,0
ORP_PE,D,20180613,000000,100.9,101,100.9,101,0,0
ORP_PE,D,20180614,000000,100.9,101,100.9,101,0,0
ORP_PE,D,20180615,000000,100.9,100.9,89.7,90,0,0
ORP_PE,D,20180618,000000,89.7,93.5,89.7,93,0,0
ORP_PE,D,20180619,000000,100,100,92.6,92.8,0,0
ORP_PE,D,20180620,000000,92.6,92.6,92,92,0,0
ORP_PE,D,20180621,000000,99.1,99.1,92.7,92.9,0,0
ORP_PE,D,20180622,000000,98.2,98.2,97.8,97.8,0,0
ORP_PE,D,20180625,000000,99.1,99.6,99.1,99.6,0,0
ORP_PE,D,20180626,000000,100,100,99.1,99.1,0,0
ORP_PE,D,20180627,000000,99.1,99.1,87.2,99,0,0
ORP_PE,D,20180628,000000,99.1,99.1,87.2,98.8,0,0
ORP_PE,D,20180629,000000,99.1,99.1,98.6,98.6,0,0
ORP_PE,D,20180702,000000,98.2,98.7,98.2,98.7,0,0
ORP_PE,D,20180703,000000,99.1,99.1,78.9,78.9,0,0
ORP_PE,D,20180704,000000,79.1,79.1,79,79,0,0
ORP_PE,D,20180705,000000,79.1,87.3,79.1,87,0,0
ORP_PE,D,20180706,000000,87.3,90.4,87.3,90.4,0,0
ORP_PE,D,20180709,000000,90,91.9,90,91.9,0,0
ORP_PE,D,20180710,000000,91.7,92.3,87.2,92.3,0,0
ORP_PE,D,20180711,000000,92.6,92.6,92.6,92.6,0,0
ORP_PE,D,20180712,000000,92.6,92.6,85.2,92.5,0,0
ORP_PE,D,20180713,000000,92.6,92.8,92.6,92.8,0,0
ORP_PE,D,20180716,000000,92.6,92.6,89.8,90.1,0,0
ORP_PE,D,20180717,000000,89.8,90.8,89.8,90.8,0,0
ORP_PE,D,20180718,000000,90.7,90.7,90.7,90.7,0,0
ORP_PE,D,20180719,000000,88.8,90.7,86,90.5,0,0
ORP_PE,D,20180720,000000,90.7,90.7,86,90.1,0,0
ORP_PE,D,20180723,000000,89.8,89.9,89.8,89.9,0,0
ORP_PE,D,20180724,000000,89.8,89.8,84.3,89.7,0,0
ORP_PE,D,20180725,000000,89.8,89.8,83.3,89.8,0,0
ORP_PE,D,20180726,000000,89.8,90.2,89.8,90.2,0,0
ORP_PE,D,20180727,000000,89.8,93.4,89.8,93.4,0,0
ORP_PE,D,20180730,000000,93.5,93.5,93,93,0,0
ORP_PE,D,20180731,000000,92.6,100.9,92.6,93.3,0,0
ORP_PE,D,20180801,000000,98.1,98.1,98,98,0,0
ORP_PE,D,20180802,000000,96.3,96.3,88.8,88.8,0,0
ORP_PE,D,20180806,000000,97.2,97.2,96.6,96.6,0,0
ORP_PE,D,20180807,000000,96.3,96.7,96.3,96.7,0,0
ORP_PE,D,20180808,000000,96.3,97.2,96.3,97.2,0,0
ORP_PE,D,20180809,000000,97.2,97.2,97.1,97.1,0,0
ORP_PE,D,20180810,000000,97.2,97.2,96.7,96.7,0,0
ORP_PE,D,20180813,000000,96.3,96.3,95.1,95.1,0,0
ORP_PE,D,20180814,000000,95.4,95.4,86.1,86.1,0,0
ORP_PE,D,20180816,000000,94.5,94.5,94.3,94.3,0,0
ORP_PE,D,20180817,000000,94.5,104.5,94.5,94.9,0,0
ORP_PE,D,20180820,000000,94.6,97.3,48,48,0,0
ORP_PE,D,20180821,000000,48,48.1,48,48.1,0,0
ORP_PE,D,20180822,000000,48,48.1,48,48.1,0,0
ORP_PE,D,20180823,000000,48,48.3,48,48.3,0,0
ORP_PE,D,20180824,000000,48.2,48.2,46.9,46.9,0,0
ORP_PE,D,20180827,000000,46.9,48.4,44.6,48.4,0,0
ORP_PE,D,20180828,000000,48.4,48.4,44.8,48.2,0,0
ORP_PE,D,20180829,000000,48.6,50.5,48.6,50.5,0,0
ORP_PE,D,20180830,000000,50.5,50.5,50.2,50.2,0,0
ORP_PE,D,20180831,000000,50.2,50.2,44.8,45.9,0,0
ORP_PE,D,20180903,000000,50,50,44.2,45.9,0,0
ORP_PE,D,20180904,000000,46,46,43.8,43.8,0,0
ORP_PE,D,20180905,000000,49.1,49.1,43.6,43.6,0,0
ORP_PE,D,20180906,000000,43.6,45.4,41.9,45.3,0,0
ORP_PE,D,20180907,000000,45.4,45.4,41.4,43.1,0,0
ORP_PE,D,20180910,000000,43.2,43.2,43.1,43.1,0,0
ORP_PE,D,20180911,000000,43.2,43.2,40.1,43,0,0
ORP_PE,D,20180912,000000,43,43.4,43,43.4,0,0
ORP_PE,D,20180913,000000,43.4,43.4,43.3,43.3,0,0
ORP_PE,D,20180914,000000,43.4,43.4,43.2,43.2,0,0
ORP_PE,D,20180917,000000,43.2,43.3,40.1,43.3,0,0
ORP_PE,D,20180918,000000,43.4,45.6,42.9,45.5,0,0
ORP_PE,D,20180919,000000,45.6,45.6,45.3,45.3,0,0
ORP_PE,D,20180920,000000,45.4,45.7,45.4,45.7,0,0
ORP_PE,D,20180921,000000,45.8,45.8,43.1,43.1,0,0
ORP_PE,D,20180924,000000,44.4,45.8,44.4,45.6,0,0
ORP_PE,D,20180925,000000,45.6,45.6,45.5,45.5,0,0
ORP_PE,D,20180926,000000,45.6,46,45.6,46,0,0
ORP_PE,D,20180927,000000,46,46,46,46,0,0
ORP_PE,D,20180928,000000,46,53.7,46,53.7,0,0
ORP_PE,D,20181001,000000,54.3,54.3,53.3,53.3,0,0
ORP_PE,D,20181002,000000,54.3,54.3,47.1,47.3,0,0
ORP_PE,D,20181003,000000,54.5,54.5,53.7,53.7,0,0
ORP_PE,D,20181004,000000,53.8,53.8,48.4,48.8,0,0
ORP_PE,D,20181005,000000,54.3,54.3,48.6,48.6,0,0
ORP_PE,D,20181008,000000,54,54,45.5,48.7,0,0
ORP_PE,D,20181009,000000,45.5,51.3,45.5,51.2,0,0
ORP_PE,D,20181010,000000,51.1,51.1,44.4,50.3,0,0
ORP_PE,D,20181011,000000,50.2,50.4,44.4,50.4,0,0
ORP_PE,D,20181012,000000,50.4,50.4,50.4,50.4,0,0
ORP_PE,D,20181015,000000,50.4,50.4,49.1,49.5,0,0
ORP_PE,D,20181016,000000,49.5,50.5,49.5,50.4,0,0
ORP_PE,D,20181017,000000,50.5,50.9,50.5,50.8,0,0
ORP_PE,D,20181018,000000,50.9,50.9,49.1,50.9,0,0
ORP_PE,D,20181019,000000,50.9,50.9,50.7,50.7,0,0
ORP_PE,D,20181022,000000,50.7,50.7,50.5,50.5,0,0
ORP_PE,D,20181023,000000,50.4,51,50.4,51,0,0
ORP_PE,D,20181024,000000,50.9,50.9,45.5,49.2,0,0
ORP_PE,D,20181025,000000,53.7,53.7,45.5,45.5,0,0
ORP_PE,D,20181026,000000,49.1,49.1,49,49,0,0
ORP_PE,D,20181029,000000,49.1,49.1,46.4,48.9,0,0
ORP_PE,D,20181030,000000,48.9,48.9,44.4,48.9,0,0
ORP_PE,D,20181031,000000,48.9,48.9,48.8,48.8,0,0
ORP_PE,D,20181102,000000,48.9,48.9,48.8,48.8,0,0
ORP_PE,D,20181105,000000,48.9,49,48.9,49,0,0
ORP_PE,D,20181106,000000,49.1,49.2,49.1,49.2,0,0
ORP_PE,D,20181107,000000,49.1,49.3,49.1,49.3,0,0
ORP_PE,D,20181108,000000,49.3,49.3,49.3,49.3,0,0
ORP_PE,D,20181109,000000,49.3,49.4,47.1,49.4,0,0
ORP_PE,D,20181113,000000,49.3,49.3,49.1,49.1,0,0
ORP_PE,D,20181114,000000,49.1,49.1,49,49,0,0
ORP_PE,D,20181115,000000,49.1,49.1,44.2,46,0,0
ORP_PE,D,20181116,000000,46,46,44.6,45,0,0
ORP_PE,D,20181119,000000,45.1,45.1,25.9,25.9,0,0
ORP_PE,D,20181120,000000,26.2,26.2,25.9,25.9,0,0
ORP_PE,D,20181121,000000,25.9,25.9,25.7,25.7,0,0
ORP_PE,D,20181122,000000,25.7,25.8,25.4,25.8,0,0
ORP_PE,D,20181123,000000,25.8,28.2,25.8,28.2,0,0
ORP_PE,D,20181126,000000,28.2,28.2,28.2,28.2,0,0
ORP_PE,D,20181127,000000,28.2,28.3,28.2,28.3,0,0
ORP_PE,D,20181128,000000,28.3,28.3,28.2,28.2,0,0
ORP_PE,D,20181129,000000,28.2,28.2,28.1,28.1,0,0
ORP_PE,D,20181130,000000,28.1,28.1,26.6,26.6,0,0
ORP_PE,D,20181203,000000,28.1,28.1,25.6,28,0,0
ORP_PE,D,20181204,000000,28,28.3,25.4,28.3,0,0
ORP_PE,D,20181205,000000,28.3,28.3,25.4,25.5,0,0
ORP_PE,D,20181206,000000,25.5,26.8,25.5,26.7,0,0
ORP_PE,D,20181207,000000,28.2,28.2,25.9,27.7,0,0
ORP_PE,D,20181210,000000,28.2,28.2,26.4,28.2,0,0
ORP_PE,D,20181211,000000,28.2,28.2,28.2,28.2,0,0
ORP_PE,D,20181212,000000,28.2,28.2,26.4,28,0,0
ORP_PE,D,20181213,000000,30.3,30.3,25.7,26,0,0
ORP_PE,D,20181214,000000,28.1,30.2,27,30.2,0,0
ORP_PE,D,20181217,000000,30.2,30.4,27.9,30,0,0
ORP_PE,D,20181218,000000,30,30,28.5,28.6,0,0
ORP_PE,D,20181219,000000,30.1,30.2,30.1,30.2,0,0
ORP_PE,D,20181220,000000,30.2,30.3,28.6,30.3,0,0
ORP_PE,D,20181221,000000,30.3,30.3,30.3,30.3,0,0
ORP_PE,D,20181227,000000,30.3,30.9,29.3,30.9,0,0
ORP_PE,D,20181228,000000,30.9,30.9,28.9,30.8,0,0
ORP_PE,D,20190102,000000,30.5,30.5,30.3,30.3,0,0
ORP_PE,D,20190103,000000,30.3,30.3,30.3,30.3,0,0
ORP_PE,D,20190104,000000,30.3,30.3,30.2,30.2,0,0
ORP_PE,D,20190107,000000,30.2,30.3,30.2,30.3,0,0
ORP_PE,D,20190108,000000,30.3,30.3,30.3,30.3,0,0
ORP_PE,D,20190109,000000,30.3,35.1,30.3,35,0,0
ORP_PE,D,20190110,000000,35,35.1,35,35.1,0,0
ORP_PE,D,20190111,000000,35.1,35.1,35.1,35.1,0,0
ORP_PE,D,20190114,000000,35.1,35.4,35.1,35.4,0,0
ORP_PE,D,20190115,000000,35.4,35.4,32.1,35.2,0,0
ORP_PE,D,20190116,000000,35.2,35.2,34.4,34.4,0,0
ORP_PE,D,20190117,000000,34.4,34.5,34.4,34.5,0,0
ORP_PE,D,20190118,000000,34.5,34.6,34.5,34.6,0,0
ORP_PE,D,20190121,000000,34.6,34.6,34.6,34.6,0,0
ORP_PE,D,20190122,000000,34.6,34.7,34.6,34.7,0,0
ORP_PE,D,20190123,000000,34.7,34.7,34.7,34.7,0,0
ORP_PE,D,20190124,000000,34.7,34.7,32.6,34.7,0,0
ORP_PE,D,20190125,000000,34.7,34.7,34.5,34.5,0,0
ORP_PE,D,20190128,000000,34.5,34.5,34.5,34.5,0,0
ORP_PE,D,20190129,000000,34.3,34.4,30.9,34.4,0,0
ORP_PE,D,20190130,000000,34.4,34.4,31.8,34.4,0,0
ORP_PE,D,20190131,000000,34.4,34.5,34.4,34.5,0,0
ORP_PE,D,20190201,000000,34.5,34.7,34.5,34.7,0,0
ORP_PE,D,20190204,000000,34.7,34.7,34.7,34.7,0,0
ORP_PE,D,20190205,000000,34.7,34.7,34.7,34.7,0,0
ORP_PE,D,20190206,000000,34.7,34.7,34.7,34.7,0,0
ORP_PE,D,20190207,000000,34.7,34.7,34.6,34.6,0,0
ORP_PE,D,20190208,000000,34.6,34.6,34.5,34.5,0,0
ORP_PE,D,20190211,000000,34.5,34.5,34.3,34.3,0,0
ORP_PE,D,20190212,000000,34.3,34.3,34.2,34.2,0,0
ORP_PE,D,20190213,000000,34.2,34.2,31.9,34.2,0,0
ORP_PE,D,20190214,000000,34.2,34.3,34.2,34.3,0,0
ORP_PE,D,20190215,000000,34.3,34.3,34.1,34.1,0,0
ORP_PE,D,20190218,000000,34.1,38.1,34.1,38.1,0,0
ORP_PE,D,20190219,000000,38.1,38.1,38,38,0,0
ORP_PE,D,20190220,000000,38,38,38,38,0,0
ORP_PE,D,20190221,000000,38,39.3,34.7,37.9,0,0
ORP_PE,D,20190222,000000,37.9,38,37.9,38,0,0
ORP_PE,D,20190225,000000,38,38,37.9,37.9,0,0
ORP_PE,D,20190226,000000,37.9,37.9,37.9,37.9,0,0
ORP_PE,D,20190227,000000,37.7,37.7,35.6,35.7,0,0
ORP_PE,D,20190228,000000,35.7,36.3,33.9,36.3,0,0
ORP_PE,D,20190301,000000,36.3,36.3,36.3,36.3,0,0
ORP_PE,D,20190305,000000,38.3,38.3,36.7,36.7,0,0
ORP_PE,D,20190306,000000,38.3,38.3,38.3,38.3,0,0
ORP_PE,D,20190307,000000,38.3,38.3,36.7,37.8,0,0
ORP_PE,D,20190308,000000,37.8,37.8,37.8,37.8,0,0
ORP_PE,D,20190311,000000,37.7,38,36.1,37.8,0,0
ORP_PE,D,20190312,000000,37.8,38,37.8,38,0,0
ORP_PE,D,20190313,000000,38,45.7,37.9,45.7,0,0
ORP_PE,D,20190314,000000,45.7,45.7,45.6,45.6,0,0
ORP_PE,D,20190315,000000,45.6,45.6,45.6,45.6,0,0
ORP_PE,D,20190318,000000,45.6,45.6,41.1,45.6,0,0
ORP_PE,D,20190319,000000,45.6,45.6,37.5,41.6,0,0
ORP_PE,D,20190320,000000,45.6,45.6,39.3,39.3,0,0
ORP_PE,D,20190321,000000,39.3,41.6,39.1,39.1,0,0
ORP_PE,D,20190322,000000,37.5,215.8,37.5,215.8,0,0
ORP_PE,D,20190325,000000,214.7,214.7,214.5,214.5,0,0
ORP_PE,D,20190326,000000,214.7,228.7,214.7,227.9,0,0
ORP_PE,D,20190327,000000,248.5,248.5,247.3,247.3,0,0
ORP_PE,D,20190328,000000,261,261,215.4,226,0,0
ORP_PE,D,20190329,000000,224.6,226,224.6,226,0,0
ORP_PE,D,20190401,000000,260.9,260.9,231.9,232.5,0,0
ORP_PE,D,20190402,000000,242,242.7,242,242.7,0,0
ORP_PE,D,20190403,000000,242,243.3,242,243.3,0,0
ORP_PE,D,20190404,000000,242,243.8,242,243.8,0,0
ORP_PE,D,20190405,000000,245.6,245.6,244.2,244.2,0,0
ORP_PE,D,20190408,000000,245.6,245.6,244.5,244.5,0,0
ORP_PE,D,20190409,000000,245.6,245.6,244.7,244.7,0,0
ORP_PE,D,20190410,000000,245.6,245.6,245.5,245.5,0,0
ORP_PE,D,20190411,000000,245.6,246,245.6,246,0,0
ORP_PE,D,20190412,000000,245.6,245.6,230.9,231.7,0,0
ORP_PE,D,20190415,000000,245.6,246.9,245.6,246.9,0,0
ORP_PE,D,20190416,000000,226.5,230.1,216.2,230.1,0,0
ORP_PE,D,20190417,000000,231.3,231.3,230.6,230.6,0,0
ORP_PE,D,20190418,000000,231,231,231,231,0,0
ORP_PE,D,20190423,000000,231,231,230.6,230.6,0,0
ORP_PE,D,20190424,000000,231,231.4,231,231.4,0,0
ORP_PE,D,20190425,000000,231,231,230.6,230.6,0,0
ORP_PE,D,20190426,000000,231,231,229.3,229.3,0,0
ORP_PE,D,20190429,000000,227.6,229.6,227.6,229.6,0,0
ORP_PE,D,20190430,000000,231,231,229.5,229.5,0,0
ORP_PE,D,20190502,000000,231,231,230.3,230.3,0,0
ORP_PE,D,20190506,000000,231,231,216.1,225.4,0,0
ORP_PE,D,20190507,000000,231,231,208.1,208.1,0,0
ORP_PE,D,20190508,000000,220.6,220.6,220,220,0,0
ORP_PE,D,20190509,000000,220.6,220.6,219.6,219.6,0,0
ORP_PE,D,20190510,000000,220.6,220.6,220.6,220.6,0,0
ORP_PE,D,20190513,000000,206.7,220.3,206.7,218.9,0,0
ORP_PE,D,20190514,000000,250.7,274.6,224,243.3,0,0
ORP_PE,D,20190515,000000,260.9,260.9,241,241.1,0,0
ORP_PE,D,20190516,000000,260.9,282.4,252.9,259,0,0
ORP_PE,D,20190517,000000,279.4,279.4,257.3,277.2,0,0
ORP_PE,D,20190520,000000,273.5,273.5,17.3,17.3,0,0
ORP_PE,D,20190521,000000,18.3,18.3,17.2,17.2,0,0
ORP_PE,D,20190522,000000,18.3,18.3,18.2,18.2,0,0
ORP_PE,D,20190523,000000,18.2,18.2,18.2,18.2,0,0
ORP_PE,D,20190524,000000,18.2,18.2,16.7,17.3,0,0
ORP_PE,D,20190527,000000,18.2,18.2,18.2,18.2,0,0
ORP_PE,D,20190528,000000,18.2,18.3,18.2,18.3,0,0
ORP_PE,D,20190529,000000,18.3,18.3,18.2,18.2,0,0
ORP_PE,D,20190530,000000,18.2,18.2,18.2,18.2,0,0
ORP_PE,D,20190531,000000,18.2,18.3,18.2,18.3,0,0
ORP_PE,D,20190603,000000,18.3,18.3,18.2,18.2,0,0
ORP_PE,D,20190604,000000,18.7,18.7,18.1,18.1,0,0
ORP_PE,D,20190605,000000,18.6,18.8,18.6,18.8,0,0
ORP_PE,D,20190606,000000,18.8,18.8,18.8,18.8,0,0
ORP_PE,D,20190607,000000,17.4,17.4,17.3,17.3,0,0
ORP_PE,D,20190610,000000,17.3,17.3,17.3,17.3,0,0
ORP_PE,D,20190611,000000,17.3,17.3,16.3,17,0,0
ORP_PE,D,20190612,000000,17.4,17.4,16.1,17,0,0
ORP_PE,D,20190613,000000,17,17,17,17,0,0
ORP_PE,D,20190614,000000,17,17,17,17,0,0
ORP_PE,D,20190617,000000,17,17.1,17,17.1,0,0
ORP_PE,D,20190618,000000,17.1,17.1,16.3,17.1,0,0
ORP_PE,D,20190619,000000,18.9,18.9,18.8,18.8,0,0
ORP_PE,D,20190621,000000,16.4,17,16.4,17,0,0
ORP_PE,D,20190624,000000,16.4,16.7,16.3,16.3,0,0
ORP_PE,D,20190625,000000,16.3,16.4,16.3,16.4,0,0
ORP_PE,D,20190626,000000,16.4,16.4,16.3,16.3,0,0
ORP_PE,D,20190627,000000,16.6,16.6,16.5,16.5,0,0
ORP_PE,D,20190628,000000,16.5,16.6,16.5,16.6,0,0
ORP_PE,D,20190701,000000,16.6,16.6,16.5,16.5,0,0
ORP_PE,D,20190702,000000,16.5,16.7,16.5,16.7,0,0
ORP_PE,D,20190703,000000,16.7,17.1,16.7,17.1,0,0
ORP_PE,D,20190704,000000,18.7,18.7,18.6,18.6,0,0
ORP_PE,D,20190705,000000,18.6,18.6,18.6,18.6,0,0
ORP_PE,D,20190708,000000,16.4,17.2,16.4,17.2,0,0
ORP_PE,D,20190709,000000,17.2,17.2,17.2,17.2,0,0
ORP_PE,D,20190710,000000,17.2,17.2,17.1,17.1,0,0
ORP_PE,D,20190711,000000,17.1,17.1,17.1,17.1,0,0
ORP_PE,D,20190712,000000,17.1,17.1,16.2,17.1,0,0
ORP_PE,D,20190715,000000,17.1,17.1,16.2,17.1,0,0
ORP_PE,D,20190716,000000,17.1,17.1,17,17,0,0
ORP_PE,D,20190717,000000,17,17.1,17,17.1,0,0
ORP_PE,D,20190718,000000,17.1,17.1,16.2,16.2,0,0
ORP_PE,D,20190719,000000,16.6,16.6,16.1,16.3,0,0
ORP_PE,D,20190722,000000,17,17,16.3,16.3,0,0
ORP_PE,D,20190723,000000,17,17,16.9,16.9,0,0
ORP_PE,D,20190724,000000,17,17,16.2,16.2,0,0
ORP_PE,D,20190725,000000,17,17,16.9,16.9,0,0
ORP_PE,D,20190726,000000,16.1,16.9,16.1,16.9,0,0
ORP_PE,D,20190730,000000,16.9,16.9,16.8,16.8,0,0
ORP_PE,D,20190731,000000,16.4,16.4,16.4,16.4,0,0
ORP_PE,D,20190801,000000,16.8,16.8,16.3,16.3,0,0
ORP_PE,D,20190802,000000,16.8,16.8,16.2,16.2,0,0
ORP_PE,D,20190805,000000,17.4,17.4,17.3,17.3,0,0
ORP_PE,D,20190807,000000,16.4,16.4,16,16.1,0,0
ORP_PE,D,20190808,000000,16.6,16.6,16.1,16.1,0,0
ORP_PE,D,20190809,000000,16.6,17.1,16.6,17.1,0,0
ORP_PE,D,20190812,000000,16.1,16.1,16.1,16.1,0,0
ORP_PE,D,20190813,000000,16.6,16.6,16.5,16.5,0,0
ORP_PE,D,20190814,000000,17,17,16.5,16.5,0,0
ORP_PE,D,20190816,000000,16.5,41.5,16.1,41.5,0,0
ORP_PE,D,20190819,000000,42.6,42.6,42.5,42.5,0,0
ORP_PE,D,20190820,000000,42.5,42.5,42.3,42.3,0,0
ORP_PE,D,20190821,000000,40.4,42.5,40.4,42.4,0,0
ORP_PE,D,20190822,000000,42.4,42.6,42.4,42.6,0,0
ORP_PE,D,20190823,000000,42.6,42.6,42.6,42.6,0,0
ORP_PE,D,20190826,000000,42.4,42.5,42.4,42.5,0,0
ORP_PE,D,20190827,000000,42.5,42.5,42.2,42.2,0,0
ORP_PE,D,20190828,000000,42.2,42.3,42.2,42.3,0,0
ORP_PE,D,20190829,000000,42.3,42.3,42.1,42.1,0,0
ORP_PE,D,20190830,000000,42.1,42.1,42.1,42.1,0,0
ORP_PE,D,20190902,000000,42.1,42.2,42.1,42.2,0,0
ORP_PE,D,20190903,000000,42.2,42.4,42.2,42.4,0,0
ORP_PE,D,20190904,000000,42.4,42.4,42.3,42.3,0,0
ORP_PE,D,20190905,000000,43.8,47.1,43.8,47.1,0,0
ORP_PE,D,20190906,000000,46.4,46.4,46.3,46.3,0,0
ORP_PE,D,20190909,000000,47.3,47.6,47.3,47.6,0,0
ORP_PE,D,20190910,000000,47.2,47.7,46.6,47.7,0,0
ORP_PE,D,20190911,000000,47.7,48.5,46.7,48.5,0,0
ORP_PE,D,20190912,000000,48.5,48.5,48,48,0,0
ORP_PE,D,20190913,000000,48.5,48.5,47.8,47.8,0,0
ORP_PE,D,20190916,000000,48.3,48.3,47.8,48,0,0
ORP_PE,D,20190917,000000,48,48.1,48,48.1,0,0
ORP_PE,D,20190918,000000,48.6,48.6,48,48,0,0
ORP_PE,D,20190919,000000,48.5,48.5,48,48.1,0,0
ORP_PE,D,20190920,000000,48.1,48.1,48,48,0,0
ORP_PE,D,20190923,000000,49,49,47.9,47.9,0,0
ORP_PE,D,20190924,000000,52.8,52.8,51.9,51.9,0,0
ORP_PE,D,20190925,000000,51.9,52.1,51.9,52.1,0,0
ORP_PE,D,20190926,000000,50.8,50.8,50.6,50.6,0,0
ORP_PE,D,20190927,000000,48,48.1,48,48.1,0,0
ORP_PE,D,20190930,000000,47.3,47.3,47.3,47.3,0,0
ORP_PE,D,20191001,000000,48.3,48.3,47.3,47.4,0,0
ORP_PE,D,20191002,000000,50.7,50.7,47.8,48.1,0,0
ORP_PE,D,20191003,000000,47.8,47.8,47.8,47.8,0,0
ORP_PE,D,20191004,000000,51,51.6,51,51.6,0,0
ORP_PE,D,20191007,000000,51.6,51.7,51.6,51.7,0,0
ORP_PE,D,20191008,000000,51.7,51.7,49.1,49.1,0,0
ORP_PE,D,20191009,000000,48.6,48.6,48.6,48.6,0,0
ORP_PE,D,20191010,000000,47.9,48,47.9,48,0,0
ORP_PE,D,20191011,000000,48,48.1,48,48.1,0,0
ORP_PE,D,20191021,000000,48.9,48.9,48.8,48.8,0,0
ORP_PE,D,20191022,000000,48.7,48.9,48.7,48.9,0,0
ORP_PE,D,20191023,000000,48.9,48.9,45.6,45.7,0,0
ORP_PE,D,20191024,000000,48.2,48.2,48.1,48.1,0,0
ORP_PE,D,20191028,000000,48.2,48.2,48.2,48.2,0,0
ORP_PE,D,20191031,000000,48.2,48.4,48.2,48.4,0,0
ORP_PE,D,20191104,000000,47.9,47.9,45.8,45.9,0,0
ORP_PE,D,20191106,000000,48,48,47.9,47.9,0,0
ORP_PE,D,20191107,000000,47.9,47.9,45.8,46,0,0
ORP_PE,D,20191112,000000,46,46,46,46,0,0
ORP_PE,D,20191113,000000,47.7,47.7,47.5,47.5,0,0
ORP_PE,D,20191114,000000,49.5,49.5,49.1,49.1,0,0
ORP_PE,D,20191115,000000,47.9,48.4,47.9,48.1,0,0
ORP_PE,D,20191118,000000,48.1,48.1,48.1,48.1,0,0
