<TICKER>,<PER>,<DATE>,<TIME>,<OPEN>,<HIGH>,<LOW>,<CLOSE>,<VOL>,<OPENINT>
PRL_PE,D,20130312,000000,1.866,1.866,1.866,1.866,0,0
PRL_PE,D,20130313,000000,1.866,1.9127,1.866,1.9127,0,0
PRL_PE,D,20130314,000000,1.9127,1.9593,1.9127,1.9593,0,0
PRL_PE,D,20130315,000000,1.9593,1.9593,1.9593,1.9593,0,0
PRL_PE,D,20130318,000000,1.8193,1.9593,1.8193,1.8193,0,0
PRL_PE,D,20130319,000000,1.8193,1.8193,1.8193,1.8193,0,0
PRL_PE,D,20130320,000000,1.8193,1.9593,1.8193,1.9593,0,0
PRL_PE,D,20130321,000000,1.866,1.9127,1.866,1.9127,0,0
PRL_PE,D,20130322,000000,1.866,1.9127,1.866,1.9127,0,0
PRL_PE,D,20130325,000000,1.866,1.9127,1.866,1.9127,0,0
PRL_PE,D,20130326,000000,1.866,1.866,1.866,1.866,0,0
PRL_PE,D,20130327,000000,1.866,1.866,1.866,1.866,0,0
PRL_PE,D,20130328,000000,1.866,1.9127,1.866,1.9127,0,0
PRL_PE,D,20130402,000000,1.8193,1.9127,1.8193,1.9127,0,0
PRL_PE,D,20130403,000000,1.8193,1.9593,1.8193,1.9593,0,0
PRL_PE,D,20130404,000000,1.9593,1.9593,1.9127,1.9127,0,0
PRL_PE,D,20130408,000000,1.8193,1.9593,1.8193,1.9127,0,0
PRL_PE,D,20130409,000000,1.9127,2.006,1.9127,1.9127,0,0
PRL_PE,D,20130410,000000,1.9127,1.9127,1.866,1.866,0,0
PRL_PE,D,20130411,000000,1.866,1.866,1.866,1.866,0,0
PRL_PE,D,20130412,000000,1.866,1.9127,1.866,1.9127,0,0
PRL_PE,D,20130415,000000,1.9593,1.9593,1.9593,1.9593,0,0
PRL_PE,D,20130419,000000,1.9593,2.006,1.9127,1.9127,0,0
PRL_PE,D,20130422,000000,1.9127,2.006,1.9127,2.006,0,0
PRL_PE,D,20130423,000000,1.9593,2.0526,1.9593,2.0526,0,0
PRL_PE,D,20130424,000000,2.0526,2.0526,2.006,2.0526,0,0
PRL_PE,D,20130425,000000,2.0526,2.0993,1.9593,2.006,0,0
PRL_PE,D,20130430,000000,1.9568,1.9568,1.9568,1.9568,0,0
PRL_PE,D,20130502,000000,1.9593,2.006,1.9593,1.9593,0,0
PRL_PE,D,20130506,000000,1.9127,1.9593,1.9127,1.9593,0,0
PRL_PE,D,20130507,000000,1.9593,1.9593,1.9593,1.9593,0,0
PRL_PE,D,20130508,000000,1.9593,1.9593,1.9593,1.9593,0,0
PRL_PE,D,20130509,000000,1.9593,1.9593,1.9593,1.9593,0,0
PRL_PE,D,20130510,000000,1.9593,2.006,1.9593,2.006,0,0
PRL_PE,D,20130513,000000,2.006,2.006,2.006,2.006,0,0
PRL_PE,D,20130514,000000,2.006,2.006,2.006,2.006,0,0
PRL_PE,D,20130515,000000,1.9593,1.9593,1.9593,1.9593,0,0
PRL_PE,D,20130516,000000,1.9593,2.006,1.9593,2.006,0,0
PRL_PE,D,20130517,000000,2.006,2.006,2.006,2.006,0,0
PRL_PE,D,20130520,000000,2.006,2.006,2.006,2.006,0,0
PRL_PE,D,20130522,000000,2.006,2.006,2.006,2.006,0,0
PRL_PE,D,20130523,000000,2.006,2.006,2.006,2.006,0,0
PRL_PE,D,20130524,000000,2.006,2.006,2.006,2.006,0,0
PRL_PE,D,20130527,000000,1.9593,1.9593,1.866,1.866,0,0
PRL_PE,D,20130603,000000,1.866,1.9593,1.866,1.9593,0,0
PRL_PE,D,20130606,000000,1.9568,2.6144,1.9568,2.6144,0,0
PRL_PE,D,20130607,000000,2.6144,2.6144,2.6144,2.6144,0,0
PRL_PE,D,20130610,000000,2.6125,2.6125,2.6125,2.6125,0,0
PRL_PE,D,20130611,000000,2.6144,2.6573,2.6144,2.6573,0,0
PRL_PE,D,20130612,000000,2.6592,2.6592,2.6592,2.6592,0,0
PRL_PE,D,20130614,000000,2.6573,2.6573,2.6573,2.6573,0,0
PRL_PE,D,20130617,000000,2.6573,2.6573,2.6144,2.6144,0,0
PRL_PE,D,20130618,000000,2.5182,2.6144,2.5182,2.5664,0,0
PRL_PE,D,20130619,000000,2.5664,2.6144,2.5664,2.5664,0,0
PRL_PE,D,20130620,000000,2.5664,2.6144,2.5664,2.6144,0,0
PRL_PE,D,20130621,000000,2.9941,2.9941,2.513,2.7268,0,0
PRL_PE,D,20130624,000000,2.5664,2.9406,2.5664,2.6733,0,0
PRL_PE,D,20130625,000000,2.6197,2.6197,2.4594,2.513,0,0
PRL_PE,D,20130626,000000,2.4594,2.4594,2.3525,2.4594,0,0
PRL_PE,D,20130627,000000,2.513,2.513,2.513,2.513,0,0
PRL_PE,D,20130628,000000,2.513,2.6197,2.513,2.6197,0,0
PRL_PE,D,20130701,000000,2.6197,2.7268,2.6197,2.7268,0,0
PRL_PE,D,20130702,000000,2.7268,2.7802,2.7268,2.7802,0,0
PRL_PE,D,20130703,000000,2.7802,2.7802,2.6733,2.6733,0,0
PRL_PE,D,20130704,000000,2.6733,2.6733,2.6733,2.6733,0,0
PRL_PE,D,20130705,000000,2.6733,2.6733,2.6197,2.6197,0,0
PRL_PE,D,20130708,000000,2.6197,2.7268,2.6197,2.6733,0,0
PRL_PE,D,20130709,000000,2.6733,2.6733,2.6733,2.6733,0,0
PRL_PE,D,20130710,000000,2.6733,2.6733,2.6733,2.6733,0,0
PRL_PE,D,20130711,000000,2.6733,2.6733,2.6733,2.6733,0,0
PRL_PE,D,20130712,000000,2.6733,2.6733,2.5664,2.6197,0,0
PRL_PE,D,20130715,000000,2.6197,2.6197,2.6197,2.6197,0,0
PRL_PE,D,20130716,000000,2.5664,2.5664,2.299,2.299,0,0
PRL_PE,D,20130717,000000,2.299,2.299,1.7644,1.8713,0,0
PRL_PE,D,20130718,000000,1.7644,1.8178,1.7644,1.8178,0,0
PRL_PE,D,20130719,000000,1.7644,2.0852,1.7644,2.0852,0,0
PRL_PE,D,20130722,000000,2.0852,2.0852,2.0317,2.0317,0,0
PRL_PE,D,20130723,000000,2.0317,2.0317,2.0317,2.0317,0,0
PRL_PE,D,20130724,000000,2.0317,2.0852,2.0317,2.0852,0,0
PRL_PE,D,20130725,000000,2.0852,2.0852,2.0852,2.0852,0,0
PRL_PE,D,20130726,000000,2.0852,2.3525,2.0852,2.3525,0,0
PRL_PE,D,20130729,000000,2.192,2.192,2.192,2.192,0,0
PRL_PE,D,20130731,000000,2.1386,2.1386,1.9248,1.9248,0,0
PRL_PE,D,20130801,000000,2.0317,2.0317,1.9782,1.9782,0,0
PRL_PE,D,20130802,000000,1.9782,2.0852,1.9782,2.0852,0,0
PRL_PE,D,20130805,000000,2.0852,2.1386,2.0852,2.1386,0,0
PRL_PE,D,20130806,000000,2.1386,2.192,2.1386,2.1386,0,0
PRL_PE,D,20130807,000000,2.1386,2.192,2.1386,2.192,0,0
PRL_PE,D,20130808,000000,2.192,2.2456,2.192,2.2456,0,0
PRL_PE,D,20130809,000000,2.2456,2.299,2.2456,2.299,0,0
PRL_PE,D,20130812,000000,2.299,2.4594,2.299,2.4594,0,0
PRL_PE,D,20130813,000000,2.4594,2.4594,2.4059,2.4059,0,0
PRL_PE,D,20130814,000000,2.4059,2.4059,2.4059,2.4059,0,0
PRL_PE,D,20130816,000000,2.2456,2.3525,2.2456,2.299,0,0
PRL_PE,D,20130819,000000,2.299,2.299,2.299,2.299,0,0
PRL_PE,D,20130820,000000,2.299,2.4594,2.299,2.4594,0,0
PRL_PE,D,20130821,000000,2.4594,2.4594,2.4594,2.4594,0,0
PRL_PE,D,20130822,000000,2.4594,2.513,2.4594,2.513,0,0
PRL_PE,D,20130823,000000,2.513,2.5664,2.513,2.5664,0,0
PRL_PE,D,20130826,000000,2.5664,3.101,2.5664,3.0475,0,0
PRL_PE,D,20130827,000000,3.1545,3.3683,3.0475,3.0475,0,0
PRL_PE,D,20130828,000000,3.0475,3.0475,3.0475,3.0475,0,0
PRL_PE,D,20130829,000000,3.0475,3.0475,2.8871,2.9941,0,0
PRL_PE,D,20130830,000000,2.9941,2.9941,2.9941,2.9941,0,0
PRL_PE,D,20130902,000000,2.9941,2.9941,2.9941,2.9941,0,0
PRL_PE,D,20130903,000000,2.9406,2.9406,2.9406,2.9406,0,0
PRL_PE,D,20130904,000000,2.9406,2.9406,2.8337,2.8337,0,0
PRL_PE,D,20130905,000000,2.7802,2.8337,2.7802,2.8337,0,0
PRL_PE,D,20130906,000000,2.8337,2.8337,2.8337,2.8337,0,0
PRL_PE,D,20130909,000000,2.8871,2.8871,2.8871,2.8871,0,0
PRL_PE,D,20130918,000000,2.8871,2.8871,2.8871,2.8871,0,0
PRL_PE,D,20130919,000000,2.8871,2.8871,2.8871,2.8871,0,0
PRL_PE,D,20130920,000000,2.8871,2.8871,2.8871,2.8871,0,0
PRL_PE,D,20130923,000000,2.8871,2.8871,2.8871,2.8871,0,0
PRL_PE,D,20130924,000000,2.8871,2.8871,2.8871,2.8871,0,0
PRL_PE,D,20130925,000000,2.8871,2.9406,2.7802,2.7802,0,0
PRL_PE,D,20130926,000000,2.7802,2.8337,2.7802,2.8337,0,0
PRL_PE,D,20130927,000000,2.8337,2.8337,2.7268,2.7802,0,0
PRL_PE,D,20131001,000000,2.7802,2.7802,2.7802,2.7802,0,0
PRL_PE,D,20131003,000000,2.7268,2.7268,2.7268,2.7268,0,0
PRL_PE,D,20131004,000000,2.7268,2.7268,2.7268,2.7268,0,0
PRL_PE,D,20131007,000000,2.7268,2.7802,2.7268,2.7802,0,0
PRL_PE,D,20131008,000000,2.7802,2.7802,2.7802,2.7802,0,0
PRL_PE,D,20131009,000000,2.7802,2.7802,2.7268,2.7268,0,0
PRL_PE,D,20131011,000000,2.7268,2.7268,2.7268,2.7268,0,0
PRL_PE,D,20131014,000000,2.7268,2.7802,2.7268,2.7268,0,0
PRL_PE,D,20131015,000000,2.7268,2.7268,2.6733,2.7268,0,0
PRL_PE,D,20131016,000000,2.8337,2.8337,2.7268,2.7268,0,0
PRL_PE,D,20131017,000000,2.8337,2.8337,2.8337,2.8337,0,0
PRL_PE,D,20131018,000000,2.8337,2.8337,2.8337,2.8337,0,0
PRL_PE,D,20131021,000000,2.8337,2.8337,2.8337,2.8337,0,0
PRL_PE,D,20131022,000000,2.8337,2.8337,2.8337,2.8337,0,0
PRL_PE,D,20131023,000000,2.8337,2.8337,2.8337,2.8337,0,0
PRL_PE,D,20131024,000000,2.8337,2.8337,2.8337,2.8337,0,0
PRL_PE,D,20131025,000000,2.8337,2.8337,2.8337,2.8337,0,0
PRL_PE,D,20131028,000000,2.8337,2.9941,2.8337,2.9941,0,0
PRL_PE,D,20131029,000000,2.9941,2.9941,2.9941,2.9941,0,0
PRL_PE,D,20131030,000000,2.9941,2.9941,2.9941,2.9941,0,0
PRL_PE,D,20131031,000000,2.8871,2.9941,2.8871,2.9941,0,0
PRL_PE,D,20131104,000000,2.9941,2.9941,2.9941,2.9941,0,0
PRL_PE,D,20131105,000000,2.9941,2.9941,2.9941,2.9941,0,0
PRL_PE,D,20131106,000000,2.9941,2.9941,2.9941,2.9941,0,0
PRL_PE,D,20131107,000000,2.9941,2.9941,2.9941,2.9941,0,0
PRL_PE,D,20131108,000000,2.9941,3.0475,2.9941,3.0475,0,0
PRL_PE,D,20131112,000000,3.0475,3.101,2.9941,3.0475,0,0
PRL_PE,D,20131113,000000,3.0475,3.0475,3.0475,3.0475,0,0
PRL_PE,D,20131114,000000,3.0475,3.101,3.0475,3.101,0,0
PRL_PE,D,20131115,000000,3.101,3.4218,3.101,3.4218,0,0
PRL_PE,D,20131118,000000,3.4218,3.4218,3.4218,3.4218,0,0
PRL_PE,D,20131119,000000,3.4218,3.4218,2.7268,2.7268,0,0
PRL_PE,D,20131120,000000,2.9941,3.3149,2.9941,3.3149,0,0
PRL_PE,D,20131121,000000,3.3149,3.3149,3.3149,3.3149,0,0
PRL_PE,D,20131122,000000,3.3149,3.3149,2.6197,2.8337,0,0
PRL_PE,D,20131125,000000,2.8871,2.8871,2.7268,2.8337,0,0
PRL_PE,D,20131126,000000,2.7802,2.8337,2.5664,2.6197,0,0
PRL_PE,D,20131127,000000,2.6197,2.6733,2.6197,2.6197,0,0
PRL_PE,D,20131128,000000,2.6197,2.6733,2.6197,2.6733,0,0
PRL_PE,D,20131129,000000,2.6733,2.7802,2.6733,2.7802,0,0
PRL_PE,D,20131202,000000,2.7802,2.8337,2.7802,2.7802,0,0
PRL_PE,D,20131203,000000,2.8337,2.8871,2.8337,2.8337,0,0
PRL_PE,D,20131204,000000,2.8337,2.8871,2.8337,2.8871,0,0
PRL_PE,D,20131205,000000,2.8871,2.8871,2.8871,2.8871,0,0
PRL_PE,D,20131206,000000,2.8871,2.8871,2.8871,2.8871,0,0
PRL_PE,D,20131209,000000,2.8871,2.8871,2.8871,2.8871,0,0
PRL_PE,D,20131210,000000,2.8871,2.8871,2.8871,2.8871,0,0
PRL_PE,D,20131211,000000,2.8871,2.9406,2.8871,2.9406,0,0
PRL_PE,D,20131212,000000,2.9406,2.9406,2.9406,2.9406,0,0
PRL_PE,D,20131213,000000,2.9406,2.9406,2.9406,2.9406,0,0
PRL_PE,D,20131216,000000,2.9406,2.9406,2.9406,2.9406,0,0
PRL_PE,D,20131217,000000,2.9406,2.9406,2.9406,2.9406,0,0
PRL_PE,D,20131218,000000,2.9406,2.9406,2.8337,2.9406,0,0
PRL_PE,D,20131219,000000,2.9406,2.9406,2.9406,2.9406,0,0
PRL_PE,D,20131220,000000,2.9406,2.9406,2.9406,2.9406,0,0
PRL_PE,D,20131223,000000,2.9406,2.9406,2.9406,2.9406,0,0
PRL_PE,D,20131227,000000,2.9406,3.3149,2.9406,3.3149,0,0
PRL_PE,D,20131230,000000,3.3149,3.3149,2.9406,3.2614,0,0
PRL_PE,D,20140102,000000,3.2614,3.3149,3.2614,3.3149,0,0
PRL_PE,D,20140103,000000,3.3149,3.9564,3.3149,3.9564,0,0
PRL_PE,D,20140107,000000,3.9564,3.9564,3.8495,3.9564,0,0
PRL_PE,D,20140108,000000,3.903,3.9564,3.903,3.9564,0,0
PRL_PE,D,20140109,000000,3.9564,3.9564,3.8495,3.9564,0,0
PRL_PE,D,20140110,000000,3.9564,3.9564,3.6356,3.8495,0,0
PRL_PE,D,20140113,000000,3.6892,3.8495,3.6892,3.7426,0,0
PRL_PE,D,20140114,000000,3.6892,3.6892,3.6356,3.6356,0,0
PRL_PE,D,20140115,000000,3.6356,3.6356,3.5287,3.5822,0,0
PRL_PE,D,20140116,000000,3.5822,3.5822,3.5822,3.5822,0,0
PRL_PE,D,20140117,000000,3.5822,3.5822,3.5287,3.5822,0,0
PRL_PE,D,20140120,000000,3.5822,3.6356,3.5822,3.5822,0,0
PRL_PE,D,20140121,000000,3.5822,3.6356,3.5822,3.6356,0,0
PRL_PE,D,20140122,000000,3.6356,3.6356,3.6356,3.6356,0,0
PRL_PE,D,20140123,000000,3.6356,3.6356,3.6356,3.6356,0,0
PRL_PE,D,20140124,000000,3.6356,3.6356,3.6356,3.6356,0,0
PRL_PE,D,20140127,000000,3.6356,3.6356,3.4753,3.5287,0,0
PRL_PE,D,20140128,000000,3.5287,3.5822,3.4218,3.5822,0,0
PRL_PE,D,20140129,000000,3.5822,3.6356,3.5822,3.5822,0,0
PRL_PE,D,20140130,000000,3.5822,3.5822,3.5822,3.5822,0,0
PRL_PE,D,20140131,000000,3.5822,3.6892,3.5822,3.6892,0,0
PRL_PE,D,20140203,000000,3.6892,3.6892,3.6892,3.6892,0,0
PRL_PE,D,20140204,000000,3.6892,3.6892,3.6892,3.6892,0,0
PRL_PE,D,20140205,000000,3.6892,3.7426,3.6892,3.7426,0,0
PRL_PE,D,20140206,000000,3.7426,3.7426,3.6892,3.7426,0,0
PRL_PE,D,20140207,000000,3.7426,3.7426,3.7426,3.7426,0,0
PRL_PE,D,20140210,000000,3.7426,3.7426,3.7426,3.7426,0,0
PRL_PE,D,20140211,000000,3.7426,3.7961,3.7426,3.7961,0,0
PRL_PE,D,20140212,000000,3.7961,3.7961,3.7961,3.7961,0,0
PRL_PE,D,20140213,000000,3.7961,3.7961,3.7961,3.7961,0,0
PRL_PE,D,20140214,000000,3.7961,3.7961,3.7961,3.7961,0,0
PRL_PE,D,20140217,000000,3.6892,3.8495,3.6892,3.8495,0,0
PRL_PE,D,20140218,000000,3.8495,3.8495,3.8495,3.8495,0,0
PRL_PE,D,20140219,000000,3.8495,3.8495,2.8337,2.8337,0,0
PRL_PE,D,20140220,000000,2.8337,2.8871,2.8337,2.8337,0,0
PRL_PE,D,20140221,000000,2.8337,2.8871,2.8337,2.8871,0,0
PRL_PE,D,20140224,000000,2.8871,2.8871,2.8337,2.8871,0,0
PRL_PE,D,20140225,000000,2.8337,2.8871,2.8337,2.8871,0,0
PRL_PE,D,20140226,000000,2.8871,2.8871,2.7802,2.8337,0,0
PRL_PE,D,20140227,000000,2.8337,2.8871,2.8337,2.8871,0,0
PRL_PE,D,20140228,000000,2.8871,2.9406,2.8871,2.8871,0,0
PRL_PE,D,20140303,000000,2.7802,2.7802,2.7268,2.7268,0,0
PRL_PE,D,20140304,000000,2.7268,2.7802,2.7268,2.7802,0,0
PRL_PE,D,20140305,000000,2.7802,2.7802,2.7802,2.7802,0,0
PRL_PE,D,20140306,000000,2.7802,2.7802,2.7802,2.7802,0,0
PRL_PE,D,20140307,000000,2.7802,2.7802,2.7802,2.7802,0,0
PRL_PE,D,20140310,000000,2.7802,2.7802,2.7802,2.7802,0,0
PRL_PE,D,20140311,000000,2.7802,2.7802,2.7802,2.7802,0,0
PRL_PE,D,20140312,000000,2.7802,2.7802,2.7802,2.7802,0,0
PRL_PE,D,20140313,000000,2.7802,2.7802,2.7802,2.7802,0,0
PRL_PE,D,20140314,000000,2.7802,2.7802,2.6733,2.7268,0,0
PRL_PE,D,20140317,000000,2.7802,2.7802,2.7268,2.7268,0,0
PRL_PE,D,20140318,000000,2.7268,2.7802,2.7268,2.7802,0,0
PRL_PE,D,20140319,000000,2.7802,2.7802,2.7802,2.7802,0,0
PRL_PE,D,20140320,000000,2.7802,2.7802,2.7802,2.7802,0,0
PRL_PE,D,20140324,000000,2.7802,2.7802,2.7802,2.7802,0,0
PRL_PE,D,20140325,000000,2.7802,2.7802,2.7802,2.7802,0,0
PRL_PE,D,20140326,000000,2.7802,2.7802,2.7802,2.7802,0,0
PRL_PE,D,20140327,000000,2.7802,2.8337,2.7802,2.8337,0,0
PRL_PE,D,20140328,000000,2.8337,2.8337,2.8337,2.8337,0,0
PRL_PE,D,20140331,000000,2.8337,2.8337,2.8337,2.8337,0,0
PRL_PE,D,20140401,000000,2.8337,2.9406,2.8337,2.9406,0,0
PRL_PE,D,20140402,000000,2.9406,3.101,2.9406,3.0475,0,0
PRL_PE,D,20140403,000000,3.0475,3.101,2.9406,3.101,0,0
PRL_PE,D,20140404,000000,3.101,3.101,3.101,3.101,0,0
PRL_PE,D,20140407,000000,3.101,3.2614,3.101,3.2614,0,0
PRL_PE,D,20140408,000000,3.2614,3.5822,3.208,3.208,0,0
PRL_PE,D,20140409,000000,3.208,3.3149,3.101,3.2614,0,0
PRL_PE,D,20140410,000000,3.1545,3.2614,3.1545,3.2614,0,0
PRL_PE,D,20140411,000000,3.2614,3.2614,3.2614,3.2614,0,0
PRL_PE,D,20140414,000000,3.2614,3.2614,3.1545,3.1545,0,0
PRL_PE,D,20140415,000000,3.1545,3.1545,3.1545,3.1545,0,0
PRL_PE,D,20140416,000000,3.1545,3.208,3.1545,3.208,0,0
PRL_PE,D,20140417,000000,3.208,3.208,3.208,3.208,0,0
PRL_PE,D,20140422,000000,3.208,3.2614,3.208,3.2614,0,0
PRL_PE,D,20140423,000000,3.2614,3.2614,3.2614,3.2614,0,0
PRL_PE,D,20140424,000000,3.2614,3.2614,3.2614,3.2614,0,0
PRL_PE,D,20140425,000000,3.2614,3.2614,3.1545,3.2614,0,0
PRL_PE,D,20140428,000000,3.2614,3.2614,3.208,3.208,0,0
PRL_PE,D,20140429,000000,3.208,3.208,3.208,3.208,0,0
PRL_PE,D,20140430,000000,3.2614,3.2614,3.208,3.208,0,0
PRL_PE,D,20140502,000000,3.208,3.208,3.1545,3.208,0,0
PRL_PE,D,20140505,000000,3.208,3.208,3.208,3.208,0,0
PRL_PE,D,20140506,000000,3.2614,3.3149,3.2614,3.2614,0,0
PRL_PE,D,20140507,000000,3.2614,3.2614,3.2614,3.2614,0,0
PRL_PE,D,20140508,000000,3.208,3.2614,3.208,3.2614,0,0
PRL_PE,D,20140509,000000,3.2614,3.2614,3.208,3.2614,0,0
PRL_PE,D,20140512,000000,3.2614,3.2614,3.2614,3.2614,0,0
PRL_PE,D,20140513,000000,3.2614,3.2614,3.2614,3.2614,0,0
PRL_PE,D,20140514,000000,3.2614,3.2614,3.2614,3.2614,0,0
PRL_PE,D,20140515,000000,3.2614,3.2614,3.1545,3.1545,0,0
PRL_PE,D,20140516,000000,3.3149,3.3149,2.8871,3.0475,0,0
PRL_PE,D,20140519,000000,3.0475,3.101,3.0475,3.101,0,0
PRL_PE,D,20140520,000000,3.101,3.101,3.0475,3.101,0,0
PRL_PE,D,20140521,000000,3.101,3.101,3.0475,3.0475,0,0
PRL_PE,D,20140522,000000,3.0475,3.1545,3.0475,3.1545,0,0
PRL_PE,D,20140523,000000,3.2193,3.2193,3.1001,3.1597,0,0
PRL_PE,D,20140526,000000,3.1597,3.1597,3.1597,3.1597,0,0
PRL_PE,D,20140527,000000,3.1597,3.1597,3.1001,3.1597,0,0
PRL_PE,D,20140528,000000,3.1001,3.1001,2.9808,3.0404,0,0
PRL_PE,D,20140529,000000,3.0404,3.0404,3.0404,3.0404,0,0
PRL_PE,D,20140530,000000,3.0404,3.0404,3.0404,3.0404,0,0
PRL_PE,D,20140602,000000,3.0404,3.0404,2.802,2.802,0,0
PRL_PE,D,20140603,000000,2.802,2.802,2.6828,2.6828,0,0
PRL_PE,D,20140604,000000,2.7424,2.7424,2.7424,2.7424,0,0
PRL_PE,D,20140605,000000,2.7424,2.7424,2.6828,2.7424,0,0
PRL_PE,D,20140606,000000,2.7424,2.7424,2.7424,2.7424,0,0
PRL_PE,D,20140609,000000,2.7424,2.7424,2.7424,2.7424,0,0
PRL_PE,D,20140610,000000,2.5039,2.5039,2.5039,2.5039,0,0
PRL_PE,D,20140611,000000,2.5039,2.5039,2.2057,2.2057,0,0
PRL_PE,D,20140612,000000,2.5039,2.5039,2.3251,2.4442,0,0
PRL_PE,D,20140613,000000,2.4442,2.4442,2.2655,2.3251,0,0
PRL_PE,D,20140616,000000,2.3846,2.4442,2.3251,2.3251,0,0
PRL_PE,D,20140617,000000,2.3251,2.6828,2.0866,2.6828,0,0
PRL_PE,D,20140618,000000,2.6828,2.6828,2.5635,2.6231,0,0
PRL_PE,D,20140620,000000,2.5039,2.6828,2.5039,2.6828,0,0
PRL_PE,D,20140623,000000,2.6828,2.6828,2.6231,2.6828,0,0
PRL_PE,D,20140624,000000,2.6828,2.9212,2.6828,2.9212,0,0
PRL_PE,D,20140625,000000,2.6231,2.9212,2.6231,2.9212,0,0
PRL_PE,D,20140626,000000,2.9212,2.9212,2.9212,2.9212,0,0
PRL_PE,D,20140627,000000,2.9212,2.9212,2.6828,2.802,0,0
PRL_PE,D,20140630,000000,2.802,2.802,2.6231,2.6828,0,0
PRL_PE,D,20140701,000000,2.7424,2.7424,2.2057,2.2057,0,0
PRL_PE,D,20140702,000000,2.6828,2.6828,2.3846,2.5635,0,0
PRL_PE,D,20140703,000000,2.6231,2.6231,2.6231,2.6231,0,0
PRL_PE,D,20140704,000000,2.5039,2.5039,2.3251,2.5039,0,0
PRL_PE,D,20140707,000000,2.3251,2.5039,2.3251,2.5039,0,0
PRL_PE,D,20140708,000000,2.5039,2.8615,2.5039,2.6828,0,0
PRL_PE,D,20140709,000000,2.6828,2.6828,2.6828,2.6828,0,0
PRL_PE,D,20140710,000000,2.6828,2.6828,2.6231,2.6231,0,0
PRL_PE,D,20140711,000000,2.6828,2.6828,2.6231,2.6828,0,0
PRL_PE,D,20140714,000000,2.6828,2.7424,2.6828,2.7424,0,0
PRL_PE,D,20140716,000000,2.7424,2.7424,2.7424,2.7424,0,0
PRL_PE,D,20140717,000000,2.7424,2.7424,2.6828,2.7424,0,0
PRL_PE,D,20140718,000000,2.7424,2.7424,2.6828,2.6828,0,0
PRL_PE,D,20140721,000000,2.6828,2.6828,2.6231,2.6231,0,0
PRL_PE,D,20140722,000000,2.6231,2.6231,2.6231,2.6231,0,0
PRL_PE,D,20140723,000000,2.6231,2.6231,2.6231,2.6231,0,0
PRL_PE,D,20140724,000000,2.6828,2.6828,2.6828,2.6828,0,0
PRL_PE,D,20140725,000000,2.6231,2.6231,2.5039,2.5635,0,0
PRL_PE,D,20140728,000000,2.5635,2.5635,2.3846,2.3846,0,0
PRL_PE,D,20140729,000000,2.3846,2.4442,2.3846,2.4442,0,0
PRL_PE,D,20140730,000000,2.4442,2.4442,2.4442,2.4442,0,0
PRL_PE,D,20140731,000000,2.4442,2.5039,2.4442,2.5039,0,0
PRL_PE,D,20140804,000000,2.5039,2.5039,2.5039,2.5039,0,0
PRL_PE,D,20140805,000000,2.5039,2.5039,2.5039,2.5039,0,0
PRL_PE,D,20140806,000000,2.5039,2.5039,2.4442,2.4442,0,0
PRL_PE,D,20140807,000000,2.4442,2.4442,2.4442,2.4442,0,0
PRL_PE,D,20140808,000000,2.4442,2.4442,2.4442,2.4442,0,0
PRL_PE,D,20140811,000000,2.4442,2.4442,2.4442,2.4442,0,0
PRL_PE,D,20140812,000000,2.4442,2.802,2.4442,2.802,0,0
PRL_PE,D,20140813,000000,2.802,2.802,2.802,2.802,0,0
PRL_PE,D,20140814,000000,2.7424,2.7424,2.4442,2.5039,0,0
PRL_PE,D,20140818,000000,2.5635,2.5635,2.4442,2.5039,0,0
PRL_PE,D,20140819,000000,2.5039,2.5039,2.5039,2.5039,0,0
PRL_PE,D,20140820,000000,2.5039,2.5039,2.5039,2.5039,0,0
PRL_PE,D,20140821,000000,2.5039,2.5039,2.5039,2.5039,0,0
PRL_PE,D,20140822,000000,2.5039,2.5039,2.5039,2.5039,0,0
PRL_PE,D,20140825,000000,2.5039,2.5635,2.3846,2.3846,0,0
PRL_PE,D,20140826,000000,2.4442,2.5635,2.4442,2.5635,0,0
PRL_PE,D,20140828,000000,2.4442,2.4442,2.4442,2.4442,0,0
PRL_PE,D,20140829,000000,2.4442,2.4442,2.4442,2.4442,0,0
PRL_PE,D,20140901,000000,2.4442,2.5635,2.3846,2.3846,0,0
PRL_PE,D,20140902,000000,2.4442,2.4442,2.4442,2.4442,0,0
PRL_PE,D,20140903,000000,2.4442,2.5635,2.4442,2.4442,0,0
PRL_PE,D,20140904,000000,2.4442,2.4442,2.2655,2.2655,0,0
PRL_PE,D,20140905,000000,2.2655,2.3846,2.2655,2.3846,0,0
PRL_PE,D,20140908,000000,2.3251,2.3846,2.2655,2.3846,0,0
PRL_PE,D,20140909,000000,2.3251,2.3846,2.3251,2.3846,0,0
PRL_PE,D,20140910,000000,2.3846,2.4442,2.3846,2.3846,0,0
PRL_PE,D,20140911,000000,2.3846,3.2193,2.3846,3.2193,0,0
PRL_PE,D,20140912,000000,3.2193,3.2193,3.2193,3.2193,0,0
PRL_PE,D,20140915,000000,3.2193,3.2193,3.1597,3.1597,0,0
PRL_PE,D,20140916,000000,3.1597,3.1597,3.1597,3.1597,0,0
PRL_PE,D,20140917,000000,3.1597,3.1597,3.1597,3.1597,0,0
PRL_PE,D,20140918,000000,3.1597,3.2193,3.1597,3.2193,0,0
PRL_PE,D,20140919,000000,3.2193,3.2193,3.2193,3.2193,0,0
PRL_PE,D,20140922,000000,3.2193,3.2193,3.0404,3.1597,0,0
PRL_PE,D,20140923,000000,3.1597,3.1597,3.1597,3.1597,0,0
PRL_PE,D,20140924,000000,3.1597,3.1597,3.1597,3.1597,0,0
PRL_PE,D,20140925,000000,3.1597,3.1597,3.1597,3.1597,0,0
PRL_PE,D,20140926,000000,3.1597,3.1597,3.1597,3.1597,0,0
PRL_PE,D,20140929,000000,3.1597,3.2193,3.1597,3.2193,0,0
PRL_PE,D,20140930,000000,3.2193,3.2193,3.2193,3.2193,0,0
PRL_PE,D,20141001,000000,3.2193,3.2193,3.2193,3.2193,0,0
PRL_PE,D,20141002,000000,3.2193,3.2193,3.2193,3.2193,0,0
PRL_PE,D,20141003,000000,3.2193,3.2193,3.2193,3.2193,0,0
PRL_PE,D,20141006,000000,3.2193,3.2193,3.1597,3.1597,0,0
PRL_PE,D,20141007,000000,3.1597,3.1597,3.1597,3.1597,0,0
PRL_PE,D,20141008,000000,3.1597,3.1597,3.1597,3.1597,0,0
PRL_PE,D,20141009,000000,3.1597,3.1597,3.1597,3.1597,0,0
PRL_PE,D,20141010,000000,3.1597,3.1597,3.1597,3.1597,0,0
PRL_PE,D,20141013,000000,3.1597,3.1597,3.1597,3.1597,0,0
PRL_PE,D,20141014,000000,3.1597,3.1597,3.1597,3.1597,0,0
PRL_PE,D,20141015,000000,3.1597,3.1597,3.1597,3.1597,0,0
PRL_PE,D,20141016,000000,3.1597,3.1597,3.1597,3.1597,0,0
PRL_PE,D,20141017,000000,3.1597,3.1597,3.1597,3.1597,0,0
PRL_PE,D,20141020,000000,3.1597,3.1597,3.1597,3.1597,0,0
PRL_PE,D,20141021,000000,3.1597,3.1597,3.1597,3.1597,0,0
PRL_PE,D,20141022,000000,3.1597,3.2193,3.1597,3.2193,0,0
PRL_PE,D,20141023,000000,3.2193,3.2193,3.1597,3.1597,0,0
PRL_PE,D,20141024,000000,3.1597,3.1597,3.1597,3.1597,0,0
PRL_PE,D,20141027,000000,3.1597,3.2193,3.1597,3.2193,0,0
PRL_PE,D,20141028,000000,3.2193,3.8155,3.2193,3.8155,0,0
PRL_PE,D,20141029,000000,3.8155,3.8155,3.8155,3.8155,0,0
PRL_PE,D,20141030,000000,3.8155,3.8155,3.8155,3.8155,0,0
PRL_PE,D,20141031,000000,3.8155,3.8751,3.8155,3.8155,0,0
PRL_PE,D,20141103,000000,3.8155,3.8155,3.8155,3.8155,0,0
PRL_PE,D,20141104,000000,3.8155,3.8751,3.8155,3.8751,0,0
PRL_PE,D,20141105,000000,3.8751,3.9943,3.8751,3.9943,0,0
PRL_PE,D,20141106,000000,3.9943,4.2328,3.9943,4.2328,0,0
PRL_PE,D,20141107,000000,4.2328,4.2328,4.0539,4.2328,0,0
PRL_PE,D,20141110,000000,4.2328,4.2328,4.2328,4.2328,0,0
PRL_PE,D,20141112,000000,4.1731,4.2328,4.0539,4.0539,0,0
PRL_PE,D,20141113,000000,4.0539,4.0539,4.0539,4.0539,0,0
PRL_PE,D,20141114,000000,4.0539,4.2924,4.0539,4.2328,0,0
PRL_PE,D,20141117,000000,4.2328,4.2924,4.2328,4.2924,0,0
PRL_PE,D,20141118,000000,4.2924,4.2924,4.2328,4.2328,0,0
PRL_PE,D,20141119,000000,4.2328,4.4712,4.2328,4.4117,0,0
PRL_PE,D,20141120,000000,4.4117,4.4712,4.4117,4.4712,0,0
PRL_PE,D,20141121,000000,4.5308,4.5905,4.5308,4.5905,0,0
PRL_PE,D,20141124,000000,4.5905,4.8886,4.5905,4.8289,0,0
PRL_PE,D,20141125,000000,4.8289,4.9482,4.8289,4.9482,0,0
PRL_PE,D,20141126,000000,4.9482,5.0674,4.9482,4.9482,0,0
PRL_PE,D,20141127,000000,4.9482,4.9482,4.8289,4.8289,0,0
PRL_PE,D,20141128,000000,4.8289,4.8289,4.7097,4.7097,0,0
PRL_PE,D,20141201,000000,4.5905,4.6501,4.1731,4.1731,0,0
PRL_PE,D,20141202,000000,4.1135,4.1135,4.1135,4.1135,0,0
PRL_PE,D,20141203,000000,4.1135,4.1135,4.1135,4.1135,0,0
PRL_PE,D,20141204,000000,4.2924,4.2924,4.1135,4.1731,0,0
PRL_PE,D,20141205,000000,4.1731,4.1731,4.1731,4.1731,0,0
PRL_PE,D,20141208,000000,4.1731,4.1731,4.1135,4.1135,0,0
PRL_PE,D,20141209,000000,4.1135,4.1731,4.1135,4.1731,0,0
PRL_PE,D,20141210,000000,4.1731,4.1731,4.1731,4.1731,0,0
PRL_PE,D,20141211,000000,4.1731,4.5905,4.1731,4.5905,0,0
PRL_PE,D,20141212,000000,4.2924,4.4712,4.2924,4.2924,0,0
PRL_PE,D,20141215,000000,4.2924,4.2924,3.9346,4.1135,0,0
PRL_PE,D,20141216,000000,4.1731,4.1731,3.9346,3.9943,0,0
PRL_PE,D,20141217,000000,4.1135,4.1135,4.0539,4.1135,0,0
PRL_PE,D,20141218,000000,4.1135,4.1135,4.0539,4.1135,0,0
PRL_PE,D,20141219,000000,4.1135,4.1135,4.0539,4.0539,0,0
PRL_PE,D,20141222,000000,4.0539,4.0539,4.0539,4.0539,0,0
PRL_PE,D,20141223,000000,4.0539,4.0539,4.0539,4.0539,0,0
PRL_PE,D,20141230,000000,4.1731,4.1731,4.1731,4.1731,0,0
PRL_PE,D,20150109,000000,4.2328,4.2328,4.1731,4.1731,0,0
PRL_PE,D,20150112,000000,4.1731,4.2328,4.1731,4.2328,0,0
PRL_PE,D,20150113,000000,4.2328,4.352,4.2328,4.2924,0,0
PRL_PE,D,20150114,000000,4.2924,4.5308,4.2924,4.5308,0,0
PRL_PE,D,20150115,000000,4.5308,4.5905,4.5308,4.5905,0,0
PRL_PE,D,20150116,000000,4.5308,4.6501,4.5308,4.6501,0,0
PRL_PE,D,20150120,000000,4.7097,5.4251,4.7097,5.4251,0,0
PRL_PE,D,20150121,000000,5.4251,5.4251,5.3655,5.4251,0,0
PRL_PE,D,20150122,000000,5.4251,5.4251,5.3655,5.3655,0,0
PRL_PE,D,20150123,000000,5.3655,5.3655,5.3655,5.3655,0,0
PRL_PE,D,20150126,000000,5.3655,5.4251,5.3655,5.4251,0,0
PRL_PE,D,20150127,000000,5.4251,5.4251,5.4251,5.4251,0,0
PRL_PE,D,20150128,000000,5.4251,5.4251,5.4251,5.4251,0,0
PRL_PE,D,20150129,000000,5.3655,5.3655,5.3655,5.3655,0,0
PRL_PE,D,20150202,000000,5.4251,5.4251,5.4251,5.4251,0,0
PRL_PE,D,20150209,000000,5.3655,5.4251,5.3059,5.3655,0,0
PRL_PE,D,20150211,000000,5.4847,5.4847,5.4251,5.4251,0,0
PRL_PE,D,20150213,000000,5.4251,5.4251,5.4251,5.4251,0,0
PRL_PE,D,20150216,000000,4.8289,4.9482,4.7693,4.7693,0,0
PRL_PE,D,20150217,000000,4.7097,4.7693,4.7097,4.7693,0,0
PRL_PE,D,20150218,000000,4.7097,4.7693,4.7097,4.7097,0,0
PRL_PE,D,20150219,000000,4.6501,4.6501,4.5905,4.5905,0,0
PRL_PE,D,20150220,000000,4.6501,4.6501,4.6501,4.6501,0,0
PRL_PE,D,20150223,000000,4.5905,4.5905,4.5905,4.5905,0,0
PRL_PE,D,20150224,000000,4.6501,4.9482,4.6501,4.9482,0,0
PRL_PE,D,20150225,000000,4.7097,4.9482,4.5905,4.8886,0,0
PRL_PE,D,20150226,000000,4.9482,4.9482,4.8886,4.8886,0,0
PRL_PE,D,20150302,000000,4.8886,4.8886,4.8886,4.8886,0,0
PRL_PE,D,20150304,000000,4.8886,4.8886,4.8886,4.8886,0,0
PRL_PE,D,20150310,000000,4.9482,4.9482,4.9482,4.9482,0,0
PRL_PE,D,20150311,000000,4.8289,4.8289,4.7693,4.7693,0,0
PRL_PE,D,20150312,000000,4.9482,4.9482,4.9482,4.9482,0,0
PRL_PE,D,20150317,000000,4.7693,4.7693,4.7693,4.7693,0,0
PRL_PE,D,20150318,000000,4.7693,4.7693,4.7693,4.7693,0,0
PRL_PE,D,20150320,000000,4.6501,4.6501,4.6501,4.6501,0,0
PRL_PE,D,20150323,000000,4.6501,4.6501,4.6501,4.6501,0,0
PRL_PE,D,20150324,000000,4.6501,4.6501,4.5905,4.5905,0,0
PRL_PE,D,20150325,000000,4.6501,4.6501,4.6501,4.6501,0,0
PRL_PE,D,20150401,000000,4.7097,4.7097,4.6501,4.6501,0,0
PRL_PE,D,20150402,000000,4.4117,4.4117,4.352,4.352,0,0
PRL_PE,D,20150407,000000,4.2924,4.2924,4.1135,4.2328,0,0
PRL_PE,D,20150408,000000,4.2924,4.2924,4.2924,4.2924,0,0
PRL_PE,D,20150417,000000,4.352,4.4117,4.352,4.352,0,0
PRL_PE,D,20150420,000000,4.5308,4.7693,4.4117,4.4117,0,0
PRL_PE,D,20150422,000000,4.2328,4.2328,4.1731,4.1731,0,0
PRL_PE,D,20150429,000000,4.4117,4.4117,4.4117,4.4117,0,0
PRL_PE,D,20150505,000000,4.1135,4.1135,4.1135,4.1135,0,0
PRL_PE,D,20150506,000000,4.352,4.4117,4.352,4.4117,0,0
PRL_PE,D,20150512,000000,4.1135,4.1135,4.1135,4.1135,0,0
PRL_PE,D,20150513,000000,4.1135,4.1731,4.1135,4.1731,0,0
PRL_PE,D,20150515,000000,4.4117,4.4117,4.352,4.352,0,0
PRL_PE,D,20150519,000000,4.2924,4.2924,4.2924,4.2924,0,0
PRL_PE,D,20150521,000000,4.1731,4.2924,4.0539,4.2924,0,0
PRL_PE,D,20150522,000000,4.2924,4.2924,4.1135,4.1135,0,0
PRL_PE,D,20150525,000000,4.1135,4.1135,4.1135,4.1135,0,0
PRL_PE,D,20150526,000000,4.1731,4.1731,4.1731,4.1731,0,0
PRL_PE,D,20150527,000000,4.1135,4.1135,4.1135,4.1135,0,0
PRL_PE,D,20150528,000000,4.2328,4.2328,3.7559,3.7559,0,0
PRL_PE,D,20150529,000000,3.7559,3.7559,3.6962,3.6962,0,0
PRL_PE,D,20150602,000000,3.6962,3.6962,3.6962,3.6962,0,0
PRL_PE,D,20150605,000000,3.577,3.577,3.5174,3.577,0,0
PRL_PE,D,20150608,000000,3.6962,3.9943,3.6962,3.8751,0,0
PRL_PE,D,20150609,000000,3.8751,3.9346,3.8155,3.9346,0,0
PRL_PE,D,20150610,000000,3.8751,3.9943,3.8751,3.9943,0,0
PRL_PE,D,20150611,000000,3.9943,3.9943,3.8751,3.9943,0,0
PRL_PE,D,20150612,000000,3.9943,3.9943,3.8751,3.9943,0,0
PRL_PE,D,20150616,000000,3.9943,3.9943,3.9943,3.9943,0,0
PRL_PE,D,20150617,000000,3.9943,4.1731,3.9943,4.1731,0,0
PRL_PE,D,20150618,000000,4.1731,4.5308,4.1731,4.4712,0,0
PRL_PE,D,20150619,000000,4.4117,4.5308,4.4117,4.5308,0,0
PRL_PE,D,20150622,000000,4.5308,4.7693,4.5308,4.7693,0,0
PRL_PE,D,20150623,000000,4.7693,4.7693,4.7097,4.7097,0,0
PRL_PE,D,20150624,000000,4.7097,4.7693,4.7097,4.7693,0,0
PRL_PE,D,20150625,000000,4.5308,4.7693,4.5308,4.7693,0,0
PRL_PE,D,20150626,000000,4.7097,4.7693,4.7097,4.7097,0,0
PRL_PE,D,20150629,000000,4.7097,5.0674,4.7097,5.0078,0,0
PRL_PE,D,20150630,000000,4.8289,4.9482,4.5308,4.8289,0,0
PRL_PE,D,20150701,000000,4.5905,4.8289,4.5308,4.8289,0,0
PRL_PE,D,20150703,000000,4.7097,4.7693,4.6501,4.7693,0,0
PRL_PE,D,20150706,000000,4.7693,4.8289,4.7693,4.8289,0,0
PRL_PE,D,20150707,000000,4.8289,4.8289,4.8289,4.8289,0,0
PRL_PE,D,20150708,000000,4.8289,5.0674,4.8289,5.0078,0,0
PRL_PE,D,20150709,000000,5.0078,5.127,5.0078,5.127,0,0
PRL_PE,D,20150710,000000,5.127,5.1866,5.0078,5.127,0,0
PRL_PE,D,20150714,000000,5.127,5.127,4.7693,5.0674,0,0
PRL_PE,D,20150715,000000,5.0674,5.0674,4.7693,4.8289,0,0
PRL_PE,D,20150716,000000,5.0674,5.0674,4.7693,5.0078,0,0
PRL_PE,D,20150717,000000,4.8289,4.9482,4.8289,4.8886,0,0
PRL_PE,D,20150720,000000,4.7693,4.8886,4.7097,4.8886,0,0
PRL_PE,D,20150721,000000,4.8289,5.0078,4.7693,4.9482,0,0
PRL_PE,D,20150722,000000,4.9482,4.9482,4.7693,4.8289,0,0
PRL_PE,D,20150723,000000,4.8289,5.127,4.8289,5.127,0,0
PRL_PE,D,20150724,000000,5.127,5.1866,5.127,5.1866,0,0
PRL_PE,D,20150727,000000,5.1866,5.1866,5.127,5.127,0,0
PRL_PE,D,20150728,000000,5.1866,5.1866,4.9482,5.0078,0,0
PRL_PE,D,20150729,000000,5.0078,5.0674,5.0078,5.0674,0,0
PRL_PE,D,20150730,000000,5.0674,5.3059,5.0674,5.3059,0,0
PRL_PE,D,20150731,000000,5.3059,5.4251,5.3059,5.4251,0,0
PRL_PE,D,20150803,000000,5.4847,6.5578,5.4847,6.4386,0,0
PRL_PE,D,20150804,000000,6.5578,7.8698,6.5578,7.6902,0,0
PRL_PE,D,20150805,000000,7.6902,8.1079,7.0941,7.4524,0,0
PRL_PE,D,20150806,000000,7.5119,7.8097,7.2138,7.5713,0,0
PRL_PE,D,20150807,000000,7.5119,7.7503,7.3327,7.7503,0,0
PRL_PE,D,20150810,000000,7.4524,7.6902,7.3921,7.6308,0,0
PRL_PE,D,20150811,000000,7.4524,7.6902,7.2731,7.2731,0,0
PRL_PE,D,20150812,000000,7.2731,7.2731,6.6174,6.6174,0,0
PRL_PE,D,20150813,000000,6.6174,7.0941,6.379,6.9751,0,0
PRL_PE,D,20150814,000000,6.9514,6.9514,6.2348,6.4498,0,0
PRL_PE,D,20150817,000000,6.9514,6.9514,4.5149,4.5149,0,0
PRL_PE,D,20150818,000000,4.7299,4.7299,3.8698,4.3715,0,0
PRL_PE,D,20150819,000000,4.3715,4.3715,3.9415,4.3715,0,0
PRL_PE,D,20150820,000000,4.6582,5.1598,4.6582,5.1598,0,0
PRL_PE,D,20150821,000000,5.3032,5.3032,4.9448,4.9448,0,0
PRL_PE,D,20150824,000000,4.7299,4.8016,4.2282,4.8016,0,0
PRL_PE,D,20150825,000000,4.6582,4.7299,4.4432,4.7299,0,0
PRL_PE,D,20150826,000000,4.4432,4.7299,4.2282,4.2282,0,0
PRL_PE,D,20150827,000000,4.3715,4.3715,4.2999,4.2999,0,0
PRL_PE,D,20150828,000000,4.2282,4.4432,4.1565,4.4432,0,0
PRL_PE,D,20150831,000000,4.4432,4.4432,4.4432,4.4432,0,0
PRL_PE,D,20150901,000000,4.2999,4.4432,4.1565,4.3715,0,0
PRL_PE,D,20150902,000000,4.4432,4.5865,4.4432,4.5865,0,0
PRL_PE,D,20150903,000000,4.5865,4.9448,4.5149,4.6582,0,0
PRL_PE,D,20150904,000000,4.4432,4.6582,4.3715,4.6582,0,0
PRL_PE,D,20150907,000000,4.6582,4.6582,4.6582,4.6582,0,0
PRL_PE,D,20150908,000000,4.4432,4.6582,4.4432,4.6582,0,0
PRL_PE,D,20150909,000000,4.8016,4.8016,4.7299,4.7299,0,0
PRL_PE,D,20150910,000000,4.6582,4.8016,4.6582,4.8016,0,0
PRL_PE,D,20150911,000000,4.5149,4.5149,4.5149,4.5149,0,0
PRL_PE,D,20150915,000000,4.5149,4.5149,4.5149,4.5149,0,0
PRL_PE,D,20150916,000000,4.5149,4.5149,4.4432,4.4432,0,0
PRL_PE,D,20150917,000000,4.4432,4.4432,4.4432,4.4432,0,0
PRL_PE,D,20150918,000000,4.4432,4.4432,4.4432,4.4432,0,0
PRL_PE,D,20150921,000000,4.5149,4.6582,4.5149,4.6582,0,0
PRL_PE,D,20150923,000000,4.5149,4.5149,4.4432,4.4432,0,0
PRL_PE,D,20150924,000000,4.6582,4.6582,4.4432,4.5149,0,0
PRL_PE,D,20150928,000000,4.5149,4.5149,4.5149,4.5149,0,0
PRL_PE,D,20150929,000000,4.5149,4.5149,4.4432,4.4432,0,0
PRL_PE,D,20150930,000000,4.4432,4.6582,4.4432,4.6582,0,0
PRL_PE,D,20151001,000000,4.6582,4.7299,4.5149,4.5149,0,0
PRL_PE,D,20151002,000000,4.5149,4.5149,4.3715,4.4432,0,0
PRL_PE,D,20151005,000000,4.4432,4.5149,4.4432,4.4432,0,0
PRL_PE,D,20151008,000000,4.4432,4.4432,4.4432,4.4432,0,0
PRL_PE,D,20151009,000000,4.5149,4.6582,4.4432,4.6582,0,0
PRL_PE,D,20151012,000000,4.6582,4.6582,4.6582,4.6582,0,0
PRL_PE,D,20151014,000000,4.6582,4.6582,4.5865,4.5865,0,0
PRL_PE,D,20151016,000000,4.6582,4.7299,4.6582,4.7299,0,0
PRL_PE,D,20151020,000000,4.4432,4.4432,4.4432,4.4432,0,0
PRL_PE,D,20151021,000000,4.6582,4.6582,4.5865,4.5865,0,0
PRL_PE,D,20151022,000000,4.5865,4.5865,4.5149,4.5865,0,0
PRL_PE,D,20151026,000000,4.5865,4.5865,4.5865,4.5865,0,0
PRL_PE,D,20151029,000000,4.4432,4.7299,4.4432,4.7299,0,0
PRL_PE,D,20151102,000000,4.5865,4.5865,4.5865,4.5865,0,0
PRL_PE,D,20151103,000000,4.5865,4.5865,4.5865,4.5865,0,0
PRL_PE,D,20151104,000000,4.5865,4.5865,4.5865,4.5865,0,0
PRL_PE,D,20151105,000000,4.6582,4.6582,4.5865,4.5865,0,0
PRL_PE,D,20151112,000000,4.5865,4.5865,4.4432,4.4432,0,0
PRL_PE,D,20151118,000000,4.6582,4.6582,4.6582,4.6582,0,0
PRL_PE,D,20151119,000000,4.6582,4.6582,4.6582,4.6582,0,0
PRL_PE,D,20151120,000000,4.4432,4.4432,4.4432,4.4432,0,0
PRL_PE,D,20151123,000000,4.4432,4.5149,4.4432,4.5149,0,0
PRL_PE,D,20151126,000000,4.5149,4.5149,4.5149,4.5149,0,0
PRL_PE,D,20151127,000000,4.5865,4.7299,4.5865,4.6582,0,0
PRL_PE,D,20151201,000000,4.6582,4.6582,4.6582,4.6582,0,0
PRL_PE,D,20151202,000000,4.6582,4.6582,4.6582,4.6582,0,0
PRL_PE,D,20151204,000000,4.7299,4.7299,4.5865,4.7299,0,0
PRL_PE,D,20151207,000000,4.7299,4.7299,4.7299,4.7299,0,0
PRL_PE,D,20151208,000000,4.7299,4.7299,4.7299,4.7299,0,0
PRL_PE,D,20151214,000000,4.5149,4.5149,4.4432,4.4432,0,0
PRL_PE,D,20151215,000000,4.5149,4.5149,4.5149,4.5149,0,0
PRL_PE,D,20151216,000000,4.5149,4.5149,4.5149,4.5149,0,0
PRL_PE,D,20151222,000000,4.5149,4.5865,4.5149,4.5149,0,0
PRL_PE,D,20151223,000000,4.5865,4.6582,4.5865,4.6582,0,0
PRL_PE,D,20151228,000000,4.5149,4.6582,4.5149,4.6582,0,0
PRL_PE,D,20151229,000000,4.6582,4.8732,4.6582,4.8732,0,0
PRL_PE,D,20151230,000000,4.8732,5.2315,4.8732,5.2315,0,0
PRL_PE,D,20160104,000000,5.6615,5.6615,5.6615,5.6615,0,0
PRL_PE,D,20160105,000000,5.0165,5.6615,5.0165,5.6615,0,0
PRL_PE,D,20160107,000000,5.0165,5.0165,4.8732,4.8732,0,0
PRL_PE,D,20160114,000000,4.8732,4.8732,4.8732,4.8732,0,0
PRL_PE,D,20160118,000000,4.8732,4.8732,4.8732,4.8732,0,0
PRL_PE,D,20160119,000000,4.8732,4.8732,4.8732,4.8732,0,0
PRL_PE,D,20160120,000000,5.0882,5.0882,5.0882,5.0882,0,0
PRL_PE,D,20160121,000000,5.0882,5.0882,5.0882,5.0882,0,0
PRL_PE,D,20160128,000000,5.0882,5.0882,5.0882,5.0882,0,0
PRL_PE,D,20160129,000000,5.0882,5.0882,5.0882,5.0882,0,0
PRL_PE,D,20160202,000000,5.0882,5.0882,5.0882,5.0882,0,0
PRL_PE,D,20160205,000000,4.9448,5.0882,4.9448,5.0882,0,0
PRL_PE,D,20160209,000000,5.0882,5.0882,5.0882,5.0882,0,0
PRL_PE,D,20160211,000000,5.1598,5.3032,5.1598,5.2315,0,0
PRL_PE,D,20160215,000000,5.0165,5.1598,5.0165,5.1598,0,0
PRL_PE,D,20160218,000000,5.0882,5.0882,5.0882,5.0882,0,0
PRL_PE,D,20160223,000000,5.5181,5.7332,5.5181,5.6615,0,0
PRL_PE,D,20160224,000000,5.6615,6.2348,5.6615,6.2348,0,0
PRL_PE,D,20160229,000000,6.2348,6.6648,6.2348,6.6648,0,0
PRL_PE,D,20160301,000000,6.6648,6.8081,6.6648,6.8081,0,0
PRL_PE,D,20160302,000000,6.8081,6.8081,6.8081,6.8081,0,0
PRL_PE,D,20160303,000000,6.8798,6.8798,6.8798,6.8798,0,0
PRL_PE,D,20160304,000000,7.1665,7.5247,7.1665,7.5247,0,0
PRL_PE,D,20160308,000000,7.0948,7.2381,6.9514,7.2381,0,0
PRL_PE,D,20160309,000000,7.0948,7.3097,6.5932,6.8081,0,0
PRL_PE,D,20160311,000000,6.7364,6.7364,6.7364,6.7364,0,0
PRL_PE,D,20160314,000000,6.5932,6.6648,6.5932,6.6648,0,0
PRL_PE,D,20160315,000000,6.6648,6.6648,6.6648,6.6648,0,0
PRL_PE,D,20160317,000000,6.6648,6.6648,6.6648,6.6648,0,0
PRL_PE,D,20160318,000000,6.8081,7.0948,6.8081,7.0948,0,0
PRL_PE,D,20160321,000000,7.0948,7.3097,7.0948,7.3097,0,0
PRL_PE,D,20160322,000000,6.9514,7.3097,6.9514,7.3097,0,0
PRL_PE,D,20160323,000000,7.3097,7.4531,7.0948,7.0948,0,0
PRL_PE,D,20160324,000000,7.0948,7.0948,7.0948,7.0948,0,0
PRL_PE,D,20160330,000000,7.1665,7.4531,7.1665,7.4531,0,0
PRL_PE,D,20160331,000000,6.9514,7.1665,6.9514,7.1665,0,0
PRL_PE,D,20160401,000000,7.0231,7.0231,6.9514,6.9514,0,0
PRL_PE,D,20160404,000000,7.0948,7.0948,7.0948,7.0948,0,0
PRL_PE,D,20160408,000000,6.9514,6.9514,6.5932,6.5932,0,0
PRL_PE,D,20160411,000000,6.7364,6.9514,6.7364,6.9514,0,0
PRL_PE,D,20160412,000000,6.5932,6.6648,6.5932,6.6648,0,0
PRL_PE,D,20160413,000000,6.8081,6.8081,6.8081,6.8081,0,0
PRL_PE,D,20160414,000000,6.8081,6.8081,6.8081,6.8081,0,0
PRL_PE,D,20160418,000000,6.8081,6.8081,6.6648,6.6648,0,0
PRL_PE,D,20160419,000000,6.6648,6.7364,6.3781,6.4498,0,0
PRL_PE,D,20160420,000000,6.5215,6.5215,6.5215,6.5215,0,0
PRL_PE,D,20160421,000000,6.5215,6.5215,6.5215,6.5215,0,0
PRL_PE,D,20160422,000000,6.5215,6.5932,6.5215,6.5932,0,0
PRL_PE,D,20160425,000000,6.4498,6.4498,6.0915,6.3065,0,0
PRL_PE,D,20160426,000000,6.3781,6.6648,6.2348,6.2348,0,0
PRL_PE,D,20160427,000000,6.6648,6.9514,6.6648,6.9514,0,0
PRL_PE,D,20160429,000000,6.9514,6.9514,6.9514,6.9514,0,0
PRL_PE,D,20160502,000000,6.9514,6.9514,6.9514,6.9514,0,0
PRL_PE,D,20160504,000000,6.5932,6.5932,6.5932,6.5932,0,0
PRL_PE,D,20160509,000000,6.9514,6.9514,6.9514,6.9514,0,0
PRL_PE,D,20160512,000000,7.0231,7.0231,6.6648,6.6648,0,0
PRL_PE,D,20160516,000000,7.0948,7.0948,6.9514,6.9514,0,0
PRL_PE,D,20160517,000000,6.9514,7.0231,6.5932,6.5932,0,0
PRL_PE,D,20160518,000000,7.0231,7.0948,7.0231,7.0948,0,0
PRL_PE,D,20160519,000000,7.0948,7.0948,7.0948,7.0948,0,0
PRL_PE,D,20160524,000000,6.0199,6.0199,6.0199,6.0199,0,0
PRL_PE,D,20160530,000000,5.6615,5.9482,5.3032,5.9482,0,0
PRL_PE,D,20160602,000000,5.5181,5.5181,5.3749,5.4466,0,0
PRL_PE,D,20160603,000000,5.4466,5.4466,5.3749,5.3749,0,0
PRL_PE,D,20160606,000000,5.3032,5.3032,5.3032,5.3032,0,0
PRL_PE,D,20160608,000000,5.2315,5.3749,5.2315,5.3749,0,0
PRL_PE,D,20160629,000000,5.3749,5.3749,5.3749,5.3749,0,0
PRL_PE,D,20160705,000000,5.3749,5.3749,5.3749,5.3749,0,0
PRL_PE,D,20160706,000000,5.3749,5.6615,5.3749,5.6615,0,0
PRL_PE,D,20160719,000000,5.6615,5.8048,5.6615,5.8048,0,0
PRL_PE,D,20160721,000000,5.5181,5.5181,5.3032,5.3032,0,0
PRL_PE,D,20160722,000000,5.3032,5.3032,5.3032,5.3032,0,0
PRL_PE,D,20160725,000000,5.3032,5.3032,5.3032,5.3032,0,0
PRL_PE,D,20160727,000000,5.3032,5.3032,5.2315,5.2315,0,0
PRL_PE,D,20160802,000000,5.2315,5.2315,5.2315,5.2315,0,0
PRL_PE,D,20160803,000000,5.3032,5.3032,5.3032,5.3032,0,0
PRL_PE,D,20160808,000000,5.2315,5.2315,5.2315,5.2315,0,0
PRL_PE,D,20160809,000000,5.2315,5.2315,5.2315,5.2315,0,0
PRL_PE,D,20160811,000000,5.2315,5.2315,5.2315,5.2315,0,0
PRL_PE,D,20160812,000000,5.4466,5.5181,5.4466,5.4466,0,0
PRL_PE,D,20160816,000000,5.4466,5.4466,4.2999,4.2999,0,0
PRL_PE,D,20160817,000000,4.2999,4.4432,4.2999,4.4432,0,0
PRL_PE,D,20160818,000000,4.4432,4.4432,4.4432,4.4432,0,0
PRL_PE,D,20160822,000000,4.5149,4.5149,4.5149,4.5149,0,0
PRL_PE,D,20160823,000000,4.3715,4.3715,4.3715,4.3715,0,0
PRL_PE,D,20160826,000000,4.3715,4.4432,4.3715,4.4432,0,0
PRL_PE,D,20160831,000000,4.4432,4.5149,4.4432,4.5149,0,0
PRL_PE,D,20160902,000000,4.2999,4.2999,4.2282,4.2999,0,0
PRL_PE,D,20160905,000000,4.2282,4.2282,4.2282,4.2282,0,0
PRL_PE,D,20160906,000000,4.4432,4.5865,4.4432,4.5865,0,0
PRL_PE,D,20160908,000000,4.2999,4.2999,4.2999,4.2999,0,0
PRL_PE,D,20160909,000000,4.2282,4.2282,4.2282,4.2282,0,0
PRL_PE,D,20160912,000000,4.2282,4.2282,3.7265,3.7982,0,0
PRL_PE,D,20160916,000000,3.8698,3.8698,3.7265,3.7265,0,0
PRL_PE,D,20160919,000000,3.7265,3.7265,3.5832,3.7265,0,0
PRL_PE,D,20160920,000000,3.7982,3.7982,3.7982,3.7982,0,0
PRL_PE,D,20160923,000000,3.7982,3.7982,3.7982,3.7982,0,0
PRL_PE,D,20160926,000000,3.7982,3.7982,3.7982,3.7982,0,0
PRL_PE,D,20160927,000000,3.7982,3.7982,3.7265,3.7265,0,0
PRL_PE,D,20160928,000000,3.7265,3.8698,3.7265,3.7982,0,0
PRL_PE,D,20161004,000000,3.6549,3.7265,3.6549,3.7265,0,0
PRL_PE,D,20161005,000000,3.7265,3.7265,3.7265,3.7265,0,0
PRL_PE,D,20161006,000000,3.8698,3.8698,3.7265,3.7265,0,0
PRL_PE,D,20161007,000000,3.7265,3.8698,3.7265,3.8698,0,0
PRL_PE,D,20161012,000000,3.7265,3.7265,3.7265,3.7265,0,0
PRL_PE,D,20161013,000000,3.7265,3.7265,3.7265,3.7265,0,0
PRL_PE,D,20161014,000000,3.7265,3.7265,3.7265,3.7265,0,0
PRL_PE,D,20161017,000000,3.7265,3.7265,3.7265,3.7265,0,0
PRL_PE,D,20161020,000000,3.7265,3.7982,3.7265,3.7265,0,0
PRL_PE,D,20161021,000000,3.7265,3.7265,3.6549,3.7265,0,0
PRL_PE,D,20161024,000000,3.7265,3.8698,3.7265,3.8698,0,0
PRL_PE,D,20161025,000000,3.8698,3.8698,3.8698,3.8698,0,0
PRL_PE,D,20161027,000000,3.8698,3.9415,3.8698,3.8698,0,0
PRL_PE,D,20161028,000000,3.7265,3.7265,3.7265,3.7265,0,0
PRL_PE,D,20161031,000000,3.7265,3.7265,3.7265,3.7265,0,0
PRL_PE,D,20161102,000000,3.7265,3.7265,3.7265,3.7265,0,0
PRL_PE,D,20161104,000000,3.7982,3.7982,3.7982,3.7982,0,0
PRL_PE,D,20161107,000000,3.7265,3.7265,3.7265,3.7265,0,0
PRL_PE,D,20161108,000000,3.7265,3.7265,3.7265,3.7265,0,0
PRL_PE,D,20161110,000000,3.8698,3.8698,3.8698,3.8698,0,0
PRL_PE,D,20161114,000000,3.7265,4.2282,3.7265,4.2282,0,0
PRL_PE,D,20161116,000000,3.5115,3.5115,3.5115,3.5115,0,0
PRL_PE,D,20161118,000000,3.3682,3.5832,3.3682,3.5832,0,0
PRL_PE,D,20161121,000000,3.3682,3.3682,3.3682,3.3682,0,0
PRL_PE,D,20161122,000000,3.3682,3.5832,3.2248,3.4398,0,0
PRL_PE,D,20161123,000000,3.3682,3.3682,3.3682,3.3682,0,0
PRL_PE,D,20161125,000000,3.4398,3.5832,3.4398,3.5832,0,0
PRL_PE,D,20161129,000000,3.6549,3.6549,3.5832,3.5832,0,0
PRL_PE,D,20161130,000000,3.5115,3.5115,3.5115,3.5115,0,0
PRL_PE,D,20161201,000000,3.5115,3.5115,3.2965,3.3682,0,0
PRL_PE,D,20161202,000000,3.2965,3.2965,3.2965,3.2965,0,0
PRL_PE,D,20161205,000000,3.2248,3.2248,3.2248,3.2248,0,0
PRL_PE,D,20161206,000000,3.3682,3.3682,3.3682,3.3682,0,0
PRL_PE,D,20161207,000000,3.4398,3.4398,3.3682,3.3682,0,0
PRL_PE,D,20161212,000000,3.3682,3.3682,3.3682,3.3682,0,0
PRL_PE,D,20161222,000000,3.2248,3.2248,3.1532,3.1532,0,0
PRL_PE,D,20161227,000000,3.1532,3.1532,3.1532,3.1532,0,0
PRL_PE,D,20161230,000000,3.1532,3.2248,3.1532,3.2248,0,0
PRL_PE,D,20170102,000000,3.8698,3.8698,3.4398,3.5115,0,0
PRL_PE,D,20170103,000000,3.5115,3.5115,3.3682,3.3682,0,0
PRL_PE,D,20170104,000000,3.3682,3.3682,3.3682,3.3682,0,0
PRL_PE,D,20170109,000000,3.4398,3.4398,3.4398,3.4398,0,0
PRL_PE,D,20170111,000000,3.5832,3.5832,3.5832,3.5832,0,0
PRL_PE,D,20170117,000000,3.5115,3.5832,3.5115,3.5115,0,0
PRL_PE,D,20170119,000000,3.5115,3.5115,3.5115,3.5115,0,0
PRL_PE,D,20170125,000000,3.4398,3.4398,3.3682,3.3682,0,0
PRL_PE,D,20170126,000000,3.3682,3.4398,3.3682,3.4398,0,0
PRL_PE,D,20170127,000000,3.3682,3.3682,3.3682,3.3682,0,0
PRL_PE,D,20170130,000000,3.3682,3.3682,3.3682,3.3682,0,0
PRL_PE,D,20170131,000000,3.3682,3.3682,3.3682,3.3682,0,0
PRL_PE,D,20170203,000000,3.2965,3.2965,3.2965,3.2965,0,0
PRL_PE,D,20170206,000000,3.2965,3.2965,3.1532,3.1532,0,0
PRL_PE,D,20170207,000000,3.2248,3.2248,3.2248,3.2248,0,0
PRL_PE,D,20170208,000000,3.2965,3.2965,3.2965,3.2965,0,0
PRL_PE,D,20170210,000000,3.1532,3.2248,3.1532,3.2248,0,0
PRL_PE,D,20170214,000000,3.2965,3.5832,3.2965,3.5832,0,0
PRL_PE,D,20170215,000000,3.5832,3.5832,3.4398,3.4398,0,0
PRL_PE,D,20170216,000000,3.3682,3.3682,3.3682,3.3682,0,0
PRL_PE,D,20170217,000000,3.3682,3.5832,3.2965,3.5832,0,0
PRL_PE,D,20170220,000000,3.5115,3.5832,3.4398,3.4398,0,0
PRL_PE,D,20170221,000000,3.3682,3.3682,3.2965,3.2965,0,0
PRL_PE,D,20170222,000000,3.4398,3.4398,3.4398,3.4398,0,0
PRL_PE,D,20170224,000000,3.4398,3.4398,3.4398,3.4398,0,0
PRL_PE,D,20170228,000000,3.2965,3.4398,3.2965,3.4398,0,0
PRL_PE,D,20170301,000000,3.2965,3.2965,3.2965,3.2965,0,0
PRL_PE,D,20170308,000000,3.2248,3.2965,3.2248,3.2965,0,0
PRL_PE,D,20170309,000000,3.2965,3.2965,3.2965,3.2965,0,0
PRL_PE,D,20170313,000000,3.2965,3.2965,3.2965,3.2965,0,0
PRL_PE,D,20170314,000000,3.2965,3.2965,3.2965,3.2965,0,0
PRL_PE,D,20170316,000000,3.2965,3.2965,3.2965,3.2965,0,0
PRL_PE,D,20170317,000000,3.2965,3.2965,3.2965,3.2965,0,0
PRL_PE,D,20170328,000000,3.3682,3.4398,3.3682,3.3682,0,0
PRL_PE,D,20170418,000000,3.2965,3.2965,3.2965,3.2965,0,0
PRL_PE,D,20170420,000000,3.2965,3.2965,3.2965,3.2965,0,0
PRL_PE,D,20170421,000000,3.4398,3.4398,3.4398,3.4398,0,0
PRL_PE,D,20170424,000000,3.3682,3.4398,3.2965,3.4398,0,0
PRL_PE,D,20170426,000000,3.5115,3.5115,3.5115,3.5115,0,0
PRL_PE,D,20170427,000000,3.5115,3.5115,3.5115,3.5115,0,0
PRL_PE,D,20170504,000000,3.3682,3.3682,3.3682,3.3682,0,0
PRL_PE,D,20170508,000000,3.2965,3.2965,3.2965,3.2965,0,0
PRL_PE,D,20170509,000000,3.3682,3.3682,3.3682,3.3682,0,0
PRL_PE,D,20170515,000000,3.4398,3.6549,3.4398,3.4398,0,0
PRL_PE,D,20170516,000000,3.5115,3.5832,3.3682,3.3682,0,0
PRL_PE,D,20170517,000000,3.3682,3.3682,3.3682,3.3682,0,0
PRL_PE,D,20170518,000000,3.2965,3.3682,3.2965,3.3682,0,0
PRL_PE,D,20170519,000000,3.3682,3.3682,3.3682,3.3682,0,0
PRL_PE,D,20170522,000000,3.4398,3.6549,3.4398,3.6549,0,0
PRL_PE,D,20170523,000000,3.5832,3.6549,3.5832,3.6549,0,0
PRL_PE,D,20170525,000000,3.5115,3.5115,3.5115,3.5115,0,0
PRL_PE,D,20170526,000000,3.5115,3.5115,3.5115,3.5115,0,0
PRL_PE,D,20170530,000000,3.4398,3.5115,3.4398,3.5115,0,0
PRL_PE,D,20170601,000000,3.5115,3.5115,3.5115,3.5115,0,0
PRL_PE,D,20170607,000000,3.5115,3.5115,3.4398,3.4398,0,0
PRL_PE,D,20170612,000000,3.4398,3.4398,3.4398,3.4398,0,0
PRL_PE,D,20170621,000000,3.4398,3.4398,3.0816,3.1532,0,0
PRL_PE,D,20170623,000000,3.2248,3.2248,3.2248,3.2248,0,0
PRL_PE,D,20170626,000000,3.2965,3.2965,3.2965,3.2965,0,0
PRL_PE,D,20170628,000000,3.2965,3.3682,3.2965,3.3682,0,0
PRL_PE,D,20170629,000000,3.3682,3.3682,3.3682,3.3682,0,0
PRL_PE,D,20170630,000000,3.3682,3.3682,3.3682,3.3682,0,0
PRL_PE,D,20170703,000000,3.3682,3.3682,3.3682,3.3682,0,0
PRL_PE,D,20170710,000000,3.3682,3.3682,3.3682,3.3682,0,0
PRL_PE,D,20170711,000000,3.3682,3.3682,3.1532,3.1532,0,0
PRL_PE,D,20170720,000000,3.1532,3.1532,3.1532,3.1532,0,0
PRL_PE,D,20170721,000000,3.1532,3.2248,3.1532,3.2248,0,0
PRL_PE,D,20170724,000000,3.2248,3.2248,3.2248,3.2248,0,0
PRL_PE,D,20170726,000000,3.2248,3.2248,3.2248,3.2248,0,0
PRL_PE,D,20170801,000000,3.1532,3.1532,3.1532,3.1532,0,0
PRL_PE,D,20170802,000000,3.1532,3.1532,3.1532,3.1532,0,0
PRL_PE,D,20170804,000000,3.1532,3.1532,3.1532,3.1532,0,0
PRL_PE,D,20170810,000000,3.2248,3.2248,3.2248,3.2248,0,0
PRL_PE,D,20170811,000000,3.2248,3.2965,3.2248,3.2965,0,0
PRL_PE,D,20170814,000000,3.4398,3.5832,3.4398,3.5115,0,0
PRL_PE,D,20170816,000000,3.5832,3.6549,3.5832,3.6549,0,0
PRL_PE,D,20170818,000000,3.6549,3.6549,3.5115,3.5115,0,0
PRL_PE,D,20170821,000000,3.5115,3.5115,3.5115,3.5115,0,0
PRL_PE,D,20170822,000000,3.5832,3.5832,3.2965,3.2965,0,0
PRL_PE,D,20170823,000000,3.2965,3.2965,3.2965,3.2965,0,0
PRL_PE,D,20170825,000000,3.2965,3.2965,3.2965,3.2965,0,0
PRL_PE,D,20170829,000000,3.2965,3.2965,3.2965,3.2965,0,0
PRL_PE,D,20170831,000000,3.2965,3.2965,3.2965,3.2965,0,0
PRL_PE,D,20170901,000000,3.2965,3.3682,3.2965,3.3682,0,0
PRL_PE,D,20170904,000000,3.3682,3.3682,3.3682,3.3682,0,0
PRL_PE,D,20170906,000000,3.3682,3.3682,3.3682,3.3682,0,0
PRL_PE,D,20170907,000000,3.3682,3.3682,3.3682,3.3682,0,0
PRL_PE,D,20170908,000000,3.2965,3.2965,3.2965,3.2965,0,0
PRL_PE,D,20170912,000000,3.2965,3.2965,3.2965,3.2965,0,0
PRL_PE,D,20170915,000000,3.2965,3.2965,3.2965,3.2965,0,0
PRL_PE,D,20170918,000000,3.2965,3.2965,3.2965,3.2965,0,0
PRL_PE,D,20170920,000000,3.2965,3.2965,3.2965,3.2965,0,0
PRL_PE,D,20170921,000000,3.2965,3.2965,3.2965,3.2965,0,0
PRL_PE,D,20170925,000000,3.2965,3.2965,3.2965,3.2965,0,0
PRL_PE,D,20170926,000000,3.2965,3.2965,3.2965,3.2965,0,0
PRL_PE,D,20170927,000000,3.2965,3.2965,3.2965,3.2965,0,0
PRL_PE,D,20170928,000000,3.2965,3.2965,3.2965,3.2965,0,0
PRL_PE,D,20171002,000000,3.3682,3.4398,3.3682,3.4398,0,0
PRL_PE,D,20171003,000000,3.3682,3.3682,3.2965,3.2965,0,0
PRL_PE,D,20171009,000000,3.2965,3.2965,3.2965,3.2965,0,0
PRL_PE,D,20171013,000000,3.3682,3.3682,3.3682,3.3682,0,0
PRL_PE,D,20171016,000000,3.3682,3.4398,3.3682,3.4398,0,0
PRL_PE,D,20171017,000000,3.4398,3.6549,3.4398,3.6549,0,0
PRL_PE,D,20171023,000000,3.6549,3.6549,3.6549,3.6549,0,0
PRL_PE,D,20171026,000000,3.5115,3.5115,3.4398,3.4398,0,0
PRL_PE,D,20171027,000000,3.4398,3.4398,3.4398,3.4398,0,0
PRL_PE,D,20171031,000000,3.5832,3.5832,3.5832,3.5832,0,0
PRL_PE,D,20171102,000000,3.5832,3.6549,3.5832,3.6549,0,0
PRL_PE,D,20171103,000000,3.6549,3.6549,3.6549,3.6549,0,0
PRL_PE,D,20171106,000000,3.6549,3.6549,3.6549,3.6549,0,0
PRL_PE,D,20171107,000000,3.6549,3.6549,3.6549,3.6549,0,0
PRL_PE,D,20171109,000000,3.6549,4.0132,3.6549,3.9415,0,0
PRL_PE,D,20171110,000000,3.7982,3.7982,3.7982,3.7982,0,0
PRL_PE,D,20171113,000000,3.9415,3.9415,3.8698,3.9415,0,0
PRL_PE,D,20171114,000000,3.8698,3.8698,3.7982,3.7982,0,0
PRL_PE,D,20171115,000000,3.9415,3.9415,3.8698,3.8698,0,0
PRL_PE,D,20171120,000000,3.8698,4.1565,3.8698,4.1565,0,0
PRL_PE,D,20171121,000000,4.0132,4.0132,3.8698,3.8698,0,0
PRL_PE,D,20171129,000000,3.9415,4.0132,3.9415,4.0132,0,0
PRL_PE,D,20171201,000000,3.9415,3.9415,3.7982,3.7982,0,0
PRL_PE,D,20171204,000000,3.8698,3.9415,3.8698,3.9415,0,0
PRL_PE,D,20171205,000000,3.9415,3.9415,3.9415,3.9415,0,0
PRL_PE,D,20171206,000000,4.0132,4.0132,4.0132,4.0132,0,0
PRL_PE,D,20171207,000000,4.0132,4.0849,3.9415,4.0132,0,0
PRL_PE,D,20171208,000000,4.0849,4.1565,4.0849,4.0849,0,0
PRL_PE,D,20171211,000000,4.0849,4.1565,4.0132,4.0132,0,0
PRL_PE,D,20171212,000000,4.0132,4.0849,3.9415,4.0849,0,0
PRL_PE,D,20171213,000000,4.0132,4.1565,4.0132,4.1565,0,0
PRL_PE,D,20171214,000000,4.7139,4.8764,3.9825,4.3076,0,0
PRL_PE,D,20171215,000000,4.3076,4.3076,4.3076,4.3076,0,0
PRL_PE,D,20171218,000000,4.3076,4.3076,4.3076,4.3076,0,0
PRL_PE,D,20171219,000000,4.3076,4.3076,4.3076,4.3076,0,0
PRL_PE,D,20171220,000000,4.3076,4.3076,4.3076,4.3076,0,0
PRL_PE,D,20171222,000000,4.2262,4.2262,4.2262,4.2262,0,0
PRL_PE,D,20171227,000000,4.145,4.145,4.145,4.145,0,0
PRL_PE,D,20171229,000000,4.145,4.145,3.9012,3.9012,0,0
PRL_PE,D,20180108,000000,4.4701,4.6327,4.3888,4.3888,0,0
PRL_PE,D,20180110,000000,4.3888,4.3888,4.3076,4.3076,0,0
PRL_PE,D,20180111,000000,4.2262,4.2262,4.145,4.145,0,0
PRL_PE,D,20180112,000000,4.2262,4.2262,4.2262,4.2262,0,0
PRL_PE,D,20180115,000000,4.3888,4.3888,4.3888,4.3888,0,0
PRL_PE,D,20180116,000000,4.5513,4.5513,4.4701,4.4701,0,0
PRL_PE,D,20180117,000000,4.3076,4.3076,4.3076,4.3076,0,0
PRL_PE,D,20180118,000000,4.145,4.145,4.145,4.145,0,0
PRL_PE,D,20180119,000000,4.145,4.145,4.145,4.145,0,0
PRL_PE,D,20180125,000000,4.145,4.145,4.145,4.145,0,0
PRL_PE,D,20180126,000000,4.145,4.145,4.145,4.145,0,0
PRL_PE,D,20180130,000000,4.145,4.145,4.145,4.145,0,0
PRL_PE,D,20180131,000000,3.9825,3.9825,3.9825,3.9825,0,0
PRL_PE,D,20180201,000000,3.9825,4.0637,3.9825,4.0637,0,0
PRL_PE,D,20180202,000000,4.0637,4.0637,3.9825,3.9825,0,0
PRL_PE,D,20180205,000000,3.9012,3.9012,3.9012,3.9012,0,0
PRL_PE,D,20180206,000000,3.8199,3.8199,3.4948,3.4948,0,0
PRL_PE,D,20180207,000000,3.6574,3.6574,3.6574,3.6574,0,0
PRL_PE,D,20180208,000000,3.8199,3.8199,3.8199,3.8199,0,0
PRL_PE,D,20180209,000000,3.9012,3.9825,3.9012,3.9012,0,0
PRL_PE,D,20180214,000000,3.9012,4.4701,3.9012,4.2262,0,0
PRL_PE,D,20180215,000000,4.145,4.145,4.0637,4.0637,0,0
PRL_PE,D,20180219,000000,3.9012,3.9012,3.9012,3.9012,0,0
PRL_PE,D,20180222,000000,3.9012,3.9825,3.9012,3.9012,0,0
PRL_PE,D,20180223,000000,3.9825,3.9825,3.9825,3.9825,0,0
PRL_PE,D,20180226,000000,3.8199,3.8199,3.8199,3.8199,0,0
PRL_PE,D,20180227,000000,3.8199,3.8199,3.8199,3.8199,0,0
PRL_PE,D,20180305,000000,3.9012,3.9012,3.9012,3.9012,0,0
PRL_PE,D,20180307,000000,3.8199,3.8199,3.7386,3.7386,0,0
PRL_PE,D,20180314,000000,3.8199,3.8199,3.8199,3.8199,0,0
PRL_PE,D,20180320,000000,3.8199,3.8199,3.8199,3.8199,0,0
PRL_PE,D,20180322,000000,3.8199,3.8199,3.8199,3.8199,0,0
PRL_PE,D,20180323,000000,3.7386,3.7386,3.7386,3.7386,0,0
PRL_PE,D,20180329,000000,3.7386,3.7386,3.7386,3.7386,0,0
PRL_PE,D,20180403,000000,3.7386,3.7386,3.7386,3.7386,0,0
PRL_PE,D,20180404,000000,3.7386,3.7386,3.7386,3.7386,0,0
PRL_PE,D,20180405,000000,3.7386,3.7386,3.6574,3.7386,0,0
PRL_PE,D,20180406,000000,3.8199,3.8199,3.7386,3.7386,0,0
PRL_PE,D,20180419,000000,3.9012,4.0637,3.9012,4.0637,0,0
PRL_PE,D,20180423,000000,3.9012,3.9012,3.9012,3.9012,0,0
PRL_PE,D,20180427,000000,4.0637,4.0637,4.0637,4.0637,0,0
PRL_PE,D,20180504,000000,3.9012,3.9012,3.9012,3.9012,0,0
PRL_PE,D,20180507,000000,4.0637,4.0637,4.0637,4.0637,0,0
PRL_PE,D,20180514,000000,4.0637,4.0637,3.9012,3.9012,0,0
PRL_PE,D,20180515,000000,3.8199,3.9012,3.6574,3.6574,0,0
PRL_PE,D,20180516,000000,3.6574,4.0637,3.6574,4.0637,0,0
PRL_PE,D,20180517,000000,4.2262,4.2262,4.145,4.145,0,0
PRL_PE,D,20180518,000000,4.145,4.145,3.9825,4.0637,0,0
PRL_PE,D,20180521,000000,4.0637,4.0637,4.0637,4.0637,0,0
PRL_PE,D,20180522,000000,4.0637,4.0637,4.0637,4.0637,0,0
PRL_PE,D,20180523,000000,4.0637,4.0637,4.0637,4.0637,0,0
PRL_PE,D,20180528,000000,4.0637,4.145,4.0637,4.0637,0,0
PRL_PE,D,20180601,000000,3.9825,4.0637,3.9825,4.0637,0,0
PRL_PE,D,20180604,000000,4.0637,4.0637,3.9825,3.9825,0,0
PRL_PE,D,20180618,000000,3.9825,3.9825,3.9825,3.9825,0,0
PRL_PE,D,20180628,000000,3.9825,3.9825,3.9825,3.9825,0,0
PRL_PE,D,20180629,000000,4.145,4.3076,4.145,4.2262,0,0
PRL_PE,D,20180702,000000,4.2262,4.2262,4.2262,4.2262,0,0
PRL_PE,D,20180703,000000,4.0637,4.0637,4.0637,4.0637,0,0
PRL_PE,D,20180705,000000,4.0637,4.0637,4.0637,4.0637,0,0
PRL_PE,D,20180706,000000,4.0637,4.0637,4.0637,4.0637,0,0
PRL_PE,D,20180713,000000,4.0637,4.0637,4.0637,4.0637,0,0
PRL_PE,D,20180716,000000,4.0637,4.0637,4.0637,4.0637,0,0
PRL_PE,D,20180717,000000,4.0637,4.0637,3.9012,3.9012,0,0
PRL_PE,D,20180718,000000,3.9012,3.9012,3.8199,3.9012,0,0
PRL_PE,D,20180724,000000,3.9012,3.9012,3.9012,3.9012,0,0
PRL_PE,D,20180725,000000,3.9012,3.9012,3.9012,3.9012,0,0
PRL_PE,D,20180731,000000,3.9012,3.9012,3.9012,3.9012,0,0
PRL_PE,D,20180802,000000,3.9825,3.9825,3.8199,3.9012,0,0
PRL_PE,D,20180806,000000,3.9012,3.9012,3.9012,3.9012,0,0
PRL_PE,D,20180807,000000,3.9012,3.9012,3.9012,3.9012,0,0
PRL_PE,D,20180808,000000,3.8199,3.8199,3.8199,3.8199,0,0
PRL_PE,D,20180809,000000,3.8199,3.8199,3.7386,3.7386,0,0
PRL_PE,D,20180813,000000,3.7386,3.7386,3.5761,3.5761,0,0
PRL_PE,D,20180814,000000,3.7386,3.9012,3.5761,3.5761,0,0
PRL_PE,D,20180817,000000,3.5761,3.5761,3.5761,3.5761,0,0
PRL_PE,D,20180820,000000,3.5761,3.5761,3.5761,3.5761,0,0
PRL_PE,D,20180821,000000,3.5761,3.9825,3.5761,3.9825,0,0
PRL_PE,D,20180822,000000,3.9825,3.9825,3.9825,3.9825,0,0
PRL_PE,D,20180823,000000,3.9825,3.9825,3.9825,3.9825,0,0
PRL_PE,D,20180829,000000,3.9825,3.9825,3.9825,3.9825,0,0
PRL_PE,D,20180830,000000,3.9825,3.9825,3.9012,3.9012,0,0
PRL_PE,D,20180906,000000,3.9012,3.9012,3.9012,3.9012,0,0
PRL_PE,D,20180907,000000,3.9012,3.9012,3.9012,3.9012,0,0
PRL_PE,D,20180910,000000,3.9012,3.9012,3.7386,3.8199,0,0
PRL_PE,D,20180911,000000,3.9012,3.9012,3.9012,3.9012,0,0
PRL_PE,D,20180912,000000,3.9012,3.9012,3.9012,3.9012,0,0
PRL_PE,D,20180917,000000,3.9012,3.9012,3.9012,3.9012,0,0
PRL_PE,D,20180918,000000,3.7386,3.8199,3.7386,3.8199,0,0
PRL_PE,D,20180920,000000,3.8199,3.8199,3.8199,3.8199,0,0
PRL_PE,D,20180921,000000,3.9012,3.9012,3.9012,3.9012,0,0
PRL_PE,D,20180925,000000,3.9012,3.9012,3.9012,3.9012,0,0
PRL_PE,D,20180928,000000,3.9012,3.9012,3.9012,3.9012,0,0
PRL_PE,D,20181003,000000,3.9012,3.9012,3.9012,3.9012,0,0
PRL_PE,D,20181004,000000,3.9825,3.9825,3.9012,3.9012,0,0
PRL_PE,D,20181005,000000,3.9012,4.3076,3.9012,4.3076,0,0
PRL_PE,D,20181009,000000,4.3076,4.3076,3.8199,3.8199,0,0
PRL_PE,D,20181010,000000,4.145,4.4701,4.145,4.4701,0,0
PRL_PE,D,20181011,000000,4.3076,4.3076,4.3076,4.3076,0,0
PRL_PE,D,20181015,000000,4.3076,4.3076,4.3076,4.3076,0,0
PRL_PE,D,20181018,000000,4.3076,4.3888,4.3076,4.3888,0,0
PRL_PE,D,20181019,000000,4.3888,4.3888,4.3888,4.3888,0,0
PRL_PE,D,20181023,000000,4.4701,4.6327,4.4701,4.5513,0,0
PRL_PE,D,20181024,000000,4.5513,4.5513,4.5513,4.5513,0,0
PRL_PE,D,20181025,000000,4.5513,4.5513,4.5513,4.5513,0,0
PRL_PE,D,20181026,000000,4.5513,4.5513,4.5513,4.5513,0,0
PRL_PE,D,20181030,000000,4.5513,4.5513,4.5513,4.5513,0,0
PRL_PE,D,20181031,000000,4.5513,4.5513,4.5513,4.5513,0,0
PRL_PE,D,20181102,000000,4.5513,4.5513,4.5513,4.5513,0,0
PRL_PE,D,20181105,000000,4.5513,4.5513,4.5513,4.5513,0,0
PRL_PE,D,20181107,000000,4.4701,4.5513,4.4701,4.5513,0,0
PRL_PE,D,20181108,000000,4.6327,4.6327,4.5513,4.5513,0,0
PRL_PE,D,20181109,000000,4.5513,4.5513,4.5513,4.5513,0,0
PRL_PE,D,20181113,000000,4.5513,4.5513,4.5513,4.5513,0,0
PRL_PE,D,20181114,000000,4.4701,4.6327,4.4701,4.6327,0,0
PRL_PE,D,20181115,000000,4.6327,4.6327,4.145,4.145,0,0
PRL_PE,D,20181116,000000,4.145,4.145,4.145,4.145,0,0
PRL_PE,D,20181121,000000,4.145,4.3888,4.145,4.3888,0,0
PRL_PE,D,20181122,000000,4.3888,4.3888,4.3076,4.3076,0,0
PRL_PE,D,20181123,000000,4.3076,4.3888,4.3076,4.3888,0,0
PRL_PE,D,20181126,000000,4.3888,4.3888,4.3888,4.3888,0,0
PRL_PE,D,20181127,000000,4.3888,4.3888,4.3888,4.3888,0,0
PRL_PE,D,20181128,000000,4.2262,4.3888,4.2262,4.3888,0,0
PRL_PE,D,20181129,000000,4.3563,4.3563,4.3563,4.3563,0,0
PRL_PE,D,20181130,000000,4.3563,4.3563,4.1748,4.1748,0,0
PRL_PE,D,20181203,000000,4.2655,4.2655,4.1748,4.1748,0,0
PRL_PE,D,20181206,000000,4.1748,4.1748,4.1748,4.1748,0,0
PRL_PE,D,20181210,000000,4.1748,4.1748,4.084,4.084,0,0
PRL_PE,D,20181213,000000,4.2655,4.2655,4.2655,4.2655,0,0
PRL_PE,D,20181214,000000,4.2655,4.2655,4.2655,4.2655,0,0
PRL_PE,D,20181217,000000,4.2655,4.2655,4.2655,4.2655,0,0
PRL_PE,D,20181218,000000,4.2655,4.3563,4.2655,4.3563,0,0
PRL_PE,D,20181219,000000,4.3563,4.7193,4.3563,4.5378,0,0
PRL_PE,D,20181220,000000,4.3563,4.3563,4.3563,4.3563,0,0
PRL_PE,D,20181221,000000,4.2655,4.3563,4.2655,4.3563,0,0
PRL_PE,D,20181228,000000,4.4471,4.4471,4.4471,4.4471,0,0
PRL_PE,D,20190108,000000,4.5378,4.7193,4.5378,4.7193,0,0
PRL_PE,D,20190110,000000,4.7193,4.7193,4.4471,4.4471,0,0
PRL_PE,D,20190118,000000,4.4471,4.5378,4.4471,4.5378,0,0
PRL_PE,D,20190122,000000,4.7193,4.7193,4.6286,4.6286,0,0
PRL_PE,D,20190125,000000,4.4471,4.4471,4.4471,4.4471,0,0
PRL_PE,D,20190128,000000,4.4471,4.4471,4.4471,4.4471,0,0
PRL_PE,D,20190129,000000,4.2655,4.2655,4.084,4.1748,0,0
PRL_PE,D,20190130,000000,4.1748,4.1748,4.1748,4.1748,0,0
PRL_PE,D,20190201,000000,4.2655,4.3563,4.2655,4.3563,0,0
PRL_PE,D,20190213,000000,4.5378,4.7193,3.9025,3.9025,0,0
PRL_PE,D,20190214,000000,3.8118,3.9025,3.8118,3.9025,0,0
PRL_PE,D,20190215,000000,3.9025,4.084,3.9025,3.9933,0,0
PRL_PE,D,20190218,000000,3.8118,3.9025,3.8118,3.9025,0,0
PRL_PE,D,20190219,000000,3.9933,3.9933,3.9025,3.9025,0,0
PRL_PE,D,20190220,000000,3.9025,3.9025,3.9025,3.9025,0,0
PRL_PE,D,20190221,000000,3.9025,3.9025,3.8118,3.8118,0,0
PRL_PE,D,20190226,000000,3.8118,3.9933,3.8118,3.9933,0,0
PRL_PE,D,20190227,000000,3.9933,3.9933,3.9933,3.9933,0,0
PRL_PE,D,20190301,000000,3.9933,3.9933,3.9933,3.9933,0,0
PRL_PE,D,20190304,000000,4.084,4.084,3.9933,3.9933,0,0
PRL_PE,D,20190311,000000,3.9933,3.9933,3.9933,3.9933,0,0
PRL_PE,D,20190312,000000,3.9933,3.9933,3.9933,3.9933,0,0
PRL_PE,D,20190313,000000,3.9933,3.9933,3.9933,3.9933,0,0
PRL_PE,D,20190314,000000,3.9933,3.9933,3.9933,3.9933,0,0
PRL_PE,D,20190318,000000,3.9933,4.1748,3.9933,4.1748,0,0
PRL_PE,D,20190319,000000,4.1748,4.1748,4.1748,4.1748,0,0
PRL_PE,D,20190321,000000,4.1748,4.1748,3.9933,3.9933,0,0
PRL_PE,D,20190325,000000,4.084,4.1748,4.084,4.1748,0,0
PRL_PE,D,20190329,000000,4.1748,4.1748,4.1748,4.1748,0,0
PRL_PE,D,20190401,000000,4.1748,4.1748,4.1748,4.1748,0,0
PRL_PE,D,20190404,000000,4.1748,4.1748,4.1748,4.1748,0,0
PRL_PE,D,20190410,000000,4.1748,4.1748,4.1748,4.1748,0,0
PRL_PE,D,20190411,000000,4.084,4.1748,4.084,4.1748,0,0
PRL_PE,D,20190412,000000,4.1748,4.1748,4.1748,4.1748,0,0
PRL_PE,D,20190417,000000,4.1748,4.1748,4.1748,4.1748,0,0
PRL_PE,D,20190418,000000,4.084,4.084,4.084,4.084,0,0
PRL_PE,D,20190423,000000,4.2655,4.2655,4.2655,4.2655,0,0
PRL_PE,D,20190424,000000,4.2655,4.2655,4.2655,4.2655,0,0
PRL_PE,D,20190430,000000,4.2655,4.2655,4.2655,4.2655,0,0
PRL_PE,D,20190506,000000,4.2655,4.3563,4.2655,4.3563,0,0
PRL_PE,D,20190508,000000,4.3563,4.3563,4.3563,4.3563,0,0
PRL_PE,D,20190510,000000,4.3563,4.3563,4.2655,4.2655,0,0
PRL_PE,D,20190513,000000,4.2655,4.2655,4.084,4.084,0,0
PRL_PE,D,20190514,000000,4.1748,4.1748,3.721,3.721,0,0
PRL_PE,D,20190515,000000,3.721,3.721,3.721,3.721,0,0
PRL_PE,D,20190516,000000,3.6303,3.721,3.6303,3.721,0,0
PRL_PE,D,20190520,000000,3.721,3.9025,3.721,3.721,0,0
PRL_PE,D,20190522,000000,3.721,3.721,3.721,3.721,0,0
PRL_PE,D,20190527,000000,3.8118,3.8118,3.721,3.721,0,0
PRL_PE,D,20190603,000000,3.721,3.721,3.721,3.721,0,0
PRL_PE,D,20190604,000000,3.721,3.9933,3.721,3.9933,0,0
PRL_PE,D,20190605,000000,3.9933,4.1748,3.9933,4.1748,0,0
PRL_PE,D,20190606,000000,4.1748,4.4471,4.1748,4.1748,0,0
PRL_PE,D,20190607,000000,4.1748,4.1748,4.1748,4.1748,0,0
PRL_PE,D,20190619,000000,4.084,4.1748,4.084,4.1748,0,0
PRL_PE,D,20190621,000000,4.2655,4.4471,4.2655,4.4471,0,0
PRL_PE,D,20190624,000000,4.5378,4.5378,4.3563,4.3563,0,0
PRL_PE,D,20190625,000000,4.3563,4.4471,4.3563,4.4471,0,0
PRL_PE,D,20190626,000000,4.5378,4.5378,4.5378,4.5378,0,0
PRL_PE,D,20190628,000000,4.5378,4.6286,4.5378,4.6286,0,0
PRL_PE,D,20190701,000000,4.6286,4.7193,4.6286,4.7193,0,0
PRL_PE,D,20190703,000000,4.7193,4.7193,4.7193,4.7193,0,0
PRL_PE,D,20190705,000000,4.8101,4.8101,4.8101,4.8101,0,0
PRL_PE,D,20190729,000000,4.6286,4.6286,4.3563,4.4471,0,0
PRL_PE,D,20190730,000000,4.6286,4.6286,4.6286,4.6286,0,0
PRL_PE,D,20190801,000000,4.6286,4.6286,4.6286,4.6286,0,0
PRL_PE,D,20190807,000000,4.5378,4.5378,4.5378,4.5378,0,0
PRL_PE,D,20190808,000000,4.5378,4.5378,4.5378,4.5378,0,0
PRL_PE,D,20190812,000000,4.4471,4.4471,4.4471,4.4471,0,0
PRL_PE,D,20190813,000000,4.4471,4.4471,4.4471,4.4471,0,0
PRL_PE,D,20190814,000000,4.4471,4.4471,4.2655,4.2655,0,0
PRL_PE,D,20190816,000000,4.2655,4.2655,4.2655,4.2655,0,0
PRL_PE,D,20190819,000000,4.2655,4.2655,4.2655,4.2655,0,0
PRL_PE,D,20190827,000000,4.084,4.084,4.084,4.084,0,0
PRL_PE,D,20190828,000000,4.084,4.084,4.084,4.084,0,0
PRL_PE,D,20190909,000000,4.2655,4.2655,4.2655,4.2655,0,0
PRL_PE,D,20190912,000000,4.2655,4.2655,4.2655,4.2655,0,0
PRL_PE,D,20190913,000000,4.2655,4.2655,4.2655,4.2655,0,0
PRL_PE,D,20190916,000000,4.2655,4.2655,4.2655,4.2655,0,0
PRL_PE,D,20190917,000000,4.2655,4.2655,4.2655,4.2655,0,0
PRL_PE,D,20190924,000000,4.1748,4.1748,4.084,4.1748,0,0
PRL_PE,D,20190927,000000,4.1748,4.1748,4.1748,4.1748,0,0
PRL_PE,D,20190930,000000,4.1748,4.1748,4.1748,4.1748,0,0
PRL_PE,D,20191002,000000,4.084,4.2655,4.084,4.1748,0,0
PRL_PE,D,20191003,000000,3.9933,4.084,3.9933,4.084,0,0
PRL_PE,D,20191004,000000,4.2655,4.2655,4.1748,4.1748,0,0
PRL_PE,D,20191008,000000,4.2655,4.2655,4.2655,4.2655,0,0
PRL_PE,D,20191022,000000,4.084,4.2655,4.084,4.2655,0,0
PRL_PE,D,20191025,000000,4.3563,4.3563,4.2655,4.2655,0,0
PRL_PE,D,20191029,000000,4.3563,4.3563,4.3563,4.3563,0,0
PRL_PE,D,20191104,000000,4.2655,4.2655,4.2655,4.2655,0,0
PRL_PE,D,20191105,000000,4.3563,4.3563,4.3563,4.3563,0,0
PRL_PE,D,20191107,000000,4.3563,4.3563,4.3563,4.3563,0,0
PRL_PE,D,20191108,000000,4.4471,4.5378,4.4471,4.5378,0,0
PRL_PE,D,20191113,000000,4.3563,4.3563,4.2655,4.2655,0,0
PRL_PE,D,20191118,000000,4.3563,4.3563,4.1748,4.1748,0,0
PRL_PE,D,20191119,000000,4.1748,4.1748,4.1748,4.1748,0,0
PRL_PE,D,20191120,000000,4.2655,4.7193,4.2655,4.7193,0,0
PRL_PE,D,20191121,000000,5.3546,5.3546,5.3546,5.3546,0,0
PRL_PE,D,20191122,000000,5.3546,5.3546,5.2639,5.3546,0,0
PRL_PE,D,20191125,000000,5.1731,5.1731,5.1731,5.1731,0,0
PRL_PE,D,20191126,000000,5.4454,5.4454,5.4454,5.4454,0,0
PRL_PE,D,20191127,000000,5.4454,5.4454,5.4454,5.4454,0,0
PRL_PE,D,20191128,000000,5.4454,5.8992,5.4454,5.8992,0,0
PRL_PE,D,20191129,000000,5.7176,5.8992,5.7176,5.8084,0,0
PRL_PE,D,20191202,000000,5.8084,5.8084,5.8084,5.8084,0,0
PRL_PE,D,20191203,000000,5.8084,6.2622,5.8084,6.1714,0,0
PRL_PE,D,20191205,000000,6.0807,6.0807,5.8992,5.9899,0,0
PRL_PE,D,20191206,000000,5.9899,5.9899,5.9899,5.9899,0,0
PRL_PE,D,20191209,000000,5.9899,5.9899,5.7176,5.7176,0,0
PRL_PE,D,20191210,000000,5.7176,5.7176,5.7176,5.7176,0,0
PRL_PE,D,20191211,000000,5.7176,5.9899,5.7176,5.9899,0,0
PRL_PE,D,20191212,000000,5.9899,5.9899,5.9899,5.9899,0,0
PRL_PE,D,20191213,000000,5.9899,5.9899,5.7176,5.7176,0,0
PRL_PE,D,20191216,000000,5.8992,5.8992,5.8992,5.8992,0,0
PRL_PE,D,20191217,000000,5.8992,5.9899,5.8992,5.9899,0,0
PRL_PE,D,20191218,000000,5.9899,5.9899,5.8084,5.9899,0,0
PRL_PE,D,20191219,000000,5.9899,5.9899,5.8992,5.9899,0,0
PRL_PE,D,20191220,000000,5.8992,5.9899,5.8992,5.8992,0,0
PRL_PE,D,20191223,000000,5.5,6.6,5.5,5.9,0,0
PRL_PE,D,20191227,000000,6.5,6.5,6.5,6.5,0,0
PRL_PE,D,20191230,000000,6.3,6.3,5.7,5.7,0,0
PRL_PE,D,20200103,000000,5.9,5.9,5.9,5.9,0,0
PRL_PE,D,20200108,000000,5.9,5.9,5.9,5.9,0,0
PRL_PE,D,20200109,000000,5.9,5.9,5.9,5.9,0,0
PRL_PE,D,20200113,000000,6,6.5,6,6.1,0,0
PRL_PE,D,20200114,000000,6.1,6.2,6.1,6.2,0,0
PRL_PE,D,20200115,000000,6.2,6.5,6.2,6.5,0,0
PRL_PE,D,20200116,000000,6.5,6.5,6.5,6.5,0,0
PRL_PE,D,20200122,000000,6.3,6.5,6.3,6.5,0,0
PRL_PE,D,20200124,000000,6.4,6.4,6.3,6.3,0,0
PRL_PE,D,20200127,000000,6.4,6.4,6.4,6.4,0,0
PRL_PE,D,20200128,000000,6.2,6.3,6.2,6.3,0,0
PRL_PE,D,20200204,000000,6.1,6.1,6.1,6.1,0,0
PRL_PE,D,20200205,000000,6,6,5.9,6,0,0
PRL_PE,D,20200206,000000,5.9,5.9,5.9,5.9,0,0
PRL_PE,D,20200213,000000,6,6,5.8,5.9,0,0
PRL_PE,D,20200214,000000,6.2,6.8,5.8,5.9,0,0
PRL_PE,D,20200217,000000,6,6.2,6,6.2,0,0
PRL_PE,D,20200218,000000,6.2,6.2,5.7,5.7,0,0
PRL_PE,D,20200219,000000,6,6,6,6,0,0
PRL_PE,D,20200220,000000,6,6.2,5.9,6,0,0
PRL_PE,D,20200221,000000,6,6.5,6,6.5,0,0
PRL_PE,D,20200224,000000,6.5,6.5,6,6,0,0
PRL_PE,D,20200225,000000,6,6,6,6,0,0
PRL_PE,D,20200226,000000,6.3,6.3,5.8,6,0,0
PRL_PE,D,20200227,000000,6.1,6.1,5.4,5.8,0,0
PRL_PE,D,20200228,000000,5.3,5.3,4.3,4.8,0,0
PRL_PE,D,20200302,000000,5.1,5.8,5,5,0,0
PRL_PE,D,20200303,000000,5.2,5.3,5.2,5.3,0,0
PRL_PE,D,20200305,000000,5.6,5.6,5.5,5.5,0,0
PRL_PE,D,20200306,000000,5.5,5.5,5.5,5.5,0,0
PRL_PE,D,20200309,000000,5,5,5,5,0,0
PRL_PE,D,20200310,000000,5.3,5.3,5.1,5.1,0,0
PRL_PE,D,20200311,000000,5,5,5,5,0,0
PRL_PE,D,20200312,000000,4.8,4.8,4.3,4.3,0,0
PRL_PE,D,20200316,000000,4.5,4.5,4,4,0,0
PRL_PE,D,20200317,000000,4.1,4.1,3.3,3.5,0,0
PRL_PE,D,20200318,000000,3.6,3.9,3.6,3.6,0,0
PRL_PE,D,20200319,000000,3.6,4,3.5,4,0,0
PRL_PE,D,20200323,000000,3.8,3.8,3.3,3.8,0,0
PRL_PE,D,20200324,000000,3.9,3.9,3.9,3.9,0,0
PRL_PE,D,20200326,000000,3.9,4.2,3.9,4.2,0,0
PRL_PE,D,20200330,000000,4.3,4.3,4.3,4.3,0,0
PRL_PE,D,20200331,000000,4.3,4.3,4.3,4.3,0,0
PRL_PE,D,20200402,000000,4.1,4.1,4.1,4.1,0,0
PRL_PE,D,20200406,000000,4.1,4.1,4.1,4.1,0,0
PRL_PE,D,20200407,000000,4,4.4,4,4.3,0,0
PRL_PE,D,20200408,000000,4.2,4.3,4.2,4.3,0,0
PRL_PE,D,20200409,000000,4.1,4.1,4.1,4.1,0,0
PRL_PE,D,20200415,000000,4.3,4.3,4.3,4.3,0,0
PRL_PE,D,20200417,000000,4.4,4.4,4.3,4.3,0,0
PRL_PE,D,20200420,000000,4.5,4.5,4.4,4.4,0,0
PRL_PE,D,20200421,000000,4.4,4.4,4.3,4.3,0,0
PRL_PE,D,20200422,000000,4.3,4.4,4.3,4.3,0,0
PRL_PE,D,20200424,000000,4.3,4.3,4.2,4.3,0,0
PRL_PE,D,20200427,000000,4.4,4.4,4.3,4.3,0,0
PRL_PE,D,20200429,000000,4.9,4.9,4.9,4.9,0,0
PRL_PE,D,20200430,000000,4.9,4.9,4.9,4.9,0,0
PRL_PE,D,20200504,000000,4.9,5,4.9,5,0,0
PRL_PE,D,20200506,000000,4.7,4.8,4.7,4.8,0,0
PRL_PE,D,20200507,000000,4.7,4.7,4.7,4.7,0,0
PRL_PE,D,20200508,000000,5,5,5,5,0,0
PRL_PE,D,20200512,000000,5,5,5,5,0,0
PRL_PE,D,20200513,000000,4.7,5,4.7,5,0,0
PRL_PE,D,20200514,000000,4.8,4.8,4.7,4.7,0,0
PRL_PE,D,20200520,000000,5,5,5,5,0,0
PRL_PE,D,20200525,000000,4.9,4.9,4.9,4.9,0,0
PRL_PE,D,20200527,000000,4.7,4.7,4.5,4.6,0,0
PRL_PE,D,20200529,000000,4.8,4.8,4.7,4.7,0,0
PRL_PE,D,20200605,000000,4.8,4.8,4.8,4.8,0,0
PRL_PE,D,20200608,000000,4.8,5,4.8,5,0,0
PRL_PE,D,20200609,000000,4.9,4.9,4.9,4.9,0,0
PRL_PE,D,20200610,000000,4.8,5.1,4.8,5,0,0
PRL_PE,D,20200612,000000,5,5,4.9,4.9,0,0
PRL_PE,D,20200615,000000,4.8,4.8,4.7,4.7,0,0
PRL_PE,D,20200617,000000,4.5,4.5,4.5,4.5,0,0
PRL_PE,D,20200619,000000,4.6,4.6,4.6,4.6,0,0
PRL_PE,D,20200622,000000,4.7,4.8,4.7,4.8,0,0
PRL_PE,D,20200623,000000,4.8,4.8,4.8,4.8,0,0
PRL_PE,D,20200624,000000,4.8,5,4.8,4.9,0,0
PRL_PE,D,20200625,000000,4.7,4.7,4.7,4.7,0,0
PRL_PE,D,20200702,000000,4.7,4.7,4.2,4.2,0,0
PRL_PE,D,20200703,000000,4.7,4.8,4.7,4.8,0,0
PRL_PE,D,20200706,000000,4.5,4.5,4.5,4.5,0,0
PRL_PE,D,20200707,000000,4.7,4.7,4.7,4.7,0,0
PRL_PE,D,20200708,000000,4.7,4.9,4.7,4.9,0,0
PRL_PE,D,20200709,000000,4.9,4.9,4.9,4.9,0,0
PRL_PE,D,20200710,000000,5,5.8,5,5,0,0
PRL_PE,D,20200713,000000,5.2,5.2,5.2,5.2,0,0
PRL_PE,D,20200714,000000,5.2,5.3,5.2,5.3,0,0
PRL_PE,D,20200716,000000,5.3,5.3,4.9,5,0,0
PRL_PE,D,20200717,000000,5.1,5.1,4.8,4.9,0,0
PRL_PE,D,20200720,000000,5.1,6.1,5.1,5.6,0,0
PRL_PE,D,20200721,000000,5.6,5.6,5.1,5.2,0,0
PRL_PE,D,20200722,000000,5,5,5,5,0,0
PRL_PE,D,20200723,000000,4.9,4.9,4.8,4.9,0,0
PRL_PE,D,20200727,000000,4.9,5,4.9,5,0,0
PRL_PE,D,20200728,000000,5.1,5.1,4.9,5.1,0,0
PRL_PE,D,20200729,000000,5.1,5.1,4.9,4.9,0,0
PRL_PE,D,20200804,000000,4.9,5.2,4.9,4.9,0,0
PRL_PE,D,20200805,000000,5,5.1,5,5.1,0,0
PRL_PE,D,20200806,000000,5,5.1,5,5.1,0,0
PRL_PE,D,20200810,000000,5.1,5.1,5,5,0,0
PRL_PE,D,20200812,000000,4.9,5,4.9,5,0,0
PRL_PE,D,20200817,000000,6,6,6,6,0,0
PRL_PE,D,20200818,000000,6,6,6,6,0,0
PRL_PE,D,20200819,000000,6,6,6,6,0,0
PRL_PE,D,20200820,000000,6.2,6.5,6.2,6.5,0,0
PRL_PE,D,20200821,000000,6.1,6.2,6.1,6.2,0,0
PRL_PE,D,20200824,000000,6.1,6.1,6.1,6.1,0,0
PRL_PE,D,20200825,000000,6.3,6.3,6.3,6.3,0,0
PRL_PE,D,20200827,000000,6.1,6.1,6.1,6.1,0,0
PRL_PE,D,20200828,000000,6.1,6.1,6.1,6.1,0,0
PRL_PE,D,20200831,000000,6.1,6.1,6.1,6.1,0,0
PRL_PE,D,20200901,000000,6.2,6.2,6.2,6.2,0,0
PRL_PE,D,20200902,000000,5.8,5.8,5.8,5.8,0,0
PRL_PE,D,20200903,000000,5.9,5.9,5.9,5.9,0,0
PRL_PE,D,20200904,000000,6.2,6.3,6.1,6.1,0,0
PRL_PE,D,20200907,000000,5.8,5.9,5.6,5.9,0,0
PRL_PE,D,20200909,000000,5.7,5.9,5.7,5.9,0,0
PRL_PE,D,20200914,000000,6.1,6.1,6,6,0,0
PRL_PE,D,20200918,000000,6,6,6,6,0,0
PRL_PE,D,20200921,000000,5.8,5.9,5.8,5.9,0,0
PRL_PE,D,20200922,000000,5.9,5.9,5.9,5.9,0,0
PRL_PE,D,20200924,000000,6,6,6,6,0,0
PRL_PE,D,20200925,000000,6,6,6,6,0,0
PRL_PE,D,20200928,000000,6,6,6,6,0,0
PRL_PE,D,20200930,000000,6,6.2,6,6.2,0,0
PRL_PE,D,20201001,000000,6.2,6.2,6.2,6.2,0,0
PRL_PE,D,20201002,000000,6.1,6.1,6,6,0,0
PRL_PE,D,20201006,000000,6.1,6.3,6.1,6.3,0,0
PRL_PE,D,20201009,000000,6.1,6.2,6.1,6.2,0,0
PRL_PE,D,20201014,000000,6,6,5.9,5.9,0,0
PRL_PE,D,20201015,000000,5.9,5.9,5.8,5.9,0,0
PRL_PE,D,20201016,000000,5.7,5.7,5.6,5.6,0,0
