<TICKER>,<PER>,<DATE>,<TIME>,<OPEN>,<HIGH>,<LOW>,<CLOSE>,<VOL>,<OPENINT>
PTW_PB,D,20130527,000000,4.0985,4.0985,4.0985,4.0985,0,0
PTW_PB,D,20130528,000000,4.3252,4.3252,4.3252,4.3252,0,0
PTW_PB,D,20130531,000000,4.2031,4.7962,4.2031,4.7962,0,0
PTW_PB,D,20130604,000000,4.4647,4.7962,4.4647,4.6043,0,0
PTW_PB,D,20130701,000000,4.4909,4.4909,4.4909,4.4909,0,0
PTW_PB,D,20130702,000000,4.4909,4.4909,4.4909,4.4909,0,0
PTW_PB,D,20130715,000000,4.4909,4.5257,4.4909,4.5257,0,0
PTW_PB,D,20130716,000000,4.5257,4.5257,4.5257,4.5257,0,0
PTW_PB,D,20130717,000000,4.5083,4.5083,4.5083,4.5083,0,0
PTW_PB,D,20130718,000000,4.5083,4.5083,4.5083,4.5083,0,0
PTW_PB,D,20130722,000000,4.0375,4.5083,4.0375,4.5083,0,0
PTW_PB,D,20130723,000000,4.7176,4.7176,4.7176,4.7176,0,0
PTW_PB,D,20130724,000000,4.7176,4.7176,4.7176,4.7176,0,0
PTW_PB,D,20130726,000000,4.7176,4.7176,4.7176,4.7176,0,0
PTW_PB,D,20130729,000000,4.7176,4.7176,4.7176,4.7176,0,0
PTW_PB,D,20130730,000000,4.7176,4.7176,4.7176,4.7176,0,0
PTW_PB,D,20130731,000000,4.7176,4.7176,4.7176,4.7176,0,0
PTW_PB,D,20130801,000000,4.7176,4.7176,4.7176,4.7176,0,0
PTW_PB,D,20130802,000000,4.7176,4.8222,4.7176,4.7176,0,0
PTW_PB,D,20130805,000000,4.8047,4.8047,4.8047,4.8047,0,0
PTW_PB,D,20130806,000000,4.8047,4.8047,4.8047,4.8047,0,0
PTW_PB,D,20130807,000000,4.8047,4.8047,4.8047,4.8047,0,0
PTW_PB,D,20130808,000000,4.8047,4.8047,4.8047,4.8047,0,0
PTW_PB,D,20130809,000000,4.8047,4.8047,4.8047,4.8047,0,0
PTW_PB,D,20130812,000000,4.8047,4.8047,4.8047,4.8047,0,0
PTW_PB,D,20130813,000000,4.8047,5.049,4.8047,5.049,0,0
PTW_PB,D,20131004,000000,3.0346,3.3747,3.0346,3.3747,0,0
PTW_PB,D,20131104,000000,3.7148,3.7148,3.7148,3.7148,0,0
PTW_PB,D,20131115,000000,3.7148,3.7148,3.7148,3.7148,0,0
PTW_PB,D,20131218,000000,3.9066,3.9066,3.9066,3.9066,0,0
PTW_PB,D,20131219,000000,4.2031,4.3513,4.2031,4.3513,0,0
PTW_PB,D,20131220,000000,4.1945,4.1945,4.1945,4.1945,0,0
PTW_PB,D,20131230,000000,4.0375,4.0375,4.0375,4.0375,0,0
PTW_PB,D,20140117,000000,4.0375,4.0375,4.0375,4.0375,0,0
PTW_PB,D,20140120,000000,4.1945,4.1945,4.1945,4.1945,0,0
PTW_PB,D,20140131,000000,4.8136,5.5897,4.8136,5.5897,0,0
PTW_PB,D,20140205,000000,5.5897,5.6681,5.5897,5.6681,0,0
PTW_PB,D,20140206,000000,4.8136,5.6681,4.8136,5.6681,0,0
PTW_PB,D,20140207,000000,5.6768,5.6768,5.6681,5.6681,0,0
PTW_PB,D,20140306,000000,5.2932,5.9035,5.2932,5.9035,0,0
PTW_PB,D,20140307,000000,5.9035,5.9035,5.9035,5.9035,0,0
PTW_PB,D,20140310,000000,5.9035,7.0808,5.9035,6.9848,0,0
PTW_PB,D,20140311,000000,6.9848,8.3887,6.9848,6.9848,0,0
PTW_PB,D,20140312,000000,6.8366,8.1882,6.8366,8.1882,0,0
PTW_PB,D,20140313,000000,9.783,10.56,9.3231,10.098,0,0
PTW_PB,D,20140314,000000,8.0749,8.0749,6.5228,7.918,0,0
PTW_PB,D,20140319,000000,7.3337,7.3337,7.3337,7.3337,0,0
PTW_PB,D,20140325,000000,7.0808,7.0808,7.0808,7.0808,0,0
PTW_PB,D,20140331,000000,7.0808,7.0808,7.0808,7.0808,0,0
PTW_PB,D,20140415,000000,6.5926,6.5926,6.5926,6.5926,0,0
PTW_PB,D,20140416,000000,6.2088,6.2088,6.2088,6.2088,0,0
PTW_PB,D,20140516,000000,3.959,3.959,3.9501,3.9501,0,0
PTW_PB,D,20140519,000000,3.8281,3.8281,3.8281,3.8281,0,0
PTW_PB,D,20140521,000000,3.7672,3.7672,3.523,3.523,0,0
PTW_PB,D,20140602,000000,3.9501,3.9501,3.9501,3.9501,0,0
PTW_PB,D,20140604,000000,3.3922,3.9501,3.3922,3.3922,0,0
PTW_PB,D,20140606,000000,3.4619,3.4619,3.4619,3.4619,0,0
PTW_PB,D,20140623,000000,4.1596,4.1596,4.1596,4.1596,0,0
PTW_PB,D,20140624,000000,4.1507,4.1507,4.1507,4.1507,0,0
PTW_PB,D,20140626,000000,3.8629,3.8629,3.8629,3.8629,0,0
PTW_PB,D,20140701,000000,3.3922,3.3922,3.2613,3.2613,0,0
PTW_PB,D,20140702,000000,3.113,3.113,3.113,3.113,0,0
PTW_PB,D,20140703,000000,3.0434,3.0434,3.0434,3.0434,0,0
PTW_PB,D,20140725,000000,2.6771,3.209,2.6771,3.209,0,0
PTW_PB,D,20140728,000000,3.4794,3.4794,3.4794,3.4794,0,0
PTW_PB,D,20140731,000000,4.0985,4.0985,4.0985,4.0985,0,0
PTW_PB,D,20140801,000000,4.2816,4.2816,3.2003,3.2003,0,0
PTW_PB,D,20140804,000000,2.9824,2.9824,2.9824,2.9824,0,0
PTW_PB,D,20140805,000000,2.7731,2.7731,2.7731,2.7731,0,0
PTW_PB,D,20140807,000000,2.9387,2.9387,2.9387,2.9387,0,0
PTW_PB,D,20140814,000000,2.3457,2.3457,2.3457,2.3457,0,0
PTW_PB,D,20140818,000000,2.5375,2.5375,2.5375,2.5375,0,0
PTW_PB,D,20140822,000000,2.1889,2.1889,2.1889,2.1889,0,0
PTW_PB,D,20140826,000000,2.058,2.9649,2.058,2.9649,0,0
PTW_PB,D,20140827,000000,2.5464,2.5638,2.4067,2.4067,0,0
PTW_PB,D,20140828,000000,2.4067,2.4067,2.4067,2.4067,0,0
PTW_PB,D,20140829,000000,2.4067,2.4067,1.9183,1.9183,0,0
PTW_PB,D,20140901,000000,2.1365,2.1365,2.1365,2.1365,0,0
PTW_PB,D,20140902,000000,2.4067,2.4067,2.4067,2.4067,0,0
PTW_PB,D,20140905,000000,2.4067,2.4067,2.4067,2.4067,0,0
PTW_PB,D,20140909,000000,2.1102,2.1102,2.1102,2.1102,0,0
PTW_PB,D,20140910,000000,1.9794,1.9794,1.9794,1.9794,0,0
PTW_PB,D,20140911,000000,2.0056,2.0056,1.8662,1.9359,0,0
PTW_PB,D,20140912,000000,2.0056,2.0056,2.0056,2.0056,0,0
PTW_PB,D,20140915,000000,2.0056,2.0056,2.0056,2.0056,0,0
PTW_PB,D,20140917,000000,2.0056,2.0056,2.0056,2.0056,0,0
PTW_PB,D,20140918,000000,2.0319,2.119,2.0319,2.119,0,0
PTW_PB,D,20140923,000000,2.1365,2.1365,2.1365,2.1365,0,0
PTW_PB,D,20140924,000000,2.1365,2.5375,2.1365,2.2672,0,0
PTW_PB,D,20140925,000000,2.5638,2.5638,2.1365,2.1365,0,0
PTW_PB,D,20140926,000000,2.2672,2.2672,2.2672,2.2672,0,0
PTW_PB,D,20141003,000000,2.1365,2.1365,2.1365,2.1365,0,0
PTW_PB,D,20141008,000000,2.2672,2.2672,2.2672,2.2672,0,0
PTW_PB,D,20141027,000000,2.1102,2.1713,2.1102,2.1713,0,0
PTW_PB,D,20141029,000000,1.9794,1.9794,1.7354,1.7354,0,0
PTW_PB,D,20141106,000000,1.7354,1.7354,1.7354,1.7354,0,0
PTW_PB,D,20141120,000000,1.8051,1.8051,1.8051,1.8051,0,0
PTW_PB,D,20150102,000000,1.8748,1.8748,1.8748,1.8748,0,0
PTW_PB,D,20150303,000000,1.8748,1.8748,1.8748,1.8748,0,0
PTW_PB,D,20150305,000000,1.8835,1.8835,1.8835,1.8835,0,0
PTW_PB,D,20150323,000000,1.7527,1.7527,1.7527,1.7527,0,0
PTW_PB,D,20150508,000000,1.6655,1.6655,1.6655,1.6655,0,0
PTW_PB,D,20150519,000000,1.5522,1.5522,1.5522,1.5522,0,0
PTW_PB,D,20150528,000000,1.7702,1.7702,1.7702,1.7702,0,0
PTW_PB,D,20150602,000000,1.7702,1.7702,1.7702,1.7702,0,0
PTW_PB,D,20150706,000000,1.6481,1.7702,1.6481,1.7702,0,0
PTW_PB,D,20150707,000000,1.9319,2.0398,1.9319,2.0398,0,0
PTW_PB,D,20150722,000000,2.0398,2.0398,2.0398,2.0398,0,0
PTW_PB,D,20150805,000000,2.0398,2.1117,2.0398,2.1117,0,0
PTW_PB,D,20150813,000000,2.1117,2.1117,2.0398,2.0398,0,0
PTW_PB,D,20150826,000000,1.6444,1.6444,1.6444,1.6444,0,0
PTW_PB,D,20150902,000000,1.7164,1.7164,1.7164,1.7164,0,0
PTW_PB,D,20150903,000000,1.7164,1.7164,1.6264,1.6264,0,0
PTW_PB,D,20150916,000000,1.6264,1.6264,1.5186,1.5186,0,0
PTW_PB,D,20151015,000000,1.5186,1.5186,1.5186,1.5186,0,0
PTW_PB,D,20151023,000000,1.6264,1.7164,1.6264,1.6444,0,0
PTW_PB,D,20151026,000000,1.7164,1.7164,1.7164,1.7164,0,0
PTW_PB,D,20151027,000000,1.7164,1.7164,1.7164,1.7164,0,0
PTW_PB,D,20151028,000000,1.7164,1.7164,1.7164,1.7164,0,0
PTW_PB,D,20151029,000000,1.7164,1.7164,1.7164,1.7164,0,0
PTW_PB,D,20151030,000000,1.7164,1.7164,1.7164,1.7164,0,0
PTW_PB,D,20151102,000000,1.7164,1.7164,1.7164,1.7164,0,0
PTW_PB,D,20151103,000000,1.7164,1.7164,1.7164,1.7164,0,0
PTW_PB,D,20151104,000000,1.7164,1.7164,1.7164,1.7164,0,0
PTW_PB,D,20151105,000000,1.7164,1.7164,1.7164,1.7164,0,0
PTW_PB,D,20151106,000000,1.7164,1.7164,1.7164,1.7164,0,0
PTW_PB,D,20151109,000000,1.7164,1.7164,1.7164,1.7164,0,0
PTW_PB,D,20151110,000000,1.7164,1.7164,1.7164,1.7164,0,0
PTW_PB,D,20151112,000000,1.7164,1.7164,1.7164,1.7164,0,0
PTW_PB,D,20151113,000000,1.7164,1.7164,1.7164,1.7164,0,0
PTW_PB,D,20151116,000000,1.7164,1.7164,1.7164,1.7164,0,0
PTW_PB,D,20151117,000000,1.7164,1.7164,1.7164,1.7164,0,0
PTW_PB,D,20151118,000000,1.7164,1.7164,1.7164,1.7164,0,0
PTW_PB,D,20151119,000000,1.7164,1.7164,1.7164,1.7164,0,0
PTW_PB,D,20151120,000000,1.7164,1.7164,1.7164,1.7164,0,0
PTW_PB,D,20151123,000000,1.7164,1.9949,1.6444,1.9949,0,0
PTW_PB,D,20151124,000000,1.9949,1.9949,1.9949,1.9949,0,0
PTW_PB,D,20151125,000000,1.9949,1.9949,1.9949,1.9949,0,0
PTW_PB,D,20151126,000000,1.9949,1.9949,1.9949,1.9949,0,0
PTW_PB,D,20151127,000000,1.9949,1.9949,1.9949,1.9949,0,0
PTW_PB,D,20151130,000000,1.9949,1.9949,1.9949,1.9949,0,0
PTW_PB,D,20151201,000000,1.9949,1.9949,1.9949,1.9949,0,0
PTW_PB,D,20151202,000000,1.9949,1.9949,1.9949,1.9949,0,0
PTW_PB,D,20151203,000000,1.9949,1.9949,1.9949,1.9949,0,0
PTW_PB,D,20151204,000000,1.9949,1.9949,1.9949,1.9949,0,0
PTW_PB,D,20151207,000000,1.9949,1.9949,1.9949,1.9949,0,0
PTW_PB,D,20151208,000000,1.9949,1.9949,1.9949,1.9949,0,0
PTW_PB,D,20151209,000000,1.9949,1.9949,1.9949,1.9949,0,0
PTW_PB,D,20151210,000000,1.9949,1.9949,1.9949,1.9949,0,0
PTW_PB,D,20151211,000000,1.9949,1.9949,1.9949,1.9949,0,0
PTW_PB,D,20151214,000000,1.9949,1.9949,1.9949,1.9949,0,0
PTW_PB,D,20151215,000000,1.9949,1.9949,1.9949,1.9949,0,0
PTW_PB,D,20151216,000000,1.9949,1.9949,1.9949,1.9949,0,0
PTW_PB,D,20151217,000000,1.9949,1.9949,1.9949,1.9949,0,0
PTW_PB,D,20151218,000000,1.9949,1.9949,1.9949,1.9949,0,0
PTW_PB,D,20151221,000000,1.9949,1.9949,1.9949,1.9949,0,0
PTW_PB,D,20151222,000000,1.9949,1.9949,1.9949,1.9949,0,0
PTW_PB,D,20151223,000000,1.9949,1.9949,1.9949,1.9949,0,0
PTW_PB,D,20151228,000000,1.9949,1.9949,1.9949,1.9949,0,0
PTW_PB,D,20151229,000000,1.9949,1.9949,1.9949,1.9949,0,0
PTW_PB,D,20151230,000000,1.9949,1.9949,1.9949,1.9949,0,0
PTW_PB,D,20160104,000000,1.9949,1.9949,1.8601,1.8601,0,0
PTW_PB,D,20160107,000000,1.905,1.905,1.7702,1.7702,0,0
PTW_PB,D,20160108,000000,1.7793,1.7793,1.7793,1.7793,0,0
PTW_PB,D,20160204,000000,1.905,1.905,1.7793,1.905,0,0
PTW_PB,D,20160211,000000,1.905,1.905,1.905,1.905,0,0
PTW_PB,D,20160217,000000,1.7793,1.7793,1.7793,1.7793,0,0
PTW_PB,D,20160224,000000,2.0846,2.0846,2.0846,2.0846,0,0
PTW_PB,D,20160225,000000,2.0846,2.0846,2.0846,2.0846,0,0
PTW_PB,D,20160226,000000,2.0846,2.0846,2.0846,2.0846,0,0
PTW_PB,D,20160229,000000,2.0846,2.0846,2.0846,2.0846,0,0
PTW_PB,D,20160301,000000,2.0846,2.0846,2.0846,2.0846,0,0
PTW_PB,D,20160302,000000,2.0846,2.0846,1.869,1.869,0,0
PTW_PB,D,20160303,000000,2.0846,2.0846,2.0846,2.0846,0,0
PTW_PB,D,20160304,000000,1.7343,1.869,1.7343,1.869,0,0
PTW_PB,D,20160307,000000,1.869,1.869,1.869,1.869,0,0
PTW_PB,D,20160308,000000,1.869,1.869,1.869,1.869,0,0
PTW_PB,D,20160309,000000,1.869,1.869,1.869,1.869,0,0
PTW_PB,D,20160310,000000,1.869,1.869,1.869,1.869,0,0
PTW_PB,D,20160311,000000,1.869,1.869,1.869,1.869,0,0
PTW_PB,D,20160314,000000,1.869,1.869,1.869,1.869,0,0
PTW_PB,D,20160315,000000,1.869,1.869,1.869,1.869,0,0
PTW_PB,D,20160316,000000,1.869,1.869,1.869,1.869,0,0
PTW_PB,D,20160317,000000,1.869,1.869,1.869,1.869,0,0
PTW_PB,D,20160318,000000,1.869,1.869,1.869,1.869,0,0
PTW_PB,D,20160321,000000,1.869,1.869,1.869,1.869,0,0
PTW_PB,D,20160322,000000,1.869,1.869,1.869,1.869,0,0
PTW_PB,D,20160323,000000,1.869,1.869,1.869,1.869,0,0
PTW_PB,D,20160324,000000,1.869,1.869,1.869,1.869,0,0
PTW_PB,D,20160329,000000,1.869,1.869,1.869,1.869,0,0
PTW_PB,D,20160330,000000,1.869,1.869,1.869,1.869,0,0
PTW_PB,D,20160331,000000,1.869,1.869,1.869,1.869,0,0
PTW_PB,D,20160401,000000,2.0846,2.0846,2.0846,2.0846,0,0
PTW_PB,D,20160404,000000,2.0846,2.0846,2.0846,2.0846,0,0
PTW_PB,D,20160405,000000,2.0846,2.0846,2.0846,2.0846,0,0
PTW_PB,D,20160406,000000,2.0846,2.0846,2.0846,2.0846,0,0
PTW_PB,D,20160407,000000,2.0846,2.0846,2.0846,2.0846,0,0
PTW_PB,D,20160408,000000,2.0846,2.0846,2.0846,2.0846,0,0
PTW_PB,D,20160411,000000,2.0846,2.0846,2.0846,2.0846,0,0
PTW_PB,D,20160412,000000,2.0846,2.0846,2.0129,2.0846,0,0
PTW_PB,D,20160413,000000,2.0846,2.0846,2.0846,2.0846,0,0
PTW_PB,D,20160414,000000,2.0846,2.0846,2.0846,2.0846,0,0
PTW_PB,D,20160415,000000,2.0846,2.0846,1.8511,2.0846,0,0
PTW_PB,D,20160418,000000,2.0846,2.0846,2.0846,2.0846,0,0
PTW_PB,D,20160419,000000,2.0846,2.0846,2.0846,2.0846,0,0
PTW_PB,D,20160420,000000,2.0846,2.0846,2.0846,2.0846,0,0
PTW_PB,D,20160421,000000,2.0846,2.0846,2.0846,2.0846,0,0
PTW_PB,D,20160422,000000,2.0846,2.0846,2.0846,2.0846,0,0
PTW_PB,D,20160425,000000,2.0846,2.0846,2.0846,2.0846,0,0
PTW_PB,D,20160426,000000,2.0846,2.0846,1.8511,2.0846,0,0
PTW_PB,D,20160427,000000,2.0846,2.0846,1.8511,2.0846,0,0
PTW_PB,D,20160428,000000,2.0846,2.0846,2.0846,2.0846,0,0
PTW_PB,D,20160429,000000,2.0846,2.0846,2.0846,2.0846,0,0
PTW_PB,D,20160502,000000,2.0846,2.0846,2.0846,2.0846,0,0
PTW_PB,D,20160504,000000,2.0846,2.0846,2.0846,2.0846,0,0
PTW_PB,D,20160505,000000,2.0846,2.0846,2.0846,2.0846,0,0
PTW_PB,D,20160506,000000,2.0846,2.0846,1.8511,2.0846,0,0
PTW_PB,D,20160509,000000,2.0846,2.0846,1.8511,2.0846,0,0
PTW_PB,D,20160510,000000,2.0846,2.0846,1.9679,2.0846,0,0
PTW_PB,D,20160511,000000,2.0846,2.0846,2.0846,2.0846,0,0
PTW_PB,D,20160512,000000,2.0846,2.0846,2.0846,2.0846,0,0
PTW_PB,D,20160513,000000,2.0846,2.0846,2.0846,2.0846,0,0
PTW_PB,D,20160516,000000,2.0846,2.0846,2.0846,2.0846,0,0
PTW_PB,D,20160517,000000,2.0846,2.0846,2.0846,2.0846,0,0
PTW_PB,D,20160518,000000,2.0846,2.0846,2.0129,2.0846,0,0
PTW_PB,D,20160519,000000,2.0846,2.0846,2.0846,2.0846,0,0
PTW_PB,D,20160520,000000,2.0846,2.0846,2.0846,2.0846,0,0
PTW_PB,D,20160523,000000,2.0846,2.0846,2.0846,2.0846,0,0
PTW_PB,D,20160524,000000,2.0846,2.0846,2.0846,2.0846,0,0
PTW_PB,D,20160525,000000,2.0846,2.0846,2.0846,2.0846,0,0
PTW_PB,D,20160527,000000,2.0846,2.0846,1.9319,2.0846,0,0
PTW_PB,D,20160530,000000,2.0846,2.0846,2.0846,2.0846,0,0
PTW_PB,D,20160531,000000,2.0846,2.8126,2.0846,2.8126,0,0
PTW_PB,D,20160601,000000,2.8126,2.8126,2.8126,2.8126,0,0
PTW_PB,D,20160602,000000,2.8126,2.8126,2.8126,2.8126,0,0
PTW_PB,D,20160603,000000,2.8126,2.8126,2.8126,2.8126,0,0
PTW_PB,D,20160606,000000,2.8126,2.8126,2.6598,2.8126,0,0
PTW_PB,D,20160607,000000,2.8126,2.8126,2.6598,2.8126,0,0
PTW_PB,D,20160608,000000,2.8126,2.8126,2.7138,2.8126,0,0
PTW_PB,D,20160609,000000,2.8126,2.8126,2.8126,2.8126,0,0
PTW_PB,D,20160610,000000,2.8126,2.8126,2.8126,2.8126,0,0
PTW_PB,D,20160613,000000,2.8126,2.8126,2.8126,2.8126,0,0
PTW_PB,D,20160614,000000,2.8126,2.8126,2.8126,2.8126,0,0
PTW_PB,D,20160615,000000,2.8126,3.3696,2.8126,3.3696,0,0
PTW_PB,D,20160616,000000,3.3696,3.3696,3.3696,3.3696,0,0
PTW_PB,D,20160617,000000,3.3696,3.5854,2.9114,3.5854,0,0
PTW_PB,D,20160620,000000,3.8818,3.8818,3.2438,3.2438,0,0
PTW_PB,D,20160621,000000,3.4865,3.8818,3.4865,3.8818,0,0
PTW_PB,D,20160622,000000,3.8818,3.8818,3.4865,3.8818,0,0
PTW_PB,D,20160623,000000,3.8818,3.8818,3.4865,3.8818,0,0
PTW_PB,D,20160624,000000,3.8818,3.8818,3.8818,3.8818,0,0
PTW_PB,D,20160627,000000,3.8818,3.8818,3.8818,3.8818,0,0
PTW_PB,D,20160628,000000,3.8818,3.8818,3.8818,3.8818,0,0
PTW_PB,D,20160629,000000,3.8818,3.8818,3.8818,3.8818,0,0
PTW_PB,D,20160630,000000,3.8818,3.8818,3.8818,3.8818,0,0
PTW_PB,D,20160701,000000,3.8818,3.8818,3.873,3.873,0,0
PTW_PB,D,20160704,000000,3.873,3.873,3.4865,3.873,0,0
PTW_PB,D,20160705,000000,3.873,3.873,3.873,3.873,0,0
PTW_PB,D,20160706,000000,3.873,3.873,3.873,3.873,0,0
PTW_PB,D,20160707,000000,4.3312,4.3312,3.4649,3.9209,0,0
PTW_PB,D,20160708,000000,3.9299,3.9299,3.9117,3.9117,0,0
PTW_PB,D,20160711,000000,3.9117,3.9117,3.9117,3.9117,0,0
PTW_PB,D,20160712,000000,3.9209,3.9209,3.5378,3.8297,0,0
PTW_PB,D,20160713,000000,3.8297,3.8297,3.3463,3.3463,0,0
PTW_PB,D,20160714,000000,3.3463,3.3463,3.3463,3.3463,0,0
PTW_PB,D,20160715,000000,3.3463,3.3463,3.3463,3.3463,0,0
PTW_PB,D,20160718,000000,3.5378,3.8297,3.3008,3.8297,0,0
PTW_PB,D,20160719,000000,3.9209,3.9299,3.9209,3.9299,0,0
PTW_PB,D,20160720,000000,3.9299,3.9299,3.9117,3.9117,0,0
PTW_PB,D,20160721,000000,3.5378,3.5378,3.5378,3.5378,0,0
PTW_PB,D,20160722,000000,3.5378,3.5378,3.5378,3.5378,0,0
PTW_PB,D,20160725,000000,3.5378,3.5378,3.3008,3.5378,0,0
PTW_PB,D,20160726,000000,3.5378,3.5378,3.5378,3.5378,0,0
PTW_PB,D,20160727,000000,3.5378,3.5378,3.1457,3.5378,0,0
PTW_PB,D,20160728,000000,3.9117,3.9117,3.3463,3.3463,0,0
PTW_PB,D,20160729,000000,3.3463,3.3463,3.3373,3.3373,0,0
PTW_PB,D,20160801,000000,3.3281,3.3463,3.1093,3.3463,0,0
PTW_PB,D,20160802,000000,3.3373,3.3373,3.3373,3.3373,0,0
PTW_PB,D,20160803,000000,3.3373,3.3373,3.1457,3.1457,0,0
PTW_PB,D,20160804,000000,3.1457,3.1457,3.1457,3.1457,0,0
PTW_PB,D,20160805,000000,3.1457,3.1457,3.1457,3.1457,0,0
PTW_PB,D,20160808,000000,3.1457,3.1457,3.1457,3.1457,0,0
PTW_PB,D,20160809,000000,3.1457,3.1457,2.936,3.1457,0,0
PTW_PB,D,20160810,000000,3.1457,3.1457,2.9543,3.1367,0,0
PTW_PB,D,20160811,000000,3.1367,3.1367,3.1367,3.1367,0,0
PTW_PB,D,20160812,000000,3.1367,3.1367,2.7901,2.9452,0,0
PTW_PB,D,20160816,000000,2.936,2.9452,2.936,2.9452,0,0
PTW_PB,D,20160817,000000,2.936,2.936,2.7901,2.936,0,0
PTW_PB,D,20160818,000000,2.936,2.936,2.7901,2.9087,0,0
PTW_PB,D,20160819,000000,2.9452,2.9452,2.9087,2.9087,0,0
PTW_PB,D,20160822,000000,2.9087,2.9087,2.3708,2.3708,0,0
PTW_PB,D,20160823,000000,2.3708,2.3708,2.3708,2.3708,0,0
PTW_PB,D,20160824,000000,2.3708,2.3708,2.3708,2.3708,0,0
PTW_PB,D,20160825,000000,2.3708,2.3708,2.3708,2.3708,0,0
PTW_PB,D,20160826,000000,2.3798,2.3798,2.3616,2.3616,0,0
PTW_PB,D,20160829,000000,2.3889,2.3889,2.3798,2.3798,0,0
PTW_PB,D,20160830,000000,2.3798,2.3889,2.3251,2.3616,0,0
PTW_PB,D,20160831,000000,2.5805,2.5805,2.3251,2.3525,0,0
PTW_PB,D,20160901,000000,2.4345,2.4345,2.2796,2.3616,0,0
PTW_PB,D,20160902,000000,2.5895,2.5895,2.3434,2.5895,0,0
PTW_PB,D,20160905,000000,2.5895,2.5895,2.3525,2.5895,0,0
PTW_PB,D,20160906,000000,2.5895,2.5895,2.4345,2.5895,0,0
PTW_PB,D,20160907,000000,2.5987,2.5987,2.5987,2.5987,0,0
PTW_PB,D,20160908,000000,2.5987,2.5987,2.5987,2.5987,0,0
PTW_PB,D,20160909,000000,2.5987,2.5987,2.5987,2.5987,0,0
PTW_PB,D,20160912,000000,2.5987,2.5987,2.4345,2.5987,0,0
PTW_PB,D,20160913,000000,2.5987,2.5987,2.3616,2.5987,0,0
PTW_PB,D,20160914,000000,2.5987,2.5987,2.3616,2.3616,0,0
PTW_PB,D,20160915,000000,2.5987,2.5987,2.5987,2.5987,0,0
PTW_PB,D,20160916,000000,2.5987,2.5987,2.5987,2.5987,0,0
PTW_PB,D,20160919,000000,2.5987,2.5987,2.4345,2.5987,0,0
PTW_PB,D,20160920,000000,2.5987,2.5987,2.5713,2.5713,0,0
PTW_PB,D,20160921,000000,2.5987,2.5987,2.5987,2.5987,0,0
PTW_PB,D,20160922,000000,2.5987,2.5987,2.5987,2.5987,0,0
PTW_PB,D,20160923,000000,2.5987,2.5987,2.5987,2.5987,0,0
PTW_PB,D,20160926,000000,2.5987,2.5987,2.5987,2.5987,0,0
PTW_PB,D,20160927,000000,2.5987,2.5987,2.5987,2.5987,0,0
PTW_PB,D,20160928,000000,2.5987,2.5987,2.5987,2.5987,0,0
PTW_PB,D,20160929,000000,2.5987,2.5987,2.5987,2.5987,0,0
PTW_PB,D,20160930,000000,2.5987,2.5987,2.5987,2.5987,0,0
PTW_PB,D,20161003,000000,2.5987,2.5987,2.5987,2.5987,0,0
PTW_PB,D,20161004,000000,2.5987,2.5987,2.5987,2.5987,0,0
PTW_PB,D,20161005,000000,2.5987,2.5987,2.5987,2.5987,0,0
PTW_PB,D,20161006,000000,2.5987,2.5987,2.5987,2.5987,0,0
PTW_PB,D,20161007,000000,2.5987,2.5987,2.5987,2.5987,0,0
PTW_PB,D,20161010,000000,2.5987,2.5987,2.5987,2.5987,0,0
PTW_PB,D,20161011,000000,2.5987,2.5987,2.5987,2.5987,0,0
PTW_PB,D,20161012,000000,2.5987,2.5987,2.5987,2.5987,0,0
PTW_PB,D,20161013,000000,2.5987,2.5987,2.5987,2.5987,0,0
PTW_PB,D,20161014,000000,2.5987,2.5987,2.5075,2.5075,0,0
PTW_PB,D,20161017,000000,2.5075,2.5075,2.5075,2.5075,0,0
PTW_PB,D,20161018,000000,2.5075,2.5075,2.5075,2.5075,0,0
PTW_PB,D,20161019,000000,2.5075,2.5075,2.5075,2.5075,0,0
PTW_PB,D,20161020,000000,2.5075,2.5075,2.5075,2.5075,0,0
PTW_PB,D,20161021,000000,2.5075,2.5075,2.5075,2.5075,0,0
PTW_PB,D,20161024,000000,2.5075,2.5075,2.5075,2.5075,0,0
PTW_PB,D,20161025,000000,2.5075,2.5075,2.5075,2.5075,0,0
PTW_PB,D,20161026,000000,2.5075,2.5075,2.5075,2.5075,0,0
PTW_PB,D,20161027,000000,2.5075,2.5075,2.5075,2.5075,0,0
PTW_PB,D,20161028,000000,2.5075,2.5075,2.5075,2.5075,0,0
PTW_PB,D,20161031,000000,2.5075,2.5075,2.5075,2.5075,0,0
PTW_PB,D,20161102,000000,2.5075,2.5075,2.4893,2.5075,0,0
PTW_PB,D,20161103,000000,2.5075,2.5075,2.5075,2.5075,0,0
PTW_PB,D,20161104,000000,2.5075,2.5075,2.5075,2.5075,0,0
PTW_PB,D,20161107,000000,2.5075,2.5075,2.5075,2.5075,0,0
PTW_PB,D,20161108,000000,2.5075,2.5075,2.5075,2.5075,0,0
PTW_PB,D,20161109,000000,2.5075,2.5075,2.5075,2.5075,0,0
PTW_PB,D,20161110,000000,2.5075,2.5075,2.5075,2.5075,0,0
PTW_PB,D,20161114,000000,2.5075,2.5987,2.5075,2.5987,0,0
PTW_PB,D,20161115,000000,2.5987,2.5987,2.5987,2.5987,0,0
PTW_PB,D,20161116,000000,2.5987,2.5987,2.5987,2.5987,0,0
PTW_PB,D,20161117,000000,2.5987,2.5987,2.5987,2.5987,0,0
PTW_PB,D,20161118,000000,2.5987,2.5987,2.5987,2.5987,0,0
PTW_PB,D,20161121,000000,2.5987,2.5987,2.5987,2.5987,0,0
PTW_PB,D,20161122,000000,2.5987,2.5987,2.5987,2.5987,0,0
PTW_PB,D,20161123,000000,2.5987,2.5987,2.5987,2.5987,0,0
PTW_PB,D,20161124,000000,2.5987,2.5987,2.5987,2.5987,0,0
PTW_PB,D,20161125,000000,2.5987,2.927,2.5987,2.927,0,0
PTW_PB,D,20161128,000000,2.927,2.927,2.8175,2.8175,0,0
PTW_PB,D,20161129,000000,2.927,2.927,2.8266,2.9178,0,0
PTW_PB,D,20161130,000000,2.927,2.927,2.927,2.927,0,0
PTW_PB,D,20161201,000000,2.927,2.927,2.927,2.927,0,0
PTW_PB,D,20161202,000000,2.927,2.927,2.927,2.927,0,0
PTW_PB,D,20161205,000000,2.927,2.927,2.927,2.927,0,0
PTW_PB,D,20161206,000000,2.927,2.927,2.927,2.927,0,0
PTW_PB,D,20161207,000000,2.927,2.927,2.927,2.927,0,0
PTW_PB,D,20161208,000000,2.927,2.927,2.927,2.927,0,0
PTW_PB,D,20161209,000000,2.927,2.927,2.927,2.927,0,0
PTW_PB,D,20161212,000000,2.927,2.927,2.927,2.927,0,0
PTW_PB,D,20161213,000000,2.927,2.927,2.927,2.927,0,0
PTW_PB,D,20161214,000000,2.927,2.927,2.927,2.927,0,0
PTW_PB,D,20161215,000000,2.927,2.927,2.927,2.927,0,0
PTW_PB,D,20161216,000000,2.927,2.927,2.927,2.927,0,0
PTW_PB,D,20161219,000000,2.927,2.927,2.927,2.927,0,0
PTW_PB,D,20161220,000000,2.927,2.927,2.9178,2.927,0,0
PTW_PB,D,20161221,000000,2.927,2.927,2.781,2.781,0,0
PTW_PB,D,20161222,000000,2.781,2.781,2.781,2.781,0,0
PTW_PB,D,20161223,000000,2.781,2.781,2.781,2.781,0,0
PTW_PB,D,20161227,000000,2.781,2.781,2.781,2.781,0,0
PTW_PB,D,20161228,000000,2.781,2.781,2.781,2.781,0,0
PTW_PB,D,20161229,000000,2.781,2.781,2.781,2.781,0,0
PTW_PB,D,20161230,000000,2.781,2.781,2.781,2.781,0,0
PTW_PB,D,20170116,000000,2.7719,2.7719,2.7719,2.7719,0,0
PTW_PB,D,20170117,000000,2.7719,2.7719,2.7719,2.7719,0,0
PTW_PB,D,20170118,000000,2.7719,2.7719,2.7719,2.7719,0,0
PTW_PB,D,20170119,000000,2.7719,2.7719,2.7719,2.7719,0,0
PTW_PB,D,20170120,000000,2.7719,2.7719,2.7719,2.7719,0,0
PTW_PB,D,20170123,000000,2.7719,2.7719,2.7719,2.7719,0,0
PTW_PB,D,20170124,000000,2.7719,2.7719,2.7719,2.7719,0,0
PTW_PB,D,20170125,000000,2.7719,2.7719,2.7719,2.7719,0,0
PTW_PB,D,20170126,000000,2.7719,2.781,2.7628,2.781,0,0
PTW_PB,D,20170131,000000,2.781,2.781,2.781,2.781,0,0
PTW_PB,D,20170201,000000,2.781,2.781,2.781,2.781,0,0
PTW_PB,D,20170203,000000,2.8722,2.8722,2.8722,2.8722,0,0
PTW_PB,D,20170206,000000,2.8722,2.8722,2.8722,2.8722,0,0
PTW_PB,D,20170214,000000,3.3008,3.3008,3.3008,3.3008,0,0
PTW_PB,D,20170227,000000,2.8266,2.8266,2.7992,2.7992,0,0
PTW_PB,D,20170228,000000,2.7992,2.7992,2.7992,2.7992,0,0
PTW_PB,D,20170301,000000,2.7992,2.7992,2.7992,2.7992,0,0
PTW_PB,D,20170302,000000,2.7992,2.7992,2.7992,2.7992,0,0
PTW_PB,D,20170303,000000,2.7992,2.7992,2.7992,2.7992,0,0
PTW_PB,D,20170306,000000,2.7992,2.7992,2.7992,2.7992,0,0
PTW_PB,D,20170307,000000,2.7992,2.7992,2.7992,2.7992,0,0
PTW_PB,D,20170308,000000,2.7992,2.7992,2.7992,2.7992,0,0
PTW_PB,D,20170309,000000,2.7992,2.7992,2.7992,2.7992,0,0
PTW_PB,D,20170310,000000,2.7992,2.7992,2.7992,2.7992,0,0
PTW_PB,D,20170313,000000,2.7992,2.7992,2.7992,2.7992,0,0
PTW_PB,D,20170314,000000,2.7992,2.7992,2.7992,2.7992,0,0
PTW_PB,D,20170315,000000,2.7992,2.7992,2.7992,2.7992,0,0
PTW_PB,D,20170316,000000,2.7992,2.7992,2.7992,2.7992,0,0
PTW_PB,D,20170317,000000,2.7992,2.7992,2.7992,2.7992,0,0
PTW_PB,D,20170320,000000,2.7992,2.7992,2.7992,2.7992,0,0
PTW_PB,D,20170321,000000,2.7992,2.7992,2.7992,2.7992,0,0
PTW_PB,D,20170322,000000,2.7992,2.7992,2.7992,2.7992,0,0
PTW_PB,D,20170323,000000,2.7992,2.7992,2.7992,2.7992,0,0
PTW_PB,D,20170324,000000,2.7992,2.7992,2.7992,2.7992,0,0
PTW_PB,D,20170327,000000,2.7992,2.7992,2.7992,2.7992,0,0
PTW_PB,D,20170328,000000,2.7992,2.7992,2.7992,2.7992,0,0
PTW_PB,D,20170329,000000,2.7992,2.7992,2.7992,2.7992,0,0
PTW_PB,D,20170330,000000,2.7992,2.7992,2.7992,2.7992,0,0
PTW_PB,D,20170331,000000,2.7992,2.7992,2.7992,2.7992,0,0
PTW_PB,D,20170403,000000,2.7992,2.7992,2.7992,2.7992,0,0
PTW_PB,D,20170404,000000,2.7992,2.7992,2.7992,2.7992,0,0
PTW_PB,D,20170405,000000,2.7992,2.7992,2.7992,2.7992,0,0
PTW_PB,D,20170406,000000,2.7992,2.7992,2.7992,2.7992,0,0
PTW_PB,D,20170407,000000,2.7992,2.7992,2.7992,2.7992,0,0
PTW_PB,D,20170410,000000,2.7992,2.7992,2.7992,2.7992,0,0
PTW_PB,D,20170411,000000,2.7992,2.7992,2.699,2.7992,0,0
PTW_PB,D,20170412,000000,2.7992,2.7992,2.7992,2.7992,0,0
PTW_PB,D,20170413,000000,2.7992,2.7992,2.7992,2.7992,0,0
PTW_PB,D,20170418,000000,2.7992,2.7992,2.7992,2.7992,0,0
PTW_PB,D,20170419,000000,2.7992,2.7992,2.7992,2.7992,0,0
PTW_PB,D,20170420,000000,2.7992,2.9178,2.7992,2.9178,0,0
PTW_PB,D,20170511,000000,2.9452,2.9452,2.9452,2.9452,0,0
PTW_PB,D,20170516,000000,2.936,2.936,2.7173,2.7173,0,0
PTW_PB,D,20170518,000000,2.8449,2.8449,2.7173,2.7173,0,0
PTW_PB,D,20170519,000000,2.7173,2.7173,2.7173,2.7173,0,0
PTW_PB,D,20170602,000000,2.544,2.544,2.4437,2.4437,0,0
PTW_PB,D,20170606,000000,2.4437,2.4437,2.4437,2.4437,0,0
PTW_PB,D,20170629,000000,2.5532,2.5532,2.5532,2.5532,0,0
PTW_PB,D,20170630,000000,2.544,2.544,2.4254,2.4254,0,0
PTW_PB,D,20170717,000000,2.4922,2.4922,2.4829,2.4829,0,0
PTW_PB,D,20170718,000000,2.5015,2.5015,2.4829,2.4829,0,0
PTW_PB,D,20170720,000000,2.4829,2.6135,2.4829,2.6135,0,0
PTW_PB,D,20170914,000000,2.2682,2.2682,2.2682,2.2682,0,0
PTW_PB,D,20170919,000000,2.2682,2.2682,2.2682,2.2682,0,0
PTW_PB,D,20171018,000000,2.3429,2.3429,2.3429,2.3429,0,0
PTW_PB,D,20171019,000000,2.3429,2.3429,2.3429,2.3429,0,0
PTW_PB,D,20171020,000000,2.3429,2.3429,2.3429,2.3429,0,0
PTW_PB,D,20171116,000000,2.2682,2.2682,2.1002,2.1282,0,0
PTW_PB,D,20171128,000000,2.4455,2.4455,2.3335,2.3335,0,0
PTW_PB,D,20171129,000000,2.3709,2.3709,2.2962,2.3709,0,0
PTW_PB,D,20171130,000000,2.2589,2.3522,2.2589,2.3522,0,0
PTW_PB,D,20171201,000000,2.2589,2.3055,2.2589,2.3055,0,0
PTW_PB,D,20171204,000000,2.2962,2.2962,2.2962,2.2962,0,0
PTW_PB,D,20171205,000000,2.1842,2.2962,1.7454,2.2962,0,0
PTW_PB,D,20171206,000000,2.2215,2.3149,2.2215,2.3149,0,0
PTW_PB,D,20171211,000000,2.4175,2.4175,2.4175,2.4175,0,0
PTW_PB,D,20171212,000000,2.5202,2.5202,2.5202,2.5202,0,0
PTW_PB,D,20171213,000000,2.6322,2.9495,2.6322,2.9495,0,0
PTW_PB,D,20171214,000000,2.9495,2.9495,2.6789,2.6789,0,0
PTW_PB,D,20171228,000000,2.7069,2.7069,2.7069,2.7069,0,0
PTW_PB,D,20171229,000000,2.7069,2.7069,2.7069,2.7069,0,0
PTW_PB,D,20180103,000000,2.6975,2.8842,2.6975,2.8842,0,0
PTW_PB,D,20180104,000000,2.8842,2.8842,2.7442,2.8842,0,0
PTW_PB,D,20180105,000000,2.8842,2.8842,2.8842,2.8842,0,0
PTW_PB,D,20180108,000000,2.7442,2.8842,2.7442,2.8842,0,0
PTW_PB,D,20180109,000000,2.8842,2.8842,2.7442,2.8842,0,0
PTW_PB,D,20180110,000000,2.7442,2.8842,2.6975,2.8842,0,0
PTW_PB,D,20180111,000000,2.8842,2.8842,2.6789,2.8842,0,0
PTW_PB,D,20180115,000000,2.8095,2.8095,2.8095,2.8095,0,0
PTW_PB,D,20180129,000000,2.8095,2.8095,2.8095,2.8095,0,0
PTW_PB,D,20180130,000000,2.8002,2.9029,2.6229,2.9029,0,0
PTW_PB,D,20180131,000000,2.9029,2.9029,2.9029,2.9029,0,0
PTW_PB,D,20180201,000000,2.9029,2.9029,2.6229,2.9029,0,0
PTW_PB,D,20180202,000000,2.6789,2.9029,2.6509,2.9029,0,0
PTW_PB,D,20180205,000000,2.9029,2.9029,2.6509,2.6975,0,0
PTW_PB,D,20180206,000000,2.9029,2.9029,2.4922,2.4922,0,0
PTW_PB,D,20180207,000000,2.5295,3.1082,2.5295,3.1082,0,0
PTW_PB,D,20180208,000000,3.4069,3.4069,3.2575,3.4069,0,0
PTW_PB,D,20180209,000000,3.7056,3.7056,3.5003,3.7056,0,0
PTW_PB,D,20180213,000000,3.7056,3.7056,3.7056,3.7056,0,0
PTW_PB,D,20180215,000000,3.5563,3.5563,3.5563,3.5563,0,0
PTW_PB,D,20180216,000000,2.9589,3.7056,2.9589,3.7056,0,0
PTW_PB,D,20180220,000000,3.5003,3.5003,3.5003,3.5003,0,0
PTW_PB,D,20180221,000000,3.631,3.631,3.5003,3.5003,0,0
PTW_PB,D,20180222,000000,3.5003,3.631,3.4443,3.5003,0,0
PTW_PB,D,20180223,000000,3.5003,3.5003,3.3602,3.3602,0,0
PTW_PB,D,20180226,000000,3.5003,3.5003,3.3042,3.3042,0,0
PTW_PB,D,20180227,000000,3.2015,3.5003,3.2015,3.5003,0,0
PTW_PB,D,20180228,000000,3.631,3.631,3.631,3.631,0,0
PTW_PB,D,20180314,000000,3.4443,3.715,3.4443,3.715,0,0
PTW_PB,D,20180319,000000,3.715,3.8176,3.715,3.8176,0,0
PTW_PB,D,20180320,000000,4.0323,4.0323,4.0323,4.0323,0,0
PTW_PB,D,20180321,000000,4.0323,4.0323,4.0323,4.0323,0,0
PTW_PB,D,20180322,000000,4.0323,4.0323,4.0323,4.0323,0,0
PTW_PB,D,20180323,000000,4.0323,4.0323,4.0323,4.0323,0,0
PTW_PB,D,20180326,000000,4.0323,4.0323,4.0323,4.0323,0,0
PTW_PB,D,20180327,000000,4.0323,4.0323,4.0323,4.0323,0,0
PTW_PB,D,20180328,000000,4.0323,4.0323,4.0323,4.0323,0,0
PTW_PB,D,20180329,000000,4.0323,4.0323,4.0323,4.0323,0,0
PTW_PB,D,20180403,000000,3.8736,3.8736,3.8736,3.8736,0,0
PTW_PB,D,20180404,000000,3.8736,3.8736,3.687,3.687,0,0
PTW_PB,D,20180405,000000,3.7616,3.7616,3.7616,3.7616,0,0
PTW_PB,D,20180406,000000,3.7616,3.7616,3.7616,3.7616,0,0
PTW_PB,D,20180409,000000,3.7616,3.7616,3.603,3.7616,0,0
PTW_PB,D,20180410,000000,3.7616,3.7616,3.547,3.7616,0,0
PTW_PB,D,20180411,000000,3.7616,3.7616,3.7616,3.7616,0,0
PTW_PB,D,20180412,000000,3.7616,3.7616,3.7616,3.7616,0,0
PTW_PB,D,20180413,000000,3.7616,3.7616,3.7616,3.7616,0,0
PTW_PB,D,20180416,000000,3.7616,3.7616,3.7616,3.7616,0,0
PTW_PB,D,20180417,000000,3.7616,3.7616,3.7616,3.7616,0,0
PTW_PB,D,20180418,000000,3.7616,3.7616,3.7616,3.7616,0,0
PTW_PB,D,20180419,000000,3.7616,3.7616,3.7616,3.7616,0,0
PTW_PB,D,20180420,000000,3.7616,3.7616,3.631,3.631,0,0
PTW_PB,D,20180423,000000,3.631,3.631,3.631,3.631,0,0
PTW_PB,D,20180424,000000,3.631,3.631,3.5003,3.5003,0,0
PTW_PB,D,20180425,000000,3.631,3.631,3.631,3.631,0,0
PTW_PB,D,20180426,000000,3.631,3.631,3.631,3.631,0,0
PTW_PB,D,20180427,000000,3.631,3.7616,3.631,3.7616,0,0
PTW_PB,D,20180430,000000,3.603,4.275,3.603,4.275,0,0
PTW_PB,D,20180502,000000,3.8456,4.0323,3.659,4.0323,0,0
PTW_PB,D,20180507,000000,4.1443,4.1443,4.0323,4.0323,0,0
PTW_PB,D,20180508,000000,4.0323,4.0323,3.9763,3.9763,0,0
PTW_PB,D,20180509,000000,3.9763,3.9763,3.9763,3.9763,0,0
PTW_PB,D,20180510,000000,3.9763,3.9763,3.659,3.9763,0,0
PTW_PB,D,20180511,000000,4.0323,4.0323,3.9763,3.9763,0,0
PTW_PB,D,20180514,000000,3.9763,6.0017,3.8176,6.0017,0,0
PTW_PB,D,20180515,000000,6.0017,6.0017,5.9551,6.0017,0,0
PTW_PB,D,20180516,000000,6.0017,6.0017,6.0017,6.0017,0,0
PTW_PB,D,20180517,000000,6.0017,6.0017,6.0017,6.0017,0,0
PTW_PB,D,20180518,000000,6.0017,6.0017,6.0017,6.0017,0,0
PTW_PB,D,20180521,000000,5.8804,5.8804,5.8804,5.8804,0,0
PTW_PB,D,20180522,000000,6.0764,6.0764,6.0764,6.0764,0,0
PTW_PB,D,20180523,000000,6.1978,7.0005,6.1978,7.0005,0,0
PTW_PB,D,20180524,000000,6.6832,6.6832,6.4032,6.4032,0,0
PTW_PB,D,20180525,000000,6.4032,6.4032,6.4032,6.4032,0,0
PTW_PB,D,20180528,000000,6.4032,6.4032,6.1978,6.1978,0,0
PTW_PB,D,20180529,000000,6.1978,6.1978,6.1978,6.1978,0,0
PTW_PB,D,20180530,000000,6.1978,6.1978,6.1978,6.1978,0,0
PTW_PB,D,20180601,000000,6.4032,6.4032,6.4032,6.4032,0,0
PTW_PB,D,20180604,000000,6.4032,6.4032,6.4032,6.4032,0,0
PTW_PB,D,20180605,000000,6.4032,6.4032,6.4032,6.4032,0,0
PTW_PB,D,20180606,000000,6.4032,6.4032,6.4032,6.4032,0,0
PTW_PB,D,20180607,000000,6.4032,6.4032,6.4032,6.4032,0,0
PTW_PB,D,20180608,000000,6.4032,6.4032,6.4032,6.4032,0,0
PTW_PB,D,20180611,000000,7.0005,7.0005,7.0005,7.0005,0,0
PTW_PB,D,20180612,000000,6.4032,6.4032,6.4032,6.4032,0,0
PTW_PB,D,20180613,000000,6.4032,6.4032,6.4032,6.4032,0,0
PTW_PB,D,20180614,000000,6.4032,6.4032,6.4032,6.4032,0,0
PTW_PB,D,20180615,000000,6.4032,6.4032,6.4032,6.4032,0,0
PTW_PB,D,20180618,000000,7.0005,7.0005,7.0005,7.0005,0,0
PTW_PB,D,20180619,000000,7.0005,7.0005,7.0005,7.0005,0,0
PTW_PB,D,20180620,000000,7.0005,7.0005,7.0005,7.0005,0,0
PTW_PB,D,20180621,000000,7.0005,7.0005,7.0005,7.0005,0,0
PTW_PB,D,20180622,000000,7.0005,7.9993,6.0017,6.0017,0,0
PTW_PB,D,20180625,000000,6.1231,6.1231,6.0017,6.0017,0,0
PTW_PB,D,20180626,000000,5.9551,5.9551,5.8804,5.9551,0,0
PTW_PB,D,20180627,000000,5.9551,6.0017,5.4044,5.4044,0,0
PTW_PB,D,20180628,000000,5.4417,5.4417,5.4417,5.4417,0,0
PTW_PB,D,20180629,000000,5.7311,5.7311,5.4791,5.4791,0,0
PTW_PB,D,20180702,000000,5.5164,6.1698,5.5164,5.9924,0,0
PTW_PB,D,20180703,000000,5.7684,5.7684,5.4417,5.4417,0,0
PTW_PB,D,20180704,000000,5.4417,5.4417,5.4417,5.4417,0,0
PTW_PB,D,20180705,000000,5.4417,5.4417,5.4417,5.4417,0,0
PTW_PB,D,20180706,000000,5.5525,5.5525,5.5525,5.5525,0,0
PTW_PB,D,20180709,000000,5.9648,5.9648,5.9648,5.9648,0,0
PTW_PB,D,20180710,000000,5.9648,6.3388,5.9648,6.3388,0,0
PTW_PB,D,20180711,000000,6.895,6.895,6.895,6.895,0,0
PTW_PB,D,20180712,000000,6.895,6.895,6.7895,6.7895,0,0
PTW_PB,D,20180713,000000,6.7128,6.7128,6.7128,6.7128,0,0
PTW_PB,D,20180716,000000,6.7128,6.7128,6.7128,6.7128,0,0
PTW_PB,D,20180717,000000,6.7128,6.7128,6.7128,6.7128,0,0
PTW_PB,D,20180718,000000,6.7128,6.7128,6.7128,6.7128,0,0
PTW_PB,D,20180719,000000,6.7128,6.7128,6.7128,6.7128,0,0
PTW_PB,D,20180720,000000,6.7128,6.7128,6.7128,6.7128,0,0
PTW_PB,D,20180723,000000,6.7128,6.7128,6.7128,6.7128,0,0
PTW_PB,D,20180724,000000,6.7128,6.7128,6.7128,6.7128,0,0
PTW_PB,D,20180725,000000,6.7128,6.7128,6.7128,6.7128,0,0
PTW_PB,D,20180726,000000,6.7128,6.7128,6.7128,6.7128,0,0
PTW_PB,D,20180727,000000,6.7128,6.7128,6.7128,6.7128,0,0
PTW_PB,D,20180730,000000,6.7128,6.7128,5.5237,6.7128,0,0
PTW_PB,D,20180731,000000,6.6745,7.0868,6.6745,7.0868,0,0
PTW_PB,D,20180801,000000,7.4608,7.4608,6.0415,6.7128,0,0
PTW_PB,D,20180802,000000,6.4923,6.4923,6.4923,6.4923,0,0
PTW_PB,D,20180803,000000,6.4923,6.4923,6.1566,6.1566,0,0
PTW_PB,D,20180806,000000,6.1854,6.1854,6.1854,6.1854,0,0
PTW_PB,D,20180807,000000,5.9648,5.9648,5.7826,5.7826,0,0
PTW_PB,D,20180808,000000,5.7826,5.7826,5.7826,5.7826,0,0
PTW_PB,D,20180809,000000,5.7826,5.7826,5.4853,5.7826,0,0
PTW_PB,D,20180810,000000,5.7443,5.7443,5.7443,5.7443,0,0
PTW_PB,D,20180814,000000,5.7059,5.7059,4.8236,4.8236,0,0
PTW_PB,D,20180816,000000,4.7277,5.1305,4.6606,5.1305,0,0
PTW_PB,D,20180817,000000,4.699,4.7277,4.699,4.7277,0,0
PTW_PB,D,20180820,000000,5.5141,5.5141,5.3511,5.3511,0,0
PTW_PB,D,20180821,000000,5.4182,5.984,5.4182,5.5141,0,0
PTW_PB,D,20180822,000000,5.61,5.61,5.61,5.61,0,0
PTW_PB,D,20180823,000000,6.0511,6.3005,5.6675,5.984,0,0
PTW_PB,D,20180824,000000,6.3005,6.3005,5.5716,6.3005,0,0
PTW_PB,D,20180827,000000,6.3005,6.3005,5.984,5.984,0,0
PTW_PB,D,20180828,000000,6.3005,6.3005,5.8593,5.984,0,0
PTW_PB,D,20180829,000000,6.3005,6.3005,5.8306,5.8306,0,0
PTW_PB,D,20180830,000000,6.3005,6.3005,5.7634,5.7634,0,0
PTW_PB,D,20180831,000000,6.3005,6.3005,5.7634,5.7634,0,0
PTW_PB,D,20180903,000000,6.3005,6.3005,5.9552,6.3005,0,0
PTW_PB,D,20180904,000000,6.3005,6.3005,6.3005,6.3005,0,0
PTW_PB,D,20180905,000000,6.3005,6.3005,6.3005,6.3005,0,0
PTW_PB,D,20180906,000000,6.3005,6.3005,5.6675,5.6675,0,0
PTW_PB,D,20180907,000000,6.3005,6.3005,5.6675,5.6675,0,0
PTW_PB,D,20180910,000000,6.3005,6.3005,5.6388,5.6388,0,0
PTW_PB,D,20180911,000000,6.3005,6.3005,5.4853,5.4853,0,0
PTW_PB,D,20180912,000000,6.3005,6.3005,6.3005,6.3005,0,0
PTW_PB,D,20180914,000000,5.4182,5.4182,5.1976,5.1976,0,0
PTW_PB,D,20180925,000000,5.2264,5.2264,5.1976,5.1976,0,0
PTW_PB,D,20180926,000000,5.1976,5.1976,5.1976,5.1976,0,0
PTW_PB,D,20180927,000000,5.1976,5.1976,5.1976,5.1976,0,0
PTW_PB,D,20180928,000000,5.1976,5.1976,5.1976,5.1976,0,0
PTW_PB,D,20181001,000000,5.0442,5.0442,5.0442,5.0442,0,0
PTW_PB,D,20181002,000000,5.0442,5.0442,5.0442,5.0442,0,0
PTW_PB,D,20181003,000000,5.0442,5.0442,5.0442,5.0442,0,0
PTW_PB,D,20181004,000000,5.0442,5.0442,5.0442,5.0442,0,0
PTW_PB,D,20181005,000000,5.0442,5.0442,5.0442,5.0442,0,0
PTW_PB,D,20181012,000000,5.0442,5.0442,5.0442,5.0442,0,0
PTW_PB,D,20181015,000000,5.0442,5.0442,5.0442,5.0442,0,0
PTW_PB,D,20181016,000000,5.0442,5.0442,5.0442,5.0442,0,0
PTW_PB,D,20181017,000000,5.0442,5.0442,5.0442,5.0442,0,0
PTW_PB,D,20181018,000000,5.0442,5.0442,5.0442,5.0442,0,0
PTW_PB,D,20181019,000000,5.0442,5.0442,5.0442,5.0442,0,0
PTW_PB,D,20181022,000000,5.0442,5.0442,5.0442,5.0442,0,0
PTW_PB,D,20181023,000000,5.0442,5.0442,5.0442,5.0442,0,0
PTW_PB,D,20181024,000000,5.0442,5.0442,5.0442,5.0442,0,0
PTW_PB,D,20181025,000000,5.0442,5.0442,4.9771,4.9771,0,0
PTW_PB,D,20181026,000000,5.0442,5.0442,5.0442,5.0442,0,0
PTW_PB,D,20181029,000000,5.0442,5.0442,4.7277,4.7277,0,0
PTW_PB,D,20181030,000000,5.0442,5.0442,5.0442,5.0442,0,0
PTW_PB,D,20181031,000000,5.0442,5.0442,5.0442,5.0442,0,0
PTW_PB,D,20181102,000000,5.0442,5.0442,5.0442,5.0442,0,0
PTW_PB,D,20181105,000000,5.0442,5.0442,5.0442,5.0442,0,0
PTW_PB,D,20181106,000000,5.0442,5.0442,4.699,4.699,0,0
PTW_PB,D,20181107,000000,5.0442,5.0442,5.0442,5.0442,0,0
PTW_PB,D,20181108,000000,4.8812,4.8812,4.8812,4.8812,0,0
PTW_PB,D,20181109,000000,4.8812,4.8812,4.8812,4.8812,0,0
PTW_PB,D,20181113,000000,4.8812,4.8812,4.8812,4.8812,0,0
PTW_PB,D,20181114,000000,4.8812,4.8812,4.8812,4.8812,0,0
PTW_PB,D,20181115,000000,4.8812,4.8812,4.8812,4.8812,0,0
PTW_PB,D,20181116,000000,4.9195,4.9195,4.9195,4.9195,0,0
PTW_PB,D,20181119,000000,4.9195,5.6388,4.9195,5.6388,0,0
PTW_PB,D,20181120,000000,5.6388,5.6388,5.6388,5.6388,0,0
PTW_PB,D,20181121,000000,5.6388,5.6388,5.6388,5.6388,0,0
PTW_PB,D,20181122,000000,5.6388,5.6388,5.1305,5.1305,0,0
PTW_PB,D,20181123,000000,5.6388,5.6388,5.6388,5.6388,0,0
PTW_PB,D,20181126,000000,5.6388,5.6388,5.6388,5.6388,0,0
PTW_PB,D,20181127,000000,5.6388,5.6388,5.6388,5.6388,0,0
PTW_PB,D,20181128,000000,5.6388,5.6388,5.6388,5.6388,0,0
PTW_PB,D,20181129,000000,5.6388,5.6388,5.6388,5.6388,0,0
PTW_PB,D,20181130,000000,5.6388,5.6388,5.6388,5.6388,0,0
PTW_PB,D,20181228,000000,5.0634,5.0634,4.699,4.699,0,0
PTW_PB,D,20190102,000000,4.699,4.699,3.8263,3.8263,0,0
PTW_PB,D,20190107,000000,3.7975,3.7975,3.7975,3.7975,0,0
PTW_PB,D,20190108,000000,3.6153,3.6153,3.6153,3.6153,0,0
PTW_PB,D,20190110,000000,3.6153,3.6153,3.6153,3.6153,0,0
PTW_PB,D,20190111,000000,3.5962,3.5962,3.5962,3.5962,0,0
PTW_PB,D,20190204,000000,3.6921,4.4113,3.6921,4.3058,0,0
PTW_PB,D,20190205,000000,4.3058,4.3058,4.3058,4.3058,0,0
PTW_PB,D,20190206,000000,4.3058,4.3058,4.3058,4.3058,0,0
PTW_PB,D,20190207,000000,4.3058,4.3058,3.7975,3.7975,0,0
PTW_PB,D,20190208,000000,4.3346,4.3346,3.8263,3.8263,0,0
PTW_PB,D,20190212,000000,4.3346,4.3346,3.8263,3.8263,0,0
PTW_PB,D,20190214,000000,3.8263,3.8647,2.3111,2.3111,0,0
PTW_PB,D,20190221,000000,2.3111,2.3111,2.3111,2.3111,0,0
PTW_PB,D,20190222,000000,2.2919,2.2919,2.2919,2.2919,0,0
PTW_PB,D,20190225,000000,2.3111,2.3111,2.3111,2.3111,0,0
PTW_PB,D,20190226,000000,2.2919,2.2919,2.2919,2.2919,0,0
PTW_PB,D,20190227,000000,2.2919,2.2919,2.2919,2.2919,0,0
PTW_PB,D,20190228,000000,2.2919,2.2919,2.2919,2.2919,0,0
PTW_PB,D,20190305,000000,2.2919,2.2919,2.2919,2.2919,0,0
PTW_PB,D,20190307,000000,2.2919,2.2919,2.2919,2.2919,0,0
PTW_PB,D,20190308,000000,2.2919,2.2919,2.2919,2.2919,0,0
PTW_PB,D,20190311,000000,2.2919,2.2919,2.2919,2.2919,0,0
PTW_PB,D,20190312,000000,2.2919,2.2919,2.2919,2.2919,0,0
PTW_PB,D,20190313,000000,2.2919,2.2919,2.2919,2.2919,0,0
PTW_PB,D,20190314,000000,2.2919,2.2919,2.2919,2.2919,0,0
PTW_PB,D,20190315,000000,2.2919,2.2919,2.2919,2.2919,0,0
PTW_PB,D,20190318,000000,2.2919,2.2919,2.2919,2.2919,0,0
PTW_PB,D,20190319,000000,2.2919,2.2919,2.2919,2.2919,0,0
PTW_PB,D,20190320,000000,2.3111,2.3111,2.3111,2.3111,0,0
PTW_PB,D,20190321,000000,2.3111,2.3111,2.2632,2.2632,0,0
PTW_PB,D,20190322,000000,2.3111,2.3111,2.2632,2.2632,0,0
PTW_PB,D,20190326,000000,2.3111,2.3111,2.3111,2.3111,0,0
PTW_PB,D,20190327,000000,2.3111,2.3111,2.1481,2.1481,0,0
PTW_PB,D,20190328,000000,2.1577,2.1577,2.1577,2.1577,0,0
PTW_PB,D,20190329,000000,2.1577,2.1577,2.1577,2.1577,0,0
PTW_PB,D,20190401,000000,2.1577,2.1577,2.1577,2.1577,0,0
PTW_PB,D,20190402,000000,2.3111,2.3111,2.1769,2.2919,0,0
PTW_PB,D,20190412,000000,2.1769,2.1769,2.1769,2.1769,0,0
PTW_PB,D,20190416,000000,2.1002,2.1002,2.1002,2.1002,0,0
PTW_PB,D,20190508,000000,2.1193,2.1193,2.1193,2.1193,0,0
PTW_PB,D,20190513,000000,2.1385,2.1577,2.1385,2.1577,0,0
PTW_PB,D,20190523,000000,2.1097,2.1097,2.1097,2.1097,0,0
PTW_PB,D,20190621,000000,2.1002,2.1002,2.0138,2.0138,0,0
PTW_PB,D,20190624,000000,2.0234,2.0234,2.0234,2.0234,0,0
PTW_PB,D,20190628,000000,2.0522,2.0522,2.0522,2.0522,0,0
PTW_PB,D,20190715,000000,2.15,2.15,2.15,2.15,0,0
PTW_PB,D,20190716,000000,2.15,2.15,2.15,2.15,0,0
PTW_PB,D,20190717,000000,2.15,2.17,2.15,2.17,0,0
PTW_PB,D,20190718,000000,2.08,2.08,2.08,2.08,0,0
PTW_PB,D,20190719,000000,2.14,2.14,2.14,2.14,0,0
PTW_PB,D,20190722,000000,2.15,2.15,2.15,2.15,0,0
PTW_PB,D,20190723,000000,2.09,2.11,1.98,1.98,0,0
PTW_PB,D,20190724,000000,1.88,1.96,1.88,1.96,0,0
PTW_PB,D,20190725,000000,1.97,1.97,1.89,1.89,0,0
PTW_PB,D,20190730,000000,1.92,1.92,1.92,1.92,0,0
PTW_PB,D,20190806,000000,1.97,1.97,1.97,1.97,0,0
PTW_PB,D,20190814,000000,1.98,2.06,1.98,2.06,0,0
PTW_PB,D,20190816,000000,2.2,2.31,2.15,2.31,0,0
PTW_PB,D,20190819,000000,2.31,2.31,2.18,2.18,0,0
PTW_PB,D,20190826,000000,2.51,2.51,2.51,2.51,0,0
PTW_PB,D,20190827,000000,2.47,2.47,2.24,2.24,0,0
PTW_PB,D,20190828,000000,2.33,2.33,2.05,2.05,0,0
PTW_PB,D,20190909,000000,2.04,2.04,2.04,2.04,0,0
PTW_PB,D,20190912,000000,2.05,2.08,2.01,2.01,0,0
PTW_PB,D,20190916,000000,2,2,2,2,0,0
PTW_PB,D,20190917,000000,1.99,1.99,1.99,1.99,0,0
PTW_PB,D,20190918,000000,1.99,1.99,1.99,1.99,0,0
PTW_PB,D,20190919,000000,1.99,1.99,1.84,1.91,0,0
PTW_PB,D,20190920,000000,1.85,1.85,1.85,1.85,0,0
PTW_PB,D,20190923,000000,1.84,1.84,1.84,1.84,0,0
PTW_PB,D,20190924,000000,1.84,1.84,1.84,1.84,0,0
PTW_PB,D,20190925,000000,1.9,1.9,1.9,1.9,0,0
PTW_PB,D,20190926,000000,1.9,1.9,1.9,1.9,0,0
PTW_PB,D,20190927,000000,1.9,1.9,1.9,1.9,0,0
PTW_PB,D,20190930,000000,1.9,1.9,1.76,1.76,0,0
PTW_PB,D,20191001,000000,1.82,1.82,1.75,1.75,0,0
PTW_PB,D,20191002,000000,1.73,1.73,1.61,1.61,0,0
PTW_PB,D,20191003,000000,1.67,1.67,1.67,1.67,0,0
PTW_PB,D,20191004,000000,1.67,1.67,1.67,1.67,0,0
PTW_PB,D,20191007,000000,1.67,1.67,1.67,1.67,0,0
PTW_PB,D,20191008,000000,1.67,1.67,1.67,1.67,0,0
PTW_PB,D,20191009,000000,1.67,1.67,1.67,1.67,0,0
PTW_PB,D,20191010,000000,1.67,1.67,1.67,1.67,0,0
PTW_PB,D,20191011,000000,1.67,1.67,1.67,1.67,0,0
PTW_PB,D,20191015,000000,1.67,1.67,1.67,1.67,0,0
PTW_PB,D,20191016,000000,1.67,1.67,1.67,1.67,0,0
PTW_PB,D,20191017,000000,1.67,1.67,1.67,1.67,0,0
PTW_PB,D,20191018,000000,1.67,1.67,1.67,1.67,0,0
PTW_PB,D,20191021,000000,1.67,1.67,1.67,1.67,0,0
PTW_PB,D,20191022,000000,1.67,1.67,1.67,1.67,0,0
PTW_PB,D,20191030,000000,1.67,1.67,1.67,1.67,0,0
PTW_PB,D,20191031,000000,1.67,1.67,1.67,1.67,0,0
PTW_PB,D,20191104,000000,1.67,1.67,1.67,1.67,0,0
PTW_PB,D,20191105,000000,1.67,1.67,1.67,1.67,0,0
PTW_PB,D,20191106,000000,1.67,1.67,1.67,1.67,0,0
PTW_PB,D,20191107,000000,1.67,1.67,1.67,1.67,0,0
PTW_PB,D,20191108,000000,1.64,1.64,1.64,1.64,0,0
PTW_PB,D,20191112,000000,1.68,1.68,1.68,1.68,0,0
PTW_PB,D,20191114,000000,1.69,1.69,1.69,1.69,0,0
PTW_PB,D,20191115,000000,1.68,1.68,1.68,1.68,0,0
PTW_PB,D,20191118,000000,1.68,1.7,1.68,1.7,0,0
PTW_PB,D,20191119,000000,1.69,1.69,1.69,1.69,0,0
PTW_PB,D,20191121,000000,1.69,1.69,1.63,1.63,0,0
PTW_PB,D,20191122,000000,1.64,1.64,1.58,1.58,0,0
PTW_PB,D,20191129,000000,1.65,1.65,1.65,1.65,0,0
PTW_PB,D,20191202,000000,1.67,1.67,1.67,1.67,0,0
PTW_PB,D,20191203,000000,1.66,1.66,1.58,1.58,0,0
PTW_PB,D,20191206,000000,1.63,1.67,1.63,1.67,0,0
PTW_PB,D,20191209,000000,1.67,1.78,1.6,1.6,0,0
PTW_PB,D,20191210,000000,1.62,1.78,1.62,1.78,0,0
PTW_PB,D,20191211,000000,1.67,1.99,1.59,1.59,0,0
PTW_PB,D,20191212,000000,1.61,1.92,1.6,1.6,0,0
PTW_PB,D,20191213,000000,1.57,1.61,1.57,1.61,0,0
PTW_PB,D,20191216,000000,1.63,1.63,1.55,1.55,0,0
PTW_PB,D,20191217,000000,1.54,1.54,1.54,1.54,0,0
PTW_PB,D,20191218,000000,1.5,1.57,1.5,1.57,0,0
PTW_PB,D,20191227,000000,1.57,1.57,1.57,1.57,0,0
PTW_PB,D,20200102,000000,1.59,1.59,1.59,1.59,0,0
PTW_PB,D,20200103,000000,1.61,1.74,1.58,1.65,0,0
PTW_PB,D,20200107,000000,1.74,1.74,1.74,1.74,0,0
PTW_PB,D,20200108,000000,1.74,1.74,1.74,1.74,0,0
PTW_PB,D,20200109,000000,1.8,1.8,1.75,1.75,0,0
PTW_PB,D,20200110,000000,1.8,1.8,1.8,1.8,0,0
PTW_PB,D,20200113,000000,1.8,1.8,1.57,1.57,0,0
PTW_PB,D,20200114,000000,1.54,1.54,1.52,1.52,0,0
PTW_PB,D,20200115,000000,1.73,1.73,1.73,1.73,0,0
PTW_PB,D,20200116,000000,1.73,1.73,1.73,1.73,0,0
PTW_PB,D,20200117,000000,1.69,1.69,1.69,1.69,0,0
PTW_PB,D,20200120,000000,1.58,1.58,1.58,1.58,0,0
PTW_PB,D,20200121,000000,1.67,1.67,1.62,1.62,0,0
PTW_PB,D,20200122,000000,1.77,1.77,1.62,1.62,0,0
PTW_PB,D,20200123,000000,1.77,1.77,1.77,1.77,0,0
PTW_PB,D,20200124,000000,1.77,1.77,1.62,1.62,0,0
PTW_PB,D,20200127,000000,1.67,1.67,1.62,1.62,0,0
PTW_PB,D,20200128,000000,1.67,1.67,1.62,1.62,0,0
PTW_PB,D,20200129,000000,1.64,1.64,1.48,1.57,0,0
PTW_PB,D,20200130,000000,1.71,1.71,1.53,1.62,0,0
PTW_PB,D,20200131,000000,1.57,1.57,1.55,1.57,0,0
PTW_PB,D,20200203,000000,1.58,1.66,1.55,1.57,0,0
PTW_PB,D,20200204,000000,1.57,1.57,1.57,1.57,0,0
PTW_PB,D,20200205,000000,1.57,1.66,1.57,1.66,0,0
PTW_PB,D,20200206,000000,1.86,1.86,1.69,1.69,0,0
PTW_PB,D,20200207,000000,1.8,1.8,1.79,1.79,0,0
PTW_PB,D,20200210,000000,1.84,2.08,1.84,2.08,0,0
PTW_PB,D,20200211,000000,2.2,2.2,1.99,2.08,0,0
PTW_PB,D,20200212,000000,2.09,2.09,2.08,2.08,0,0
PTW_PB,D,20200213,000000,2.08,2.08,2.08,2.08,0,0
PTW_PB,D,20200214,000000,2,2.08,1.81,1.81,0,0
PTW_PB,D,20200217,000000,1.85,1.85,1.61,1.62,0,0
PTW_PB,D,20200218,000000,1.62,1.62,1.62,1.62,0,0
PTW_PB,D,20200220,000000,1.67,1.67,1.62,1.62,0,0
PTW_PB,D,20200224,000000,1.62,1.67,1.62,1.67,0,0
PTW_PB,D,20200225,000000,1.67,1.67,1.67,1.67,0,0
PTW_PB,D,20200226,000000,1.67,1.67,1.67,1.67,0,0
PTW_PB,D,20200227,000000,1.67,1.67,1.67,1.67,0,0
PTW_PB,D,20200228,000000,1.67,1.67,1.64,1.64,0,0
PTW_PB,D,20200302,000000,1.57,1.57,1.51,1.51,0,0
PTW_PB,D,20200303,000000,1.57,1.57,1.56,1.56,0,0
PTW_PB,D,20200304,000000,1.57,1.57,1.57,1.57,0,0
PTW_PB,D,20200305,000000,1.57,1.57,1.48,1.48,0,0
PTW_PB,D,20200306,000000,1.48,1.51,1.48,1.51,0,0
PTW_PB,D,20200309,000000,1.57,1.57,1.32,1.39,0,0
PTW_PB,D,20200310,000000,1.42,1.42,1.17,1.28,0,0
PTW_PB,D,20200311,000000,1.41,1.41,1.28,1.28,0,0
PTW_PB,D,20200312,000000,1.28,1.28,1.28,1.28,0,0
PTW_PB,D,20200313,000000,1.24,1.25,1.19,1.19,0,0
PTW_PB,D,20200316,000000,1.09,1.1,1.09,1.1,0,0
PTW_PB,D,20200317,000000,1.19,1.19,1.16,1.16,0,0
PTW_PB,D,20200318,000000,1.19,1.2,1.19,1.2,0,0
PTW_PB,D,20200320,000000,1.24,1.24,1.24,1.24,0,0
PTW_PB,D,20200325,000000,1.29,1.29,1.29,1.29,0,0
PTW_PB,D,20200403,000000,1.58,1.88,1.58,1.88,0,0
PTW_PB,D,20200406,000000,2.08,2.08,1.87,1.87,0,0
PTW_PB,D,20200407,000000,1.88,1.88,1.76,1.76,0,0
PTW_PB,D,20200408,000000,1.79,1.79,1.68,1.68,0,0
PTW_PB,D,20200409,000000,1.79,1.79,1.6,1.6,0,0
PTW_PB,D,20200414,000000,1.61,1.61,1.61,1.61,0,0
PTW_PB,D,20200505,000000,1.62,1.62,1.62,1.62,0,0
PTW_PB,D,20200506,000000,1.61,1.61,1.59,1.59,0,0
PTW_PB,D,20200507,000000,1.67,1.67,1.66,1.66,0,0
PTW_PB,D,20200508,000000,1.66,1.66,1.6,1.6,0,0
PTW_PB,D,20200513,000000,1.67,1.67,1.67,1.67,0,0
PTW_PB,D,20200514,000000,1.67,1.67,1.59,1.59,0,0
PTW_PB,D,20200515,000000,1.67,1.67,1.67,1.67,0,0
PTW_PB,D,20200518,000000,1.67,1.88,1.67,1.88,0,0
PTW_PB,D,20200519,000000,1.88,1.88,1.88,1.88,0,0
PTW_PB,D,20200520,000000,1.88,1.88,1.88,1.88,0,0
PTW_PB,D,20200521,000000,1.88,1.88,1.79,1.79,0,0
PTW_PB,D,20200522,000000,1.87,1.87,1.87,1.87,0,0
PTW_PB,D,20200525,000000,1.87,1.87,1.87,1.87,0,0
PTW_PB,D,20200526,000000,1.87,1.87,1.87,1.87,0,0
PTW_PB,D,20200527,000000,1.87,1.87,1.76,1.76,0,0
PTW_PB,D,20200528,000000,1.87,1.87,1.74,1.74,0,0
PTW_PB,D,20200529,000000,1.87,1.87,1.87,1.87,0,0
PTW_PB,D,20200602,000000,1.88,1.88,1.88,1.88,0,0
PTW_PB,D,20200603,000000,1.76,1.76,1.76,1.76,0,0
PTW_PB,D,20200604,000000,1.88,1.88,1.88,1.88,0,0
PTW_PB,D,20200609,000000,1.88,1.88,1.88,1.88,0,0
PTW_PB,D,20200610,000000,1.88,1.88,1.88,1.88,0,0
PTW_PB,D,20200615,000000,1.88,1.88,1.88,1.88,0,0
PTW_PB,D,20200623,000000,1.88,1.88,1.88,1.88,0,0
PTW_PB,D,20200624,000000,1.8,1.8,1.68,1.68,0,0
PTW_PB,D,20200625,000000,1.81,1.81,1.81,1.81,0,0
PTW_PB,D,20200626,000000,1.81,1.81,1.81,1.81,0,0
PTW_PB,D,20200629,000000,1.81,1.81,1.81,1.81,0,0
PTW_PB,D,20200630,000000,1.81,1.81,1.81,1.81,0,0
PTW_PB,D,20200701,000000,1.81,1.81,1.81,1.81,0,0
PTW_PB,D,20200702,000000,1.81,1.81,1.81,1.81,0,0
PTW_PB,D,20200703,000000,1.81,1.81,1.81,1.81,0,0
PTW_PB,D,20200706,000000,1.81,1.81,1.7,1.7,0,0
PTW_PB,D,20200707,000000,1.81,1.81,1.81,1.81,0,0
PTW_PB,D,20200708,000000,1.81,1.81,1.81,1.81,0,0
PTW_PB,D,20200709,000000,1.77,1.77,1.77,1.77,0,0
PTW_PB,D,20200710,000000,1.81,1.81,1.81,1.81,0,0
PTW_PB,D,20200713,000000,1.77,1.77,1.7,1.7,0,0
PTW_PB,D,20200714,000000,1.76,1.76,1.76,1.76,0,0
PTW_PB,D,20200715,000000,1.76,1.76,1.76,1.76,0,0
PTW_PB,D,20200716,000000,1.76,1.76,1.72,1.72,0,0
PTW_PB,D,20200717,000000,1.76,1.76,1.72,1.72,0,0
PTW_PB,D,20200720,000000,1.76,1.76,1.76,1.76,0,0
PTW_PB,D,20200721,000000,1.76,1.76,1.76,1.76,0,0
PTW_PB,D,20200722,000000,1.76,1.76,1.76,1.76,0,0
PTW_PB,D,20200723,000000,1.76,1.76,1.76,1.76,0,0
PTW_PB,D,20200724,000000,1.73,1.73,1.73,1.73,0,0
PTW_PB,D,20200727,000000,1.73,1.73,1.73,1.73,0,0
PTW_PB,D,20200728,000000,1.73,1.73,1.73,1.73,0,0
PTW_PB,D,20200729,000000,1.73,1.73,1.73,1.73,0,0
PTW_PB,D,20200730,000000,1.73,1.73,1.73,1.73,0,0
PTW_PB,D,20200731,000000,1.73,1.73,1.73,1.73,0,0
PTW_PB,D,20200803,000000,1.76,1.76,1.76,1.76,0,0
PTW_PB,D,20200804,000000,1.76,1.76,1.76,1.76,0,0
PTW_PB,D,20200805,000000,1.76,1.76,1.65,1.65,0,0
PTW_PB,D,20200807,000000,1.76,1.76,1.76,1.76,0,0
PTW_PB,D,20200810,000000,1.76,1.76,1.76,1.76,0,0
PTW_PB,D,20200811,000000,1.76,1.76,1.76,1.76,0,0
PTW_PB,D,20200812,000000,1.76,1.76,1.76,1.76,0,0
PTW_PB,D,20200813,000000,1.76,1.76,1.76,1.76,0,0
PTW_PB,D,20200814,000000,1.76,1.76,1.76,1.76,0,0
PTW_PB,D,20200817,000000,1.76,2.4,1.76,2.4,0,0
PTW_PB,D,20200818,000000,2.27,2.27,2.18,2.18,0,0
PTW_PB,D,20200819,000000,2.19,2.19,2.19,2.19,0,0
PTW_PB,D,20200820,000000,2.18,2.18,2.1,2.1,0,0
PTW_PB,D,20200826,000000,2.35,2.35,2.35,2.35,0,0
PTW_PB,D,20200827,000000,1.99,1.99,1.99,1.99,0,0
PTW_PB,D,20200828,000000,2.35,2.35,2.35,2.35,0,0
PTW_PB,D,20200901,000000,2.03,2.03,2.02,2.02,0,0
PTW_PB,D,20200909,000000,2.02,2.02,1.92,1.92,0,0
PTW_PB,D,20200910,000000,2.02,2.02,2.02,2.02,0,0
PTW_PB,D,20200911,000000,2.02,2.02,2.02,2.02,0,0
PTW_PB,D,20200914,000000,2.02,2.02,2.02,2.02,0,0
PTW_PB,D,20200915,000000,2.02,2.02,2.02,2.02,0,0
PTW_PB,D,20200916,000000,2.02,2.02,2.02,2.02,0,0
PTW_PB,D,20200917,000000,2.15,2.15,2.15,2.15,0,0
PTW_PB,D,20200918,000000,2.15,2.15,2.15,2.15,0,0
PTW_PB,D,20200921,000000,2.16,2.16,2.16,2.16,0,0
PTW_PB,D,20200922,000000,2.16,2.16,2.16,2.16,0,0
PTW_PB,D,20200923,000000,2.16,2.16,1.92,1.92,0,0
PTW_PB,D,20200925,000000,2.16,2.16,2.16,2.16,0,0
PTW_PB,D,20200928,000000,1.92,1.99,1.92,1.99,0,0
PTW_PB,D,20200929,000000,2.07,2.07,2.07,2.07,0,0
PTW_PB,D,20200930,000000,2.07,2.07,2.07,2.07,0,0
PTW_PB,D,20201001,000000,2.07,2.07,2.07,2.07,0,0
PTW_PB,D,20201002,000000,2.05,2.05,2.05,2.05,0,0
PTW_PB,D,20201005,000000,2.05,2.05,2.05,2.05,0,0
PTW_PB,D,20201006,000000,2.05,2.05,2.05,2.05,0,0
PTW_PB,D,20201007,000000,2.05,2.05,1.87,1.87,0,0
PTW_PB,D,20201008,000000,1.94,1.94,1.94,1.94,0,0
PTW_PB,D,20201009,000000,2.03,2.03,2.03,2.03,0,0
PTW_PB,D,20201012,000000,2.03,2.03,2.03,2.03,0,0
PTW_PB,D,20201013,000000,2.03,2.03,2.03,2.03,0,0
PTW_PB,D,20201014,000000,2.03,2.03,2.03,2.03,0,0
PTW_PB,D,20201015,000000,2.05,2.05,1.87,1.87,0,0
PTW_PB,D,20201016,000000,1.76,1.76,1.76,1.76,0,0
