<TICKER>,<PER>,<DATE>,<TIME>,<OPEN>,<HIGH>,<LOW>,<CLOSE>,<VOL>,<OPENINT>
SPR_PE,D,20200305,000000,14,14,14,14,0,0
SPR_PE,D,20200306,000000,16.8,19.8,13.8,14.8,0,0
SPR_PE,D,20200309,000000,15,15.2,12.7,14.2,0,0
SPR_PE,D,20200310,000000,11.7,12.4,11.2,11.2,0,0
SPR_PE,D,20200311,000000,11.7,12.7,10.1,12.3,0,0
SPR_PE,D,20200312,000000,11.5,11.5,10.9,10.9,0,0
SPR_PE,D,20200313,000000,10.7,10.7,10.5,10.7,0,0
SPR_PE,D,20200316,000000,10.6,12.1,10.6,12.1,0,0
SPR_PE,D,20200317,000000,11.7,11.7,10.7,11.7,0,0
SPR_PE,D,20200318,000000,11.7,11.7,11.3,11.3,0,0
SPR_PE,D,20200319,000000,11.2,11.5,11.2,11.2,0,0
SPR_PE,D,20200320,000000,10.7,10.7,9.3,10.7,0,0
SPR_PE,D,20200323,000000,8.8,9.5,7,9.5,0,0
SPR_PE,D,20200324,000000,9.5,9.9,9.5,9.9,0,0
SPR_PE,D,20200325,000000,9.7,10.3,9.7,10.3,0,0
SPR_PE,D,20200327,000000,10.7,10.7,10.7,10.7,0,0
SPR_PE,D,20200330,000000,11.7,11.7,11.7,11.7,0,0
SPR_PE,D,20200331,000000,10.7,11.5,10.7,11.5,0,0
SPR_PE,D,20200401,000000,9.7,10.7,9.2,10.5,0,0
SPR_PE,D,20200402,000000,9.7,9.7,9.7,9.7,0,0
SPR_PE,D,20200403,000000,10.5,10.5,9.3,9.3,0,0
SPR_PE,D,20200406,000000,10.3,10.5,10.3,10.5,0,0
SPR_PE,D,20200407,000000,10.1,10.1,9.2,10.1,0,0
SPR_PE,D,20200408,000000,10.1,10.7,10.1,10.7,0,0
SPR_PE,D,20200409,000000,10.7,10.7,10.3,10.3,0,0
SPR_PE,D,20200414,000000,10.3,10.3,9.7,9.7,0,0
SPR_PE,D,20200415,000000,9.7,9.7,9.7,9.7,0,0
SPR_PE,D,20200416,000000,9.8,10.3,9.7,9.7,0,0
SPR_PE,D,20200417,000000,9.5,9.8,9.5,9.8,0,0
SPR_PE,D,20200420,000000,9.7,10.1,9.7,9.7,0,0
SPR_PE,D,20200421,000000,9.7,9.7,9.7,9.7,0,0
SPR_PE,D,20200422,000000,9.9,11.5,9.9,11.5,0,0
SPR_PE,D,20200423,000000,13.3,14,11.1,14,0,0
SPR_PE,D,20200424,000000,13.2,13.2,12.6,12.9,0,0
SPR_PE,D,20200427,000000,13.1,13.5,13.1,13.4,0,0
SPR_PE,D,20200428,000000,13.2,13.4,13.2,13.4,0,0
SPR_PE,D,20200429,000000,13.2,13.2,12.6,13.1,0,0
SPR_PE,D,20200430,000000,12.6,12.9,12.6,12.9,0,0
SPR_PE,D,20200504,000000,12.7,12.7,12.7,12.7,0,0
SPR_PE,D,20200505,000000,12.7,12.7,12.7,12.7,0,0
SPR_PE,D,20200506,000000,12.5,12.5,11.9,11.9,0,0
SPR_PE,D,20200507,000000,11.9,14,11.9,13.3,0,0
SPR_PE,D,20200508,000000,13.7,13.8,13.3,13.8,0,0
SPR_PE,D,20200511,000000,13.8,13.8,13.6,13.6,0,0
SPR_PE,D,20200512,000000,13.8,14.7,13.6,13.6,0,0
SPR_PE,D,20200513,000000,14.2,14.5,13.9,14.5,0,0
SPR_PE,D,20200514,000000,14.6,14.7,14.6,14.7,0,0
SPR_PE,D,20200515,000000,14.4,14.4,13.8,13.8,0,0
SPR_PE,D,20200518,000000,13.8,14.8,13.8,14.8,0,0
SPR_PE,D,20200519,000000,14.8,20.4,14.8,19.7,0,0
SPR_PE,D,20200520,000000,21.4,25.6,17.4,24.3,0,0
SPR_PE,D,20200521,000000,24.3,24.3,23.5,23.6,0,0
SPR_PE,D,20200522,000000,23.4,23.4,21.4,21.4,0,0
SPR_PE,D,20200525,000000,21,22,21,22,0,0
SPR_PE,D,20200526,000000,21,21.4,17.6,17.6,0,0
SPR_PE,D,20200527,000000,17.1,17.1,15.1,16.3,0,0
SPR_PE,D,20200528,000000,16.3,16.5,15.8,16.1,0,0
SPR_PE,D,20200529,000000,16.2,17,16.2,17,0,0
SPR_PE,D,20200601,000000,17.2,19.5,17.2,19.4,0,0
SPR_PE,D,20200602,000000,19.4,19.4,15.7,17.6,0,0
SPR_PE,D,20200603,000000,16.8,19.4,16.8,17,0,0
SPR_PE,D,20200604,000000,19,19,16.5,18.6,0,0
SPR_PE,D,20200605,000000,18.4,18.6,18.3,18.3,0,0
SPR_PE,D,20200608,000000,18.3,18.3,17.8,17.8,0,0
SPR_PE,D,20200609,000000,17.8,18,17.8,17.9,0,0
SPR_PE,D,20200610,000000,17.9,18.2,17.9,17.9,0,0
SPR_PE,D,20200612,000000,17.6,17.9,17.4,17.9,0,0
SPR_PE,D,20200615,000000,20.3,20.3,18.6,20.3,0,0
SPR_PE,D,20200616,000000,20.5,21,20.5,21,0,0
SPR_PE,D,20200617,000000,21,21,20.5,20.6,0,0
SPR_PE,D,20200618,000000,20.2,21,20.2,20.8,0,0
SPR_PE,D,20200622,000000,21.3,24.5,21.3,22.9,0,0
SPR_PE,D,20200623,000000,23.8,26.6,23.8,26.6,0,0
SPR_PE,D,20200624,000000,28.2,33.5,28.2,33.5,0,0
SPR_PE,D,20200625,000000,33.5,37.7,31.7,37.6,0,0
SPR_PE,D,20200626,000000,38,38,34.1,37.6,0,0
SPR_PE,D,20200629,000000,34.2,34.2,31.2,31.8,0,0
SPR_PE,D,20200630,000000,31.1,31.8,30.9,31.4,0,0
SPR_PE,D,20200701,000000,32.6,33.2,31.4,33.2,0,0
SPR_PE,D,20200702,000000,34.4,35,34.4,34.4,0,0
SPR_PE,D,20200703,000000,34.4,35.1,34.4,34.6,0,0
SPR_PE,D,20200706,000000,35,35,33.5,33.5,0,0
SPR_PE,D,20200707,000000,32.6,33.5,32.6,33.5,0,0
SPR_PE,D,20200708,000000,33.5,33.9,33.5,33.9,0,0
SPR_PE,D,20200709,000000,33.9,33.9,33.9,33.9,0,0
SPR_PE,D,20200710,000000,33.5,34.4,33.5,34.4,0,0
SPR_PE,D,20200713,000000,34.9,34.9,32.5,32.5,0,0
SPR_PE,D,20200714,000000,32.5,32.5,31.4,31.4,0,0
SPR_PE,D,20200715,000000,33.5,34.4,32.1,32.1,0,0
SPR_PE,D,20200716,000000,33.2,33.2,31,31.4,0,0
SPR_PE,D,20200717,000000,31,31.2,31,31.2,0,0
SPR_PE,D,20200720,000000,31.2,32.1,31.2,32.1,0,0
SPR_PE,D,20200721,000000,32.3,32.6,32.3,32.6,0,0
SPR_PE,D,20200722,000000,31.7,31.7,27,30,0,0
SPR_PE,D,20200723,000000,30.2,30.4,29.5,29.5,0,0
SPR_PE,D,20200724,000000,29.5,30,29.3,29.3,0,0
SPR_PE,D,20200727,000000,29.1,29.1,27.7,27.7,0,0
SPR_PE,D,20200728,000000,27.5,27.5,26.8,26.8,0,0
SPR_PE,D,20200729,000000,26.4,27.3,26.4,27.3,0,0
SPR_PE,D,20200730,000000,28.2,28.2,26.4,26.5,0,0
SPR_PE,D,20200731,000000,27.2,28.8,27.2,28.8,0,0
SPR_PE,D,20200803,000000,28.2,28.2,26.5,26.5,0,0
SPR_PE,D,20200804,000000,26.3,26.7,26.3,26.6,0,0
SPR_PE,D,20200805,000000,26.8,27,26.2,26.3,0,0
SPR_PE,D,20200806,000000,26.8,27,26.8,27,0,0
SPR_PE,D,20200807,000000,27.2,27.4,27.2,27.3,0,0
SPR_PE,D,20200810,000000,27.8,31,27.8,28.2,0,0
SPR_PE,D,20200811,000000,28.7,28.7,27,27,0,0
SPR_PE,D,20200813,000000,27,27,26.6,26.6,0,0
SPR_PE,D,20200814,000000,27.7,30.7,19.5,19.5,0,0
SPR_PE,D,20200817,000000,19.5,19.5,19.5,19.5,0,0
SPR_PE,D,20200818,000000,19.5,19.5,19.4,19.5,0,0
SPR_PE,D,20200819,000000,19.5,22.6,19.5,20.9,0,0
SPR_PE,D,20200820,000000,21,21,20.1,20.2,0,0
SPR_PE,D,20200824,000000,20.6,20.6,20.3,20.3,0,0
SPR_PE,D,20200828,000000,20.2,20.7,20.2,20.2,0,0
SPR_PE,D,20200831,000000,20.3,20.3,20,20,0,0
SPR_PE,D,20200901,000000,19.9,19.9,19.9,19.9,0,0
SPR_PE,D,20200903,000000,19.8,19.8,18.7,18.8,0,0
SPR_PE,D,20200904,000000,19.6,19.6,19.5,19.5,0,0
SPR_PE,D,20200907,000000,20.6,21.4,18.5,18.5,0,0
SPR_PE,D,20200908,000000,18.9,18.9,15,15,0,0
SPR_PE,D,20200909,000000,15.1,17.5,15.1,17.5,0,0
SPR_PE,D,20200910,000000,18.1,21.4,18.1,20.2,0,0
SPR_PE,D,20200914,000000,20.1,20.1,20,20,0,0
SPR_PE,D,20200915,000000,20.1,20.1,19.7,19.8,0,0
SPR_PE,D,20200916,000000,19.8,19.8,19.8,19.8,0,0
SPR_PE,D,20200917,000000,19.8,19.8,19.8,19.8,0,0
SPR_PE,D,20200918,000000,19.8,19.8,19.5,19.5,0,0
SPR_PE,D,20200921,000000,19.4,19.4,17.6,17.6,0,0
SPR_PE,D,20200922,000000,17.6,17.6,17.6,17.6,0,0
SPR_PE,D,20200923,000000,17.3,17.3,17,17,0,0
SPR_PE,D,20200924,000000,17,17,17,17,0,0
SPR_PE,D,20200925,000000,16.7,16.7,16.2,16.3,0,0
SPR_PE,D,20200928,000000,16.3,18.3,16.3,17.9,0,0
SPR_PE,D,20200929,000000,18.2,18.2,18.1,18.1,0,0
SPR_PE,D,20200930,000000,18.1,18.1,17.2,17.3,0,0
SPR_PE,D,20201005,000000,17.3,17.8,17.3,17.8,0,0
SPR_PE,D,20201006,000000,17.9,18.3,17.6,17.6,0,0
SPR_PE,D,20201007,000000,17.3,17.5,17.2,17.5,0,0
SPR_PE,D,20201008,000000,17.5,17.5,17.4,17.4,0,0
SPR_PE,D,20201009,000000,17.7,18.7,17.7,18.7,0,0
SPR_PE,D,20201012,000000,18.7,18.7,18.7,18.7,0,0
SPR_PE,D,20201013,000000,18.4,18.4,18.4,18.4,0,0
SPR_PE,D,20201014,000000,18.7,18.7,18,18,0,0
SPR_PE,D,20201015,000000,18,18,17.7,17.8,0,0
SPR_PE,D,20201016,000000,17.8,18.9,17.8,18.9,0,0
