<TICKER>,<PER>,<DATE>,<TIME>,<OPEN>,<HIGH>,<LOW>,<CLOSE>,<VOL>,<OPENINT>
TMP_PB,D,20101007,000000,38.24,38.24,38.24,38.24,0,0
TMP_PB,D,20101008,000000,38.24,40.28,38.24,40.28,0,0
TMP_PB,D,20101011,000000,41.24,41.57,41.24,41.57,0,0
TMP_PB,D,20101012,000000,41.89,41.89,41.89,41.89,0,0
TMP_PB,D,20101013,000000,40.39,41.35,40.28,41.35,0,0
TMP_PB,D,20101014,000000,41.57,42.96,41.57,42.96,0,0
TMP_PB,D,20101015,000000,43.5,46.19,42.43,46.19,0,0
TMP_PB,D,20101018,000000,53.7,53.7,49.94,51.98,0,0
TMP_PB,D,20101019,000000,51.78,56.61,51.78,56.61,0,0
TMP_PB,D,20101020,000000,59.07,75.19,58.54,71.96,0,0
TMP_PB,D,20101021,000000,71.96,72.5,59.07,64.44,0,0
TMP_PB,D,20101022,000000,65.52,68.74,54.78,58,0,0
TMP_PB,D,20101025,000000,58.54,58.54,52.09,54.78,0,0
TMP_PB,D,20101026,000000,54.35,54.35,52.63,52.63,0,0
TMP_PB,D,20101027,000000,53.17,54.13,50.48,51.56,0,0
TMP_PB,D,20101028,000000,52.63,58.43,52.63,58.43,0,0
TMP_PB,D,20101029,000000,56.39,61.76,56.39,60.15,0,0
TMP_PB,D,20101102,000000,60.15,60.15,53.7,59.07,0,0
TMP_PB,D,20101103,000000,59.07,60.15,57.46,59.93,0,0
TMP_PB,D,20101104,000000,58,58,55.85,57.89,0,0
TMP_PB,D,20101105,000000,57.89,57.89,53.39,57.89,0,0
TMP_PB,D,20101108,000000,56.93,56.93,53.7,55.31,0,0
TMP_PB,D,20101109,000000,53.7,55.2,51.24,52.63,0,0
TMP_PB,D,20101110,000000,53.17,56.39,52.63,56.39,0,0
TMP_PB,D,20101112,000000,56.81,56.81,51.56,53.59,0,0
TMP_PB,D,20101115,000000,52.09,54.13,52.09,54.13,0,0
TMP_PB,D,20101116,000000,52.63,54.78,52.63,54.78,0,0
TMP_PB,D,20101117,000000,52.09,54.13,49.41,50.37,0,0
TMP_PB,D,20101118,000000,50.37,53.59,50.17,53.17,0,0
TMP_PB,D,20101119,000000,51.56,52.63,51.56,52.63,0,0
TMP_PB,D,20101122,000000,52.41,52.41,52.41,52.41,0,0
TMP_PB,D,20101123,000000,51.02,51.02,51.02,51.02,0,0
TMP_PB,D,20101124,000000,52.2,52.2,52.2,52.2,0,0
TMP_PB,D,20101125,000000,50.48,52.41,48.33,52.41,0,0
TMP_PB,D,20101126,000000,53.17,53.17,53.17,53.17,0,0
TMP_PB,D,20101129,000000,51.56,51.56,47.91,47.91,0,0
TMP_PB,D,20101130,000000,47.91,53.17,47.91,53.17,0,0
TMP_PB,D,20101201,000000,53.06,53.06,53.06,53.06,0,0
TMP_PB,D,20101202,000000,53.7,53.7,53.7,53.7,0,0
TMP_PB,D,20101203,000000,52.63,52.63,52.63,52.63,0,0
TMP_PB,D,20101206,000000,52.41,52.41,46.19,51.13,0,0
TMP_PB,D,20101207,000000,51.33,51.33,46.19,48.33,0,0
TMP_PB,D,20101208,000000,50.48,50.48,50.48,50.48,0,0
TMP_PB,D,20101209,000000,50.48,50.48,50.48,50.48,0,0
TMP_PB,D,20101210,000000,48.87,48.87,48.87,48.87,0,0
TMP_PB,D,20101213,000000,49.94,49.94,49.94,49.94,0,0
TMP_PB,D,20101214,000000,48.33,49.41,48.33,48.33,0,0
TMP_PB,D,20101215,000000,49.41,49.41,14.19,14.19,0,0
TMP_PB,D,20101216,000000,13.54,13.54,12.8,12.8,0,0
TMP_PB,D,20101217,000000,12.89,12.89,12.89,12.89,0,0
TMP_PB,D,20101220,000000,12.8,12.89,12.8,12.89,0,0
TMP_PB,D,20101221,000000,12.89,12.89,12.89,12.89,0,0
TMP_PB,D,20101222,000000,12.89,12.89,12.89,12.89,0,0
TMP_PB,D,20101223,000000,12.89,13.11,10.83,13.11,0,0
TMP_PB,D,20101227,000000,13.11,13.11,12.34,12.96,0,0
TMP_PB,D,20101228,000000,12.28,12.28,12.28,12.28,0,0
TMP_PB,D,20101229,000000,12.49,12.96,12.49,12.96,0,0
TMP_PB,D,20101230,000000,12.96,12.96,12.96,12.96,0,0
TMP_PB,D,20101231,000000,12.96,13.11,12.96,13.11,0,0
TMP_PB,D,20110103,000000,13.42,13.42,13.42,13.42,0,0
TMP_PB,D,20110104,000000,13.14,13.14,13.14,13.14,0,0
TMP_PB,D,20110105,000000,12.8,12.8,11.41,12.28,0,0
TMP_PB,D,20110107,000000,12.28,12.28,11.41,12.03,0,0
TMP_PB,D,20110110,000000,12.28,12.28,11.02,11.11,0,0
TMP_PB,D,20110111,000000,11.04,11.04,11.04,11.04,0,0
TMP_PB,D,20110112,000000,11.04,11.04,11.04,11.04,0,0
TMP_PB,D,20110113,000000,11.04,11.04,11.04,11.04,0,0
TMP_PB,D,20110114,000000,11.38,11.38,11.38,11.38,0,0
TMP_PB,D,20110117,000000,11.32,11.32,11.32,11.32,0,0
TMP_PB,D,20110118,000000,11.32,11.32,11.32,11.32,0,0
TMP_PB,D,20110119,000000,11.29,11.32,11.29,11.32,0,0
TMP_PB,D,20110120,000000,11.32,11.32,11.32,11.32,0,0
TMP_PB,D,20110121,000000,11.32,11.32,10.8,10.8,0,0
TMP_PB,D,20110124,000000,11.11,11.29,11.11,11.29,0,0
TMP_PB,D,20110125,000000,11.32,11.32,10.64,10.64,0,0
TMP_PB,D,20110126,000000,10.77,11.23,10.73,11.23,0,0
TMP_PB,D,20110127,000000,11.11,11.11,11.11,11.11,0,0
TMP_PB,D,20110128,000000,11.07,11.07,11.07,11.07,0,0
TMP_PB,D,20110131,000000,10.64,10.64,10.55,10.55,0,0
TMP_PB,D,20110203,000000,10.34,10.49,10.34,10.49,0,0
TMP_PB,D,20110207,000000,10.73,11.38,10.73,11.38,0,0
TMP_PB,D,20110208,000000,11.38,11.38,11.38,11.38,0,0
TMP_PB,D,20110209,000000,11.11,13.27,11.11,13.27,0,0
TMP_PB,D,20110210,000000,13.14,13.27,12.34,13.27,0,0
TMP_PB,D,20110211,000000,13.3,15.77,13.3,15.73,0,0
TMP_PB,D,20110214,000000,15.73,15.73,15.73,15.73,0,0
TMP_PB,D,20110215,000000,15.73,18.11,15.73,18.11,0,0
TMP_PB,D,20110216,000000,17.96,17.96,17.89,17.89,0,0
TMP_PB,D,20110217,000000,17.89,17.89,15.18,16.97,0,0
TMP_PB,D,20110218,000000,17.28,17.43,15.58,15.58,0,0
TMP_PB,D,20110221,000000,16.2,17.49,16.2,17.46,0,0
TMP_PB,D,20110222,000000,16.35,17.59,16.35,17.52,0,0
TMP_PB,D,20110223,000000,17.52,17.52,17.52,17.52,0,0
TMP_PB,D,20110224,000000,17.52,17.52,17.52,17.52,0,0
TMP_PB,D,20110225,000000,17.59,17.59,15.73,17.59,0,0
TMP_PB,D,20110228,000000,17.52,17.52,17.52,17.52,0,0
TMP_PB,D,20110301,000000,17.52,17.52,17.52,17.52,0,0
TMP_PB,D,20110302,000000,17.52,17.52,17.52,17.52,0,0
TMP_PB,D,20110303,000000,17.52,17.52,17.52,17.52,0,0
TMP_PB,D,20110304,000000,17.52,17.55,17.52,17.52,0,0
TMP_PB,D,20110307,000000,17.43,17.52,17.43,17.49,0,0
TMP_PB,D,20110308,000000,17.24,17.49,16.69,17.49,0,0
TMP_PB,D,20110309,000000,17.52,17.52,17.52,17.52,0,0
TMP_PB,D,20110310,000000,17.52,17.52,17.52,17.52,0,0
TMP_PB,D,20110311,000000,17.52,17.52,17.52,17.52,0,0
TMP_PB,D,20110314,000000,17.52,17.52,16.2,16.2,0,0
TMP_PB,D,20110315,000000,16.81,16.97,16.2,16.97,0,0
TMP_PB,D,20110316,000000,16.51,16.51,16.04,16.51,0,0
TMP_PB,D,20110317,000000,15.89,16.51,15.73,16.51,0,0
TMP_PB,D,20110318,000000,16.51,16.66,16.51,16.66,0,0
TMP_PB,D,20110321,000000,15.89,16.81,15.43,16.66,0,0
TMP_PB,D,20110322,000000,15.89,16.01,15.89,16.01,0,0
TMP_PB,D,20110323,000000,16.04,16.04,15.12,15.43,0,0
TMP_PB,D,20110325,000000,15.43,16.66,15.43,15.89,0,0
TMP_PB,D,20110328,000000,15.73,16.04,15.58,16.04,0,0
TMP_PB,D,20110329,000000,16.04,16.63,16.04,16.63,0,0
TMP_PB,D,20110330,000000,16.63,16.97,16.63,16.66,0,0
TMP_PB,D,20110331,000000,16.63,16.63,16.6,16.6,0,0
TMP_PB,D,20110401,000000,16.63,16.97,16.63,16.97,0,0
TMP_PB,D,20110404,000000,16.94,16.94,16.94,16.94,0,0
TMP_PB,D,20110405,000000,16.81,16.81,16.81,16.81,0,0
TMP_PB,D,20110406,000000,16.81,16.81,16.81,16.81,0,0
TMP_PB,D,20110407,000000,16.81,16.81,16.63,16.63,0,0
TMP_PB,D,20110408,000000,16.81,16.81,16.81,16.81,0,0
TMP_PB,D,20110411,000000,16.81,16.81,16.04,16.04,0,0
TMP_PB,D,20110412,000000,16.51,16.63,16.51,16.63,0,0
TMP_PB,D,20110413,000000,16.63,16.63,16.63,16.63,0,0
TMP_PB,D,20110414,000000,16.63,16.63,15.73,16.51,0,0
TMP_PB,D,20110415,000000,16.63,16.63,16.63,16.63,0,0
TMP_PB,D,20110418,000000,16.63,16.63,16.63,16.63,0,0
TMP_PB,D,20110419,000000,16.63,16.63,16.63,16.63,0,0
TMP_PB,D,20110420,000000,16.6,16.6,16.6,16.6,0,0
TMP_PB,D,20110421,000000,16.6,16.6,15.73,16.35,0,0
TMP_PB,D,20110426,000000,16.6,16.6,16.6,16.6,0,0
TMP_PB,D,20110427,000000,16.6,16.6,16.6,16.6,0,0
TMP_PB,D,20110428,000000,16.6,16.6,16.6,16.6,0,0
TMP_PB,D,20110429,000000,16.6,16.6,15.49,15.49,0,0
TMP_PB,D,20110502,000000,15.43,15.43,15.43,15.43,0,0
TMP_PB,D,20110504,000000,15.27,15.27,14.81,14.81,0,0
TMP_PB,D,20110506,000000,14.87,14.87,14.87,14.87,0,0
TMP_PB,D,20110510,000000,14.81,14.81,14.19,14.35,0,0
TMP_PB,D,20110511,000000,14.04,14.65,14.04,14.65,0,0
TMP_PB,D,20110512,000000,14.81,15.43,14.74,15.43,0,0
TMP_PB,D,20110513,000000,16.04,16.04,16.04,16.04,0,0
TMP_PB,D,20110516,000000,15.12,15.12,14.81,15.12,0,0
TMP_PB,D,20110517,000000,15.12,15.12,15.12,15.12,0,0
TMP_PB,D,20110523,000000,15.28,15.28,14.97,14.97,0,0
TMP_PB,D,20110526,000000,14.97,14.97,14.97,14.97,0,0
TMP_PB,D,20110527,000000,14.94,14.94,14.94,14.94,0,0
TMP_PB,D,20110530,000000,14.97,14.97,13.72,13.72,0,0
TMP_PB,D,20110531,000000,13.72,13.72,13.72,13.72,0,0
TMP_PB,D,20110601,000000,13.88,14.03,13.88,14.03,0,0
TMP_PB,D,20110602,000000,13.88,13.88,13.88,13.88,0,0
TMP_PB,D,20110603,000000,13.88,14.41,13.88,14.41,0,0
TMP_PB,D,20110606,000000,14.34,14.41,14.34,14.41,0,0
TMP_PB,D,20110608,000000,14.5,14.81,14.5,14.81,0,0
TMP_PB,D,20110609,000000,14.97,14.97,14.97,14.97,0,0
TMP_PB,D,20110614,000000,14.97,14.97,14.97,14.97,0,0
TMP_PB,D,20110615,000000,14.97,15.28,12.47,13.41,0,0
TMP_PB,D,20110616,000000,13.41,13.41,13.41,13.41,0,0
TMP_PB,D,20110621,000000,13.41,13.41,13.41,13.41,0,0
TMP_PB,D,20110627,000000,13.69,13.69,13.69,13.69,0,0
TMP_PB,D,20110628,000000,13.69,13.69,13.69,13.69,0,0
TMP_PB,D,20110629,000000,13.63,13.63,13.13,13.13,0,0
TMP_PB,D,20110630,000000,13.1,13.1,12.78,12.78,0,0
TMP_PB,D,20110701,000000,12.69,13.01,12.69,13.01,0,0
TMP_PB,D,20110704,000000,12.78,12.78,12.78,12.78,0,0
TMP_PB,D,20110706,000000,12.63,12.63,12.63,12.63,0,0
TMP_PB,D,20110707,000000,12.78,12.78,12.78,12.78,0,0
TMP_PB,D,20110708,000000,12.82,12.82,12.82,12.82,0,0
TMP_PB,D,20110712,000000,12.82,12.82,12.82,12.82,0,0
TMP_PB,D,20110713,000000,12.78,12.78,12.47,12.47,0,0
TMP_PB,D,20110715,000000,12.72,12.72,12.72,12.72,0,0
TMP_PB,D,20110718,000000,12.78,12.78,12.78,12.78,0,0
TMP_PB,D,20110721,000000,12.75,12.75,12.75,12.75,0,0
TMP_PB,D,20110726,000000,12.82,12.82,12.82,12.82,0,0
TMP_PB,D,20110729,000000,12.78,12.78,12.78,12.78,0,0
TMP_PB,D,20110801,000000,12.75,12.82,12.75,12.82,0,0
TMP_PB,D,20110802,000000,12.63,12.63,12.63,12.63,0,0
TMP_PB,D,20110803,000000,12.32,12.32,12.32,12.32,0,0
TMP_PB,D,20110804,000000,12.32,12.32,12.01,12.01,0,0
TMP_PB,D,20110805,000000,12.04,12.04,12.04,12.04,0,0
TMP_PB,D,20110808,000000,12.16,12.32,12.16,12.32,0,0
TMP_PB,D,20110809,000000,12.32,12.32,9.35,9.35,0,0
TMP_PB,D,20110810,000000,10.01,10.57,10.01,10.57,0,0
TMP_PB,D,20110811,000000,10.57,10.57,10.57,10.57,0,0
TMP_PB,D,20110812,000000,10.45,10.45,9.98,9.98,0,0
TMP_PB,D,20110824,000000,10.14,10.14,10.14,10.14,0,0
TMP_PB,D,20110830,000000,10.39,10.62,10.39,10.62,0,0
TMP_PB,D,20110901,000000,10.62,11.09,10.62,11.09,0,0
TMP_PB,D,20110906,000000,10.62,11.25,10.62,11.25,0,0
TMP_PB,D,20110907,000000,11.25,11.95,11.25,11.95,0,0
TMP_PB,D,20110908,000000,12.04,12.04,12.04,12.04,0,0
TMP_PB,D,20110914,000000,11.95,11.95,11.95,11.95,0,0
TMP_PB,D,20110915,000000,11.95,11.95,11.95,11.95,0,0
TMP_PB,D,20110916,000000,11.95,11.95,11.41,11.41,0,0
TMP_PB,D,20110919,000000,11.41,12.04,11.41,12.04,0,0
TMP_PB,D,20110920,000000,12.04,12.49,12.04,12.49,0,0
TMP_PB,D,20110921,000000,12.49,13.31,12.49,13.31,0,0
TMP_PB,D,20110923,000000,13.31,15.05,13.31,15.05,0,0
TMP_PB,D,20110926,000000,15.37,15.85,15.21,15.21,0,0
TMP_PB,D,20110927,000000,15.21,15.21,15.21,15.21,0,0
TMP_PB,D,20110928,000000,15.21,15.21,15.21,15.21,0,0
TMP_PB,D,20110929,000000,15.21,15.21,15.21,15.21,0,0
TMP_PB,D,20110930,000000,15.21,15.21,15.21,15.21,0,0
TMP_PB,D,20111003,000000,15.21,15.21,15.21,15.21,0,0
TMP_PB,D,20111004,000000,15.21,15.21,15.21,15.21,0,0
TMP_PB,D,20111005,000000,15.21,15.21,15.21,15.21,0,0
TMP_PB,D,20111006,000000,15.21,15.21,15.21,15.21,0,0
TMP_PB,D,20111007,000000,15.21,15.21,15.21,15.21,0,0
TMP_PB,D,20111010,000000,15.21,15.21,15.21,15.21,0,0
TMP_PB,D,20111011,000000,15.21,15.21,15.21,15.21,0,0
TMP_PB,D,20111012,000000,15.21,15.21,15.21,15.21,0,0
TMP_PB,D,20111013,000000,15.21,15.21,15.21,15.21,0,0
TMP_PB,D,20111014,000000,15.15,15.81,15.15,15.81,0,0
TMP_PB,D,20111017,000000,15.81,15.81,15.81,15.81,0,0
TMP_PB,D,20111018,000000,15.81,15.81,15.81,15.81,0,0
TMP_PB,D,20111019,000000,15.81,15.81,15.81,15.81,0,0
TMP_PB,D,20111020,000000,15.81,15.81,15.81,15.81,0,0
TMP_PB,D,20111021,000000,15.69,15.69,14.58,14.74,0,0
TMP_PB,D,20111025,000000,14.58,14.58,14.26,14.26,0,0
TMP_PB,D,20111026,000000,13.95,14.26,13.25,14.26,0,0
TMP_PB,D,20111027,000000,13.79,13.79,12.84,12.84,0,0
TMP_PB,D,20111104,000000,12.55,12.55,12.55,12.55,0,0
TMP_PB,D,20111107,000000,12.55,12.55,12.55,12.55,0,0
TMP_PB,D,20111109,000000,12.36,12.36,12.04,12.04,0,0
TMP_PB,D,20111123,000000,12.04,12.04,12.04,12.04,0,0
TMP_PB,D,20111125,000000,12.04,12.04,11.85,11.85,0,0
TMP_PB,D,20111129,000000,11.85,11.85,11.85,11.85,0,0
TMP_PB,D,20111130,000000,11.85,11.85,11.85,11.85,0,0
TMP_PB,D,20111201,000000,11.85,11.85,11.85,11.85,0,0
TMP_PB,D,20111202,000000,11.85,11.85,11.85,11.85,0,0
TMP_PB,D,20111205,000000,11.85,11.85,11.54,11.54,0,0
TMP_PB,D,20111212,000000,11.76,11.76,11.76,11.76,0,0
TMP_PB,D,20111213,000000,11.85,11.85,11.13,11.13,0,0
TMP_PB,D,20111214,000000,10.76,11.26,9.35,10.13,0,0
TMP_PB,D,20111215,000000,9.82,9.82,9.82,9.82,0,0
TMP_PB,D,20111216,000000,9.79,9.79,9.35,9.35,0,0
TMP_PB,D,20111220,000000,9.6,9.6,9.6,9.6,0,0
TMP_PB,D,20111221,000000,9.35,9.35,9.35,9.35,0,0
TMP_PB,D,20111222,000000,9.04,9.04,8.58,9.01,0,0
TMP_PB,D,20111227,000000,8.61,8.89,8.61,8.61,0,0
TMP_PB,D,20120110,000000,8.73,8.73,8.73,8.73,0,0
TMP_PB,D,20120117,000000,8.73,8.95,8.73,8.95,0,0
TMP_PB,D,20120118,000000,8.73,8.73,8.73,8.73,0,0
TMP_PB,D,20120119,000000,8.73,9.67,8.73,9.67,0,0
TMP_PB,D,20120126,000000,9.67,10.07,9.67,10.07,0,0
TMP_PB,D,20120127,000000,10.13,10.91,10.13,10.91,0,0
TMP_PB,D,20120131,000000,11.69,13.1,11.69,13.1,0,0
TMP_PB,D,20120201,000000,14.03,14.03,14.03,14.03,0,0
TMP_PB,D,20120202,000000,14.03,15.44,14.03,15.44,0,0
TMP_PB,D,20120203,000000,15.44,15.44,15.44,15.44,0,0
TMP_PB,D,20120206,000000,15.44,17.77,15.44,17.77,0,0
TMP_PB,D,20120207,000000,17.77,19.52,15.5,19.52,0,0
TMP_PB,D,20120208,000000,19.52,19.52,18.71,18.71,0,0
TMP_PB,D,20120209,000000,19.18,19.18,19.18,19.18,0,0
TMP_PB,D,20120210,000000,18.4,19.18,18.27,19.18,0,0
TMP_PB,D,20120213,000000,18.71,18.71,18.71,18.71,0,0
TMP_PB,D,20120214,000000,18.71,18.71,18.71,18.71,0,0
TMP_PB,D,20120215,000000,18.68,18.68,18.68,18.68,0,0
TMP_PB,D,20120216,000000,18.68,18.68,16.95,16.95,0,0
TMP_PB,D,20120217,000000,16.69,16.83,16.69,16.69,0,0
TMP_PB,D,20120220,000000,16.69,16.69,13.75,16.55,0,0
TMP_PB,D,20120221,000000,15,15,15,15,0,0
TMP_PB,D,20120223,000000,14.85,15.42,14.85,15.42,0,0
TMP_PB,D,20120228,000000,15.28,15.28,15.28,15.28,0,0
TMP_PB,D,20120229,000000,15.28,15.28,14.43,14.43,0,0
TMP_PB,D,20120301,000000,14.15,15.28,14.15,15.28,0,0
TMP_PB,D,20120302,000000,15.28,15.34,14.15,15.34,0,0
TMP_PB,D,20120305,000000,15.34,15.34,15.34,15.34,0,0
TMP_PB,D,20120306,000000,14.43,14.43,14.29,14.29,0,0
TMP_PB,D,20120307,000000,14.43,14.43,14.43,14.43,0,0
TMP_PB,D,20120312,000000,14.15,14.15,14.15,14.15,0,0
TMP_PB,D,20120313,000000,14.15,14.15,13.75,13.75,0,0
TMP_PB,D,20120316,000000,13.58,13.58,13.33,13.33,0,0
TMP_PB,D,20120320,000000,13.44,13.44,13.44,13.44,0,0
TMP_PB,D,20120321,000000,13.44,13.44,13.44,13.44,0,0
TMP_PB,D,20120322,000000,13.44,13.44,13.44,13.44,0,0
TMP_PB,D,20120327,000000,13.3,13.3,12.73,12.73,0,0
TMP_PB,D,20120416,000000,12.43,12.43,12.26,12.26,0,0
TMP_PB,D,20120418,000000,12,12,12,12,0,0
TMP_PB,D,20120509,000000,11.86,11.89,11.86,11.89,0,0
TMP_PB,D,20120514,000000,11.43,11.89,10.29,11.89,0,0
TMP_PB,D,20120516,000000,10.86,10.86,9.97,9.97,0,0
TMP_PB,D,20120517,000000,9.43,9.43,9.29,9.29,0,0
TMP_PB,D,20120518,000000,9.29,9.29,9.29,9.29,0,0
TMP_PB,D,20120521,000000,9.29,9.43,9.29,9.43,0,0
TMP_PB,D,20120522,000000,9.43,9.43,9.43,9.43,0,0
TMP_PB,D,20120523,000000,9.43,9.43,8.66,8.66,0,0
TMP_PB,D,20120524,000000,8.66,8.66,8.66,8.66,0,0
TMP_PB,D,20120525,000000,8.66,8.66,8.66,8.66,0,0
TMP_PB,D,20120608,000000,8.66,8.66,8.66,8.66,0,0
TMP_PB,D,20120625,000000,8.66,8.66,8.66,8.66,0,0
TMP_PB,D,20120629,000000,8.79,9.71,8.79,9.71,0,0
TMP_PB,D,20120705,000000,9.71,9.97,9.71,9.97,0,0
TMP_PB,D,20120709,000000,9.84,9.84,9.84,9.84,0,0
TMP_PB,D,20120710,000000,9.92,9.92,9.45,9.45,0,0
TMP_PB,D,20120711,000000,9.45,9.45,9.45,9.45,0,0
TMP_PB,D,20120712,000000,9.45,9.45,9.19,9.19,0,0
TMP_PB,D,20120727,000000,9.19,9.19,9.19,9.19,0,0
TMP_PB,D,20120731,000000,9.26,10.1,9.26,10.1,0,0
TMP_PB,D,20120803,000000,10.1,11.86,10.1,11.86,0,0
TMP_PB,D,20120806,000000,11.57,11.57,11.57,11.57,0,0
TMP_PB,D,20120807,000000,11.57,11.57,11.57,11.57,0,0
TMP_PB,D,20120808,000000,11.57,12.07,11.57,12.07,0,0
TMP_PB,D,20120810,000000,12.07,12.07,12.07,12.07,0,0
TMP_PB,D,20120813,000000,12.07,12.07,12.07,12.07,0,0
TMP_PB,D,20120814,000000,12.07,12.07,12.07,12.07,0,0
TMP_PB,D,20120816,000000,12.07,12.07,12.07,12.07,0,0
TMP_PB,D,20120817,000000,12.07,12.07,12.07,12.07,0,0
TMP_PB,D,20120820,000000,12.07,12.07,12.07,12.07,0,0
TMP_PB,D,20120821,000000,12.07,12.33,12.07,12.33,0,0
TMP_PB,D,20120823,000000,12.33,12.52,12.33,12.52,0,0
TMP_PB,D,20120824,000000,12.47,12.47,12.41,12.41,0,0
TMP_PB,D,20120827,000000,12.41,12.41,12.41,12.41,0,0
TMP_PB,D,20120828,000000,12.41,12.41,12.41,12.41,0,0
TMP_PB,D,20120829,000000,12.41,12.41,11.73,11.73,0,0
TMP_PB,D,20120830,000000,11.73,11.73,11.73,11.73,0,0
TMP_PB,D,20120831,000000,11.5,11.5,10.95,10.95,0,0
TMP_PB,D,20120903,000000,10.97,11.1,10.97,11.1,0,0
TMP_PB,D,20120912,000000,11.23,11.23,11.23,11.23,0,0
TMP_PB,D,20120913,000000,11.23,11.23,11.23,11.23,0,0
TMP_PB,D,20120914,000000,11.23,11.23,11.23,11.23,0,0
TMP_PB,D,20120917,000000,11.23,11.23,11.23,11.23,0,0
TMP_PB,D,20120918,000000,11.23,11.23,11.23,11.23,0,0
TMP_PB,D,20120919,000000,11.23,11.23,11.23,11.23,0,0
TMP_PB,D,20120920,000000,11.23,11.23,10.45,10.45,0,0
TMP_PB,D,20120921,000000,10.45,10.45,10.45,10.45,0,0
TMP_PB,D,20120924,000000,10.45,10.45,10.45,10.45,0,0
TMP_PB,D,20120925,000000,10.45,10.45,10.45,10.45,0,0
TMP_PB,D,20120926,000000,10.45,10.45,10.45,10.45,0,0
TMP_PB,D,20120927,000000,10.45,10.45,10.45,10.45,0,0
TMP_PB,D,20120928,000000,10.45,10.45,10.45,10.45,0,0
TMP_PB,D,20121001,000000,10.45,10.45,10.45,10.45,0,0
TMP_PB,D,20121002,000000,10.45,10.45,10.45,10.45,0,0
TMP_PB,D,20121003,000000,10.45,10.45,10.45,10.45,0,0
TMP_PB,D,20121004,000000,10.45,10.45,10.45,10.45,0,0
TMP_PB,D,20121005,000000,10.45,10.45,10.45,10.45,0,0
TMP_PB,D,20121008,000000,10.45,10.45,10.45,10.45,0,0
TMP_PB,D,20121009,000000,10.45,10.45,10.45,10.45,0,0
TMP_PB,D,20121010,000000,10.45,10.45,10.45,10.45,0,0
TMP_PB,D,20121011,000000,10.45,10.45,10.42,10.42,0,0
TMP_PB,D,20121012,000000,10.45,10.45,10.45,10.45,0,0
TMP_PB,D,20121015,000000,10.45,10.45,10.45,10.45,0,0
TMP_PB,D,20121016,000000,10.45,10.45,10.45,10.45,0,0
TMP_PB,D,20121017,000000,10.45,10.45,10.45,10.45,0,0
TMP_PB,D,20121018,000000,10.45,10.45,10.45,10.45,0,0
TMP_PB,D,20121019,000000,10.45,10.45,10.42,10.42,0,0
TMP_PB,D,20121022,000000,10.45,10.45,10.45,10.45,0,0
TMP_PB,D,20121023,000000,10.42,10.42,10.42,10.42,0,0
TMP_PB,D,20121024,000000,10.42,10.42,10.42,10.42,0,0
TMP_PB,D,20121025,000000,10.42,10.42,10.42,10.42,0,0
TMP_PB,D,20121026,000000,10.42,10.42,10.14,10.14,0,0
TMP_PB,D,20121031,000000,10.06,10.06,9.74,9.8,0,0
TMP_PB,D,20121105,000000,9.54,9.54,9.33,9.33,0,0
TMP_PB,D,20121108,000000,9.27,9.27,8.83,8.83,0,0
TMP_PB,D,20121109,000000,8.78,8.78,7.81,7.81,0,0
TMP_PB,D,20121114,000000,7.91,7.91,7.91,7.91,0,0
TMP_PB,D,20121119,000000,7.84,7.84,6.79,6.79,0,0
TMP_PB,D,20121121,000000,6.85,7.32,6.85,7.32,0,0
TMP_PB,D,20121122,000000,7.32,7.32,7.32,7.32,0,0
TMP_PB,D,20121203,000000,7.39,8.36,7.39,8.36,0,0
TMP_PB,D,20121204,000000,8.1,8.62,8.1,8.1,0,0
TMP_PB,D,20121205,000000,8.1,8.1,8,8,0,0
TMP_PB,D,20121206,000000,7.97,7.97,7.45,7.45,0,0
TMP_PB,D,20121207,000000,7.55,7.55,7.05,7.16,0,0
TMP_PB,D,20121210,000000,7.03,7.03,6.92,6.92,0,0
TMP_PB,D,20121212,000000,6.9,6.9,6.9,6.9,0,0
TMP_PB,D,20121213,000000,6.9,6.99,6.9,6.99,0,0
TMP_PB,D,20121214,000000,6.99,6.99,6.62,6.62,0,0
TMP_PB,D,20121217,000000,6.7,6.78,6.7,6.78,0,0
TMP_PB,D,20121218,000000,6.62,6.62,6.38,6.38,0,0
TMP_PB,D,20121219,000000,6.36,6.36,6.36,6.36,0,0
TMP_PB,D,20121220,000000,6.36,6.36,5.64,5.69,0,0
TMP_PB,D,20121221,000000,5.69,5.83,5.69,5.83,0,0
TMP_PB,D,20121227,000000,6.09,6.09,6.09,6.09,0,0
TMP_PB,D,20121228,000000,6.09,6.09,6.09,6.09,0,0
TMP_PB,D,20130107,000000,6.22,6.43,6.22,6.43,0,0
TMP_PB,D,20130108,000000,6.49,7.18,6.49,7.18,0,0
TMP_PB,D,20130109,000000,7.18,7.26,7.18,7.26,0,0
TMP_PB,D,20130121,000000,7.15,7.26,7.12,7.26,0,0
TMP_PB,D,20130122,000000,7.36,7.52,7.26,7.26,0,0
TMP_PB,D,20130123,000000,7.26,7.26,7.26,7.26,0,0
TMP_PB,D,20130125,000000,7.26,7.26,7.26,7.26,0,0
TMP_PB,D,20130128,000000,7.26,7.52,7.26,7.52,0,0
TMP_PB,D,20130129,000000,7.42,7.42,7.26,7.36,0,0
TMP_PB,D,20130204,000000,7.28,7.28,6.89,6.89,0,0
TMP_PB,D,20130205,000000,6.96,6.96,6.96,6.96,0,0
TMP_PB,D,20130206,000000,6.96,6.96,6.96,6.96,0,0
TMP_PB,D,20130207,000000,6.96,6.96,6.96,6.96,0,0
TMP_PB,D,20130208,000000,6.96,6.96,6.96,6.96,0,0
TMP_PB,D,20130211,000000,6.96,6.96,6.96,6.96,0,0
TMP_PB,D,20130212,000000,6.96,7.95,6.09,6.36,0,0
TMP_PB,D,20130214,000000,6.22,6.22,6.09,6.09,0,0
TMP_PB,D,20130220,000000,6.09,6.28,6.09,6.28,0,0
TMP_PB,D,20130305,000000,6.33,6.33,6.33,6.33,0,0
TMP_PB,D,20130312,000000,6.22,6.88,6.22,6.88,0,0
TMP_PB,D,20130315,000000,7.03,7.03,7.03,7.03,0,0
TMP_PB,D,20130319,000000,6.82,6.82,6.82,6.82,0,0
TMP_PB,D,20130320,000000,6.88,7.62,6.88,7.62,0,0
TMP_PB,D,20130325,000000,7.62,7.62,7.5,7.5,0,0
TMP_PB,D,20130328,000000,7.76,7.91,7.76,7.91,0,0
TMP_PB,D,20130402,000000,7.76,7.76,7.76,7.76,0,0
TMP_PB,D,20130403,000000,7.76,7.76,7.76,7.76,0,0
TMP_PB,D,20130408,000000,7.76,7.76,6.21,6.68,0,0
TMP_PB,D,20130410,000000,6.71,7.18,6.71,7.18,0,0
TMP_PB,D,20130411,000000,7.18,7.18,7.18,7.18,0,0
TMP_PB,D,20130422,000000,6.94,6.94,5.57,5.94,0,0
TMP_PB,D,20130424,000000,5.71,5.94,5.71,5.94,0,0
TMP_PB,D,20130430,000000,5.94,5.94,5.94,5.94,0,0
TMP_PB,D,20130508,000000,5.94,6.04,5.94,6.04,0,0
TMP_PB,D,20130513,000000,6.04,6.04,6.04,6.04,0,0
TMP_PB,D,20130515,000000,5.92,5.92,5.92,5.92,0,0
TMP_PB,D,20130524,000000,6.04,6.04,6.04,6.04,0,0
TMP_PB,D,20130529,000000,6.04,6.04,6.01,6.01,0,0
TMP_PB,D,20130531,000000,5.91,5.91,5.91,5.91,0,0
TMP_PB,D,20130605,000000,5.91,5.91,5.91,5.91,0,0
TMP_PB,D,20130606,000000,5.97,6.41,5.97,6.41,0,0
TMP_PB,D,20130613,000000,6.38,6.38,6.38,6.38,0,0
TMP_PB,D,20130614,000000,6.38,6.38,6.38,6.38,0,0
TMP_PB,D,20130617,000000,6.38,6.38,6.38,6.38,0,0
TMP_PB,D,20130620,000000,6.41,7.43,6.41,7.43,0,0
TMP_PB,D,20130628,000000,7.43,8.6,7.43,8.6,0,0
TMP_PB,D,20130701,000000,8.92,8.92,8.25,8.25,0,0
TMP_PB,D,20130703,000000,8.25,8.25,8.25,8.25,0,0
TMP_PB,D,20130704,000000,8.16,8.28,8.16,8.28,0,0
TMP_PB,D,20130705,000000,7.29,7.29,7.2,7.2,0,0
TMP_PB,D,20130709,000000,6.85,6.85,6.7,6.7,0,0
TMP_PB,D,20130710,000000,6.41,6.41,6.41,6.41,0,0
TMP_PB,D,20130712,000000,6.5,6.5,6.5,6.5,0,0
TMP_PB,D,20130715,000000,6.38,6.38,6.35,6.35,0,0
TMP_PB,D,20130716,000000,6.41,6.41,6.41,6.41,0,0
TMP_PB,D,20130723,000000,6.38,6.38,6.38,6.38,0,0
TMP_PB,D,20130724,000000,6.38,6.38,6.38,6.38,0,0
TMP_PB,D,20130725,000000,6.38,6.38,6.38,6.38,0,0
TMP_PB,D,20130726,000000,6.38,6.38,6.38,6.38,0,0
TMP_PB,D,20130729,000000,6.38,6.38,6.38,6.38,0,0
TMP_PB,D,20130730,000000,6.38,6.38,6.38,6.38,0,0
TMP_PB,D,20130731,000000,6.38,6.38,6.38,6.38,0,0
TMP_PB,D,20130801,000000,6.38,6.38,6.38,6.38,0,0
TMP_PB,D,20130802,000000,6.38,6.38,6.38,6.38,0,0
TMP_PB,D,20130808,000000,6.35,6.41,6.35,6.41,0,0
TMP_PB,D,20130809,000000,6.64,6.73,6.64,6.73,0,0
TMP_PB,D,20130812,000000,6.73,6.85,6.73,6.85,0,0
TMP_PB,D,20130819,000000,6.76,6.76,6.41,6.41,0,0
TMP_PB,D,20130821,000000,6.35,6.35,5.57,5.57,0,0
TMP_PB,D,20130822,000000,5.77,5.77,5.77,5.77,0,0
TMP_PB,D,20130823,000000,5.77,6.76,5.39,6.76,0,0
TMP_PB,D,20130826,000000,5.62,6.64,5.62,6.64,0,0
TMP_PB,D,20130827,000000,6.33,6.41,6.33,6.41,0,0
TMP_PB,D,20130828,000000,6.33,6.33,6.33,6.33,0,0
TMP_PB,D,20130916,000000,6.63,6.63,6.56,6.56,0,0
TMP_PB,D,20130927,000000,6.72,6.72,6.72,6.72,0,0
TMP_PB,D,20131010,000000,6.41,6.41,5.19,5.49,0,0
TMP_PB,D,20131011,000000,5.49,5.8,5.43,5.8,0,0
TMP_PB,D,20131014,000000,5.8,5.8,5.49,5.49,0,0
TMP_PB,D,20131029,000000,5.43,5.86,5.43,5.86,0,0
TMP_PB,D,20131030,000000,5.86,5.86,5.86,5.86,0,0
TMP_PB,D,20131031,000000,5.86,5.86,5.86,5.86,0,0
TMP_PB,D,20131106,000000,6.17,6.32,6.17,6.32,0,0
TMP_PB,D,20131204,000000,6.32,6.32,6.32,6.32,0,0
TMP_PB,D,20131205,000000,6.26,6.26,6.26,6.26,0,0
TMP_PB,D,20131206,000000,6.32,6.38,6.32,6.38,0,0
TMP_PB,D,20131209,000000,6.26,6.41,6.26,6.41,0,0
TMP_PB,D,20131210,000000,6.65,6.65,6.65,6.65,0,0
TMP_PB,D,20131211,000000,6.87,7.24,6.44,7.24,0,0
TMP_PB,D,20131213,000000,7.17,7.17,7.17,7.17,0,0
TMP_PB,D,20131218,000000,7.17,7.48,7.17,7.48,0,0
TMP_PB,D,20131219,000000,7.48,7.48,7.48,7.48,0,0
TMP_PB,D,20131223,000000,7.14,7.31,7,7.31,0,0
TMP_PB,D,20140102,000000,6.86,6.86,6.86,6.86,0,0
TMP_PB,D,20140108,000000,6.86,6.86,6.86,6.86,0,0
TMP_PB,D,20140113,000000,7.07,7.14,7.07,7.14,0,0
TMP_PB,D,20140121,000000,6.9,6.9,6.83,6.83,0,0
TMP_PB,D,20140131,000000,7.04,7.04,7.04,7.04,0,0
TMP_PB,D,20140207,000000,7.04,7.04,7.04,7.04,0,0
TMP_PB,D,20140210,000000,7.04,7.04,7.04,7.04,0,0
TMP_PB,D,20140211,000000,7.04,7.04,7.04,7.04,0,0
TMP_PB,D,20140220,000000,7.41,7.69,7.41,7.69,0,0
TMP_PB,D,20140221,000000,7.72,7.72,7.72,7.72,0,0
TMP_PB,D,20140224,000000,7.72,7.72,7.72,7.72,0,0
TMP_PB,D,20140225,000000,7.72,7.72,7.41,7.41,0,0
TMP_PB,D,20140226,000000,7.41,7.41,7.04,7.04,0,0
TMP_PB,D,20140303,000000,7.04,7.04,6.96,6.96,0,0
TMP_PB,D,20140306,000000,7.04,7.04,7.04,7.04,0,0
TMP_PB,D,20140307,000000,7.04,7.04,7.04,7.04,0,0
TMP_PB,D,20140310,000000,7.04,7.04,7.04,7.04,0,0
TMP_PB,D,20140311,000000,7.04,7.04,7.04,7.04,0,0
TMP_PB,D,20140312,000000,7.04,7.04,7.04,7.04,0,0
TMP_PB,D,20140313,000000,7.04,7.04,7.04,7.04,0,0
TMP_PB,D,20140314,000000,7.04,7.04,7.04,7.04,0,0
TMP_PB,D,20140321,000000,7.04,7.04,7.04,7.04,0,0
TMP_PB,D,20140324,000000,7.04,7.04,7.04,7.04,0,0
TMP_PB,D,20140325,000000,7.04,7.53,7.04,7.53,0,0
TMP_PB,D,20140326,000000,7.53,7.53,7.53,7.53,0,0
TMP_PB,D,20140327,000000,7.53,7.53,7.53,7.53,0,0
TMP_PB,D,20140328,000000,7.53,7.53,7.53,7.53,0,0
TMP_PB,D,20140331,000000,7.53,7.53,7.53,7.53,0,0
TMP_PB,D,20140401,000000,7.53,7.53,7.53,7.53,0,0
TMP_PB,D,20140402,000000,7.53,7.53,7.53,7.53,0,0
TMP_PB,D,20140403,000000,7.53,7.53,7.53,7.53,0,0
TMP_PB,D,20140404,000000,7.53,7.53,7.53,7.53,0,0
TMP_PB,D,20140407,000000,7.34,7.34,7.34,7.34,0,0
TMP_PB,D,20140408,000000,7.34,7.34,7.34,7.34,0,0
TMP_PB,D,20140409,000000,7.34,7.67,7.34,7.67,0,0
TMP_PB,D,20140410,000000,7.53,7.97,7.42,7.45,0,0
TMP_PB,D,20140414,000000,7.42,7.42,7.42,7.42,0,0
TMP_PB,D,20140416,000000,7.34,7.34,7.2,7.2,0,0
TMP_PB,D,20140417,000000,7.2,7.2,7.2,7.2,0,0
TMP_PB,D,20140422,000000,7.2,7.2,7.2,7.2,0,0
TMP_PB,D,20140423,000000,7.2,7.2,7.16,7.16,0,0
TMP_PB,D,20140425,000000,7.3,8.22,7.3,8.22,0,0
TMP_PB,D,20140429,000000,7.05,7.05,6.42,6.79,0,0
TMP_PB,D,20140506,000000,6.53,6.57,6.53,6.57,0,0
TMP_PB,D,20140512,000000,6.42,6.42,6.42,6.42,0,0
TMP_PB,D,20140513,000000,6.42,6.5,6.42,6.5,0,0
TMP_PB,D,20140514,000000,6.46,6.46,6.46,6.46,0,0
TMP_PB,D,20140515,000000,6.46,6.46,6.46,6.46,0,0
TMP_PB,D,20140516,000000,6.46,6.46,6.46,6.46,0,0
TMP_PB,D,20140523,000000,6.32,6.9,6.32,6.35,0,0
TMP_PB,D,20140526,000000,6.2,6.2,6.2,6.2,0,0
TMP_PB,D,20140527,000000,6.2,6.2,6.2,6.2,0,0
TMP_PB,D,20140528,000000,6.2,6.2,6.2,6.2,0,0
TMP_PB,D,20140529,000000,6.2,6.2,6.2,6.2,0,0
TMP_PB,D,20140609,000000,6.06,6.06,6.06,6.06,0,0
TMP_PB,D,20140610,000000,6.06,6.06,6.06,6.06,0,0
TMP_PB,D,20140611,000000,6.35,6.35,6.35,6.35,0,0
TMP_PB,D,20140612,000000,6.5,6.61,6.5,6.61,0,0
TMP_PB,D,20140613,000000,6.46,6.46,6.46,6.46,0,0
TMP_PB,D,20140623,000000,6.46,6.46,6.46,6.46,0,0
TMP_PB,D,20140624,000000,6.46,6.46,6.46,6.46,0,0
TMP_PB,D,20140625,000000,6.46,6.46,6.46,6.46,0,0
TMP_PB,D,20140627,000000,6.46,6.46,6.38,6.38,0,0
TMP_PB,D,20140630,000000,6.38,6.38,6.38,6.38,0,0
TMP_PB,D,20140701,000000,6.38,6.38,6.38,6.38,0,0
TMP_PB,D,20140702,000000,6.38,6.38,6.38,6.38,0,0
TMP_PB,D,20140703,000000,6.38,6.38,6.38,6.38,0,0
TMP_PB,D,20140704,000000,6.38,6.38,6.38,6.38,0,0
TMP_PB,D,20140708,000000,6.38,6.38,6.38,6.38,0,0
TMP_PB,D,20140709,000000,6.38,6.38,6.38,6.38,0,0
TMP_PB,D,20140710,000000,6.38,6.38,6.38,6.38,0,0
TMP_PB,D,20140711,000000,6.38,6.38,6.34,6.34,0,0
TMP_PB,D,20140714,000000,6.38,6.38,6.38,6.38,0,0
TMP_PB,D,20140715,000000,6.38,6.38,6.38,6.38,0,0
TMP_PB,D,20140716,000000,6.38,6.38,6.38,6.38,0,0
TMP_PB,D,20140717,000000,6.38,6.38,6.38,6.38,0,0
TMP_PB,D,20140718,000000,6.38,6.38,6.38,6.38,0,0
TMP_PB,D,20140721,000000,6.38,6.38,6.38,6.38,0,0
TMP_PB,D,20140722,000000,6.38,6.38,6.38,6.38,0,0
TMP_PB,D,20140723,000000,6.38,6.38,6.38,6.38,0,0
TMP_PB,D,20140724,000000,6.38,6.38,6.38,6.38,0,0
TMP_PB,D,20140725,000000,6.38,6.38,6.38,6.38,0,0
TMP_PB,D,20140728,000000,6.38,6.38,6.38,6.38,0,0
TMP_PB,D,20140729,000000,6.38,6.38,6.38,6.38,0,0
TMP_PB,D,20140730,000000,6.38,6.38,6.38,6.38,0,0
TMP_PB,D,20140731,000000,6.38,6.38,6.38,6.38,0,0
TMP_PB,D,20140805,000000,6.38,6.38,6.38,6.38,0,0
TMP_PB,D,20140806,000000,6.38,6.38,6.38,6.38,0,0
TMP_PB,D,20140901,000000,5.4,5.4,5,5,0,0
TMP_PB,D,20140903,000000,5,5,5,5,0,0
TMP_PB,D,20140929,000000,5,5,5,5,0,0
TMP_PB,D,20140930,000000,5,5,5,5,0,0
TMP_PB,D,20141125,000000,5.06,5.06,5.06,5.06,0,0
TMP_PB,D,20141218,000000,4.78,5.26,4.78,5.26,0,0
TMP_PB,D,20150213,000000,5.32,5.32,5.32,5.32,0,0
TMP_PB,D,20150216,000000,5.32,5.5,5.16,5.5,0,0
TMP_PB,D,20150217,000000,5.43,5.67,5.43,5.67,0,0
TMP_PB,D,20150220,000000,5.67,5.67,5.67,5.67,0,0
TMP_PB,D,20150223,000000,5.67,5.67,5.67,5.67,0,0
TMP_PB,D,20150224,000000,5.67,5.67,5.67,5.67,0,0
TMP_PB,D,20150225,000000,5.73,5.73,5.73,5.73,0,0
TMP_PB,D,20150310,000000,5.26,5.26,5.26,5.26,0,0
TMP_PB,D,20150311,000000,5.73,5.73,5.73,5.73,0,0
TMP_PB,D,20150312,000000,5.22,5.77,5.22,5.77,0,0
TMP_PB,D,20150316,000000,5.22,5.22,5.22,5.22,0,0
TMP_PB,D,20150320,000000,5.09,5.09,5.09,5.09,0,0
TMP_PB,D,20150323,000000,5.09,5.09,4.92,4.92,0,0
TMP_PB,D,20150324,000000,5.05,5.22,5.05,5.22,0,0
TMP_PB,D,20150325,000000,5.22,5.22,4.88,4.88,0,0
TMP_PB,D,20150409,000000,4.95,4.95,4.95,4.95,0,0
TMP_PB,D,20150410,000000,4.95,5.02,4.95,5.02,0,0
TMP_PB,D,20150423,000000,4.24,4.24,3.66,3.66,0,0
TMP_PB,D,20150424,000000,3.63,3.63,3.63,3.63,0,0
TMP_PB,D,20150427,000000,3.39,3.39,2.95,3.09,0,0
TMP_PB,D,20150428,000000,3.09,3.09,3.09,3.09,0,0
TMP_PB,D,20150430,000000,3.12,3.14,3.12,3.14,0,0
TMP_PB,D,20150505,000000,3.28,3.28,3.28,3.28,0,0
TMP_PB,D,20150507,000000,3.31,3.31,3.31,3.31,0,0
TMP_PB,D,20150508,000000,3.31,3.31,3.31,3.31,0,0
TMP_PB,D,20150511,000000,3.31,3.31,3.31,3.31,0,0
TMP_PB,D,20150512,000000,3.31,3.31,3.31,3.31,0,0
TMP_PB,D,20150513,000000,3.31,3.31,3.31,3.31,0,0
TMP_PB,D,20150514,000000,3.31,3.31,3.31,3.31,0,0
TMP_PB,D,20150515,000000,3.31,3.31,3.31,3.31,0,0
TMP_PB,D,20150518,000000,3.31,3.31,3.31,3.31,0,0
TMP_PB,D,20150519,000000,3.31,3.31,3.31,3.31,0,0
TMP_PB,D,20150520,000000,3.31,3.31,3.31,3.31,0,0
TMP_PB,D,20150525,000000,3.21,3.28,3.21,3.28,0,0
TMP_PB,D,20150526,000000,3.28,3.28,3.28,3.28,0,0
TMP_PB,D,20150527,000000,3.28,3.28,3.28,3.28,0,0
TMP_PB,D,20150528,000000,3.28,3.28,3.28,3.28,0,0
TMP_PB,D,20150529,000000,3.28,3.28,3.28,3.28,0,0
TMP_PB,D,20150601,000000,3.28,3.28,3.28,3.28,0,0
TMP_PB,D,20150602,000000,3.28,3.28,3.28,3.28,0,0
TMP_PB,D,20150603,000000,3.28,3.28,3.28,3.28,0,0
TMP_PB,D,20150605,000000,3.28,3.28,3.28,3.28,0,0
TMP_PB,D,20150608,000000,3.28,3.28,3.26,3.26,0,0
TMP_PB,D,20150609,000000,3.15,3.15,3.15,3.15,0,0
TMP_PB,D,20150716,000000,3.12,3.12,3.12,3.12,0,0
TMP_PB,D,20150807,000000,3.12,3.12,3.12,3.12,0,0
TMP_PB,D,20150810,000000,3.12,3.15,3.12,3.15,0,0
TMP_PB,D,20150812,000000,3.12,3.12,3.12,3.12,0,0
TMP_PB,D,20150817,000000,3.22,3.22,3.22,3.22,0,0
TMP_PB,D,20150819,000000,3.26,3.26,3.26,3.26,0,0
TMP_PB,D,20150820,000000,3.26,3.26,3.26,3.26,0,0
TMP_PB,D,20150821,000000,3.26,3.26,3.26,3.26,0,0
TMP_PB,D,20150824,000000,3.26,3.5,3.26,3.5,0,0
TMP_PB,D,20150825,000000,3.5,3.5,3.5,3.5,0,0
TMP_PB,D,20150826,000000,3.5,3.5,3.5,3.5,0,0
TMP_PB,D,20150827,000000,3.5,3.5,3.5,3.5,0,0
TMP_PB,D,20150828,000000,3.5,3.5,3.5,3.5,0,0
TMP_PB,D,20150831,000000,3.5,3.5,3.5,3.5,0,0
TMP_PB,D,20150901,000000,3.5,3.5,3.5,3.5,0,0
TMP_PB,D,20150902,000000,3.5,3.5,3.5,3.5,0,0
TMP_PB,D,20150903,000000,3.5,3.5,3.5,3.5,0,0
TMP_PB,D,20150904,000000,3.5,3.5,3.5,3.5,0,0
TMP_PB,D,20150907,000000,3.5,3.5,3.5,3.5,0,0
TMP_PB,D,20150908,000000,3.5,3.5,3.5,3.5,0,0
TMP_PB,D,20150909,000000,3.5,3.5,3.5,3.5,0,0
TMP_PB,D,20150910,000000,3.5,3.5,3.5,3.5,0,0
TMP_PB,D,20150911,000000,3.5,3.5,3.5,3.5,0,0
TMP_PB,D,20150915,000000,3.5,3.91,3.5,3.91,0,0
TMP_PB,D,20150916,000000,3.47,3.83,3.47,3.83,0,0
TMP_PB,D,20150917,000000,3.87,3.87,3.87,3.87,0,0
TMP_PB,D,20150918,000000,3.79,3.91,3.79,3.91,0,0
TMP_PB,D,20150921,000000,3.91,4.92,3.91,4.92,0,0
TMP_PB,D,20150922,000000,4.45,4.48,3.65,4.01,0,0
TMP_PB,D,20150923,000000,3.91,3.91,3.91,3.91,0,0
TMP_PB,D,20150924,000000,3.97,3.97,3.21,3.21,0,0
TMP_PB,D,20150925,000000,3.1,3.5,3.1,3.1,0,0
TMP_PB,D,20150928,000000,3.47,3.47,3.43,3.43,0,0
TMP_PB,D,20150929,000000,3.47,3.47,3.47,3.47,0,0
TMP_PB,D,20151001,000000,3.32,3.32,3.32,3.32,0,0
TMP_PB,D,20151002,000000,3.5,3.5,3.5,3.5,0,0
TMP_PB,D,20151005,000000,3.5,3.5,3.5,3.5,0,0
TMP_PB,D,20151015,000000,3.5,3.5,3.5,3.5,0,0
TMP_PB,D,20151030,000000,3.5,3.97,3.5,3.97,0,0
TMP_PB,D,20151112,000000,3.97,3.97,3.97,3.97,0,0
TMP_PB,D,20151203,000000,4,4,3.2,3.2,0,0
TMP_PB,D,20151222,000000,3.24,3.24,3.16,3.16,0,0
TMP_PB,D,20151228,000000,3.12,3.12,3.12,3.12,0,0
TMP_PB,D,20160323,000000,3.27,3.27,3.27,3.27,0,0
TMP_PB,D,20160324,000000,3.27,3.27,3.27,3.27,0,0
TMP_PB,D,20160329,000000,3.27,3.27,3.27,3.27,0,0
TMP_PB,D,20160330,000000,3.27,3.27,3.27,3.27,0,0
TMP_PB,D,20160331,000000,3.27,3.27,3.27,3.27,0,0
TMP_PB,D,20160401,000000,3.27,3.27,3.27,3.27,0,0
TMP_PB,D,20160404,000000,3.27,3.27,3.27,3.27,0,0
TMP_PB,D,20160405,000000,3.27,3.27,3.27,3.27,0,0
TMP_PB,D,20160406,000000,3.27,3.27,3.27,3.27,0,0
TMP_PB,D,20160407,000000,3.27,3.27,3.27,3.27,0,0
TMP_PB,D,20160408,000000,3.27,3.27,3.23,3.23,0,0
TMP_PB,D,20160411,000000,3.27,3.27,3.27,3.27,0,0
TMP_PB,D,20160412,000000,3.27,3.27,3.27,3.27,0,0
TMP_PB,D,20160413,000000,3.27,3.27,3.27,3.27,0,0
TMP_PB,D,20160414,000000,3.27,3.27,3.27,3.27,0,0
TMP_PB,D,20160415,000000,3.27,3.27,3.27,3.27,0,0
TMP_PB,D,20160419,000000,3.27,3.27,3.27,3.27,0,0
TMP_PB,D,20160420,000000,3.27,3.27,3.27,3.27,0,0
TMP_PB,D,20160425,000000,3.35,3.35,3.35,3.35,0,0
TMP_PB,D,20160426,000000,3.35,4.08,3.35,4.08,0,0
TMP_PB,D,20160427,000000,4.08,4.74,4,4.65,0,0
TMP_PB,D,20160428,000000,4.04,4.7,4.04,4.7,0,0
TMP_PB,D,20160429,000000,4.65,4.65,4.65,4.65,0,0
TMP_PB,D,20160504,000000,4.65,4.65,4.65,4.65,0,0
TMP_PB,D,20160505,000000,4.61,4.61,4.61,4.61,0,0
TMP_PB,D,20160506,000000,4.7,4.7,4.7,4.7,0,0
TMP_PB,D,20160509,000000,4.7,4.7,4.7,4.7,0,0
TMP_PB,D,20160510,000000,4.7,4.7,4.7,4.7,0,0
TMP_PB,D,20160511,000000,4.7,4.7,4.7,4.7,0,0
TMP_PB,D,20160512,000000,4.7,4.7,4.7,4.7,0,0
TMP_PB,D,20160513,000000,4.7,4.7,4.7,4.7,0,0
TMP_PB,D,20160516,000000,4.7,4.7,4.7,4.7,0,0
TMP_PB,D,20160517,000000,4.7,4.7,4.7,4.7,0,0
TMP_PB,D,20160518,000000,4.7,4.7,4.7,4.7,0,0
TMP_PB,D,20160519,000000,4.7,4.7,4.7,4.7,0,0
TMP_PB,D,20160520,000000,4.7,4.7,4.7,4.7,0,0
TMP_PB,D,20160523,000000,4.7,4.7,4.7,4.7,0,0
TMP_PB,D,20160524,000000,4.7,4.7,4.7,4.7,0,0
TMP_PB,D,20160525,000000,4.7,4.7,4.04,4.04,0,0
TMP_PB,D,20160527,000000,4.17,4.17,4.17,4.17,0,0
TMP_PB,D,20160530,000000,4.04,4.17,4.04,4.17,0,0
TMP_PB,D,20160531,000000,4.17,4.17,4.04,4.04,0,0
TMP_PB,D,20160601,000000,4.04,4.04,4.04,4.04,0,0
TMP_PB,D,20160602,000000,4.04,4.45,4.04,4.45,0,0
TMP_PB,D,20160603,000000,4.45,4.45,4.45,4.45,0,0
TMP_PB,D,20160606,000000,4.45,4.45,4.45,4.45,0,0
TMP_PB,D,20160607,000000,4.45,4.45,4.45,4.45,0,0
TMP_PB,D,20160608,000000,4.45,4.45,4.45,4.45,0,0
TMP_PB,D,20160609,000000,4.45,4.45,4.45,4.45,0,0
TMP_PB,D,20160610,000000,4.67,5.17,4.67,5.17,0,0
TMP_PB,D,20160613,000000,5.17,5.17,5.17,5.17,0,0
TMP_PB,D,20160614,000000,5.17,5.17,5.17,5.17,0,0
TMP_PB,D,20160615,000000,5.17,5.17,5.17,5.17,0,0
TMP_PB,D,20160616,000000,5.17,5.17,5.17,5.17,0,0
TMP_PB,D,20160617,000000,5.17,5.17,5.17,5.17,0,0
TMP_PB,D,20160621,000000,5.17,5.17,5.17,5.17,0,0
TMP_PB,D,20160622,000000,5.17,5.17,5.17,5.17,0,0
TMP_PB,D,20160623,000000,5.17,5.17,5.17,5.17,0,0
TMP_PB,D,20160624,000000,5.17,5.17,5.17,5.17,0,0
TMP_PB,D,20160627,000000,5.17,5.17,4.99,4.99,0,0
TMP_PB,D,20160628,000000,5.12,5.17,5.12,5.17,0,0
TMP_PB,D,20160629,000000,5.17,5.17,5.17,5.17,0,0
TMP_PB,D,20160630,000000,5.17,5.17,5.17,5.17,0,0
TMP_PB,D,20160701,000000,5.17,5.17,5.17,5.17,0,0
TMP_PB,D,20160704,000000,5.17,5.17,4.27,4.77,0,0
TMP_PB,D,20160706,000000,4.77,4.77,4.77,4.77,0,0
TMP_PB,D,20160715,000000,4.54,4.54,4.5,4.5,0,0
TMP_PB,D,20160718,000000,4.5,4.72,4.5,4.72,0,0
TMP_PB,D,20160721,000000,4.5,4.5,4.5,4.5,0,0
TMP_PB,D,20160725,000000,4.4,4.4,4.22,4.22,0,0
TMP_PB,D,20160805,000000,4.5,4.5,4.5,4.5,0,0
TMP_PB,D,20160808,000000,4.59,4.59,4.59,4.59,0,0
TMP_PB,D,20160811,000000,4.59,4.59,4.59,4.59,0,0
TMP_PB,D,20160816,000000,4.5,4.5,4.5,4.5,0,0
TMP_PB,D,20160817,000000,4.85,4.9,4.85,4.9,0,0
TMP_PB,D,20160822,000000,4.85,4.85,4.85,4.85,0,0
TMP_PB,D,20160823,000000,4.85,4.85,4.85,4.85,0,0
TMP_PB,D,20160824,000000,4.9,4.9,4.9,4.9,0,0
TMP_PB,D,20160825,000000,4.9,4.9,4.9,4.9,0,0
TMP_PB,D,20160826,000000,4.9,4.9,4.9,4.9,0,0
TMP_PB,D,20160829,000000,4.85,4.85,4.85,4.85,0,0
TMP_PB,D,20160830,000000,4.85,4.85,4.85,4.85,0,0
TMP_PB,D,20160831,000000,4.85,4.9,4.85,4.9,0,0
TMP_PB,D,20160901,000000,4.9,4.9,4.9,4.9,0,0
TMP_PB,D,20160902,000000,5.04,5.04,5.04,5.04,0,0
TMP_PB,D,20160905,000000,5.17,5.17,5.17,5.17,0,0
TMP_PB,D,20160906,000000,5.17,5.17,5.12,5.12,0,0
TMP_PB,D,20160907,000000,5.17,5.17,5.17,5.17,0,0
TMP_PB,D,20160908,000000,5.17,5.3,5.17,5.3,0,0
TMP_PB,D,20160913,000000,5.26,5.26,5.26,5.26,0,0
TMP_PB,D,20160914,000000,5.17,5.17,5.17,5.17,0,0
TMP_PB,D,20160915,000000,5.17,5.17,5.17,5.17,0,0
TMP_PB,D,20160916,000000,5.17,5.17,5.17,5.17,0,0
TMP_PB,D,20160919,000000,5.22,5.22,5.08,5.08,0,0
TMP_PB,D,20160920,000000,5.04,5.71,5.04,5.71,0,0
TMP_PB,D,20160921,000000,6.07,6.16,6.07,6.16,0,0
TMP_PB,D,20160923,000000,6.16,6.16,6.16,6.16,0,0
TMP_PB,D,20160927,000000,6.2,6.52,6.2,6.52,0,0
TMP_PB,D,20160928,000000,6.65,6.97,6.65,6.97,0,0
TMP_PB,D,20160929,000000,6.97,7.37,6.74,7.37,0,0
TMP_PB,D,20160930,000000,7.29,7.37,7.29,7.37,0,0
TMP_PB,D,20161003,000000,6.97,6.97,6.97,6.97,0,0
TMP_PB,D,20161004,000000,6.97,7.37,6.97,7.37,0,0
TMP_PB,D,20161006,000000,7.37,10.34,7.37,10.34,0,0
TMP_PB,D,20161007,000000,11.29,11.96,10.84,10.84,0,0
TMP_PB,D,20161010,000000,10.84,10.84,10.02,10.02,0,0
TMP_PB,D,20161011,000000,9.89,9.89,8.09,8.09,0,0
TMP_PB,D,20161012,000000,7.91,7.91,6.52,7.74,0,0
TMP_PB,D,20161013,000000,7.42,8.99,7.42,8.99,0,0
TMP_PB,D,20161014,000000,7.87,8.32,7.19,8.32,0,0
TMP_PB,D,20161017,000000,8.32,8.32,8.32,8.32,0,0
TMP_PB,D,20161018,000000,8.5,8.99,8.5,8.99,0,0
TMP_PB,D,20161019,000000,8.54,9.22,8.09,9.22,0,0
TMP_PB,D,20161021,000000,8.81,12.36,8.54,11.69,0,0
TMP_PB,D,20161024,000000,11.24,11.24,9.22,9.22,0,0
TMP_PB,D,20161025,000000,9.89,9.89,9.89,9.89,0,0
TMP_PB,D,20161026,000000,9.89,10.79,9.89,10.79,0,0
TMP_PB,D,20161027,000000,10.34,11.69,10.34,11.69,0,0
TMP_PB,D,20161028,000000,10.12,10.79,10.12,10.79,0,0
TMP_PB,D,20161031,000000,11.24,11.64,11.24,11.64,0,0
TMP_PB,D,20161102,000000,11.6,11.6,11.6,11.6,0,0
TMP_PB,D,20161103,000000,10.97,10.97,10.66,10.66,0,0
TMP_PB,D,20161104,000000,10.66,10.66,10.66,10.66,0,0
TMP_PB,D,20161107,000000,10.66,10.66,10.66,10.66,0,0
TMP_PB,D,20161108,000000,10.66,10.66,10.66,10.66,0,0
TMP_PB,D,20161109,000000,10.66,10.66,10.66,10.66,0,0
TMP_PB,D,20161110,000000,10.21,11.47,10.21,11.47,0,0
TMP_PB,D,20161114,000000,11.24,11.24,11.24,11.24,0,0
TMP_PB,D,20161117,000000,11.47,11.47,11.47,11.47,0,0
TMP_PB,D,20161118,000000,11.24,11.24,11.24,11.24,0,0
TMP_PB,D,20161121,000000,11.24,11.24,11.24,11.24,0,0
TMP_PB,D,20161122,000000,11.19,11.19,8.99,8.99,0,0
TMP_PB,D,20161123,000000,9.53,9.53,8.32,8.32,0,0
TMP_PB,D,20161124,000000,8.99,8.99,8.79,8.79,0,0
TMP_PB,D,20161129,000000,9.01,9.01,9.01,9.01,0,0
TMP_PB,D,20161130,000000,9.14,9.14,9.14,9.14,0,0
TMP_PB,D,20161201,000000,9.1,9.18,9.1,9.18,0,0
TMP_PB,D,20161202,000000,8.96,8.96,8.96,8.96,0,0
TMP_PB,D,20161205,000000,8.88,9.14,8.79,9.14,0,0
TMP_PB,D,20161206,000000,8.57,8.57,7.82,7.91,0,0
TMP_PB,D,20161207,000000,8.13,8.13,8.13,8.13,0,0
TMP_PB,D,20161208,000000,8.35,8.35,8.35,8.35,0,0
TMP_PB,D,20161209,000000,8.35,8.35,8.35,8.35,0,0
TMP_PB,D,20161212,000000,8.35,9.89,8.35,9.89,0,0
TMP_PB,D,20161213,000000,10.28,11.08,8.52,8.57,0,0
TMP_PB,D,20161214,000000,8.57,8.57,8.57,8.57,0,0
TMP_PB,D,20161215,000000,8.66,9.45,8.66,9.45,0,0
TMP_PB,D,20161216,000000,9.45,9.45,9.45,9.45,0,0
TMP_PB,D,20161219,000000,9.67,9.67,9.67,9.67,0,0
TMP_PB,D,20161220,000000,11.6,11.6,9.4,9.4,0,0
TMP_PB,D,20161221,000000,9.4,9.4,8.22,9.36,0,0
TMP_PB,D,20161222,000000,9.36,10.98,8.66,8.66,0,0
TMP_PB,D,20161223,000000,9.14,10.94,9.14,10.94,0,0
TMP_PB,D,20161227,000000,10.94,10.94,10.94,10.94,0,0
TMP_PB,D,20161228,000000,10.98,13.18,10.11,12.92,0,0
TMP_PB,D,20161229,000000,12.92,14.72,11.42,14.72,0,0
TMP_PB,D,20161230,000000,17.31,17.31,13.89,13.89,0,0
TMP_PB,D,20170102,000000,13.89,13.89,13.89,13.89,0,0
TMP_PB,D,20170103,000000,13.4,13.4,11.42,11.42,0,0
TMP_PB,D,20170104,000000,10.98,13.84,10.55,13.84,0,0
TMP_PB,D,20170105,000000,11.33,13.58,11.33,13.58,0,0
TMP_PB,D,20170109,000000,13.62,16.08,13.62,16.04,0,0
TMP_PB,D,20170110,000000,16.08,17.45,12.92,17.45,0,0
TMP_PB,D,20170111,000000,17.53,17.53,14.06,14.06,0,0
TMP_PB,D,20170112,000000,14.02,14.06,14.02,14.02,0,0
TMP_PB,D,20170113,000000,14.02,14.02,12.92,12.92,0,0
TMP_PB,D,20170116,000000,13.14,13.62,13.14,13.62,0,0
TMP_PB,D,20170117,000000,13.62,13.84,13.62,13.84,0,0
TMP_PB,D,20170118,000000,13.62,13.62,10.98,11.33,0,0
TMP_PB,D,20170119,000000,11.33,12.7,10.5,11.77,0,0
TMP_PB,D,20170120,000000,11.69,11.77,10.98,10.98,0,0
TMP_PB,D,20170123,000000,10.98,11.08,10.45,10.45,0,0
TMP_PB,D,20170124,000000,10.77,10.77,10.77,10.77,0,0
TMP_PB,D,20170125,000000,10.59,11.16,10.59,11.16,0,0
TMP_PB,D,20170126,000000,11.16,11.16,11.11,11.16,0,0
TMP_PB,D,20170127,000000,11.16,11.16,11.16,11.16,0,0
TMP_PB,D,20170130,000000,11.2,12.74,11.2,12.74,0,0
TMP_PB,D,20170131,000000,11.69,12.74,11.69,12.74,0,0
TMP_PB,D,20170201,000000,11.2,11.55,11.03,11.03,0,0
TMP_PB,D,20170202,000000,11.03,12.52,11.03,12.3,0,0
TMP_PB,D,20170203,000000,11.2,12.3,11.2,11.86,0,0
TMP_PB,D,20170206,000000,11.82,11.82,11.69,11.69,0,0
TMP_PB,D,20170207,000000,11.82,11.82,11.82,11.82,0,0
TMP_PB,D,20170208,000000,11.82,12.04,11.82,12.04,0,0
TMP_PB,D,20170209,000000,12.04,12.87,11.77,11.77,0,0
TMP_PB,D,20170210,000000,11.52,11.86,11.33,11.86,0,0
TMP_PB,D,20170213,000000,11.86,11.95,11.86,11.95,0,0
TMP_PB,D,20170214,000000,11.95,11.95,11.95,11.95,0,0
TMP_PB,D,20170215,000000,11.95,11.95,11.95,11.95,0,0
TMP_PB,D,20170216,000000,11.95,11.95,11.95,11.95,0,0
TMP_PB,D,20170217,000000,11.42,11.69,11.3,11.69,0,0
TMP_PB,D,20170220,000000,11.64,11.64,11.64,11.64,0,0
TMP_PB,D,20170221,000000,11.64,11.64,10.64,11.08,0,0
TMP_PB,D,20170227,000000,11.08,11.08,11.08,11.08,0,0
TMP_PB,D,20170228,000000,11.08,11.08,11.08,11.08,0,0
TMP_PB,D,20170301,000000,11.55,11.55,9.67,9.67,0,0
TMP_PB,D,20170302,000000,9.8,10.59,9.8,10.59,0,0
TMP_PB,D,20170303,000000,11.08,11.08,11.08,11.08,0,0
TMP_PB,D,20170307,000000,11.2,11.42,11.2,11.42,0,0
TMP_PB,D,20170308,000000,11.42,11.42,11.42,11.42,0,0
TMP_PB,D,20170310,000000,11.64,11.64,11.55,11.55,0,0
TMP_PB,D,20170313,000000,11.64,11.64,11.64,11.64,0,0
TMP_PB,D,20170314,000000,11.64,11.64,11.64,11.64,0,0
TMP_PB,D,20170315,000000,11.6,11.6,11.6,11.6,0,0
TMP_PB,D,20170316,000000,11.6,11.6,11.6,11.6,0,0
TMP_PB,D,20170317,000000,11.6,11.6,11.6,11.6,0,0
TMP_PB,D,20170320,000000,11.6,11.6,11.6,11.6,0,0
TMP_PB,D,20170321,000000,11.6,11.6,11.6,11.6,0,0
TMP_PB,D,20170322,000000,11.6,11.6,11.6,11.6,0,0
TMP_PB,D,20170323,000000,11.6,11.6,11.2,11.2,0,0
TMP_PB,D,20170330,000000,11.42,11.42,11.42,11.42,0,0
TMP_PB,D,20170404,000000,11.64,11.64,11.64,11.64,0,0
TMP_PB,D,20170405,000000,11.64,11.64,11.64,11.64,0,0
TMP_PB,D,20170406,000000,11.64,11.64,11.2,11.64,0,0
TMP_PB,D,20170407,000000,11.64,11.64,11.64,11.64,0,0
TMP_PB,D,20170410,000000,11.64,11.64,11.64,11.64,0,0
TMP_PB,D,20170411,000000,11.6,11.6,10.55,11.33,0,0
TMP_PB,D,20170412,000000,11.33,11.33,9.67,9.67,0,0
TMP_PB,D,20170413,000000,9.67,9.67,9.67,9.67,0,0
TMP_PB,D,20170418,000000,10.02,10.11,10.02,10.11,0,0
TMP_PB,D,20170420,000000,9.67,9.67,9.58,9.58,0,0
TMP_PB,D,20170421,000000,9.58,9.58,8.83,8.83,0,0
TMP_PB,D,20170424,000000,8.83,9.58,8.83,9.58,0,0
TMP_PB,D,20170425,000000,9.32,9.32,9.32,9.32,0,0
TMP_PB,D,20170426,000000,9.32,9.32,9.32,9.32,0,0
TMP_PB,D,20170427,000000,9.32,9.67,9.32,9.67,0,0
TMP_PB,D,20170428,000000,9.89,9.89,9.89,9.89,0,0
TMP_PB,D,20170511,000000,9.89,10.11,9.89,10.11,0,0
TMP_PB,D,20170517,000000,10.11,10.11,10.11,10.11,0,0
TMP_PB,D,20170519,000000,9.89,9.89,9.89,9.89,0,0
TMP_PB,D,20170525,000000,9.5,9.5,9.5,9.5,0,0
TMP_PB,D,20170531,000000,9.3,9.3,9.3,9.3,0,0
TMP_PB,D,20170601,000000,9.21,9.21,9.21,9.21,0,0
TMP_PB,D,20170602,000000,9.21,9.21,9.21,9.21,0,0
TMP_PB,D,20170605,000000,9.13,9.13,9.13,9.13,0,0
TMP_PB,D,20170607,000000,8.96,9.5,8.96,9.5,0,0
TMP_PB,D,20170608,000000,9.26,9.26,9.26,9.26,0,0
TMP_PB,D,20170613,000000,9.26,9.46,9.26,9.34,0,0
TMP_PB,D,20170614,000000,9.34,9.34,9.34,9.34,0,0
TMP_PB,D,20170616,000000,9.34,9.91,9.34,9.62,0,0
TMP_PB,D,20170619,000000,9.67,10.33,9.67,10.33,0,0
TMP_PB,D,20170620,000000,10.33,10.33,10.33,10.33,0,0
TMP_PB,D,20170621,000000,10.33,10.86,9.71,10.86,0,0
TMP_PB,D,20170622,000000,10.86,10.86,9.71,10.86,0,0
TMP_PB,D,20170623,000000,10.86,10.86,9.71,9.71,0,0
TMP_PB,D,20170627,000000,10.04,10.08,9.71,9.71,0,0
TMP_PB,D,20170628,000000,9.75,10.86,9.75,10.86,0,0
TMP_PB,D,20170629,000000,10.86,10.86,10.86,10.86,0,0
TMP_PB,D,20170630,000000,9.79,10.86,9.79,10.86,0,0
TMP_PB,D,20170703,000000,9.87,9.87,8.06,9.87,0,0
TMP_PB,D,20170704,000000,8.96,8.96,8.11,8.23,0,0
TMP_PB,D,20170705,000000,8.64,8.68,8.64,8.68,0,0
TMP_PB,D,20170707,000000,8.84,9.09,8.84,9.09,0,0
TMP_PB,D,20170710,000000,8.89,8.89,8.76,8.76,0,0
TMP_PB,D,20170711,000000,8.43,8.43,8.43,8.43,0,0
TMP_PB,D,20170712,000000,8.39,8.39,8.39,8.39,0,0
TMP_PB,D,20170713,000000,8.39,10.82,8.39,10.82,0,0
TMP_PB,D,20170714,000000,10.82,10.82,10.78,10.78,0,0
TMP_PB,D,20170717,000000,9.87,9.87,7.9,8.68,0,0
TMP_PB,D,20170718,000000,8.68,8.68,8.52,8.52,0,0
TMP_PB,D,20170719,000000,8.52,8.52,8.52,8.52,0,0
TMP_PB,D,20170720,000000,8.52,8.52,8.52,8.52,0,0
TMP_PB,D,20170721,000000,8.52,8.52,8.52,8.52,0,0
TMP_PB,D,20170724,000000,8.52,8.72,8.52,8.72,0,0
TMP_PB,D,20170726,000000,8.31,9.05,7.94,9.05,0,0
TMP_PB,D,20170727,000000,8.11,9.71,7.98,9.71,0,0
TMP_PB,D,20170728,000000,8.64,8.64,8.64,8.64,0,0
TMP_PB,D,20170817,000000,8.43,8.43,8.23,8.23,0,0
TMP_PB,D,20170824,000000,8.49,8.49,8.44,8.44,0,0
TMP_PB,D,20170825,000000,8.66,10.22,8.66,10.22,0,0
TMP_PB,D,20170828,000000,9.52,9.52,9.52,9.52,0,0
TMP_PB,D,20170831,000000,8.57,8.57,8.57,8.57,0,0
TMP_PB,D,20170901,000000,8.57,8.75,8.57,8.75,0,0
TMP_PB,D,20170904,000000,8.66,8.66,8.66,8.66,0,0
TMP_PB,D,20170905,000000,8.61,8.61,8.61,8.61,0,0
TMP_PB,D,20170906,000000,8.61,8.61,8.61,8.61,0,0
TMP_PB,D,20170907,000000,8.66,8.7,8.66,8.7,0,0
TMP_PB,D,20170912,000000,9.09,9.09,9.09,9.09,0,0
TMP_PB,D,20170914,000000,9.09,9.09,9.09,9.09,0,0
TMP_PB,D,20170915,000000,9.09,9.09,9.09,9.09,0,0
TMP_PB,D,20170918,000000,8.57,8.57,8.53,8.53,0,0
TMP_PB,D,20171003,000000,8.66,8.66,8.66,8.66,0,0
TMP_PB,D,20171004,000000,8.66,8.66,8.66,8.66,0,0
TMP_PB,D,20171005,000000,8.53,8.53,8.53,8.53,0,0
TMP_PB,D,20171019,000000,8.35,8.35,8.31,8.31,0,0
TMP_PB,D,20171107,000000,8.27,8.27,8.27,8.27,0,0
TMP_PB,D,20171108,000000,8.53,8.7,8.53,8.7,0,0
TMP_PB,D,20171109,000000,8.87,8.87,8.87,8.87,0,0
TMP_PB,D,20171110,000000,9.09,9.52,9.09,9.52,0,0
TMP_PB,D,20171113,000000,9.48,9.74,9.48,9.74,0,0
TMP_PB,D,20171114,000000,9.96,10.78,9.96,10.78,0,0
TMP_PB,D,20171115,000000,10.73,10.73,10.73,10.73,0,0
TMP_PB,D,20171116,000000,10.73,10.73,10.65,10.65,0,0
TMP_PB,D,20171117,000000,10.56,10.56,10.56,10.56,0,0
TMP_PB,D,20171120,000000,10.39,10.39,10.39,10.39,0,0
TMP_PB,D,20171121,000000,10.39,10.71,10.39,10.71,0,0
TMP_PB,D,20171122,000000,10.48,10.48,10.48,10.48,0,0
TMP_PB,D,20171123,000000,10.44,10.44,10.44,10.44,0,0
TMP_PB,D,20171124,000000,10.44,10.44,10.44,10.44,0,0
TMP_PB,D,20171127,000000,10.44,10.44,10.44,10.44,0,0
TMP_PB,D,20171128,000000,10.44,10.44,10.44,10.44,0,0
TMP_PB,D,20171129,000000,10.44,10.44,10.44,10.44,0,0
TMP_PB,D,20171130,000000,9.82,9.82,9.82,9.82,0,0
TMP_PB,D,20171201,000000,9.82,9.82,9.82,9.82,0,0
TMP_PB,D,20171204,000000,8.92,8.92,8.83,8.83,0,0
TMP_PB,D,20171205,000000,8.92,8.92,8.83,8.83,0,0
TMP_PB,D,20171208,000000,9.37,9.37,9.19,9.19,0,0
TMP_PB,D,20171211,000000,9.37,9.37,9.37,9.37,0,0
TMP_PB,D,20171212,000000,9.37,9.37,9.37,9.37,0,0
TMP_PB,D,20171213,000000,9.46,9.46,9.46,9.46,0,0
TMP_PB,D,20171219,000000,9.19,9.19,9.05,9.05,0,0
TMP_PB,D,20171220,000000,8.7,8.88,8.7,8.88,0,0
TMP_PB,D,20171227,000000,8.88,8.88,8.88,8.88,0,0
TMP_PB,D,20180103,000000,8.88,8.88,8.88,8.88,0,0
TMP_PB,D,20180104,000000,8.88,8.88,8.88,8.88,0,0
TMP_PB,D,20180108,000000,8.92,8.92,8.48,8.48,0,0
TMP_PB,D,20180110,000000,8.48,8.48,7.81,7.81,0,0
TMP_PB,D,20180115,000000,7.58,7.58,7.14,7.14,0,0
TMP_PB,D,20180119,000000,7.36,7.36,7.36,7.36,0,0
TMP_PB,D,20180124,000000,7.14,7.14,7.14,7.14,0,0
TMP_PB,D,20180130,000000,7.14,7.14,7.05,7.05,0,0
TMP_PB,D,20180131,000000,7.14,8.25,7.14,8.25,0,0
TMP_PB,D,20180201,000000,8.21,9.64,8.21,9.64,0,0
TMP_PB,D,20180202,000000,9.37,9.37,9.37,9.37,0,0
TMP_PB,D,20180206,000000,9.37,9.37,9.37,9.37,0,0
TMP_PB,D,20180207,000000,9.37,9.37,9.37,9.37,0,0
TMP_PB,D,20180213,000000,9.37,9.37,9.37,9.37,0,0
TMP_PB,D,20180215,000000,9.37,9.37,9.37,9.37,0,0
TMP_PB,D,20180221,000000,12.3,12.3,12.3,12.3,0,0
TMP_PB,D,20180227,000000,12.07,12.07,12.07,12.07,0,0
TMP_PB,D,20180228,000000,11.95,11.95,11.95,11.95,0,0
TMP_PB,D,20180301,000000,11.84,11.84,11.25,11.25,0,0
TMP_PB,D,20180302,000000,10.55,11.95,10.55,11.95,0,0
TMP_PB,D,20180309,000000,10.25,14.77,10.25,14.77,0,0
TMP_PB,D,20180312,000000,16.4,16.4,10.55,10.55,0,0
TMP_PB,D,20180313,000000,10.84,11.66,9.08,11.66,0,0
TMP_PB,D,20180319,000000,11.6,11.6,11.6,11.6,0,0
TMP_PB,D,20180320,000000,11.6,11.6,11.6,11.6,0,0
TMP_PB,D,20180321,000000,10.42,10.84,10.42,10.84,0,0
TMP_PB,D,20180405,000000,10.84,10.84,10.84,10.84,0,0
TMP_PB,D,20180409,000000,10.84,10.84,10.84,10.84,0,0
TMP_PB,D,20180410,000000,10.84,10.84,10.84,10.84,0,0
TMP_PB,D,20180411,000000,10.84,10.84,10.84,10.84,0,0
TMP_PB,D,20180412,000000,10.84,10.84,10.84,10.84,0,0
TMP_PB,D,20180413,000000,10.84,10.84,10.84,10.84,0,0
TMP_PB,D,20180419,000000,11.13,12.18,11.13,12.18,0,0
TMP_PB,D,20180423,000000,11.25,11.25,10.9,10.9,0,0
TMP_PB,D,20180427,000000,12.18,13.47,12.18,13.47,0,0
TMP_PB,D,20180509,000000,12.77,12.77,11.72,11.72,0,0
TMP_PB,D,20180510,000000,11.25,12.42,11.25,12.42,0,0
TMP_PB,D,20180511,000000,11.42,11.42,10.55,10.55,0,0
TMP_PB,D,20180514,000000,10.55,10.55,9.08,9.08,0,0
TMP_PB,D,20180515,000000,8.49,8.79,7.26,8.79,0,0
TMP_PB,D,20180516,000000,8.79,8.79,8.79,8.79,0,0
TMP_PB,D,20180517,000000,9.67,9.96,9.67,9.96,0,0
TMP_PB,D,20180518,000000,9.96,9.96,9.96,9.96,0,0
TMP_PB,D,20180521,000000,10.84,10.84,5.94,5.94,0,0
TMP_PB,D,20180525,000000,5.46,5.46,5.46,5.46,0,0
TMP_PB,D,20180529,000000,5.56,5.56,5.56,5.56,0,0
TMP_PB,D,20180530,000000,5.56,5.56,5.56,5.56,0,0
TMP_PB,D,20180601,000000,5.56,5.56,5.56,5.56,0,0
TMP_PB,D,20180604,000000,5.56,5.56,5.56,5.56,0,0
TMP_PB,D,20180605,000000,5.56,5.56,5.56,5.56,0,0
TMP_PB,D,20180606,000000,5.56,5.94,5.56,5.94,0,0
TMP_PB,D,20180607,000000,5.88,5.88,5.88,5.88,0,0
TMP_PB,D,20180614,000000,6.11,6.11,5.4,5.4,0,0
TMP_PB,D,20180615,000000,5.56,5.56,5.56,5.56,0,0
TMP_PB,D,20180618,000000,5.14,5.14,5.08,5.08,0,0
TMP_PB,D,20180620,000000,5.37,5.37,4.88,4.88,0,0
TMP_PB,D,20180621,000000,3.86,5.37,3.4,5.37,0,0
TMP_PB,D,20180622,000000,4.88,4.88,4.88,4.88,0,0
TMP_PB,D,20180625,000000,4.88,4.88,4.88,4.88,0,0
TMP_PB,D,20180626,000000,4.56,4.56,4.4,4.4,0,0
TMP_PB,D,20180627,000000,4.27,4.75,4.27,4.75,0,0
TMP_PB,D,20180702,000000,4.27,4.69,4.27,4.69,0,0
TMP_PB,D,20180703,000000,4.69,5.08,4.69,5.08,0,0
TMP_PB,D,20180710,000000,4.98,5.72,4.98,5.72,0,0
TMP_PB,D,20180719,000000,4.82,4.82,4.82,4.82,0,0
TMP_PB,D,20180730,000000,5.3,5.3,5.3,5.3,0,0
TMP_PB,D,20180823,000000,5.92,5.92,5.92,5.92,0,0
TMP_PB,D,20180829,000000,5.92,6,5.92,6,0,0
TMP_PB,D,20180904,000000,5.53,5.96,5.28,5.96,0,0
TMP_PB,D,20180905,000000,5.82,6.97,5.82,6.75,0,0
TMP_PB,D,20180906,000000,6.79,6.79,5.92,6.65,0,0
TMP_PB,D,20180907,000000,5.75,5.78,4.74,5.78,0,0
TMP_PB,D,20180910,000000,5.78,5.78,3.77,4.38,0,0
TMP_PB,D,20180911,000000,4.38,4.38,4.38,4.38,0,0
TMP_PB,D,20180912,000000,4.38,4.38,4.38,4.38,0,0
TMP_PB,D,20180913,000000,4.38,4.38,4.38,4.38,0,0
TMP_PB,D,20180914,000000,4.38,4.38,4.38,4.38,0,0
TMP_PB,D,20180917,000000,4.38,4.38,4.38,4.38,0,0
TMP_PB,D,20180918,000000,4.38,4.38,4.38,4.38,0,0
TMP_PB,D,20180919,000000,4.38,4.38,4.38,4.38,0,0
TMP_PB,D,20180920,000000,4.38,4.38,4.31,4.38,0,0
TMP_PB,D,20180921,000000,4.53,4.53,4.53,4.53,0,0
TMP_PB,D,20181001,000000,4.63,5.03,4.63,5.03,0,0
TMP_PB,D,20181002,000000,5.03,5.25,5.03,5.25,0,0
TMP_PB,D,20181003,000000,4.85,5.46,4.85,5.46,0,0
TMP_PB,D,20181019,000000,5.39,5.6,5.39,5.6,0,0
TMP_PB,D,20181024,000000,4.1,4.85,4.1,4.85,0,0
TMP_PB,D,20181025,000000,5.28,5.6,5.28,5.6,0,0
TMP_PB,D,20181026,000000,5.28,5.28,5.28,5.28,0,0
TMP_PB,D,20181115,000000,5.03,5.6,4.85,5.6,0,0
TMP_PB,D,20181116,000000,4.85,5.78,4.85,5.78,0,0
TMP_PB,D,20181123,000000,4.49,4.49,4.49,4.49,0,0
TMP_PB,D,20181126,000000,4.31,6.12,4.1,6.12,0,0
TMP_PB,D,20181127,000000,6.12,6.12,6.12,6.12,0,0
TMP_PB,D,20181128,000000,5.65,5.65,5.65,5.65,0,0
TMP_PB,D,20181129,000000,5.65,6.12,4.94,6.12,0,0
TMP_PB,D,20181205,000000,5.65,5.65,4.8,4.8,0,0
TMP_PB,D,20181206,000000,5.65,5.65,4.7,4.7,0,0
TMP_PB,D,20181207,000000,5.65,6.12,5.65,6.12,0,0
TMP_PB,D,20181210,000000,5.65,5.65,5.41,5.41,0,0
TMP_PB,D,20181211,000000,5.65,5.65,4.61,4.7,0,0
TMP_PB,D,20181212,000000,5.65,5.65,4.7,4.7,0,0
TMP_PB,D,20181213,000000,5.13,5.13,5.13,5.13,0,0
TMP_PB,D,20181214,000000,5.18,5.18,5.18,5.18,0,0
TMP_PB,D,20181217,000000,5.18,5.18,5.18,5.18,0,0
TMP_PB,D,20181218,000000,4.7,5.65,3.77,5.65,0,0
TMP_PB,D,20181219,000000,5.6,5.6,4.61,4.61,0,0
TMP_PB,D,20181220,000000,4.7,4.7,4.7,4.7,0,0
TMP_PB,D,20181221,000000,5.51,5.51,4.47,4.47,0,0
TMP_PB,D,20181227,000000,5.08,5.41,5.08,5.41,0,0
TMP_PB,D,20181228,000000,4.75,4.75,4.47,4.47,0,0
TMP_PB,D,20190103,000000,4.7,4.7,4.7,4.7,0,0
TMP_PB,D,20190109,000000,4.7,5.04,4.7,5.04,0,0
TMP_PB,D,20190110,000000,4.7,5.04,4.7,5.04,0,0
TMP_PB,D,20190111,000000,4.23,4.42,3.72,4.42,0,0
TMP_PB,D,20190117,000000,4.23,4.23,4.23,4.23,0,0
TMP_PB,D,20190121,000000,4.19,4.19,4.14,4.14,0,0
TMP_PB,D,20190122,000000,4.14,4.14,4.14,4.14,0,0
TMP_PB,D,20190123,000000,4.14,4.14,4.14,4.14,0,0
TMP_PB,D,20190124,000000,4.14,4.14,4.14,4.14,0,0
TMP_PB,D,20190125,000000,4.14,4.14,4.14,4.14,0,0
TMP_PB,D,20190128,000000,4.14,4.14,4.14,4.14,0,0
TMP_PB,D,20190129,000000,4.14,4.14,4.14,4.14,0,0
TMP_PB,D,20190130,000000,4.14,4.14,3.81,3.81,0,0
TMP_PB,D,20190206,000000,3.91,3.91,3.91,3.91,0,0
TMP_PB,D,20190207,000000,3.91,3.91,3.91,3.91,0,0
TMP_PB,D,20190208,000000,3.91,3.91,3.91,3.91,0,0
TMP_PB,D,20190212,000000,3.91,3.91,3.91,3.91,0,0
TMP_PB,D,20190213,000000,3.91,3.91,3.81,3.81,0,0
TMP_PB,D,20190219,000000,3.72,3.94,3.72,3.94,0,0
TMP_PB,D,20190220,000000,3.79,3.79,3.79,3.79,0,0
TMP_PB,D,20190222,000000,3.89,3.94,3.89,3.94,0,0
TMP_PB,D,20190225,000000,3.94,3.94,3.94,3.94,0,0
TMP_PB,D,20190226,000000,3.94,3.94,3.94,3.94,0,0
TMP_PB,D,20190227,000000,3.94,4.69,3.94,4.34,0,0
TMP_PB,D,20190228,000000,4.49,4.49,4.49,4.49,0,0
TMP_PB,D,20190304,000000,4.54,5.34,4.54,5.24,0,0
TMP_PB,D,20190305,000000,4.89,6.43,4.89,6.08,0,0
TMP_PB,D,20190306,000000,6.08,6.38,6.08,6.38,0,0
TMP_PB,D,20190307,000000,5.43,6.34,5.43,6.34,0,0
TMP_PB,D,20190308,000000,6.34,6.34,6.34,6.34,0,0
TMP_PB,D,20190311,000000,6.34,6.34,6.34,6.34,0,0
TMP_PB,D,20190312,000000,6.34,6.34,6.34,6.34,0,0
TMP_PB,D,20190314,000000,5.69,5.69,5.69,5.69,0,0
TMP_PB,D,20190315,000000,5.69,5.69,5.69,5.69,0,0
TMP_PB,D,20190318,000000,5.69,5.69,5.69,5.69,0,0
TMP_PB,D,20190319,000000,5.69,6.78,5.24,6.78,0,0
TMP_PB,D,20190320,000000,5.99,7.18,5.99,7.08,0,0
TMP_PB,D,20190321,000000,6.38,7.13,6.38,7.13,0,0
TMP_PB,D,20190322,000000,6.93,6.93,5.99,6.49,0,0
TMP_PB,D,20190329,000000,5.49,5.49,5.49,5.49,0,0
TMP_PB,D,20190401,000000,5.73,6.83,5.73,6.83,0,0
TMP_PB,D,20190402,000000,7.48,7.48,5.88,5.88,0,0
TMP_PB,D,20190403,000000,5.09,5.99,4.99,5.99,0,0
TMP_PB,D,20190423,000000,6.75,6.75,6.68,6.68,0,0
TMP_PB,D,20190426,000000,7.53,8.44,7.53,8.44,0,0
TMP_PB,D,20190429,000000,7.53,7.53,7.53,7.53,0,0
TMP_PB,D,20190508,000000,6.72,7.87,6.72,7.87,0,0
TMP_PB,D,20190510,000000,6.96,7.74,6.96,7.74,0,0
TMP_PB,D,20190513,000000,7.74,7.74,7.74,7.74,0,0
TMP_PB,D,20190520,000000,7.74,7.74,7.74,7.74,0,0
TMP_PB,D,20190522,000000,6.68,6.68,6.47,6.47,0,0
TMP_PB,D,20190524,000000,6.47,6.47,6.47,6.47,0,0
TMP_PB,D,20190528,000000,7.22,7.22,7.22,7.22,0,0
TMP_PB,D,20190606,000000,6.76,6.76,4.34,5.15,0,0
TMP_PB,D,20190607,000000,5.22,6.15,5.22,6.15,0,0
TMP_PB,D,20190610,000000,6.22,6.84,6.22,6.84,0,0
TMP_PB,D,20190627,000000,6.76,6.76,6.76,6.76,0,0
TMP_PB,D,20190715,000000,6.45,6.45,6.45,6.45,0,0
TMP_PB,D,20190716,000000,6.61,6.68,6.61,6.68,0,0
TMP_PB,D,20190717,000000,6.68,6.68,6.68,6.68,0,0
TMP_PB,D,20190724,000000,6.53,6.53,6.38,6.38,0,0
TMP_PB,D,20190725,000000,6.53,6.53,6.15,6.15,0,0
TMP_PB,D,20190726,000000,5.91,6.68,5.76,6.68,0,0
TMP_PB,D,20190729,000000,5.61,6.3,5.38,6.3,0,0
TMP_PB,D,20190730,000000,5.68,5.68,5.68,5.68,0,0
TMP_PB,D,20190731,000000,5.68,5.68,5.07,5.07,0,0
TMP_PB,D,20190801,000000,4.76,4.76,4.61,4.61,0,0
TMP_PB,D,20190805,000000,4.76,4.76,4.76,4.76,0,0
TMP_PB,D,20190806,000000,4.84,4.84,4.84,4.84,0,0
TMP_PB,D,20190807,000000,4.34,5.1,3.95,5.1,0,0
TMP_PB,D,20190808,000000,4.38,4.8,4.22,4.22,0,0
TMP_PB,D,20190809,000000,4.46,4.57,3.84,4.57,0,0
TMP_PB,D,20190812,000000,4.03,4.03,4.03,4.03,0,0
TMP_PB,D,20190813,000000,4.03,4.03,4.03,4.03,0,0
TMP_PB,D,20190814,000000,4.03,4.03,4.03,4.03,0,0
TMP_PB,D,20190816,000000,3.99,3.99,3.99,3.99,0,0
TMP_PB,D,20190819,000000,4.03,4.03,3.51,3.51,0,0
TMP_PB,D,20190820,000000,3.51,3.51,3.51,3.51,0,0
TMP_PB,D,20190821,000000,3.51,3.51,3.51,3.51,0,0
TMP_PB,D,20190822,000000,3.54,3.54,3.54,3.54,0,0
TMP_PB,D,20190823,000000,3.54,3.54,3.54,3.54,0,0
TMP_PB,D,20190826,000000,3.54,3.54,3.54,3.54,0,0
TMP_PB,D,20190827,000000,3.54,3.54,3.54,3.54,0,0
TMP_PB,D,20190828,000000,3.54,3.54,3.01,3.01,0,0
TMP_PB,D,20190829,000000,3.21,3.34,3.21,3.34,0,0
TMP_PB,D,20190830,000000,3.47,3.47,3.47,3.47,0,0
TMP_PB,D,20190902,000000,3.47,3.47,3.47,3.47,0,0
TMP_PB,D,20190903,000000,3.47,3.47,3.41,3.41,0,0
TMP_PB,D,20190904,000000,3.41,3.41,3.41,3.41,0,0
TMP_PB,D,20190906,000000,3.37,3.37,3.37,3.37,0,0
TMP_PB,D,20190910,000000,3.27,3.37,3.14,3.14,0,0
TMP_PB,D,20190911,000000,3.14,3.14,3.14,3.14,0,0
TMP_PB,D,20190912,000000,3.14,3.14,3.14,3.14,0,0
TMP_PB,D,20190913,000000,3.14,3.14,3.14,3.14,0,0
TMP_PB,D,20190916,000000,3.14,3.27,3.14,3.14,0,0
TMP_PB,D,20190917,000000,3.14,3.14,3.14,3.14,0,0
TMP_PB,D,20190918,000000,3.14,3.14,3.14,3.14,0,0
TMP_PB,D,20190919,000000,3.14,3.14,3.14,3.14,0,0
TMP_PB,D,20190920,000000,3.14,3.14,3.14,3.14,0,0
TMP_PB,D,20190923,000000,3.14,3.14,3.14,3.14,0,0
TMP_PB,D,20190924,000000,3.14,3.14,3.14,3.14,0,0
TMP_PB,D,20190925,000000,3.14,3.14,3.14,3.14,0,0
TMP_PB,D,20190926,000000,3.14,3.14,3.14,3.14,0,0
TMP_PB,D,20190927,000000,3.14,3.14,3.14,3.14,0,0
TMP_PB,D,20190930,000000,3.14,3.14,2.67,2.67,0,0
TMP_PB,D,20191001,000000,2.67,2.67,2.67,2.67,0,0
TMP_PB,D,20191002,000000,2.67,2.67,2.67,2.67,0,0
TMP_PB,D,20191003,000000,2.67,2.67,2.67,2.67,0,0
TMP_PB,D,20191004,000000,2.67,2.67,2.67,2.67,0,0
TMP_PB,D,20191007,000000,2.67,2.67,2.67,2.67,0,0
TMP_PB,D,20191015,000000,3.01,3.01,3.01,3.01,0,0
TMP_PB,D,20191016,000000,3.07,3.07,3.01,3.01,0,0
TMP_PB,D,20191017,000000,3.07,3.07,3.07,3.07,0,0
TMP_PB,D,20191018,000000,3.01,3.01,3.01,3.01,0,0
TMP_PB,D,20191021,000000,3.01,3.01,3.01,3.01,0,0
TMP_PB,D,20191022,000000,3.01,3.01,2.81,2.81,0,0
TMP_PB,D,20191023,000000,2.74,2.74,2.74,2.74,0,0
TMP_PB,D,20191024,000000,2.67,2.67,2.67,2.67,0,0
TMP_PB,D,20191025,000000,2.67,2.67,2.67,2.67,0,0
TMP_PB,D,20191028,000000,2.67,2.67,2.67,2.67,0,0
TMP_PB,D,20191029,000000,2.67,2.67,2.67,2.67,0,0
TMP_PB,D,20191030,000000,2.67,2.67,2.67,2.67,0,0
TMP_PB,D,20191031,000000,2.67,2.67,2.67,2.67,0,0
TMP_PB,D,20191104,000000,2.67,2.67,2.67,2.67,0,0
TMP_PB,D,20191105,000000,2.67,2.67,2.67,2.67,0,0
TMP_PB,D,20191106,000000,2.67,2.67,2.67,2.67,0,0
TMP_PB,D,20191107,000000,2.47,2.87,2.47,2.87,0,0
TMP_PB,D,20191108,000000,2.67,2.67,2.67,2.67,0,0
TMP_PB,D,20191112,000000,2.67,2.67,2.67,2.67,0,0
TMP_PB,D,20191113,000000,2.67,2.67,2.67,2.67,0,0
TMP_PB,D,20191114,000000,2.67,2.67,2.67,2.67,0,0
TMP_PB,D,20191115,000000,2.67,2.74,2.67,2.74,0,0
TMP_PB,D,20191118,000000,2.67,2.67,2.67,2.67,0,0
TMP_PB,D,20191119,000000,2.67,2.67,2.67,2.67,0,0
TMP_PB,D,20191120,000000,2.61,2.61,2.61,2.61,0,0
TMP_PB,D,20191121,000000,2.61,2.61,2.61,2.61,0,0
TMP_PB,D,20191122,000000,2.61,2.69,2.61,2.69,0,0
TMP_PB,D,20191125,000000,2.69,2.69,2.69,2.69,0,0
TMP_PB,D,20191126,000000,2.69,2.69,2.69,2.69,0,0
TMP_PB,D,20191127,000000,2.69,2.69,2.69,2.69,0,0
TMP_PB,D,20191128,000000,2.69,2.69,2.69,2.69,0,0
TMP_PB,D,20191129,000000,2.69,2.69,2.69,2.69,0,0
TMP_PB,D,20191202,000000,2.69,2.96,2.69,2.96,0,0
TMP_PB,D,20191204,000000,2.96,3.16,2.75,3.16,0,0
TMP_PB,D,20191205,000000,2.9,2.9,2.9,2.9,0,0
TMP_PB,D,20191206,000000,2.9,2.9,2.9,2.9,0,0
TMP_PB,D,20191209,000000,2.9,2.9,2.9,2.9,0,0
TMP_PB,D,20191210,000000,2.9,2.9,2.9,2.9,0,0
TMP_PB,D,20191211,000000,2.9,2.9,2.9,2.9,0,0
TMP_PB,D,20191212,000000,2.9,2.9,2.9,2.9,0,0
TMP_PB,D,20191213,000000,2.9,2.9,2.9,2.9,0,0
TMP_PB,D,20191216,000000,2.9,2.9,2.9,2.9,0,0
TMP_PB,D,20191217,000000,2.9,2.9,2.9,2.9,0,0
TMP_PB,D,20191218,000000,2.9,2.9,2.9,2.9,0,0
TMP_PB,D,20191219,000000,2.9,2.9,2.9,2.9,0,0
TMP_PB,D,20191220,000000,2.9,2.9,2.9,2.9,0,0
TMP_PB,D,20191223,000000,2.9,2.9,2.9,2.9,0,0
TMP_PB,D,20191227,000000,2.9,2.9,2.9,2.9,0,0
TMP_PB,D,20191230,000000,2.9,2.9,2.9,2.9,0,0
TMP_PB,D,20200102,000000,2.9,2.9,2.62,2.62,0,0
TMP_PB,D,20200103,000000,3.03,3.03,3.03,3.03,0,0
TMP_PB,D,20200107,000000,3.03,3.31,3.03,3.31,0,0
TMP_PB,D,20200108,000000,3.03,3.03,3.03,3.03,0,0
TMP_PB,D,20200109,000000,3.03,3.03,3.03,3.03,0,0
TMP_PB,D,20200110,000000,3.03,3.03,3.03,3.03,0,0
TMP_PB,D,20200113,000000,3.03,3.03,2.75,2.75,0,0
TMP_PB,D,20200128,000000,2.9,3.03,2.75,2.75,0,0
TMP_PB,D,20200203,000000,2.75,2.75,2.75,2.75,0,0
TMP_PB,D,20200205,000000,2.9,3.03,2.9,3.03,0,0
TMP_PB,D,20200206,000000,3.02,3.37,2.75,2.75,0,0
TMP_PB,D,20200207,000000,2.75,2.75,2.75,2.75,0,0
TMP_PB,D,20200210,000000,2.75,2.75,2.75,2.75,0,0
TMP_PB,D,20200211,000000,2.75,2.75,2.75,2.75,0,0
TMP_PB,D,20200212,000000,2.75,2.75,2.75,2.75,0,0
TMP_PB,D,20200213,000000,2.75,2.75,2.75,2.75,0,0
TMP_PB,D,20200214,000000,2.75,2.75,2.75,2.75,0,0
TMP_PB,D,20200217,000000,2.75,2.78,2.75,2.78,0,0
TMP_PB,D,20200218,000000,2.78,2.78,2.78,2.78,0,0
TMP_PB,D,20200219,000000,2.78,2.78,2.78,2.78,0,0
TMP_PB,D,20200220,000000,2.78,2.78,2.78,2.78,0,0
TMP_PB,D,20200221,000000,2.78,2.78,2.78,2.78,0,0
TMP_PB,D,20200224,000000,2.78,2.78,2.78,2.78,0,0
TMP_PB,D,20200225,000000,2.78,2.78,2.78,2.78,0,0
TMP_PB,D,20200226,000000,2.78,2.78,2.78,2.78,0,0
TMP_PB,D,20200227,000000,2.78,2.78,2.78,2.78,0,0
TMP_PB,D,20200228,000000,2.78,2.78,2.44,2.78,0,0
TMP_PB,D,20200303,000000,2.72,2.78,2.72,2.78,0,0
TMP_PB,D,20200304,000000,2.72,3.14,2.72,3.14,0,0
TMP_PB,D,20200305,000000,3.14,3.14,2.51,2.57,0,0
TMP_PB,D,20200306,000000,2.93,2.93,2.93,2.93,0,0
TMP_PB,D,20200309,000000,2.93,3.2,2.78,2.99,0,0
TMP_PB,D,20200310,000000,2.93,2.99,2.93,2.93,0,0
TMP_PB,D,20200313,000000,2.93,3.2,2.93,2.93,0,0
TMP_PB,D,20200316,000000,3.2,4.59,3.06,4.59,0,0
TMP_PB,D,20200317,000000,4.67,6.68,4.67,5.35,0,0
TMP_PB,D,20200318,000000,5.43,6.26,4.46,4.88,0,0
TMP_PB,D,20200319,000000,5.01,5.22,4.8,4.94,0,0
TMP_PB,D,20200320,000000,5.5,5.99,4.8,4.88,0,0
TMP_PB,D,20200323,000000,4.88,4.94,4.59,4.73,0,0
TMP_PB,D,20200324,000000,4.59,4.88,4.59,4.59,0,0
TMP_PB,D,20200325,000000,4.94,6.82,4.94,6.54,0,0
TMP_PB,D,20200326,000000,7.03,8.84,6.89,8.84,0,0
TMP_PB,D,20200327,000000,9.11,9.68,7.31,8.07,0,0
TMP_PB,D,20200330,000000,7.58,8.15,6.26,7.45,0,0
TMP_PB,D,20200331,000000,6.26,8.21,6.26,8.21,0,0
TMP_PB,D,20200401,000000,8.21,8.28,7.1,7.94,0,0
TMP_PB,D,20200402,000000,7.86,8.28,7.52,8.28,0,0
TMP_PB,D,20200403,000000,8.49,8.49,7.1,8.21,0,0
TMP_PB,D,20200406,000000,9.05,10.79,9.05,10.23,0,0
TMP_PB,D,20200407,000000,10.23,10.23,8.21,8.77,0,0
TMP_PB,D,20200408,000000,9.47,10.72,8,8.28,0,0
TMP_PB,D,20200409,000000,8.28,8.77,6.96,7.58,0,0
TMP_PB,D,20200414,000000,7.66,7.73,6.93,6.96,0,0
TMP_PB,D,20200415,000000,6.96,7.45,6.96,7.45,0,0
TMP_PB,D,20200416,000000,7.38,7.66,6.75,7.38,0,0
TMP_PB,D,20200417,000000,7.31,7.52,6.96,7.52,0,0
TMP_PB,D,20200420,000000,7.86,11.7,7.86,11.7,0,0
TMP_PB,D,20200421,000000,12.18,17.54,12.18,17.54,0,0
TMP_PB,D,20200422,000000,19.91,20.88,14.9,14.9,0,0
TMP_PB,D,20200423,000000,14.48,16.29,13.5,14.61,0,0
TMP_PB,D,20200424,000000,14.61,15.86,13.65,15.18,0,0
TMP_PB,D,20200427,000000,15.18,15.59,13.92,14.33,0,0
TMP_PB,D,20200428,000000,14.61,14.61,11.83,12.67,0,0
TMP_PB,D,20200429,000000,11.83,14.2,11.83,12.88,0,0
TMP_PB,D,20200430,000000,12.53,17.4,12.53,16.01,0,0
TMP_PB,D,20200504,000000,15.86,15.86,14.61,15.73,0,0
TMP_PB,D,20200505,000000,15.59,15.59,13.78,14.48,0,0
TMP_PB,D,20200506,000000,13.92,13.92,13.23,13.71,0,0
TMP_PB,D,20200507,000000,13.23,14.61,12.8,13.65,0,0
TMP_PB,D,20200508,000000,13.44,13.92,12.46,12.74,0,0
TMP_PB,D,20200511,000000,12.46,13.44,11.21,12.39,0,0
TMP_PB,D,20200512,000000,12.53,12.53,11.42,12.11,0,0
TMP_PB,D,20200513,000000,12.39,16.01,12.39,14.48,0,0
TMP_PB,D,20200514,000000,14.61,14.61,11.48,11.48,0,0
TMP_PB,D,20200515,000000,12.25,13.08,11.7,11.7,0,0
TMP_PB,D,20200518,000000,11.06,11.18,10.44,11.18,0,0
TMP_PB,D,20200519,000000,11.6,11.6,10.62,11.25,0,0
TMP_PB,D,20200520,000000,11.39,11.75,10.55,10.91,0,0
TMP_PB,D,20200521,000000,10.55,10.83,10.27,10.62,0,0
TMP_PB,D,20200522,000000,10.34,10.34,9.15,9.21,0,0
TMP_PB,D,20200525,000000,9.92,10.91,9.49,10.2,0,0
TMP_PB,D,20200526,000000,9.92,10.97,9.92,10.91,0,0
TMP_PB,D,20200527,000000,10.91,10.91,9.78,9.99,0,0
TMP_PB,D,20200528,000000,9.71,10.34,9.71,10.27,0,0
TMP_PB,D,20200529,000000,10.13,10.34,9.36,9.71,0,0
TMP_PB,D,20200601,000000,9.84,9.84,9.15,9.57,0,0
TMP_PB,D,20200602,000000,9.57,9.84,9,9.28,0,0
TMP_PB,D,20200603,000000,9.36,9.78,9.36,9.63,0,0
TMP_PB,D,20200604,000000,10.69,10.69,9.36,9.71,0,0
TMP_PB,D,20200605,000000,9.78,9.78,9.28,9.57,0,0
TMP_PB,D,20200608,000000,10.05,10.05,9.42,9.78,0,0
TMP_PB,D,20200609,000000,10.05,10.05,9.36,9.63,0,0
TMP_PB,D,20200610,000000,9.49,9.49,9.21,9.49,0,0
TMP_PB,D,20200612,000000,9.15,9.36,8.73,9,0,0
TMP_PB,D,20200615,000000,9.15,10.05,8.16,9.63,0,0
TMP_PB,D,20200616,000000,10.05,10.05,9.21,9.78,0,0
TMP_PB,D,20200617,000000,9.78,10.55,9.07,10.55,0,0
TMP_PB,D,20200618,000000,10.69,10.69,9.49,9.92,0,0
TMP_PB,D,20200619,000000,10.34,10.34,9.28,9.71,0,0
TMP_PB,D,20200622,000000,10.27,10.91,9.21,10.76,0,0
TMP_PB,D,20200623,000000,10.91,10.91,9.84,10.69,0,0
TMP_PB,D,20200624,000000,9.99,10.69,9.92,10.41,0,0
TMP_PB,D,20200625,000000,10.05,10.2,9.28,9.71,0,0
TMP_PB,D,20200626,000000,9.71,9.84,9.28,9.78,0,0
TMP_PB,D,20200629,000000,9.78,11.18,9.78,11.18,0,0
TMP_PB,D,20200630,000000,11.25,11.25,10.27,10.27,0,0
TMP_PB,D,20200701,000000,10.69,10.83,9.78,10.13,0,0
TMP_PB,D,20200702,000000,10.2,10.2,10.13,10.13,0,0
TMP_PB,D,20200703,000000,9.99,9.99,9.21,9.92,0,0
TMP_PB,D,20200706,000000,9.99,10.27,9.99,10.13,0,0
TMP_PB,D,20200707,000000,10.27,10.69,9.71,9.84,0,0
TMP_PB,D,20200708,000000,10.34,10.83,9.84,10.34,0,0
TMP_PB,D,20200709,000000,9.92,10.13,9.42,9.71,0,0
TMP_PB,D,20200710,000000,10.05,10.13,9.71,9.84,0,0
TMP_PB,D,20200713,000000,10.2,10.2,9.49,10.05,0,0
TMP_PB,D,20200714,000000,9.71,9.99,9.28,9.36,0,0
TMP_PB,D,20200715,000000,9.99,9.99,9.42,9.84,0,0
TMP_PB,D,20200716,000000,9.49,10.48,9.49,10.48,0,0
TMP_PB,D,20200717,000000,10.55,10.62,10.55,10.62,0,0
TMP_PB,D,20200720,000000,10.62,11.25,10.48,10.83,0,0
TMP_PB,D,20200721,000000,10.83,10.83,9.84,10.55,0,0
TMP_PB,D,20200722,000000,9.92,10.41,9.84,10.41,0,0
TMP_PB,D,20200723,000000,10.62,10.62,9.49,10.48,0,0
TMP_PB,D,20200724,000000,10.76,12.66,10.55,11.46,0,0
TMP_PB,D,20200727,000000,11.96,13.85,11.6,13.85,0,0
TMP_PB,D,20200728,000000,14.21,14.21,12.38,12.94,0,0
TMP_PB,D,20200729,000000,12.94,12.94,11.39,12.52,0,0
TMP_PB,D,20200730,000000,11.75,12.52,9.71,10.48,0,0
TMP_PB,D,20200731,000000,9.49,11.39,9.49,11.33,0,0
TMP_PB,D,20200803,000000,12.09,13.08,12.09,12.66,0,0
TMP_PB,D,20200804,000000,12.24,12.59,11.6,12.31,0,0
TMP_PB,D,20200805,000000,11.96,12.31,10.55,11.96,0,0
TMP_PB,D,20200806,000000,12.24,13.29,11.39,12.17,0,0
TMP_PB,D,20200807,000000,12.59,12.59,10.13,12.31,0,0
TMP_PB,D,20200810,000000,12.31,12.31,10.91,12.31,0,0
TMP_PB,D,20200811,000000,12.17,13.01,10.55,11.75,0,0
TMP_PB,D,20200812,000000,11.82,12.03,10.69,12.03,0,0
TMP_PB,D,20200813,000000,11.25,11.96,11.25,11.82,0,0
TMP_PB,D,20200814,000000,11.96,12.09,10.2,11.67,0,0
TMP_PB,D,20200817,000000,11.67,11.67,10.69,11,0,0
TMP_PB,D,20200818,000000,11.2,11.2,10.06,10.39,0,0
TMP_PB,D,20200819,000000,10.26,10.53,10.12,10.12,0,0
TMP_PB,D,20200820,000000,9.99,10.12,9.52,10.12,0,0
TMP_PB,D,20200821,000000,10.12,10.46,9.86,10.46,0,0
TMP_PB,D,20200824,000000,10.46,10.46,9.86,10.32,0,0
TMP_PB,D,20200825,000000,10.46,10.46,9.79,10.12,0,0
TMP_PB,D,20200826,000000,10.46,10.46,9.72,10.26,0,0
TMP_PB,D,20200827,000000,10.6,10.67,10.53,10.6,0,0
TMP_PB,D,20200828,000000,10.6,10.6,9.86,10.12,0,0
TMP_PB,D,20200831,000000,10.12,10.12,9.38,9.38,0,0
TMP_PB,D,20200901,000000,9.92,10.46,9.18,9.38,0,0
TMP_PB,D,20200902,000000,9.38,9.79,8.3,8.3,0,0
TMP_PB,D,20200903,000000,9.24,10.06,9.11,9.59,0,0
TMP_PB,D,20200904,000000,9.44,9.44,8.3,8.98,0,0
TMP_PB,D,20200907,000000,8.91,9.18,8.43,8.71,0,0
TMP_PB,D,20200908,000000,8.3,8.43,7.76,8.43,0,0
TMP_PB,D,20200909,000000,8.43,9.86,8.43,9.59,0,0
TMP_PB,D,20200910,000000,9.59,9.59,9.59,9.59,0,0
TMP_PB,D,20200911,000000,9.52,9.92,9.18,9.59,0,0
TMP_PB,D,20200914,000000,9.72,9.86,9.72,9.86,0,0
TMP_PB,D,20200915,000000,9.86,9.86,8.98,9.72,0,0
TMP_PB,D,20200916,000000,9.72,9.72,9.72,9.72,0,0
TMP_PB,D,20200917,000000,9.72,9.86,8.43,9.31,0,0
TMP_PB,D,20200918,000000,9.31,9.31,8.51,9.18,0,0
TMP_PB,D,20200921,000000,8.51,8.98,8.51,8.78,0,0
TMP_PB,D,20200922,000000,8.43,8.98,8.43,8.98,0,0
TMP_PB,D,20200923,000000,9.65,9.72,9.44,9.52,0,0
TMP_PB,D,20200924,000000,9.52,9.52,8.78,9.24,0,0
TMP_PB,D,20200925,000000,9.44,9.44,8.16,9.18,0,0
TMP_PB,D,20200928,000000,8.98,8.98,8.91,8.91,0,0
TMP_PB,D,20200929,000000,8.71,8.71,8.71,8.71,0,0
TMP_PB,D,20200930,000000,8.78,8.78,8.71,8.71,0,0
TMP_PB,D,20201001,000000,8.71,8.91,8.71,8.91,0,0
TMP_PB,D,20201002,000000,8.91,8.91,8.91,8.91,0,0
TMP_PB,D,20201005,000000,8.3,8.91,7.9,8.91,0,0
TMP_PB,D,20201006,000000,8.84,8.84,8.84,8.84,0,0
TMP_PB,D,20201007,000000,8.1,8.98,8.1,8.98,0,0
TMP_PB,D,20201008,000000,8.3,9.31,8.3,9.24,0,0
TMP_PB,D,20201009,000000,8.37,11.88,8.37,11.34,0,0
TMP_PB,D,20201012,000000,12.76,12.76,11.2,12.01,0,0
TMP_PB,D,20201013,000000,12.48,12.48,11,12.15,0,0
TMP_PB,D,20201014,000000,12.15,12.15,10.67,10.67,0,0
TMP_PB,D,20201015,000000,10.46,10.46,9.86,10.39,0,0
TMP_PB,D,20201016,000000,10.8,11.47,10.39,11.47,0,0
