<TICKER>,<PER>,<DATE>,<TIME>,<OPEN>,<HIGH>,<LOW>,<CLOSE>,<VOL>,<OPENINT>
VEL_MV,D,20120625,000000,3.28,3.28,3.28,3.28,0,0
VEL_MV,D,20120626,000000,2.52,2.94,2.1,2.1,0,0
VEL_MV,D,20120627,000000,2.1,2.52,2.1,2.18,0,0
VEL_MV,D,20120628,000000,2.1,2.18,2.1,2.18,0,0
VEL_MV,D,20120702,000000,2.02,2.02,2.02,2.02,0,0
VEL_MV,D,20120703,000000,1.6,2.02,1.6,2.02,0,0
VEL_MV,D,20120704,000000,2.1,2.27,2.02,2.18,0,0
VEL_MV,D,20120710,000000,1.76,1.93,1.76,1.93,0,0
VEL_MV,D,20120711,000000,1.51,1.85,1.09,1.26,0,0
VEL_MV,D,20120712,000000,1.26,1.51,1.26,1.51,0,0
VEL_MV,D,20120716,000000,1.51,1.51,1.51,1.51,0,0
VEL_MV,D,20120717,000000,0.84,1.18,0.84,1.18,0,0
VEL_MV,D,20120718,000000,1.34,1.34,1.09,1.26,0,0
VEL_MV,D,20120719,000000,1.43,1.68,1.43,1.68,0,0
VEL_MV,D,20120720,000000,1.85,1.85,1.51,1.51,0,0
VEL_MV,D,20120723,000000,1.6,1.6,1.6,1.6,0,0
VEL_MV,D,20120724,000000,1.6,1.6,1.34,1.6,0,0
VEL_MV,D,20120731,000000,1.34,1.6,1.34,1.6,0,0
VEL_MV,D,20120817,000000,1.34,1.34,1.34,1.34,0,0
VEL_MV,D,20120820,000000,1.26,1.34,1.26,1.34,0,0
VEL_MV,D,20120821,000000,1.34,1.34,1.34,1.34,0,0
VEL_MV,D,20120914,000000,1.18,1.26,1.18,1.26,0,0
VEL_MV,D,20120926,000000,1.01,1.09,1.01,1.09,0,0
VEL_MV,D,20121002,000000,1.18,1.26,1.18,1.26,0,0
VEL_MV,D,20121003,000000,0.92,0.92,0.92,0.92,0,0
VEL_MV,D,20121004,000000,0.84,0.92,0.76,0.76,0,0
VEL_MV,D,20121005,000000,0.84,0.84,0.67,0.67,0,0
VEL_MV,D,20121008,000000,0.84,0.92,0.76,0.76,0,0
VEL_MV,D,20121009,000000,0.67,0.67,0.67,0.67,0,0
VEL_MV,D,20121010,000000,0.67,0.67,0.67,0.67,0,0
VEL_MV,D,20121011,000000,0.67,0.67,0.59,0.67,0,0
VEL_MV,D,20121012,000000,0.67,0.67,0.67,0.67,0,0
VEL_MV,D,20121015,000000,0.67,0.67,0.67,0.67,0,0
VEL_MV,D,20121017,000000,0.67,0.76,0.67,0.76,0,0
VEL_MV,D,20121018,000000,0.67,0.84,0.67,0.84,0,0
VEL_MV,D,20121019,000000,0.76,0.76,0.67,0.67,0,0
VEL_MV,D,20121022,000000,0.84,0.84,0.84,0.84,0,0
VEL_MV,D,20121023,000000,0.67,0.67,0.67,0.67,0,0
VEL_MV,D,20121024,000000,0.59,0.76,0.59,0.76,0,0
VEL_MV,D,20121025,000000,0.67,0.76,0.67,0.76,0,0
VEL_MV,D,20121026,000000,0.84,0.84,0.84,0.84,0,0
VEL_MV,D,20121029,000000,0.84,0.92,0.84,0.92,0,0
VEL_MV,D,20121030,000000,0.76,0.92,0.76,0.92,0,0
VEL_MV,D,20121102,000000,0.84,0.84,0.76,0.76,0,0
VEL_MV,D,20121105,000000,0.76,0.76,0.67,0.67,0,0
VEL_MV,D,20121106,000000,0.67,0.67,0.67,0.67,0,0
VEL_MV,D,20121108,000000,0.67,0.67,0.67,0.67,0,0
VEL_MV,D,20121112,000000,0.67,0.84,0.67,0.84,0,0
VEL_MV,D,20121113,000000,1.01,1.26,1.01,1.26,0,0
VEL_MV,D,20121114,000000,1.43,1.85,1.43,1.85,0,0
VEL_MV,D,20121115,000000,2.18,2.35,1.76,2.02,0,0
VEL_MV,D,20121116,000000,1.93,1.93,1.26,1.43,0,0
VEL_MV,D,20121119,000000,1.18,1.43,1.18,1.18,0,0
VEL_MV,D,20121120,000000,1.26,1.51,1.01,1.18,0,0
VEL_MV,D,20121121,000000,1.26,1.26,1.09,1.18,0,0
VEL_MV,D,20121122,000000,1.18,1.26,1.09,1.26,0,0
VEL_MV,D,20121123,000000,1.26,1.43,1.18,1.26,0,0
VEL_MV,D,20121126,000000,1.43,1.68,1.26,1.68,0,0
VEL_MV,D,20121127,000000,1.68,1.68,1.43,1.68,0,0
VEL_MV,D,20121128,000000,1.34,1.68,1.34,1.34,0,0
VEL_MV,D,20121129,000000,1.18,1.18,1.18,1.18,0,0
VEL_MV,D,20121130,000000,1.26,1.68,1.09,1.6,0,0
VEL_MV,D,20121203,000000,1.6,1.85,1.6,1.85,0,0
VEL_MV,D,20121204,000000,1.85,2.27,1.85,2.18,0,0
VEL_MV,D,20121205,000000,1.93,2.18,1.76,1.85,0,0
VEL_MV,D,20121206,000000,1.68,1.76,1.43,1.6,0,0
VEL_MV,D,20121207,000000,1.43,1.68,1.43,1.68,0,0
VEL_MV,D,20121210,000000,1.43,1.6,1.34,1.6,0,0
VEL_MV,D,20121211,000000,1.43,1.43,1.34,1.34,0,0
VEL_MV,D,20121212,000000,1.26,1.26,1.18,1.26,0,0
VEL_MV,D,20121213,000000,1.6,1.6,1.43,1.43,0,0
VEL_MV,D,20121214,000000,1.26,1.43,1.26,1.43,0,0
VEL_MV,D,20121217,000000,1.26,1.26,1.26,1.26,0,0
VEL_MV,D,20121218,000000,1.26,1.51,1.26,1.51,0,0
VEL_MV,D,20121219,000000,1.51,2.1,1.43,2.02,0,0
VEL_MV,D,20121220,000000,1.85,1.85,1.34,1.34,0,0
VEL_MV,D,20121221,000000,1.6,1.6,1.6,1.6,0,0
VEL_MV,D,20121227,000000,1.34,1.43,1.26,1.34,0,0
VEL_MV,D,20121228,000000,1.34,1.43,1.26,1.43,0,0
VEL_MV,D,20130102,000000,1.6,1.6,1.6,1.6,0,0
VEL_MV,D,20130104,000000,1.26,1.26,1.26,1.26,0,0
VEL_MV,D,20130107,000000,1.26,1.34,1.26,1.34,0,0
VEL_MV,D,20130108,000000,1.26,1.34,1.26,1.34,0,0
VEL_MV,D,20130109,000000,1.18,1.18,1.18,1.18,0,0
VEL_MV,D,20130110,000000,1.18,1.18,1.18,1.18,0,0
VEL_MV,D,20130111,000000,1.26,1.26,1.26,1.26,0,0
VEL_MV,D,20130116,000000,1.09,1.09,1.09,1.09,0,0
VEL_MV,D,20130117,000000,1.26,1.26,1.26,1.26,0,0
VEL_MV,D,20130121,000000,1.09,1.09,1.09,1.09,0,0
VEL_MV,D,20130122,000000,1.26,1.26,1.26,1.26,0,0
VEL_MV,D,20130123,000000,1.26,1.26,1.26,1.26,0,0
VEL_MV,D,20130124,000000,1.26,1.26,1.26,1.26,0,0
VEL_MV,D,20130125,000000,1.09,1.09,1.09,1.09,0,0
VEL_MV,D,20130128,000000,1.09,1.09,1.09,1.09,0,0
VEL_MV,D,20130129,000000,1.09,1.09,1.09,1.09,0,0
VEL_MV,D,20130130,000000,1.09,1.34,1.09,1.34,0,0
VEL_MV,D,20130131,000000,1.34,1.34,1.34,1.34,0,0
VEL_MV,D,20130201,000000,1.43,1.43,1.34,1.34,0,0
VEL_MV,D,20130204,000000,1.43,1.43,1.26,1.26,0,0
VEL_MV,D,20130205,000000,1.26,1.26,1.26,1.26,0,0
VEL_MV,D,20130206,000000,1.43,1.43,1.34,1.34,0,0
VEL_MV,D,20130207,000000,1.43,1.43,1.43,1.43,0,0
VEL_MV,D,20130208,000000,1.43,1.43,1.43,1.43,0,0
VEL_MV,D,20130211,000000,1.34,1.34,1.34,1.34,0,0
VEL_MV,D,20130212,000000,1.34,1.34,1.34,1.34,0,0
VEL_MV,D,20130213,000000,1.26,1.26,1.26,1.26,0,0
VEL_MV,D,20130214,000000,1.26,1.26,1.26,1.26,0,0
VEL_MV,D,20130215,000000,1.18,1.18,1.09,1.09,0,0
VEL_MV,D,20130218,000000,1.18,1.18,1.18,1.18,0,0
VEL_MV,D,20130219,000000,1.09,1.09,1.01,1.01,0,0
VEL_MV,D,20130220,000000,1.01,1.01,0.92,0.92,0,0
VEL_MV,D,20130221,000000,1.09,1.09,1.09,1.09,0,0
VEL_MV,D,20130222,000000,1.09,1.09,1.01,1.01,0,0
VEL_MV,D,20130225,000000,1.09,1.09,1.09,1.09,0,0
VEL_MV,D,20130226,000000,1.01,1.09,1.01,1.09,0,0
VEL_MV,D,20130227,000000,1.09,1.09,1.09,1.09,0,0
VEL_MV,D,20130228,000000,1.09,1.09,1.01,1.01,0,0
VEL_MV,D,20130301,000000,1.01,1.01,0.92,0.92,0,0
VEL_MV,D,20130304,000000,0.92,0.92,0.92,0.92,0,0
VEL_MV,D,20130307,000000,0.92,0.92,0.84,0.84,0,0
VEL_MV,D,20130308,000000,0.84,0.84,0.84,0.84,0,0
VEL_MV,D,20130311,000000,0.84,0.92,0.84,0.92,0,0
VEL_MV,D,20130312,000000,1.01,1.01,1.01,1.01,0,0
VEL_MV,D,20130313,000000,1.01,1.01,1.01,1.01,0,0
VEL_MV,D,20130318,000000,0.92,0.92,0.92,0.92,0,0
VEL_MV,D,20130319,000000,0.67,0.67,0.67,0.67,0,0
VEL_MV,D,20130320,000000,0.67,0.67,0.67,0.67,0,0
VEL_MV,D,20130322,000000,0.67,0.67,0.67,0.67,0,0
VEL_MV,D,20130325,000000,0.76,0.76,0.76,0.76,0,0
VEL_MV,D,20130326,000000,0.84,0.84,0.84,0.84,0,0
VEL_MV,D,20130327,000000,0.92,0.92,0.92,0.92,0,0
VEL_MV,D,20130402,000000,0.92,0.92,0.67,0.67,0,0
VEL_MV,D,20130403,000000,0.76,0.76,0.76,0.76,0,0
VEL_MV,D,20130404,000000,0.67,0.67,0.67,0.67,0,0
VEL_MV,D,20130405,000000,0.67,0.76,0.67,0.76,0,0
VEL_MV,D,20130408,000000,0.92,1.09,0.92,1.09,0,0
VEL_MV,D,20130410,000000,0.92,0.92,0.92,0.92,0,0
VEL_MV,D,20130411,000000,0.92,0.92,0.92,0.92,0,0
VEL_MV,D,20130412,000000,0.92,0.92,0.92,0.92,0,0
VEL_MV,D,20130415,000000,0.84,0.84,0.76,0.76,0,0
VEL_MV,D,20130418,000000,0.67,0.76,0.67,0.76,0,0
VEL_MV,D,20130419,000000,0.76,0.76,0.76,0.76,0,0
VEL_MV,D,20130422,000000,0.76,0.84,0.76,0.84,0,0
VEL_MV,D,20130424,000000,0.84,0.84,0.84,0.84,0,0
VEL_MV,D,20130426,000000,0.76,0.76,0.76,0.76,0,0
VEL_MV,D,20130508,000000,0.67,0.67,0.67,0.67,0,0
VEL_MV,D,20130509,000000,0.76,0.76,0.76,0.76,0,0
VEL_MV,D,20130510,000000,0.67,0.67,0.67,0.67,0,0
VEL_MV,D,20130513,000000,0.84,0.84,0.84,0.84,0,0
VEL_MV,D,20130514,000000,0.76,0.76,0.67,0.67,0,0
VEL_MV,D,20130515,000000,0.67,0.67,0.67,0.67,0,0
VEL_MV,D,20130516,000000,0.67,0.67,0.67,0.67,0,0
VEL_MV,D,20130524,000000,0.76,0.84,0.76,0.84,0,0
VEL_MV,D,20130527,000000,0.84,0.84,0.67,0.67,0,0
VEL_MV,D,20130528,000000,0.76,0.76,0.67,0.67,0,0
VEL_MV,D,20130529,000000,0.67,0.76,0.67,0.76,0,0
VEL_MV,D,20130531,000000,0.76,0.76,0.76,0.76,0,0
VEL_MV,D,20130603,000000,0.84,0.84,0.84,0.84,0,0
VEL_MV,D,20130606,000000,0.84,0.84,0.76,0.76,0,0
VEL_MV,D,20130607,000000,0.76,0.84,0.76,0.76,0,0
VEL_MV,D,20130611,000000,0.76,0.76,0.76,0.76,0,0
VEL_MV,D,20130612,000000,0.76,0.76,0.76,0.76,0,0
VEL_MV,D,20130617,000000,0.67,0.67,0.67,0.67,0,0
VEL_MV,D,20130621,000000,0.67,0.67,0.67,0.67,0,0
VEL_MV,D,20130624,000000,0.67,0.67,0.67,0.67,0,0
VEL_MV,D,20130704,000000,0.67,0.67,0.67,0.67,0,0
VEL_MV,D,20130709,000000,0.67,0.67,0.59,0.59,0,0
VEL_MV,D,20130710,000000,0.5,0.59,0.5,0.59,0,0
VEL_MV,D,20130808,000000,0.59,0.59,0.5,0.5,0,0
VEL_MV,D,20130813,000000,0.5,0.5,0.5,0.5,0,0
VEL_MV,D,20130814,000000,0.59,0.59,0.59,0.59,0,0
VEL_MV,D,20130903,000000,0.59,0.67,0.59,0.67,0,0
VEL_MV,D,20130904,000000,0.76,0.76,0.76,0.76,0,0
VEL_MV,D,20130923,000000,0.67,0.67,0.67,0.67,0,0
VEL_MV,D,20131001,000000,0.76,0.76,0.76,0.76,0,0
VEL_MV,D,20131010,000000,0.5,0.5,0.5,0.5,0,0
VEL_MV,D,20131011,000000,0.59,0.67,0.59,0.67,0,0
VEL_MV,D,20131014,000000,0.76,0.76,0.76,0.76,0,0
VEL_MV,D,20131015,000000,0.84,0.84,0.84,0.84,0,0
VEL_MV,D,20131029,000000,0.84,0.84,0.84,0.84,0,0
VEL_MV,D,20131030,000000,0.84,0.84,0.84,0.84,0,0
VEL_MV,D,20131112,000000,0.84,0.84,0.84,0.84,0,0
VEL_MV,D,20131113,000000,0.84,0.84,0.84,0.84,0,0
VEL_MV,D,20131118,000000,0.84,0.84,0.84,0.84,0,0
VEL_MV,D,20131119,000000,0.84,0.84,0.84,0.84,0,0
VEL_MV,D,20131120,000000,0.84,0.84,0.84,0.84,0,0
VEL_MV,D,20131121,000000,0.84,0.84,0.84,0.84,0,0
VEL_MV,D,20131122,000000,0.84,0.84,0.84,0.84,0,0
VEL_MV,D,20131125,000000,0.84,0.84,0.76,0.76,0,0
VEL_MV,D,20131126,000000,0.76,0.76,0.76,0.76,0,0
VEL_MV,D,20131127,000000,0.76,0.76,0.76,0.76,0,0
VEL_MV,D,20131128,000000,0.84,0.84,0.84,0.84,0,0
VEL_MV,D,20131129,000000,0.84,0.84,0.84,0.84,0,0
VEL_MV,D,20131202,000000,0.84,0.84,0.84,0.84,0,0
VEL_MV,D,20131203,000000,0.84,0.84,0.84,0.84,0,0
VEL_MV,D,20131204,000000,0.84,0.84,0.84,0.84,0,0
VEL_MV,D,20131205,000000,0.84,0.84,0.84,0.84,0,0
VEL_MV,D,20131206,000000,0.84,0.84,0.84,0.84,0,0
VEL_MV,D,20131209,000000,0.84,0.84,0.84,0.84,0,0
VEL_MV,D,20131210,000000,0.84,0.84,0.84,0.84,0,0
VEL_MV,D,20131211,000000,0.76,0.76,0.76,0.76,0,0
VEL_MV,D,20131212,000000,0.76,0.76,0.76,0.76,0,0
VEL_MV,D,20131217,000000,0.76,0.76,0.76,0.76,0,0
VEL_MV,D,20131218,000000,0.76,0.76,0.76,0.76,0,0
VEL_MV,D,20131219,000000,0.76,0.76,0.76,0.76,0,0
VEL_MV,D,20131220,000000,0.76,0.76,0.76,0.76,0,0
VEL_MV,D,20131223,000000,0.76,0.76,0.76,0.76,0,0
VEL_MV,D,20131227,000000,0.76,0.76,0.76,0.76,0,0
VEL_MV,D,20131230,000000,0.84,0.84,0.84,0.84,0,0
VEL_MV,D,20140102,000000,1.01,1.01,1.01,1.01,0,0
VEL_MV,D,20140103,000000,1.26,1.26,1.26,1.26,0,0
VEL_MV,D,20140107,000000,1.26,1.34,1.26,1.34,0,0
VEL_MV,D,20140108,000000,1.43,1.43,1.43,1.43,0,0
VEL_MV,D,20140109,000000,1.51,1.68,1.51,1.68,0,0
VEL_MV,D,20140110,000000,1.6,1.6,1.6,1.6,0,0
VEL_MV,D,20140113,000000,1.51,1.51,1.51,1.51,0,0
VEL_MV,D,20140114,000000,1.26,1.26,1.26,1.26,0,0
VEL_MV,D,20140115,000000,1.26,1.26,1.26,1.26,0,0
VEL_MV,D,20140116,000000,1.26,1.26,1.09,1.09,0,0
VEL_MV,D,20140117,000000,1.09,1.26,1.09,1.26,0,0
VEL_MV,D,20140120,000000,1.34,1.34,1.34,1.34,0,0
VEL_MV,D,20140121,000000,1.34,1.34,1.34,1.34,0,0
VEL_MV,D,20140122,000000,1.34,1.34,1.34,1.34,0,0
VEL_MV,D,20140123,000000,1.34,1.34,1.34,1.34,0,0
VEL_MV,D,20140124,000000,1.34,1.34,1.34,1.34,0,0
VEL_MV,D,20140127,000000,1.34,1.34,1.34,1.34,0,0
VEL_MV,D,20140128,000000,1.34,1.43,1.34,1.43,0,0
VEL_MV,D,20140130,000000,1.43,1.43,1.43,1.43,0,0
VEL_MV,D,20140131,000000,1.51,1.51,1.51,1.51,0,0
VEL_MV,D,20140203,000000,1.51,1.51,1.51,1.51,0,0
VEL_MV,D,20140204,000000,1.51,1.51,1.51,1.51,0,0
VEL_MV,D,20140206,000000,1.43,1.43,1.43,1.43,0,0
VEL_MV,D,20140207,000000,1.43,1.43,1.43,1.43,0,0
VEL_MV,D,20140210,000000,1.43,1.43,1.43,1.43,0,0
VEL_MV,D,20140211,000000,1.43,1.43,1.43,1.43,0,0
VEL_MV,D,20140212,000000,1.43,1.43,1.43,1.43,0,0
VEL_MV,D,20140213,000000,1.51,1.51,1.51,1.51,0,0
VEL_MV,D,20140214,000000,1.51,1.51,1.51,1.51,0,0
VEL_MV,D,20140217,000000,1.51,1.51,1.51,1.51,0,0
VEL_MV,D,20140218,000000,1.51,1.51,1.51,1.51,0,0
VEL_MV,D,20140221,000000,1.51,1.51,1.51,1.51,0,0
VEL_MV,D,20140224,000000,1.51,1.51,1.51,1.51,0,0
VEL_MV,D,20140226,000000,1.51,1.51,1.51,1.51,0,0
VEL_MV,D,20140227,000000,1.51,1.51,1.51,1.51,0,0
VEL_MV,D,20140228,000000,1.51,1.51,1.51,1.51,0,0
VEL_MV,D,20140306,000000,1.51,1.51,1.51,1.51,0,0
VEL_MV,D,20140307,000000,1.26,1.26,1.26,1.26,0,0
VEL_MV,D,20140310,000000,1.51,1.51,1.51,1.51,0,0
VEL_MV,D,20140311,000000,1.51,1.51,1.51,1.51,0,0
VEL_MV,D,20140314,000000,1.34,1.34,1.34,1.34,0,0
VEL_MV,D,20140317,000000,1.43,1.43,1.43,1.43,0,0
VEL_MV,D,20140318,000000,1.43,1.43,1.43,1.43,0,0
VEL_MV,D,20140319,000000,1.43,1.43,1.43,1.43,0,0
VEL_MV,D,20140320,000000,1.43,1.43,1.43,1.43,0,0
VEL_MV,D,20140321,000000,1.43,1.43,1.43,1.43,0,0
VEL_MV,D,20140325,000000,1.43,1.43,1.43,1.43,0,0
VEL_MV,D,20140327,000000,1.43,1.43,1.43,1.43,0,0
VEL_MV,D,20140328,000000,1.43,1.43,1.43,1.43,0,0
VEL_MV,D,20140331,000000,1.43,1.43,1.43,1.43,0,0
VEL_MV,D,20140401,000000,1.43,1.43,1.43,1.43,0,0
VEL_MV,D,20140402,000000,1.43,1.43,1.43,1.43,0,0
VEL_MV,D,20140403,000000,1.43,1.43,1.43,1.43,0,0
VEL_MV,D,20140404,000000,1.43,1.43,1.43,1.43,0,0
VEL_MV,D,20140407,000000,1.43,1.43,1.43,1.43,0,0
VEL_MV,D,20140409,000000,1.43,1.43,1.43,1.43,0,0
VEL_MV,D,20140410,000000,1.34,1.43,1.34,1.43,0,0
VEL_MV,D,20140411,000000,1.26,1.43,1.26,1.43,0,0
VEL_MV,D,20140417,000000,1.34,1.34,1.34,1.34,0,0
VEL_MV,D,20140422,000000,1.34,1.43,1.34,1.43,0,0
VEL_MV,D,20140423,000000,1.43,1.43,1.43,1.43,0,0
VEL_MV,D,20140424,000000,1.43,1.43,1.43,1.43,0,0
VEL_MV,D,20140425,000000,1.34,1.43,1.34,1.43,0,0
VEL_MV,D,20140428,000000,1.43,1.43,1.43,1.43,0,0
VEL_MV,D,20140502,000000,1.26,1.43,1.18,1.43,0,0
VEL_MV,D,20140506,000000,1.26,1.34,1.09,1.34,0,0
VEL_MV,D,20140507,000000,1.09,1.26,1.09,1.26,0,0
VEL_MV,D,20140508,000000,1.34,1.34,1.09,1.26,0,0
VEL_MV,D,20140509,000000,1.09,1.26,1.09,1.26,0,0
VEL_MV,D,20140512,000000,1.26,1.26,1.09,1.09,0,0
VEL_MV,D,20140513,000000,1.09,1.26,1.09,1.26,0,0
VEL_MV,D,20140515,000000,1.26,1.26,1.26,1.26,0,0
VEL_MV,D,20140516,000000,1.26,1.26,1.26,1.26,0,0
VEL_MV,D,20140529,000000,1.09,1.09,1.09,1.09,0,0
VEL_MV,D,20140602,000000,1.01,1.09,1.01,1.09,0,0
VEL_MV,D,20140606,000000,1.01,1.01,1.01,1.01,0,0
VEL_MV,D,20140609,000000,1.01,1.01,1.01,1.01,0,0
VEL_MV,D,20140611,000000,1.01,1.01,1.01,1.01,0,0
VEL_MV,D,20140612,000000,1.09,1.09,1.09,1.09,0,0
VEL_MV,D,20140613,000000,1.18,1.18,1.18,1.18,0,0
VEL_MV,D,20140617,000000,1.18,1.18,1.18,1.18,0,0
VEL_MV,D,20140620,000000,1.18,1.18,1.18,1.18,0,0
VEL_MV,D,20140627,000000,1.18,1.18,1.18,1.18,0,0
VEL_MV,D,20140630,000000,1.18,1.18,1.18,1.18,0,0
VEL_MV,D,20140701,000000,1.26,1.26,1.26,1.26,0,0
VEL_MV,D,20140707,000000,1.26,1.26,1.26,1.26,0,0
VEL_MV,D,20140708,000000,1.26,1.26,1.01,1.01,0,0
VEL_MV,D,20140709,000000,0.84,0.84,0.67,0.76,0,0
VEL_MV,D,20140710,000000,0.76,0.76,0.76,0.76,0,0
VEL_MV,D,20140711,000000,0.76,0.84,0.67,0.84,0,0
VEL_MV,D,20140714,000000,0.84,0.84,0.84,0.84,0,0
VEL_MV,D,20140715,000000,0.84,0.84,0.84,0.84,0,0
VEL_MV,D,20140717,000000,0.84,0.84,0.84,0.84,0,0
VEL_MV,D,20140718,000000,0.76,0.84,0.67,0.84,0,0
VEL_MV,D,20140721,000000,0.92,0.92,0.76,0.76,0,0
VEL_MV,D,20140725,000000,0.67,0.67,0.67,0.67,0,0
VEL_MV,D,20140730,000000,0.59,0.67,0.59,0.67,0,0
VEL_MV,D,20140814,000000,0.67,0.67,0.67,0.67,0,0
VEL_MV,D,20140818,000000,0.67,0.76,0.67,0.76,0,0
VEL_MV,D,20140819,000000,0.67,0.67,0.67,0.67,0,0
VEL_MV,D,20140822,000000,0.67,0.67,0.67,0.67,0,0
VEL_MV,D,20140825,000000,0.67,0.67,0.67,0.67,0,0
VEL_MV,D,20140826,000000,0.59,0.59,0.59,0.59,0,0
VEL_MV,D,20140918,000000,0.67,0.67,0.67,0.67,0,0
VEL_MV,D,20140919,000000,0.76,0.76,0.76,0.76,0,0
VEL_MV,D,20140923,000000,0.84,0.92,0.84,0.92,0,0
VEL_MV,D,20140929,000000,0.92,1.09,0.92,1.09,0,0
VEL_MV,D,20141002,000000,1.18,1.18,1.18,1.18,0,0
VEL_MV,D,20141007,000000,1.18,1.18,1.18,1.18,0,0
VEL_MV,D,20141021,000000,1.09,1.18,1.09,1.18,0,0
VEL_MV,D,20141024,000000,1.18,1.18,1.01,1.18,0,0
VEL_MV,D,20141027,000000,1.01,1.01,1.01,1.01,0,0
VEL_MV,D,20141028,000000,1.01,1.01,1.01,1.01,0,0
VEL_MV,D,20141029,000000,1.01,1.01,1.01,1.01,0,0
VEL_MV,D,20141030,000000,1.01,1.18,1.01,1.18,0,0
VEL_MV,D,20141031,000000,1.18,1.18,1.18,1.18,0,0
VEL_MV,D,20141103,000000,1.18,1.18,1.18,1.18,0,0
VEL_MV,D,20141119,000000,1.18,1.18,1.18,1.18,0,0
VEL_MV,D,20141124,000000,1.09,1.09,1.09,1.09,0,0
VEL_MV,D,20141125,000000,1.09,1.09,1.09,1.09,0,0
VEL_MV,D,20141128,000000,1.09,1.18,1.09,1.18,0,0
VEL_MV,D,20141202,000000,1.01,1.01,1.01,1.01,0,0
VEL_MV,D,20141203,000000,1.01,1.18,1.01,1.18,0,0
VEL_MV,D,20141216,000000,1.09,1.09,1.09,1.09,0,0
VEL_MV,D,20141222,000000,0.92,0.92,0.92,0.92,0,0
VEL_MV,D,20141223,000000,1.09,1.09,1.09,1.09,0,0
VEL_MV,D,20141230,000000,1.09,1.18,1.09,1.18,0,0
VEL_MV,D,20150102,000000,1.18,1.18,1.18,1.18,0,0
VEL_MV,D,20150107,000000,1.01,1.18,1.01,1.18,0,0
VEL_MV,D,20150109,000000,1.18,1.18,1.18,1.18,0,0
VEL_MV,D,20150112,000000,1.18,1.18,1.18,1.18,0,0
VEL_MV,D,20150113,000000,1.01,4.21,1.01,4.21,0,0
VEL_MV,D,20150114,000000,4.21,4.21,4.21,4.21,0,0
VEL_MV,D,20150116,000000,4.56,4.56,4.56,4.56,0,0
VEL_MV,D,20150119,000000,4.56,4.91,4.56,4.91,0,0
VEL_MV,D,20150121,000000,4.91,4.91,4.91,4.91,0,0
VEL_MV,D,20150122,000000,4.21,4.91,4.21,4.91,0,0
VEL_MV,D,20150202,000000,3.86,4.91,3.86,4.91,0,0
VEL_MV,D,20150203,000000,4.91,4.91,4.21,4.56,0,0
VEL_MV,D,20150204,000000,4.56,4.91,4.56,4.91,0,0
VEL_MV,D,20150205,000000,4.91,5.27,4.91,4.91,0,0
VEL_MV,D,20150206,000000,5.27,5.27,5.27,5.27,0,0
VEL_MV,D,20150211,000000,5.27,5.27,5.27,5.27,0,0
VEL_MV,D,20150212,000000,5.27,6.32,5.27,5.97,0,0
VEL_MV,D,20150213,000000,6.67,7.02,6.67,7.02,0,0
VEL_MV,D,20150216,000000,8.07,9.48,8.07,8.78,0,0
VEL_MV,D,20150217,000000,7.02,7.72,5.62,5.62,0,0
VEL_MV,D,20150218,000000,5.97,6.67,5.62,6.67,0,0
VEL_MV,D,20150219,000000,7.37,8.78,7.37,8.42,0,0
VEL_MV,D,20150220,000000,9.48,9.48,9.48,9.48,0,0
VEL_MV,D,20150223,000000,7.02,7.02,7.02,7.02,0,0
VEL_MV,D,20150224,000000,5.97,5.97,5.97,5.97,0,0
VEL_MV,D,20150225,000000,5.97,5.97,5.62,5.62,0,0
VEL_MV,D,20150226,000000,5.97,5.97,5.97,5.97,0,0
VEL_MV,D,20150227,000000,5.97,8.78,5.97,8.78,0,0
VEL_MV,D,20150302,000000,10.53,12.64,9.83,9.83,0,0
VEL_MV,D,20150303,000000,10.53,12.29,9.13,10.53,0,0
VEL_MV,D,20150304,000000,10.53,10.53,9.83,10.53,0,0
VEL_MV,D,20150305,000000,9.48,10.18,8.42,9.83,0,0
VEL_MV,D,20150306,000000,8.78,8.78,8.07,8.78,0,0
VEL_MV,D,20150309,000000,9.13,10.18,8.78,8.78,0,0
VEL_MV,D,20150310,000000,8.78,10.53,8.78,8.78,0,0
VEL_MV,D,20150311,000000,8.78,9.83,8.78,9.83,0,0
VEL_MV,D,20150312,000000,8.78,8.78,7.02,8.07,0,0
VEL_MV,D,20150313,000000,8.42,8.42,7.72,7.72,0,0
VEL_MV,D,20150316,000000,8.07,8.78,7.72,8.78,0,0
VEL_MV,D,20150317,000000,9.48,9.48,9.48,9.48,0,0
VEL_MV,D,20150319,000000,7.72,11.58,7.72,11.23,0,0
VEL_MV,D,20150320,000000,11.23,11.23,11.23,11.23,0,0
VEL_MV,D,20150323,000000,11.58,11.58,11.23,11.23,0,0
VEL_MV,D,20150325,000000,9.48,11.23,9.48,11.23,0,0
VEL_MV,D,20150326,000000,11.23,11.23,11.23,11.23,0,0
VEL_MV,D,20150327,000000,11.23,11.23,11.23,11.23,0,0
VEL_MV,D,20150330,000000,9.13,9.13,9.13,9.13,0,0
VEL_MV,D,20150331,000000,9.83,9.83,8.07,8.42,0,0
VEL_MV,D,20150401,000000,7.37,8.78,7.37,8.07,0,0
VEL_MV,D,20150402,000000,7.37,8.07,5.97,7.02,0,0
VEL_MV,D,20150407,000000,8.07,9.48,8.07,9.48,0,0
VEL_MV,D,20150408,000000,9.48,11.23,8.78,11.23,0,0
VEL_MV,D,20150409,000000,10.88,11.23,9.48,9.48,0,0
VEL_MV,D,20150410,000000,9.13,9.13,8.42,8.42,0,0
VEL_MV,D,20150413,000000,9.13,10.88,8.78,9.83,0,0
VEL_MV,D,20150414,000000,9.13,9.13,8.07,9.13,0,0
VEL_MV,D,20150415,000000,9.13,9.48,8.42,8.42,0,0
VEL_MV,D,20150416,000000,8.42,9.13,7.72,9.13,0,0
VEL_MV,D,20150421,000000,8.78,8.78,8.78,8.78,0,0
VEL_MV,D,20150422,000000,8.07,8.07,8.07,8.07,0,0
VEL_MV,D,20150423,000000,9.13,9.13,9.13,9.13,0,0
VEL_MV,D,20150427,000000,8.07,8.42,7.72,8.42,0,0
VEL_MV,D,20150428,000000,8.42,8.78,8.42,8.78,0,0
VEL_MV,D,20150429,000000,7.72,9.13,7.72,9.13,0,0
VEL_MV,D,20150504,000000,9.48,9.48,9.48,9.48,0,0
VEL_MV,D,20150505,000000,9.83,10.18,9.83,10.18,0,0
VEL_MV,D,20150506,000000,10.18,10.53,10.18,10.53,0,0
VEL_MV,D,20150507,000000,9.13,10.53,9.13,10.53,0,0
VEL_MV,D,20150508,000000,9.13,10.53,9.13,9.83,0,0
VEL_MV,D,20150514,000000,38.31,38.31,34.06,36.89,0,0
VEL_MV,D,20150515,000000,34.06,34.06,34.06,34.06,0,0
VEL_MV,D,20150518,000000,36.89,36.89,36.89,36.89,0,0
VEL_MV,D,20150519,000000,34.06,45.41,34.06,36.89,0,0
VEL_MV,D,20150520,000000,36.89,39.73,36.89,38.31,0,0
VEL_MV,D,20150521,000000,38.31,41.15,34.06,34.06,0,0
VEL_MV,D,20150525,000000,38.31,38.31,34.06,38.31,0,0
VEL_MV,D,20150527,000000,32.64,32.64,28.38,29.8,0,0
VEL_MV,D,20150528,000000,36.89,36.89,36.89,36.89,0,0
VEL_MV,D,20150529,000000,38.31,38.31,38.31,38.31,0,0
VEL_MV,D,20150609,000000,31.22,36.89,31.22,36.89,0,0
VEL_MV,D,20150610,000000,31.22,36.89,25.54,25.54,0,0
VEL_MV,D,20150611,000000,25.54,31.22,25.54,31.22,0,0
VEL_MV,D,20150612,000000,31.22,31.22,31.22,31.22,0,0
VEL_MV,D,20150615,000000,31.22,31.22,28.38,28.38,0,0
VEL_MV,D,20150619,000000,28.38,28.38,28.38,28.38,0,0
VEL_MV,D,20150622,000000,28.38,28.38,28.38,28.38,0,0
VEL_MV,D,20150623,000000,31.22,31.22,28.38,28.38,0,0
VEL_MV,D,20150624,000000,28.38,34.06,28.38,32.64,0,0
VEL_MV,D,20150625,000000,31.22,31.22,28.38,28.38,0,0
VEL_MV,D,20150626,000000,26.96,26.96,25.54,25.54,0,0
VEL_MV,D,20150629,000000,25.54,25.54,25.54,25.54,0,0
VEL_MV,D,20150630,000000,25.54,25.54,25.54,25.54,0,0
VEL_MV,D,20150701,000000,25.54,25.54,25.54,25.54,0,0
VEL_MV,D,20150702,000000,22.7,24.12,18.45,24.12,0,0
VEL_MV,D,20150703,000000,19.87,21.29,19.87,19.87,0,0
VEL_MV,D,20150706,000000,19.87,22.7,18.45,22.7,0,0
VEL_MV,D,20150707,000000,18.45,22.7,18.45,22.7,0,0
VEL_MV,D,20150708,000000,24.12,24.12,24.12,24.12,0,0
VEL_MV,D,20150709,000000,22.7,26.96,22.7,26.96,0,0
VEL_MV,D,20150710,000000,24.12,25.54,19.87,22.7,0,0
VEL_MV,D,20150713,000000,24.12,24.12,22.7,22.7,0,0
VEL_MV,D,20150714,000000,22.7,22.7,22.7,22.7,0,0
VEL_MV,D,20150715,000000,22.7,24.12,22.7,22.7,0,0
VEL_MV,D,20150716,000000,22.7,22.7,22.7,22.7,0,0
VEL_MV,D,20150717,000000,24.12,24.12,24.12,24.12,0,0
VEL_MV,D,20150720,000000,25.54,26.96,25.54,26.96,0,0
VEL_MV,D,20150721,000000,26.96,28.38,26.96,28.38,0,0
VEL_MV,D,20150722,000000,28.38,28.38,28.38,28.38,0,0
VEL_MV,D,20150723,000000,31.22,31.22,31.22,31.22,0,0
VEL_MV,D,20150724,000000,32.64,32.64,31.22,32.64,0,0
VEL_MV,D,20150727,000000,32.64,32.64,32.64,32.64,0,0
VEL_MV,D,20150728,000000,32.64,32.64,32.64,32.64,0,0
VEL_MV,D,20150729,000000,34.06,34.06,32.64,32.64,0,0
VEL_MV,D,20150730,000000,32.64,35.48,32.64,35.48,0,0
VEL_MV,D,20150731,000000,35.48,45.41,35.48,43.99,0,0
VEL_MV,D,20150803,000000,43.99,43.99,43.99,43.99,0,0
VEL_MV,D,20150804,000000,43.99,43.99,43.99,43.99,0,0
VEL_MV,D,20150805,000000,42.57,42.57,42.57,42.57,0,0
VEL_MV,D,20150806,000000,41.15,41.15,38.31,38.31,0,0
VEL_MV,D,20150807,000000,39.73,39.73,39.73,39.73,0,0
VEL_MV,D,20150810,000000,38.31,38.31,36.89,36.89,0,0
VEL_MV,D,20150811,000000,36.89,38.31,36.89,38.31,0,0
VEL_MV,D,20150812,000000,38.31,38.31,38.31,38.31,0,0
VEL_MV,D,20150813,000000,38.31,38.31,38.31,38.31,0,0
VEL_MV,D,20150814,000000,38.31,38.31,36.89,36.89,0,0
VEL_MV,D,20150817,000000,36.89,36.89,36.89,36.89,0,0
VEL_MV,D,20150818,000000,35.48,35.48,35.48,35.48,0,0
VEL_MV,D,20150819,000000,34.06,34.06,34.06,34.06,0,0
VEL_MV,D,20150821,000000,32.64,32.64,32.64,32.64,0,0
VEL_MV,D,20150824,000000,32.64,32.64,32.64,32.64,0,0
VEL_MV,D,20150825,000000,32.64,32.64,32.64,32.64,0,0
VEL_MV,D,20150826,000000,32.64,35.48,32.64,35.48,0,0
VEL_MV,D,20150827,000000,35.48,35.48,35.48,35.48,0,0
VEL_MV,D,20150828,000000,35.48,35.48,35.48,35.48,0,0
VEL_MV,D,20150831,000000,35.48,35.48,31.22,31.22,0,0
VEL_MV,D,20150901,000000,31.22,31.22,31.22,31.22,0,0
VEL_MV,D,20150903,000000,31.22,31.22,31.22,31.22,0,0
VEL_MV,D,20150904,000000,31.22,31.22,31.22,31.22,0,0
VEL_MV,D,20150907,000000,31.22,31.22,31.22,31.22,0,0
VEL_MV,D,20150908,000000,32.64,32.64,32.64,32.64,0,0
VEL_MV,D,20150909,000000,32.64,32.64,32.64,32.64,0,0
VEL_MV,D,20150910,000000,34.06,39.73,34.06,39.73,0,0
VEL_MV,D,20150911,000000,42.57,42.57,39.73,42.57,0,0
VEL_MV,D,20150914,000000,42.57,43.99,42.57,42.57,0,0
VEL_MV,D,20150915,000000,42.57,42.57,42.57,42.57,0,0
VEL_MV,D,20150916,000000,42.57,42.57,34.06,34.06,0,0
VEL_MV,D,20150917,000000,35.48,35.48,34.06,34.06,0,0
VEL_MV,D,20150918,000000,35.48,35.48,32.64,32.64,0,0
VEL_MV,D,20150921,000000,32.64,34.06,32.64,32.64,0,0
VEL_MV,D,20150922,000000,32.64,32.64,32.64,32.64,0,0
VEL_MV,D,20150923,000000,32.64,32.64,32.64,32.64,0,0
VEL_MV,D,20150924,000000,32.64,32.64,32.64,32.64,0,0
VEL_MV,D,20150925,000000,32.64,42.57,28.38,42.57,0,0
VEL_MV,D,20150928,000000,42.57,42.57,36.89,42.57,0,0
VEL_MV,D,20150929,000000,42.57,43.99,42.57,43.99,0,0
VEL_MV,D,20150930,000000,42.57,42.57,41.15,42.57,0,0
VEL_MV,D,20151001,000000,42.57,42.57,42.57,42.57,0,0
VEL_MV,D,20151002,000000,42.57,49.67,42.57,43.99,0,0
VEL_MV,D,20151005,000000,43.99,43.99,43.99,43.99,0,0
VEL_MV,D,20151006,000000,43.99,43.99,43.99,43.99,0,0
VEL_MV,D,20151007,000000,43.99,43.99,38.31,39.73,0,0
VEL_MV,D,20151008,000000,42.57,42.57,42.57,42.57,0,0
VEL_MV,D,20151009,000000,42.57,42.57,42.57,42.57,0,0
VEL_MV,D,20151012,000000,41.15,48.25,36.89,48.25,0,0
VEL_MV,D,20151013,000000,48.25,55.34,39.73,55.34,0,0
VEL_MV,D,20151014,000000,45.41,52.5,36.89,41.15,0,0
VEL_MV,D,20151015,000000,41.15,46.83,41.15,43.99,0,0
VEL_MV,D,20151016,000000,43.99,43.99,38.31,38.31,0,0
VEL_MV,D,20151019,000000,39.73,43.99,39.73,43.99,0,0
VEL_MV,D,20151020,000000,42.57,42.57,39.73,42.57,0,0
VEL_MV,D,20151021,000000,39.73,39.73,39.73,39.73,0,0
VEL_MV,D,20151022,000000,42.57,42.57,39.73,39.73,0,0
VEL_MV,D,20151023,000000,42.57,42.57,39.73,39.73,0,0
VEL_MV,D,20151026,000000,42.57,51.08,42.57,51.08,0,0
VEL_MV,D,20151027,000000,49.67,51.08,49.67,51.08,0,0
VEL_MV,D,20151028,000000,51.08,66.69,48.25,66.69,0,0
VEL_MV,D,20151029,000000,78.05,93.65,62.44,72.37,0,0
VEL_MV,D,20151030,000000,70.95,70.95,53.92,53.92,0,0
VEL_MV,D,20151102,000000,59.6,65.27,59.6,65.27,0,0
VEL_MV,D,20151103,000000,66.69,68.11,59.6,59.6,0,0
VEL_MV,D,20151104,000000,59.6,68.11,59.6,62.44,0,0
VEL_MV,D,20151105,000000,62.44,62.44,62.44,62.44,0,0
VEL_MV,D,20151106,000000,61.02,68.11,59.6,65.27,0,0
VEL_MV,D,20151109,000000,65.27,78.05,65.27,72.37,0,0
VEL_MV,D,20151110,000000,76.63,76.63,76.63,76.63,0,0
VEL_MV,D,20151112,000000,72.37,72.37,72.37,72.37,0,0
VEL_MV,D,20151113,000000,72.37,75.21,70.95,73.79,0,0
VEL_MV,D,20151116,000000,72.37,72.37,70.95,72.37,0,0
VEL_MV,D,20151117,000000,69.53,72.37,69.53,72.37,0,0
VEL_MV,D,20151118,000000,72.37,72.37,58.18,58.18,0,0
VEL_MV,D,20151119,000000,61.02,61.02,48.25,48.25,0,0
VEL_MV,D,20151120,000000,48.25,55.34,48.25,55.34,0,0
VEL_MV,D,20151123,000000,55.34,72.37,55.34,72.37,0,0
VEL_MV,D,20151124,000000,72.37,72.37,62.44,62.44,0,0
VEL_MV,D,20151125,000000,66.69,70.95,65.27,70.95,0,0
VEL_MV,D,20151127,000000,69.53,69.53,69.53,69.53,0,0
VEL_MV,D,20151130,000000,69.53,69.53,61.02,61.02,0,0
VEL_MV,D,20151201,000000,62.44,70.95,62.44,69.53,0,0
VEL_MV,D,20151202,000000,69.53,69.53,58.18,58.18,0,0
VEL_MV,D,20151203,000000,62.44,63.86,55.34,61.02,0,0
VEL_MV,D,20151204,000000,59.6,59.6,45.41,48.25,0,0
VEL_MV,D,20151207,000000,48.25,48.25,45.41,45.41,0,0
VEL_MV,D,20151208,000000,48.25,51.08,45.41,45.41,0,0
VEL_MV,D,20151209,000000,45.41,49.67,42.57,43.99,0,0
VEL_MV,D,20151210,000000,43.99,46.83,42.57,42.57,0,0
VEL_MV,D,20151211,000000,42.57,42.57,39.73,39.73,0,0
VEL_MV,D,20151214,000000,45.41,45.41,36.89,42.57,0,0
VEL_MV,D,20151215,000000,45.41,45.41,42.57,42.57,0,0
VEL_MV,D,20151216,000000,42.57,51.08,42.57,51.08,0,0
VEL_MV,D,20151217,000000,51.08,52.5,41.15,42.57,0,0
VEL_MV,D,20151218,000000,42.57,51.08,42.57,51.08,0,0
VEL_MV,D,20151221,000000,51.08,51.08,51.08,51.08,0,0
VEL_MV,D,20151222,000000,49.67,49.67,36.89,36.89,0,0
VEL_MV,D,20151223,000000,36.89,39.73,29.8,31.22,0,0
VEL_MV,D,20151228,000000,31.22,43.99,31.22,43.99,0,0
VEL_MV,D,20151229,000000,43.99,49.67,43.99,43.99,0,0
VEL_MV,D,20151230,000000,45.41,51.08,41.15,49.67,0,0
VEL_MV,D,20160104,000000,49.67,49.67,49.67,49.67,0,0
VEL_MV,D,20160105,000000,49.67,49.67,48.25,48.25,0,0
VEL_MV,D,20160107,000000,48.25,48.25,48.25,48.25,0,0
VEL_MV,D,20160108,000000,46.83,46.83,42.57,42.57,0,0
VEL_MV,D,20160111,000000,46.83,52.5,42.57,42.57,0,0
VEL_MV,D,20160112,000000,45.41,45.41,45.41,45.41,0,0
VEL_MV,D,20160113,000000,45.41,46.83,42.57,46.83,0,0
VEL_MV,D,20160114,000000,46.83,46.83,42.57,45.41,0,0
VEL_MV,D,20160115,000000,45.41,45.41,39.73,39.73,0,0
VEL_MV,D,20160118,000000,41.15,45.41,38.31,45.41,0,0
VEL_MV,D,20160119,000000,45.41,45.41,45.41,45.41,0,0
VEL_MV,D,20160120,000000,45.41,45.41,38.31,38.31,0,0
VEL_MV,D,20160121,000000,42.57,42.57,42.57,42.57,0,0
VEL_MV,D,20160122,000000,42.57,42.57,42.57,42.57,0,0
VEL_MV,D,20160125,000000,42.57,42.57,34.06,35.48,0,0
VEL_MV,D,20160126,000000,38.31,39.73,38.31,39.73,0,0
VEL_MV,D,20160127,000000,39.73,39.73,35.48,39.73,0,0
VEL_MV,D,20160128,000000,36.89,39.73,35.48,39.73,0,0
VEL_MV,D,20160129,000000,39.73,39.73,39.73,39.73,0,0
VEL_MV,D,20160201,000000,39.73,39.73,39.73,39.73,0,0
VEL_MV,D,20160202,000000,39.73,42.57,39.73,39.73,0,0
VEL_MV,D,20160203,000000,42.57,42.57,42.57,42.57,0,0
VEL_MV,D,20160204,000000,42.57,42.57,42.57,42.57,0,0
VEL_MV,D,20160205,000000,42.57,42.57,42.57,42.57,0,0
VEL_MV,D,20160208,000000,42.57,42.57,42.57,42.57,0,0
VEL_MV,D,20160209,000000,42.57,42.57,32.64,32.64,0,0
VEL_MV,D,20160210,000000,34.06,34.06,29.8,29.8,0,0
VEL_MV,D,20160211,000000,35.48,35.48,35.48,35.48,0,0
VEL_MV,D,20160212,000000,35.48,38.31,28.38,31.22,0,0
VEL_MV,D,20160215,000000,34.06,36.89,28.38,28.38,0,0
VEL_MV,D,20160216,000000,28.38,32.64,25.54,28.38,0,0
VEL_MV,D,20160217,000000,28.38,31.22,28.38,28.38,0,0
VEL_MV,D,20160218,000000,29.8,31.22,28.38,29.8,0,0
VEL_MV,D,20160219,000000,29.8,29.8,21.29,21.29,0,0
VEL_MV,D,20160222,000000,21.29,22.7,19.87,21.29,0,0
VEL_MV,D,20160223,000000,22.7,24.12,22.7,22.7,0,0
VEL_MV,D,20160224,000000,24.12,25.54,22.7,24.12,0,0
VEL_MV,D,20160225,000000,24.12,28.38,24.12,25.54,0,0
VEL_MV,D,20160226,000000,25.54,29.8,21.29,22.7,0,0
VEL_MV,D,20160229,000000,22.7,24.12,21.29,24.12,0,0
VEL_MV,D,20160301,000000,22.7,24.12,22.7,24.12,0,0
VEL_MV,D,20160302,000000,24.12,24.12,22.7,24.12,0,0
VEL_MV,D,20160303,000000,24.12,25.54,24.12,24.12,0,0
VEL_MV,D,20160304,000000,25.54,38,18.45,38,0,0
VEL_MV,D,20160307,000000,38,38,35.62,38,0,0
VEL_MV,D,20160308,000000,38,38,30.87,30.87,0,0
VEL_MV,D,20160309,000000,30.87,35.62,28.5,33.25,0,0
VEL_MV,D,20160310,000000,35.62,38,33.25,35.62,0,0
VEL_MV,D,20160311,000000,38,38,28.5,28.5,0,0
VEL_MV,D,20160314,000000,28.5,30.87,28.5,28.5,0,0
VEL_MV,D,20160315,000000,30.87,33.25,28.5,33.25,0,0
VEL_MV,D,20160316,000000,33.25,33.25,28.5,28.5,0,0
VEL_MV,D,20160317,000000,28.5,28.5,26.12,28.5,0,0
VEL_MV,D,20160318,000000,28.5,28.5,23.75,26.12,0,0
VEL_MV,D,20160321,000000,26.12,28.5,26.12,26.12,0,0
VEL_MV,D,20160322,000000,23.75,28.5,23.75,28.5,0,0
VEL_MV,D,20160323,000000,30.87,30.87,26.12,26.12,0,0
VEL_MV,D,20160324,000000,30.87,30.87,26.12,26.12,0,0
VEL_MV,D,20160329,000000,28.5,28.5,28.5,28.5,0,0
VEL_MV,D,20160330,000000,30.87,30.87,28.5,28.5,0,0
VEL_MV,D,20160331,000000,28.5,30.87,26.12,26.12,0,0
VEL_MV,D,20160401,000000,28.5,28.5,26.12,28.5,0,0
VEL_MV,D,20160404,000000,28.5,30.87,26.12,26.12,0,0
VEL_MV,D,20160405,000000,26.12,28.5,26.12,26.12,0,0
VEL_MV,D,20160406,000000,28.5,28.5,23.75,23.75,0,0
VEL_MV,D,20160407,000000,26.12,26.12,23.75,26.12,0,0
VEL_MV,D,20160408,000000,26.12,26.12,23.75,23.75,0,0
VEL_MV,D,20160411,000000,23.75,28.5,21.37,28.5,0,0
VEL_MV,D,20160412,000000,28.5,33.25,26.12,26.12,0,0
VEL_MV,D,20160413,000000,28.5,28.5,26.12,28.5,0,0
VEL_MV,D,20160414,000000,28.5,28.5,26.12,28.5,0,0
VEL_MV,D,20160415,000000,26.12,28.5,26.12,26.12,0,0
VEL_MV,D,20160418,000000,28.5,28.5,26.12,26.12,0,0
VEL_MV,D,20160419,000000,26.12,26.12,23.75,23.75,0,0
VEL_MV,D,20160420,000000,26.12,26.12,23.75,23.75,0,0
VEL_MV,D,20160421,000000,26.12,26.12,23.75,26.12,0,0
VEL_MV,D,20160422,000000,26.12,26.12,23.75,23.75,0,0
VEL_MV,D,20160425,000000,23.75,26.12,23.75,23.75,0,0
VEL_MV,D,20160426,000000,23.75,26.12,23.75,23.75,0,0
VEL_MV,D,20160427,000000,23.75,26.12,23.75,26.12,0,0
VEL_MV,D,20160428,000000,23.75,23.75,23.75,23.75,0,0
VEL_MV,D,20160429,000000,23.75,23.75,21.37,21.37,0,0
VEL_MV,D,20160502,000000,21.37,23.75,21.37,23.75,0,0
VEL_MV,D,20160504,000000,21.37,23.75,21.37,23.75,0,0
VEL_MV,D,20160505,000000,23.75,23.75,21.37,23.75,0,0
VEL_MV,D,20160506,000000,23.75,23.75,23.75,23.75,0,0
VEL_MV,D,20160509,000000,23.75,23.75,21.37,23.75,0,0
VEL_MV,D,20160510,000000,21.37,23.75,21.37,23.75,0,0
VEL_MV,D,20160511,000000,23.75,26.12,23.75,26.12,0,0
VEL_MV,D,20160512,000000,26.12,26.12,23.75,26.12,0,0
VEL_MV,D,20160513,000000,26.12,26.12,21.37,23.75,0,0
VEL_MV,D,20160516,000000,23.75,23.75,21.37,21.37,0,0
VEL_MV,D,20160517,000000,21.37,23.75,21.37,23.75,0,0
VEL_MV,D,20160518,000000,21.37,23.75,19,21.37,0,0
VEL_MV,D,20160519,000000,21.37,23.75,21.37,23.75,0,0
VEL_MV,D,20160520,000000,21.37,23.75,19,19,0,0
VEL_MV,D,20160523,000000,19,21.37,19,19,0,0
VEL_MV,D,20160524,000000,21.37,21.37,19,19,0,0
VEL_MV,D,20160525,000000,21.37,21.37,16.62,19,0,0
VEL_MV,D,20160527,000000,19,19,16.62,19,0,0
VEL_MV,D,20160530,000000,19,19,16.62,19,0,0
VEL_MV,D,20160531,000000,16.62,19,16.62,19,0,0
VEL_MV,D,20160601,000000,19,19,16.62,16.62,0,0
VEL_MV,D,20160602,000000,16.62,16.62,16.62,16.62,0,0
VEL_MV,D,20160603,000000,16.62,19,16.62,19,0,0
VEL_MV,D,20160606,000000,16.62,19,16.62,19,0,0
VEL_MV,D,20160607,000000,19,19,19,19,0,0
VEL_MV,D,20160608,000000,19,19,14.25,16.62,0,0
VEL_MV,D,20160609,000000,16.62,16.62,14.25,16.62,0,0
VEL_MV,D,20160610,000000,14.25,16.62,14.25,14.25,0,0
VEL_MV,D,20160613,000000,14.25,16.62,11.87,16.62,0,0
VEL_MV,D,20160614,000000,16.62,19,16.62,19,0,0
VEL_MV,D,20160615,000000,16.62,28.5,14.25,21.37,0,0
VEL_MV,D,20160616,000000,23.75,26.12,19,19,0,0
VEL_MV,D,20160617,000000,21.37,21.37,16.62,21.37,0,0
VEL_MV,D,20160620,000000,21.37,21.37,19,21.37,0,0
VEL_MV,D,20160621,000000,21.37,21.37,16.62,16.62,0,0
VEL_MV,D,20160622,000000,16.62,19,16.62,19,0,0
VEL_MV,D,20160623,000000,16.62,19,14.25,14.25,0,0
VEL_MV,D,20160624,000000,14.25,16.62,14.25,14.25,0,0
VEL_MV,D,20160627,000000,16.62,19,14.25,16.62,0,0
VEL_MV,D,20160628,000000,16.62,16.62,14.25,16.62,0,0
VEL_MV,D,20160629,000000,16.62,16.62,14.25,14.25,0,0
VEL_MV,D,20160630,000000,16.62,16.62,14.25,14.25,0,0
VEL_MV,D,20160701,000000,16.62,16.62,11.87,11.87,0,0
VEL_MV,D,20160704,000000,11.87,14.25,11.87,14.25,0,0
VEL_MV,D,20160705,000000,11.87,14.25,11.87,11.87,0,0
VEL_MV,D,20160706,000000,14.25,14.25,14.25,14.25,0,0
VEL_MV,D,20160707,000000,14.25,14.25,11.87,11.87,0,0
VEL_MV,D,20160708,000000,11.87,11.87,11.87,11.87,0,0
VEL_MV,D,20160711,000000,11.87,14.25,9.5,11.87,0,0
VEL_MV,D,20160712,000000,11.87,14.25,11.87,14.25,0,0
VEL_MV,D,20160713,000000,14.25,14.25,11.87,11.87,0,0
VEL_MV,D,20160714,000000,11.87,11.87,11.87,11.87,0,0
VEL_MV,D,20160715,000000,11.87,14.25,11.87,11.87,0,0
VEL_MV,D,20160718,000000,11.87,14.25,11.87,14.25,0,0
VEL_MV,D,20160719,000000,14.25,16.62,11.87,11.87,0,0
VEL_MV,D,20160720,000000,11.87,14.25,11.87,11.87,0,0
VEL_MV,D,20160721,000000,11.87,14.25,11.87,11.87,0,0
VEL_MV,D,20160722,000000,14.25,14.25,11.87,11.87,0,0
VEL_MV,D,20160725,000000,11.87,14.25,11.87,11.87,0,0
VEL_MV,D,20160726,000000,14.25,14.25,11.87,11.87,0,0
VEL_MV,D,20160727,000000,11.87,14.25,11.87,11.87,0,0
VEL_MV,D,20160728,000000,11.87,14.25,11.87,11.87,0,0
VEL_MV,D,20160729,000000,11.87,14.25,11.87,14.25,0,0
VEL_MV,D,20160801,000000,14.25,14.25,14.25,14.25,0,0
VEL_MV,D,20160802,000000,11.87,14.25,11.87,14.25,0,0
VEL_MV,D,20160803,000000,11.87,14.25,11.87,11.87,0,0
VEL_MV,D,20160804,000000,14.25,14.25,14.25,14.25,0,0
VEL_MV,D,20160805,000000,11.87,14.25,11.87,14.25,0,0
VEL_MV,D,20160808,000000,14.25,14.25,9.5,9.5,0,0
VEL_MV,D,20160809,000000,11.87,11.87,9.5,11.87,0,0
VEL_MV,D,20160810,000000,11.87,11.87,9.5,9.5,0,0
VEL_MV,D,20160811,000000,9.5,11.87,9.5,11.87,0,0
VEL_MV,D,20160812,000000,9.5,11.87,9.5,11.87,0,0
VEL_MV,D,20160816,000000,9.5,14.25,9.5,14.25,0,0
VEL_MV,D,20160817,000000,14.25,14.25,11.87,11.87,0,0
VEL_MV,D,20160818,000000,11.87,14.25,9.5,9.5,0,0
VEL_MV,D,20160819,000000,11.87,14.25,11.87,14.25,0,0
VEL_MV,D,20160822,000000,11.87,14.25,11.87,14.25,0,0
VEL_MV,D,20160823,000000,14.25,14.25,11.87,11.87,0,0
VEL_MV,D,20160824,000000,11.87,11.87,11.87,11.87,0,0
VEL_MV,D,20160825,000000,11.87,11.87,11.87,11.87,0,0
VEL_MV,D,20160826,000000,11.87,11.87,11.87,11.87,0,0
VEL_MV,D,20160829,000000,9.5,11.87,9.5,11.87,0,0
VEL_MV,D,20160830,000000,11.87,11.87,11.87,11.87,0,0
VEL_MV,D,20160831,000000,11.87,14.25,11.87,14.25,0,0
VEL_MV,D,20160901,000000,14.25,14.25,11.87,11.87,0,0
VEL_MV,D,20160902,000000,11.87,11.87,11.87,11.87,0,0
VEL_MV,D,20160905,000000,11.87,11.87,9.5,11.87,0,0
VEL_MV,D,20160906,000000,11.87,14.25,11.87,14.25,0,0
VEL_MV,D,20160907,000000,14.25,14.25,11.87,14.25,0,0
VEL_MV,D,20160908,000000,11.87,16.62,11.87,16.62,0,0
VEL_MV,D,20160909,000000,16.62,26.12,14.25,26.12,0,0
VEL_MV,D,20160912,000000,23.75,26.12,21.37,26.12,0,0
VEL_MV,D,20160913,000000,23.75,26.12,23.75,23.75,0,0
VEL_MV,D,20160914,000000,23.75,23.75,16.62,16.62,0,0
VEL_MV,D,20160915,000000,16.62,19,14.25,16.62,0,0
VEL_MV,D,20160916,000000,16.62,16.62,16.62,16.62,0,0
VEL_MV,D,20160919,000000,14.25,16.62,14.25,16.62,0,0
VEL_MV,D,20160920,000000,16.62,19,16.62,16.62,0,0
VEL_MV,D,20160921,000000,19,19,14.25,16.62,0,0
VEL_MV,D,20160922,000000,16.62,16.62,16.62,16.62,0,0
VEL_MV,D,20160923,000000,16.62,19,16.62,16.62,0,0
VEL_MV,D,20160926,000000,16.62,19,16.62,19,0,0
VEL_MV,D,20160927,000000,19,19,16.62,19,0,0
VEL_MV,D,20160928,000000,19,19,16.62,16.62,0,0
VEL_MV,D,20160929,000000,16.62,19,14.25,14.25,0,0
VEL_MV,D,20160930,000000,16.62,19,14.25,14.25,0,0
VEL_MV,D,20161003,000000,16.62,16.62,14.25,16.62,0,0
VEL_MV,D,20161004,000000,16.62,16.62,14.25,16.62,0,0
VEL_MV,D,20161005,000000,16.62,16.62,14.25,14.25,0,0
VEL_MV,D,20161006,000000,14.25,16.62,14.25,16.62,0,0
VEL_MV,D,20161007,000000,16.62,16.62,16.62,16.62,0,0
VEL_MV,D,20161010,000000,16.62,16.62,14.25,14.25,0,0
VEL_MV,D,20161011,000000,16.62,16.62,14.25,16.62,0,0
VEL_MV,D,20161012,000000,16.62,16.62,14.25,16.62,0,0
VEL_MV,D,20161013,000000,16.62,16.62,16.62,16.62,0,0
VEL_MV,D,20161014,000000,16.62,16.62,16.62,16.62,0,0
VEL_MV,D,20161017,000000,16.62,16.62,14.25,14.25,0,0
VEL_MV,D,20161018,000000,14.25,16.62,14.25,16.62,0,0
VEL_MV,D,20161019,000000,14.25,14.25,11.87,14.25,0,0
VEL_MV,D,20161020,000000,14.25,14.25,11.87,14.25,0,0
VEL_MV,D,20161021,000000,14.25,14.25,11.87,14.25,0,0
VEL_MV,D,20161024,000000,14.25,14.25,14.25,14.25,0,0
VEL_MV,D,20161025,000000,14.25,14.25,11.87,14.25,0,0
VEL_MV,D,20161026,000000,11.87,14.25,11.87,11.87,0,0
VEL_MV,D,20161027,000000,11.87,14.25,11.87,11.87,0,0
VEL_MV,D,20161028,000000,11.87,14.25,11.87,11.87,0,0
VEL_MV,D,20161031,000000,11.87,11.87,11.87,11.87,0,0
VEL_MV,D,20161102,000000,11.87,14.25,11.87,14.25,0,0
VEL_MV,D,20161103,000000,14.25,14.25,11.87,14.25,0,0
VEL_MV,D,20161104,000000,14.25,14.25,14.25,14.25,0,0
VEL_MV,D,20161107,000000,14.25,16.62,11.87,14.25,0,0
VEL_MV,D,20161108,000000,14.25,16.62,14.25,14.25,0,0
VEL_MV,D,20161109,000000,14.25,14.25,11.87,11.87,0,0
VEL_MV,D,20161110,000000,11.87,14.25,11.87,11.87,0,0
VEL_MV,D,20161114,000000,11.87,14.25,11.87,11.87,0,0
VEL_MV,D,20161115,000000,14.25,14.25,11.87,14.25,0,0
VEL_MV,D,20161116,000000,11.87,14.25,11.87,11.87,0,0
VEL_MV,D,20161117,000000,11.87,14.25,9.5,14.25,0,0
VEL_MV,D,20161118,000000,11.87,14.25,9.5,11.87,0,0
VEL_MV,D,20161121,000000,14.25,14.25,11.87,11.87,0,0
VEL_MV,D,20161122,000000,11.87,14.25,11.87,14.25,0,0
VEL_MV,D,20161123,000000,11.87,11.87,9.5,11.87,0,0
VEL_MV,D,20161124,000000,11.87,11.87,11.87,11.87,0,0
VEL_MV,D,20161125,000000,11.87,14.25,11.87,14.25,0,0
VEL_MV,D,20161128,000000,14.25,14.25,11.87,14.25,0,0
VEL_MV,D,20161129,000000,14.25,14.25,11.87,11.87,0,0
VEL_MV,D,20161130,000000,11.87,11.87,9.5,11.87,0,0
VEL_MV,D,20161201,000000,9.5,11.87,9.5,11.87,0,0
VEL_MV,D,20161202,000000,11.87,11.87,11.87,11.87,0,0
VEL_MV,D,20161205,000000,11.87,11.87,9.5,11.87,0,0
VEL_MV,D,20161206,000000,11.87,11.87,9.5,11.87,0,0
VEL_MV,D,20161207,000000,11.87,11.87,9.5,11.87,0,0
VEL_MV,D,20161208,000000,11.87,11.87,11.87,11.87,0,0
VEL_MV,D,20161209,000000,11.87,11.87,9.5,11.87,0,0
VEL_MV,D,20161212,000000,11.87,11.87,9.5,11.87,0,0
VEL_MV,D,20161213,000000,11.87,11.87,9.5,11.87,0,0
VEL_MV,D,20161214,000000,9.5,11.87,9.5,9.5,0,0
VEL_MV,D,20161215,000000,9.5,11.87,9.5,9.5,0,0
VEL_MV,D,20161216,000000,9.5,14.25,9.5,14.25,0,0
VEL_MV,D,20161219,000000,14.25,16.62,11.87,11.87,0,0
VEL_MV,D,20161220,000000,11.87,14.25,9.5,11.87,0,0
VEL_MV,D,20161221,000000,11.87,14.25,9.5,11.87,0,0
VEL_MV,D,20161222,000000,9.5,11.87,9.5,11.87,0,0
VEL_MV,D,20161223,000000,9.5,11.87,9.5,11.87,0,0
VEL_MV,D,20161227,000000,11.87,11.87,9.5,9.5,0,0
VEL_MV,D,20161228,000000,9.5,11.87,9.5,11.87,0,0
VEL_MV,D,20161229,000000,9.5,11.87,9.5,11.87,0,0
VEL_MV,D,20161230,000000,9.5,11.87,9.5,11.87,0,0
VEL_MV,D,20170102,000000,11.87,11.87,9.5,11.87,0,0
VEL_MV,D,20170103,000000,11.87,11.87,9.5,11.87,0,0
VEL_MV,D,20170104,000000,11.87,11.87,9.5,11.87,0,0
VEL_MV,D,20170105,000000,11.87,11.87,9.5,11.87,0,0
VEL_MV,D,20170109,000000,9.5,11.87,9.5,11.87,0,0
VEL_MV,D,20170110,000000,11.87,11.87,11.87,11.87,0,0
VEL_MV,D,20170111,000000,11.87,11.87,11.87,11.87,0,0
VEL_MV,D,20170112,000000,11.87,11.87,9.5,9.5,0,0
VEL_MV,D,20170113,000000,9.5,9.5,7.12,9.5,0,0
VEL_MV,D,20170116,000000,9.5,9.5,7.12,9.5,0,0
VEL_MV,D,20170117,000000,7.12,9.5,7.12,9.5,0,0
VEL_MV,D,20170118,000000,9.5,9.5,9.5,9.5,0,0
VEL_MV,D,20170119,000000,9.5,9.5,7.12,9.5,0,0
VEL_MV,D,20170120,000000,9.5,9.5,7.12,9.5,0,0
VEL_MV,D,20170123,000000,9.5,9.5,9.5,9.5,0,0
VEL_MV,D,20170124,000000,9.5,9.5,7.12,7.12,0,0
VEL_MV,D,20170125,000000,9.5,9.5,9.5,9.5,0,0
VEL_MV,D,20170126,000000,7.12,9.5,7.12,9.5,0,0
VEL_MV,D,20170127,000000,9.5,9.5,7.12,9.5,0,0
VEL_MV,D,20170130,000000,9.5,9.5,9.5,9.5,0,0
VEL_MV,D,20170131,000000,7.12,9.5,7.12,9.5,0,0
VEL_MV,D,20170201,000000,9.5,11.87,7.12,9.5,0,0
VEL_MV,D,20170202,000000,11.87,11.87,9.5,9.5,0,0
VEL_MV,D,20170203,000000,11.87,11.87,9.5,9.5,0,0
VEL_MV,D,20170206,000000,9.5,14.25,9.5,14.25,0,0
VEL_MV,D,20170207,000000,14.25,14.25,14.25,14.25,0,0
VEL_MV,D,20170208,000000,14.25,14.25,11.87,14.25,0,0
VEL_MV,D,20170209,000000,14.25,14.25,11.87,14.25,0,0
VEL_MV,D,20170210,000000,14.25,14.25,9.5,11.87,0,0
VEL_MV,D,20170213,000000,11.87,11.87,9.5,11.87,0,0
VEL_MV,D,20170214,000000,11.87,11.87,9.5,9.5,0,0
VEL_MV,D,20170215,000000,9.5,11.87,9.5,9.5,0,0
VEL_MV,D,20170216,000000,11.87,11.87,9.5,9.5,0,0
VEL_MV,D,20170217,000000,11.87,11.87,9.5,9.5,0,0
VEL_MV,D,20170220,000000,9.5,9.5,7.12,9.5,0,0
VEL_MV,D,20170221,000000,9.5,9.5,9.5,9.5,0,0
VEL_MV,D,20170222,000000,9.5,9.5,7.12,9.5,0,0
VEL_MV,D,20170223,000000,9.5,9.5,9.5,9.5,0,0
VEL_MV,D,20170224,000000,11.87,14.25,9.5,11.87,0,0
VEL_MV,D,20170227,000000,11.87,11.87,9.5,9.5,0,0
VEL_MV,D,20170228,000000,11.87,11.87,9.5,11.87,0,0
VEL_MV,D,20170301,000000,11.87,11.87,9.5,9.5,0,0
VEL_MV,D,20170302,000000,11.87,11.87,9.5,11.87,0,0
VEL_MV,D,20170303,000000,11.87,11.87,9.5,9.5,0,0
VEL_MV,D,20170306,000000,9.5,11.87,9.5,11.87,0,0
VEL_MV,D,20170307,000000,9.5,11.87,9.5,11.87,0,0
VEL_MV,D,20170308,000000,9.5,11.87,9.5,11.87,0,0
VEL_MV,D,20170309,000000,11.87,11.87,9.5,11.87,0,0
VEL_MV,D,20170310,000000,9.5,11.87,9.5,11.87,0,0
VEL_MV,D,20170313,000000,9.5,11.87,9.5,9.5,0,0
VEL_MV,D,20170314,000000,11.87,11.87,9.5,11.87,0,0
VEL_MV,D,20170315,000000,9.5,11.87,9.5,9.5,0,0
VEL_MV,D,20170316,000000,9.5,9.5,9.5,9.5,0,0
VEL_MV,D,20170317,000000,9.5,11.87,9.5,9.5,0,0
VEL_MV,D,20170320,000000,9.5,9.5,9.5,9.5,0,0
VEL_MV,D,20170321,000000,9.5,9.5,7.12,9.5,0,0
VEL_MV,D,20170322,000000,9.5,11.87,9.5,11.87,0,0
VEL_MV,D,20170323,000000,9.5,11.87,9.5,9.5,0,0
VEL_MV,D,20170324,000000,9.5,9.5,9.5,9.5,0,0
VEL_MV,D,20170327,000000,9.5,9.5,9.5,9.5,0,0
VEL_MV,D,20170328,000000,9.5,9.5,7.12,9.5,0,0
VEL_MV,D,20170329,000000,9.5,9.5,7.12,9.5,0,0
VEL_MV,D,20170330,000000,9.5,9.5,7.12,9.5,0,0
VEL_MV,D,20170331,000000,9.5,9.5,7.12,7.12,0,0
VEL_MV,D,20170403,000000,9.5,9.5,9.5,9.5,0,0
VEL_MV,D,20170404,000000,9.5,9.5,9.5,9.5,0,0
VEL_MV,D,20170405,000000,9.5,9.5,9.5,9.5,0,0
VEL_MV,D,20170406,000000,9.5,11.87,9.5,11.87,0,0
VEL_MV,D,20170407,000000,11.87,11.87,11.87,11.87,0,0
VEL_MV,D,20170410,000000,9.5,9.5,9.5,9.5,0,0
VEL_MV,D,20170411,000000,9.5,9.5,9.5,9.5,0,0
VEL_MV,D,20170412,000000,9.5,9.5,9.5,9.5,0,0
VEL_MV,D,20170413,000000,9.5,9.5,9.5,9.5,0,0
VEL_MV,D,20170418,000000,9.5,9.5,7.12,7.12,0,0
VEL_MV,D,20170419,000000,9.5,9.5,9.5,9.5,0,0
VEL_MV,D,20170420,000000,9.5,11.87,9.5,11.87,0,0
VEL_MV,D,20170421,000000,9.5,11.87,9.5,11.87,0,0
VEL_MV,D,20170424,000000,9.5,9.5,9.5,9.5,0,0
VEL_MV,D,20170425,000000,9.5,9.5,9.5,9.5,0,0
VEL_MV,D,20170426,000000,9.5,9.5,9.5,9.5,0,0
VEL_MV,D,20170427,000000,9.5,9.5,9.5,9.5,0,0
VEL_MV,D,20170428,000000,9.5,9.5,9.5,9.5,0,0
VEL_MV,D,20170502,000000,9.5,9.5,9.5,9.5,0,0
VEL_MV,D,20170504,000000,9.5,9.5,9.5,9.5,0,0
VEL_MV,D,20170505,000000,9.5,9.5,9.5,9.5,0,0
VEL_MV,D,20170508,000000,9.5,9.5,9.5,9.5,0,0
VEL_MV,D,20170509,000000,7.12,9.5,7.12,9.5,0,0
VEL_MV,D,20170510,000000,9.5,9.5,9.5,9.5,0,0
VEL_MV,D,20170511,000000,9.5,9.5,9.5,9.5,0,0
VEL_MV,D,20170512,000000,9.5,9.5,9.5,9.5,0,0
VEL_MV,D,20170515,000000,9.5,9.5,9.5,9.5,0,0
VEL_MV,D,20170516,000000,9.5,9.5,9.5,9.5,0,0
VEL_MV,D,20170517,000000,9.5,9.5,9.5,9.5,0,0
VEL_MV,D,20170518,000000,7.12,7.12,7.12,7.12,0,0
VEL_MV,D,20170519,000000,9.5,9.5,9.5,9.5,0,0
VEL_MV,D,20170522,000000,9.5,9.5,9.5,9.5,0,0
VEL_MV,D,20170523,000000,9.5,11.87,9.5,11.87,0,0
VEL_MV,D,20170524,000000,9.5,11.87,9.5,11.87,0,0
VEL_MV,D,20170525,000000,11.87,11.87,11.87,11.87,0,0
VEL_MV,D,20170526,000000,11.87,11.87,11.87,11.87,0,0
VEL_MV,D,20170529,000000,9.5,11.87,9.5,11.87,0,0
VEL_MV,D,20170530,000000,9.5,11.87,9.5,11.87,0,0
VEL_MV,D,20170531,000000,11.87,11.87,9.5,9.5,0,0
VEL_MV,D,20170601,000000,11.87,11.87,9.5,9.5,0,0
VEL_MV,D,20170602,000000,11.87,11.87,11.87,11.87,0,0
VEL_MV,D,20170605,000000,9.5,11.87,9.5,11.87,0,0
VEL_MV,D,20170606,000000,11.87,11.87,9.5,9.5,0,0
VEL_MV,D,20170607,000000,9.5,9.5,9.5,9.5,0,0
VEL_MV,D,20170608,000000,9.5,11.87,9.5,11.87,0,0
VEL_MV,D,20170609,000000,9.5,11.87,9.5,11.87,0,0
VEL_MV,D,20170614,000000,9.5,9.5,9.5,9.5,0,0
VEL_MV,D,20170616,000000,9.5,11.87,9.5,11.87,0,0
VEL_MV,D,20170619,000000,9.5,9.5,9.5,9.5,0,0
VEL_MV,D,20170620,000000,9.5,11.87,9.5,11.87,0,0
VEL_MV,D,20170621,000000,11.87,11.87,11.87,11.87,0,0
VEL_MV,D,20170623,000000,9.5,9.5,9.5,9.5,0,0
VEL_MV,D,20170626,000000,9.5,9.5,9.5,9.5,0,0
VEL_MV,D,20170627,000000,11.87,11.87,11.87,11.87,0,0
VEL_MV,D,20170629,000000,9.5,11.87,9.5,11.87,0,0
VEL_MV,D,20170630,000000,11.87,11.87,11.87,11.87,0,0
VEL_MV,D,20170703,000000,11.87,11.87,11.87,11.87,0,0
VEL_MV,D,20170704,000000,11.87,11.87,11.87,11.87,0,0
VEL_MV,D,20170705,000000,11.87,11.87,11.87,11.87,0,0
VEL_MV,D,20170706,000000,11.87,11.87,11.87,11.87,0,0
VEL_MV,D,20170707,000000,9.5,11.87,9.5,11.87,0,0
VEL_MV,D,20170710,000000,9.5,9.5,9.5,9.5,0,0
VEL_MV,D,20170711,000000,11.87,11.87,11.87,11.87,0,0
VEL_MV,D,20170712,000000,11.87,11.87,11.87,11.87,0,0
VEL_MV,D,20170713,000000,11.87,11.87,11.87,11.87,0,0
VEL_MV,D,20170714,000000,11.87,11.87,11.87,11.87,0,0
VEL_MV,D,20170717,000000,11.87,11.87,9.5,9.5,0,0
VEL_MV,D,20170718,000000,9.5,9.5,9.5,9.5,0,0
VEL_MV,D,20170719,000000,9.5,9.5,9.5,9.5,0,0
VEL_MV,D,20170720,000000,9.5,9.5,9.5,9.5,0,0
VEL_MV,D,20170721,000000,9.5,11.87,9.5,11.87,0,0
VEL_MV,D,20170724,000000,9.5,9.5,7.12,7.12,0,0
VEL_MV,D,20170725,000000,9.5,9.5,9.5,9.5,0,0
VEL_MV,D,20170726,000000,7.12,7.12,7.12,7.12,0,0
VEL_MV,D,20170727,000000,9.5,9.5,9.5,9.5,0,0
VEL_MV,D,20170728,000000,9.5,9.5,9.5,9.5,0,0
VEL_MV,D,20170731,000000,9.5,9.5,9.5,9.5,0,0
VEL_MV,D,20170801,000000,9.5,9.5,9.5,9.5,0,0
VEL_MV,D,20170804,000000,9.5,9.5,9.5,9.5,0,0
VEL_MV,D,20170807,000000,7.12,9.5,7.12,9.5,0,0
VEL_MV,D,20170808,000000,9.5,9.5,9.5,9.5,0,0
VEL_MV,D,20170809,000000,9.5,9.5,9.5,9.5,0,0
VEL_MV,D,20170810,000000,9.5,9.5,9.5,9.5,0,0
VEL_MV,D,20170811,000000,9.5,11.87,9.5,11.87,0,0
VEL_MV,D,20170814,000000,11.87,11.87,9.5,9.5,0,0
VEL_MV,D,20170816,000000,11.87,11.87,11.87,11.87,0,0
VEL_MV,D,20170817,000000,11.87,11.87,11.87,11.87,0,0
VEL_MV,D,20170818,000000,9.5,11.87,9.5,11.87,0,0
VEL_MV,D,20170821,000000,11.87,11.87,11.87,11.87,0,0
VEL_MV,D,20170822,000000,11.87,11.87,9.5,9.5,0,0
VEL_MV,D,20170823,000000,11.87,11.87,11.87,11.87,0,0
VEL_MV,D,20170824,000000,9.5,9.5,9.5,9.5,0,0
VEL_MV,D,20170825,000000,11.87,11.87,11.87,11.87,0,0
VEL_MV,D,20170828,000000,11.87,11.87,11.87,11.87,0,0
VEL_MV,D,20170829,000000,11.87,11.87,9.5,9.5,0,0
VEL_MV,D,20170830,000000,9.5,11.87,9.5,11.87,0,0
VEL_MV,D,20170831,000000,9.5,9.5,9.5,9.5,0,0
VEL_MV,D,20170901,000000,11.87,11.87,11.87,11.87,0,0
VEL_MV,D,20170904,000000,11.87,11.87,11.87,11.87,0,0
VEL_MV,D,20170905,000000,9.5,11.87,9.5,11.87,0,0
VEL_MV,D,20170906,000000,11.87,11.87,11.87,11.87,0,0
VEL_MV,D,20170907,000000,9.5,11.87,9.5,11.87,0,0
VEL_MV,D,20170908,000000,9.5,11.87,9.5,11.87,0,0
VEL_MV,D,20170911,000000,9.5,11.87,9.5,11.87,0,0
VEL_MV,D,20170912,000000,9.5,11.87,9.5,11.87,0,0
VEL_MV,D,20170913,000000,9.5,11.87,9.5,11.87,0,0
VEL_MV,D,20170914,000000,11.87,11.87,11.87,11.87,0,0
VEL_MV,D,20170915,000000,9.5,11.87,9.5,11.87,0,0
VEL_MV,D,20170918,000000,11.87,11.87,11.87,11.87,0,0
VEL_MV,D,20170919,000000,9.5,11.87,9.5,11.87,0,0
VEL_MV,D,20170920,000000,9.5,9.5,9.5,9.5,0,0
VEL_MV,D,20170921,000000,11.87,11.87,11.87,11.87,0,0
VEL_MV,D,20170922,000000,11.87,11.87,11.87,11.87,0,0
VEL_MV,D,20170925,000000,11.87,11.87,11.87,11.87,0,0
VEL_MV,D,20170926,000000,11.87,11.87,11.87,11.87,0,0
VEL_MV,D,20170927,000000,11.87,11.87,11.87,11.87,0,0
VEL_MV,D,20170928,000000,11.87,11.87,11.87,11.87,0,0
VEL_MV,D,20170929,000000,11.87,11.87,11.87,11.87,0,0
VEL_MV,D,20171002,000000,11.87,11.87,11.87,11.87,0,0
VEL_MV,D,20171003,000000,9.5,9.5,9.5,9.5,0,0
VEL_MV,D,20171004,000000,11.87,11.87,11.87,11.87,0,0
VEL_MV,D,20171005,000000,11.87,11.87,11.87,11.87,0,0
VEL_MV,D,20171006,000000,11.87,11.87,9.5,9.5,0,0
VEL_MV,D,20171009,000000,9.5,11.87,9.5,11.87,0,0
VEL_MV,D,20171010,000000,11.87,11.87,11.87,11.87,0,0
VEL_MV,D,20171011,000000,9.5,11.87,9.5,11.87,0,0
VEL_MV,D,20171012,000000,11.87,11.87,9.5,9.5,0,0
VEL_MV,D,20171013,000000,11.87,11.87,11.87,11.87,0,0
VEL_MV,D,20171016,000000,11.87,11.87,11.87,11.87,0,0
VEL_MV,D,20171017,000000,11.87,11.87,9.5,9.5,0,0
VEL_MV,D,20171018,000000,11.87,11.87,11.87,11.87,0,0
VEL_MV,D,20171019,000000,9.5,9.5,9.5,9.5,0,0
VEL_MV,D,20171020,000000,9.5,9.5,9.5,9.5,0,0
VEL_MV,D,20171023,000000,9.5,9.5,9.5,9.5,0,0
VEL_MV,D,20171024,000000,9.5,9.5,9.5,9.5,0,0
VEL_MV,D,20171025,000000,9.5,9.5,9.5,9.5,0,0
VEL_MV,D,20171026,000000,9.5,9.5,9.5,9.5,0,0
VEL_MV,D,20171027,000000,9.5,9.5,9.5,9.5,0,0
VEL_MV,D,20171030,000000,9.5,9.5,9.5,9.5,0,0
VEL_MV,D,20171031,000000,7.12,7.12,7.12,7.12,0,0
VEL_MV,D,20171102,000000,9.5,9.5,9.5,9.5,0,0
VEL_MV,D,20171103,000000,7.12,9.5,7.12,9.5,0,0
VEL_MV,D,20171106,000000,9.5,9.5,9.5,9.5,0,0
VEL_MV,D,20171107,000000,9.5,9.5,9.5,9.5,0,0
VEL_MV,D,20171108,000000,9.5,9.5,9.5,9.5,0,0
VEL_MV,D,20171109,000000,7.12,7.12,7.12,7.12,0,0
VEL_MV,D,20171110,000000,7.12,9.5,7.12,9.5,0,0
VEL_MV,D,20171113,000000,9.5,9.5,9.5,9.5,0,0
VEL_MV,D,20171114,000000,9.5,9.5,9.5,9.5,0,0
VEL_MV,D,20171115,000000,9.5,9.5,9.5,9.5,0,0
VEL_MV,D,20171116,000000,9.5,9.5,9.5,9.5,0,0
VEL_MV,D,20171117,000000,9.5,11.87,9.5,11.87,0,0
VEL_MV,D,20171120,000000,9.5,9.5,9.5,9.5,0,0
VEL_MV,D,20171121,000000,9.5,9.5,9.5,9.5,0,0
VEL_MV,D,20171122,000000,9.5,9.5,9.5,9.5,0,0
VEL_MV,D,20171123,000000,9.5,9.5,9.5,9.5,0,0
VEL_MV,D,20171124,000000,9.5,9.5,9.5,9.5,0,0
VEL_MV,D,20171127,000000,9.5,9.5,9.5,9.5,0,0
VEL_MV,D,20171128,000000,9.5,9.5,9.5,9.5,0,0
VEL_MV,D,20171129,000000,7.12,9.5,7.12,9.5,0,0
VEL_MV,D,20171130,000000,9.5,9.5,9.5,9.5,0,0
VEL_MV,D,20171201,000000,9.5,9.5,9.5,9.5,0,0
VEL_MV,D,20171204,000000,9.5,9.5,9.5,9.5,0,0
VEL_MV,D,20171205,000000,7.12,9.5,7.12,9.5,0,0
VEL_MV,D,20171206,000000,7.12,9.5,7.12,9.5,0,0
VEL_MV,D,20171207,000000,9.5,9.5,9.5,9.5,0,0
VEL_MV,D,20171208,000000,9.5,9.5,9.5,9.5,0,0
VEL_MV,D,20171211,000000,9.5,9.5,9.5,9.5,0,0
VEL_MV,D,20171212,000000,7.12,7.12,7.12,7.12,0,0
VEL_MV,D,20171213,000000,9.5,9.5,9.5,9.5,0,0
VEL_MV,D,20171214,000000,9.5,9.5,9.5,9.5,0,0
VEL_MV,D,20171215,000000,9.5,9.5,9.5,9.5,0,0
VEL_MV,D,20171218,000000,9.5,9.5,9.5,9.5,0,0
VEL_MV,D,20171219,000000,9.5,9.5,9.5,9.5,0,0
VEL_MV,D,20171220,000000,7.12,7.12,7.12,7.12,0,0
VEL_MV,D,20171221,000000,9.5,9.5,9.5,9.5,0,0
VEL_MV,D,20171222,000000,9.5,9.5,9.5,9.5,0,0
VEL_MV,D,20171227,000000,9.5,9.5,7.12,7.12,0,0
VEL_MV,D,20171228,000000,9.5,9.5,9.5,9.5,0,0
VEL_MV,D,20171229,000000,9.5,11.87,9.5,11.87,0,0
VEL_MV,D,20180103,000000,9.5,9.5,9.5,9.5,0,0
VEL_MV,D,20180104,000000,9.5,9.5,9.5,9.5,0,0
VEL_MV,D,20180108,000000,9.5,9.5,9.5,9.5,0,0
VEL_MV,D,20180109,000000,9.5,9.5,9.5,9.5,0,0
VEL_MV,D,20180110,000000,9.5,9.5,9.5,9.5,0,0
VEL_MV,D,20180111,000000,9.5,9.5,9.5,9.5,0,0
VEL_MV,D,20180112,000000,9.5,9.5,9.5,9.5,0,0
VEL_MV,D,20180115,000000,9.5,9.5,9.5,9.5,0,0
VEL_MV,D,20180116,000000,9.5,9.5,9.5,9.5,0,0
VEL_MV,D,20180117,000000,9.5,9.5,9.5,9.5,0,0
VEL_MV,D,20180118,000000,9.5,9.5,9.5,9.5,0,0
VEL_MV,D,20180119,000000,9.5,9.5,9.5,9.5,0,0
VEL_MV,D,20180122,000000,9.5,9.5,9.5,9.5,0,0
VEL_MV,D,20180123,000000,9.5,9.5,9.5,9.5,0,0
VEL_MV,D,20180124,000000,9.5,9.5,9.5,9.5,0,0
VEL_MV,D,20180125,000000,9.5,9.5,9.5,9.5,0,0
VEL_MV,D,20180126,000000,9.5,9.5,9.5,9.5,0,0
VEL_MV,D,20180129,000000,9.5,9.5,9.5,9.5,0,0
VEL_MV,D,20180130,000000,9.5,9.5,7.12,7.12,0,0
VEL_MV,D,20180131,000000,9.5,9.5,9.5,9.5,0,0
VEL_MV,D,20180201,000000,9.5,9.5,7.12,7.12,0,0
VEL_MV,D,20180202,000000,9.5,9.5,9.5,9.5,0,0
VEL_MV,D,20180205,000000,9.5,9.5,9.5,9.5,0,0
VEL_MV,D,20180206,000000,7.12,7.12,7.12,7.12,0,0
VEL_MV,D,20180207,000000,7.12,9.5,7.12,9.5,0,0
VEL_MV,D,20180208,000000,7.12,7.12,7.12,7.12,0,0
VEL_MV,D,20180209,000000,9.5,9.5,9.5,9.5,0,0
VEL_MV,D,20180212,000000,9.5,9.5,9.5,9.5,0,0
VEL_MV,D,20180213,000000,9.5,9.5,7.12,7.12,0,0
VEL_MV,D,20180214,000000,7.12,9.5,7.12,9.5,0,0
VEL_MV,D,20180215,000000,9.5,9.5,9.5,9.5,0,0
VEL_MV,D,20180216,000000,9.5,9.5,9.5,9.5,0,0
VEL_MV,D,20180219,000000,7.12,9.5,7.12,9.5,0,0
VEL_MV,D,20180220,000000,7.12,9.5,7.12,9.5,0,0
VEL_MV,D,20180221,000000,7.12,7.12,7.12,7.12,0,0
VEL_MV,D,20180222,000000,7.12,9.5,7.12,9.5,0,0
VEL_MV,D,20180223,000000,9.5,9.5,9.5,9.5,0,0
VEL_MV,D,20180226,000000,9.5,9.5,9.5,9.5,0,0
VEL_MV,D,20180227,000000,7.12,7.12,7.12,7.12,0,0
VEL_MV,D,20180228,000000,7.12,9.5,7.12,9.5,0,0
VEL_MV,D,20180301,000000,7.12,9.5,7.12,9.5,0,0
VEL_MV,D,20180302,000000,9.5,9.5,7.12,7.12,0,0
VEL_MV,D,20180305,000000,7.12,7.12,7.12,7.12,0,0
VEL_MV,D,20180306,000000,7.12,7.12,7.12,7.12,0,0
VEL_MV,D,20180307,000000,7.12,7.12,7.12,7.12,0,0
VEL_MV,D,20180308,000000,7.12,9.5,7.12,9.5,0,0
VEL_MV,D,20180309,000000,7.12,9.5,7.12,9.5,0,0
VEL_MV,D,20180312,000000,7.12,9.5,7.12,9.5,0,0
VEL_MV,D,20180313,000000,7.12,7.12,7.12,7.12,0,0
VEL_MV,D,20180314,000000,7.12,7.12,7.12,7.12,0,0
VEL_MV,D,20180315,000000,9.5,9.5,9.5,9.5,0,0
VEL_MV,D,20180319,000000,9.5,9.5,9.5,9.5,0,0
VEL_MV,D,20180322,000000,7.12,9.5,7.12,9.5,0,0
VEL_MV,D,20180323,000000,7.12,7.12,7.12,7.12,0,0
VEL_MV,D,20180326,000000,7.12,9.5,7.12,9.5,0,0
VEL_MV,D,20180327,000000,7.12,7.12,7.12,7.12,0,0
VEL_MV,D,20180328,000000,7.12,7.12,7.12,7.12,0,0
VEL_MV,D,20180329,000000,7.12,7.12,7.12,7.12,0,0
VEL_MV,D,20180403,000000,7.12,7.12,7.12,7.12,0,0
VEL_MV,D,20180404,000000,7.12,7.12,7.12,7.12,0,0
VEL_MV,D,20180405,000000,7.12,7.12,7.12,7.12,0,0
VEL_MV,D,20180406,000000,7.12,7.12,7.12,7.12,0,0
VEL_MV,D,20180409,000000,4.75,4.75,4.75,4.75,0,0
VEL_MV,D,20180410,000000,7.12,7.12,7.12,7.12,0,0
VEL_MV,D,20180412,000000,7.12,7.12,7.12,7.12,0,0
VEL_MV,D,20180413,000000,7.12,7.12,4.75,4.75,0,0
VEL_MV,D,20180416,000000,7.12,7.12,4.75,4.75,0,0
VEL_MV,D,20180417,000000,4.75,7.12,4.75,7.12,0,0
VEL_MV,D,20180418,000000,7.12,7.12,7.12,7.12,0,0
VEL_MV,D,20180419,000000,4.75,4.75,4.75,4.75,0,0
VEL_MV,D,20180420,000000,4.75,4.75,4.75,4.75,0,0
VEL_MV,D,20180423,000000,4.75,4.75,4.75,4.75,0,0
VEL_MV,D,20180424,000000,4.75,4.75,4.75,4.75,0,0
VEL_MV,D,20180425,000000,4.75,4.75,4.75,4.75,0,0
VEL_MV,D,20180426,000000,2.37,2.37,2.37,2.37,0,0
VEL_MV,D,20180427,000000,4.75,4.75,4.75,4.75,0,0
VEL_MV,D,20180430,000000,4.75,4.75,4.75,4.75,0,0
VEL_MV,D,20180502,000000,4.75,4.75,4.75,4.75,0,0
VEL_MV,D,20180504,000000,4.75,4.75,2.37,2.37,0,0
VEL_MV,D,20180507,000000,2.37,4.75,2.37,4.75,0,0
VEL_MV,D,20180508,000000,4.75,4.75,4.75,4.75,0,0
VEL_MV,D,20180509,000000,4.75,4.75,4.75,4.75,0,0
VEL_MV,D,20180510,000000,4.75,4.75,2.37,2.37,0,0
VEL_MV,D,20180511,000000,4.75,4.75,4.75,4.75,0,0
VEL_MV,D,20180514,000000,4.75,4.75,4.75,4.75,0,0
VEL_MV,D,20180515,000000,4.75,4.75,4.75,4.75,0,0
VEL_MV,D,20180516,000000,4.75,4.75,4.75,4.75,0,0
VEL_MV,D,20180517,000000,2.37,2.37,2.37,2.37,0,0
VEL_MV,D,20180518,000000,2.37,2.37,2.37,2.37,0,0
VEL_MV,D,20180521,000000,4.75,4.75,4.75,4.75,0,0
VEL_MV,D,20180522,000000,4.75,4.75,4.75,4.75,0,0
VEL_MV,D,20180524,000000,4.75,4.75,4.75,4.75,0,0
VEL_MV,D,20180525,000000,4.75,4.75,4.75,4.75,0,0
VEL_MV,D,20180528,000000,4.75,4.75,4.75,4.75,0,0
VEL_MV,D,20180529,000000,2.37,2.37,2.37,2.37,0,0
VEL_MV,D,20180601,000000,4.75,4.75,4.75,4.75,0,0
VEL_MV,D,20180604,000000,4.75,4.75,4.75,4.75,0,0
VEL_MV,D,20180605,000000,4.75,4.75,4.75,4.75,0,0
VEL_MV,D,20180606,000000,4.75,4.75,4.75,4.75,0,0
VEL_MV,D,20180608,000000,4.75,4.75,4.75,4.75,0,0
VEL_MV,D,20180613,000000,4.75,4.75,2.37,2.37,0,0
VEL_MV,D,20180615,000000,4.75,4.75,4.75,4.75,0,0
VEL_MV,D,20180618,000000,4.75,4.75,4.75,4.75,0,0
VEL_MV,D,20180619,000000,4.75,4.75,4.75,4.75,0,0
VEL_MV,D,20180626,000000,2.37,2.37,2.37,2.37,0,0
VEL_MV,D,20180627,000000,2.37,2.37,2.37,2.37,0,0
VEL_MV,D,20180628,000000,4.75,4.75,4.75,4.75,0,0
VEL_MV,D,20180629,000000,4.75,4.75,4.75,4.75,0,0
VEL_MV,D,20180703,000000,4.75,4.75,4.75,4.75,0,0
VEL_MV,D,20180709,000000,2.37,2.37,2.37,2.37,0,0
VEL_MV,D,20180711,000000,2.37,2.37,2.37,2.37,0,0
VEL_MV,D,20180712,000000,2.37,2.37,2.37,2.37,0,0
VEL_MV,D,20180713,000000,2.37,2.37,2.37,2.37,0,0
VEL_MV,D,20180716,000000,2.37,2.37,2.37,2.37,0,0
VEL_MV,D,20180717,000000,2.37,2.37,2.37,2.37,0,0
VEL_MV,D,20180719,000000,2.37,2.37,2.37,2.37,0,0
VEL_MV,D,20180725,000000,2.37,2.37,2.37,2.37,0,0
VEL_MV,D,20180726,000000,2.37,2.37,2.37,2.37,0,0
VEL_MV,D,20180801,000000,2.37,2.37,2.37,2.37,0,0
VEL_MV,D,20180802,000000,2.37,2.37,2.37,2.37,0,0
VEL_MV,D,20180803,000000,2.37,2.37,2.37,2.37,0,0
VEL_MV,D,20180806,000000,2.37,2.37,2.37,2.37,0,0
VEL_MV,D,20180807,000000,2.37,2.37,2.37,2.37,0,0
VEL_MV,D,20180808,000000,2.37,2.37,2.37,2.37,0,0
VEL_MV,D,20180809,000000,2.37,2.37,2.37,2.37,0,0
VEL_MV,D,20180810,000000,2.37,2.37,2.37,2.37,0,0
VEL_MV,D,20180814,000000,2.37,2.37,2.37,2.37,0,0
VEL_MV,D,20180816,000000,2.37,2.37,2.37,2.37,0,0
VEL_MV,D,20180817,000000,2.37,2.37,2.37,2.37,0,0
VEL_MV,D,20180820,000000,2.37,2.37,2.37,2.37,0,0
VEL_MV,D,20180821,000000,2.37,2.37,2.37,2.37,0,0
VEL_MV,D,20180822,000000,2.37,2.37,2.37,2.37,0,0
VEL_MV,D,20180823,000000,2.37,2.37,2.37,2.37,0,0
VEL_MV,D,20180824,000000,2.37,2.37,2.37,2.37,0,0
VEL_MV,D,20180827,000000,2.37,2.37,2.37,2.37,0,0
VEL_MV,D,20180830,000000,2.37,2.37,2.37,2.37,0,0
VEL_MV,D,20180831,000000,2.37,2.37,2.37,2.37,0,0
VEL_MV,D,20180903,000000,2.37,2.37,2.37,2.37,0,0
VEL_MV,D,20180907,000000,2.37,2.37,2.37,2.37,0,0
VEL_MV,D,20180912,000000,2.37,2.37,2.37,2.37,0,0
VEL_MV,D,20180914,000000,2.37,2.37,2.37,2.37,0,0
VEL_MV,D,20180924,000000,2.37,2.37,2.37,2.37,0,0
VEL_MV,D,20180928,000000,2.37,2.37,2.37,2.37,0,0
VEL_MV,D,20181003,000000,2.37,2.37,2.37,2.37,0,0
VEL_MV,D,20181004,000000,2.37,2.37,2.37,2.37,0,0
VEL_MV,D,20181005,000000,2.37,2.37,2.37,2.37,0,0
VEL_MV,D,20181031,000000,2.37,2.37,2.37,2.37,0,0
