<TICKER>,<PER>,<DATE>,<TIME>,<OPEN>,<HIGH>,<LOW>,<CLOSE>,<VOL>,<OPENINT>
ACK_MV,D,20170621,000000,7.8737,7.8737,7.8737,7.8737,0,0
ACK_MV,D,20170622,000000,7.3368,7.8737,7.2796,7.8737,0,0
ACK_MV,D,20170623,000000,7.8737,7.8737,7.8737,7.8737,0,0
ACK_MV,D,20170626,000000,7.8021,7.8021,7.3225,7.5158,0,0
ACK_MV,D,20170629,000000,7.5158,7.5158,7.5158,7.5158,0,0
ACK_MV,D,20170630,000000,7.4084,7.4084,6.5853,6.5853,0,0
ACK_MV,D,20170703,000000,6.6568,6.6568,6.6568,6.6568,0,0
ACK_MV,D,20170705,000000,6.4421,6.4421,6.4063,6.4063,0,0
ACK_MV,D,20170706,000000,6.6568,6.8,6.6568,6.8,0,0
ACK_MV,D,20170707,000000,6.8,6.8,6.5137,6.5137,0,0
ACK_MV,D,20170712,000000,6.5137,6.5137,5.7979,5.7979,0,0
ACK_MV,D,20170714,000000,5.7979,5.7979,5.7979,5.7979,0,0
ACK_MV,D,20170726,000000,5.9768,5.9768,5.9768,5.9768,0,0
ACK_MV,D,20170728,000000,5.7979,5.7979,5.7979,5.7979,0,0
ACK_MV,D,20170830,000000,5.7979,5.7979,5.7979,5.7979,0,0
ACK_MV,D,20170907,000000,5.6905,5.6905,5.3684,5.3684,0,0
ACK_MV,D,20170918,000000,5.2253,5.2253,5.1537,5.1537,0,0
ACK_MV,D,20170920,000000,4.9032,4.9032,4.9032,4.9032,0,0
ACK_MV,D,20170921,000000,4.6526,4.6526,4.6526,4.6526,0,0
ACK_MV,D,20170922,000000,4.1516,4.1516,4.1516,4.1516,0,0
ACK_MV,D,20170925,000000,4.2947,4.2947,4.2947,4.2947,0,0
ACK_MV,D,20170926,000000,4.2947,4.2947,4.2947,4.2947,0,0
ACK_MV,D,20170927,000000,4.2947,4.2947,4.2947,4.2947,0,0
ACK_MV,D,20170928,000000,4.2947,4.2947,4.2947,4.2947,0,0
ACK_MV,D,20170929,000000,4.2947,4.2947,4.2947,4.2947,0,0
ACK_MV,D,20171002,000000,4.2947,4.2947,4.2947,4.2947,0,0
ACK_MV,D,20171003,000000,4.2947,4.2947,4.2947,4.2947,0,0
ACK_MV,D,20171004,000000,4.2947,4.2947,4.2947,4.2947,0,0
ACK_MV,D,20171005,000000,4.2947,4.2947,4.2947,4.2947,0,0
ACK_MV,D,20171006,000000,4.2947,4.2947,4.2947,4.2947,0,0
ACK_MV,D,20171009,000000,4.2947,4.2947,4.2947,4.2947,0,0
ACK_MV,D,20171011,000000,4.2947,4.2947,4.2947,4.2947,0,0
ACK_MV,D,20171024,000000,4.1516,4.1516,3.7937,3.7937,0,0
ACK_MV,D,20171025,000000,3.7937,3.7937,3.7937,3.7937,0,0
ACK_MV,D,20171026,000000,3.7937,3.7937,3.7937,3.7937,0,0
ACK_MV,D,20171027,000000,3.7937,3.7937,3.7937,3.7937,0,0
ACK_MV,D,20171030,000000,3.7937,3.7937,3.7937,3.7937,0,0
ACK_MV,D,20171031,000000,3.7937,3.7937,3.7937,3.7937,0,0
ACK_MV,D,20171102,000000,3.7937,3.7937,3.7937,3.7937,0,0
ACK_MV,D,20171103,000000,3.7937,3.7937,3.7937,3.7937,0,0
ACK_MV,D,20171106,000000,3.7937,3.7937,3.7937,3.7937,0,0
ACK_MV,D,20171107,000000,3.7937,3.7937,3.7937,3.7937,0,0
ACK_MV,D,20171108,000000,3.7937,3.7937,3.7937,3.7937,0,0
ACK_MV,D,20171109,000000,3.7937,3.7937,3.7937,3.7937,0,0
ACK_MV,D,20171110,000000,3.7937,3.7937,3.7937,3.7937,0,0
ACK_MV,D,20171113,000000,3.7937,3.7937,3.7937,3.7937,0,0
ACK_MV,D,20171114,000000,3.7937,3.7937,3.7937,3.7937,0,0
ACK_MV,D,20171115,000000,3.7937,3.7937,3.7937,3.7937,0,0
ACK_MV,D,20171116,000000,3.7937,3.7937,3.7937,3.7937,0,0
ACK_MV,D,20171117,000000,3.7937,3.7937,3.7937,3.7937,0,0
ACK_MV,D,20171120,000000,3.7937,3.7937,3.7937,3.7937,0,0
ACK_MV,D,20171121,000000,3.7937,3.7937,3.7937,3.7937,0,0
ACK_MV,D,20171122,000000,3.7937,3.7937,3.7937,3.7937,0,0
ACK_MV,D,20171123,000000,3.7937,3.7937,3.7937,3.7937,0,0
ACK_MV,D,20171124,000000,3.7937,3.9368,3.7937,3.7937,0,0
ACK_MV,D,20171206,000000,3.8008,3.8008,3.8008,3.8008,0,0
ACK_MV,D,20171208,000000,3.9368,4.0371,3.9368,4.0371,0,0
ACK_MV,D,20180112,000000,4.0442,4.0442,4.0442,4.0442,0,0
ACK_MV,D,20180115,000000,4.0442,4.0442,4.0442,4.0442,0,0
ACK_MV,D,20180122,000000,4.08,4.4379,4.08,4.4379,0,0
ACK_MV,D,20180123,000000,4.4379,4.8674,4.4379,4.8674,0,0
ACK_MV,D,20180124,000000,5.5474,5.5474,5.5474,5.5474,0,0
ACK_MV,D,20180125,000000,5.2968,5.3684,4.76,4.76,0,0
ACK_MV,D,20180214,000000,4.7242,4.7242,4.7242,4.7242,0,0
ACK_MV,D,20180215,000000,4.7242,4.7242,4.7242,4.7242,0,0
ACK_MV,D,20180312,000000,4.5095,4.5095,4.2947,4.2947,0,0
ACK_MV,D,20180322,000000,4.4021,4.7242,4.4021,4.7242,0,0
ACK_MV,D,20180323,000000,4.76,4.76,4.76,4.76,0,0
ACK_MV,D,20180403,000000,4.2947,4.2947,4.2947,4.2947,0,0
ACK_MV,D,20180404,000000,4.2947,4.2947,4.2947,4.2947,0,0
ACK_MV,D,20180405,000000,4.2947,4.2947,4.2947,4.2947,0,0
ACK_MV,D,20180406,000000,4.2947,4.2947,4.2947,4.2947,0,0
ACK_MV,D,20180409,000000,4.2947,5.0821,4.2947,5.0821,0,0
ACK_MV,D,20180410,000000,5.0821,6.3705,5.0821,6.3705,0,0
ACK_MV,D,20180411,000000,5.7263,6.8,5.7263,6.8,0,0
ACK_MV,D,20180412,000000,6.4421,7.1579,6.2274,6.4421,0,0
ACK_MV,D,20180413,000000,6.9342,7.2026,6.3974,7.2026,0,0
ACK_MV,D,20180416,000000,7.1579,7.1579,6.3526,6.7105,0,0
ACK_MV,D,20180417,000000,6.5316,6.5316,5.8158,5.8158,0,0
ACK_MV,D,20180418,000000,5.8158,5.8158,5.8158,5.8158,0,0
ACK_MV,D,20180419,000000,5.8158,5.8158,5.8158,5.8158,0,0
ACK_MV,D,20180420,000000,5.8158,5.8158,5.8158,5.8158,0,0
ACK_MV,D,20180423,000000,5.6368,5.6368,4.7421,4.7421,0,0
ACK_MV,D,20180424,000000,4.7421,4.7421,4.7421,4.7421,0,0
ACK_MV,D,20180425,000000,4.6974,4.6974,3.8474,3.8474,0,0
ACK_MV,D,20180426,000000,4.2053,4.2053,4.0263,4.0263,0,0
ACK_MV,D,20180502,000000,4.1516,4.2768,4.1516,4.2768,0,0
ACK_MV,D,20180504,000000,4.8763,4.8763,4.8763,4.8763,0,0
ACK_MV,D,20180507,000000,4.8763,5.2789,4.8763,5.2789,0,0
ACK_MV,D,20180516,000000,4.8763,4.8763,4.8763,4.8763,0,0
ACK_MV,D,20180525,000000,4.5632,4.5632,4.4737,4.4737,0,0
ACK_MV,D,20180528,000000,4.2053,4.2053,3.5789,3.5789,0,0
ACK_MV,D,20180529,000000,3.4,3.4,3.4,3.4,0,0
ACK_MV,D,20180530,000000,3.9368,3.9368,3.9368,3.9368,0,0
ACK_MV,D,20180601,000000,3.9368,3.9368,3.5789,3.5789,0,0
ACK_MV,D,20180604,000000,3.6684,3.6684,3.6684,3.6684,0,0
ACK_MV,D,20180606,000000,3.6684,3.6684,3.6684,3.6684,0,0
ACK_MV,D,20180608,000000,3.6863,4.6526,3.6863,4.6526,0,0
ACK_MV,D,20180614,000000,4.5632,4.5632,4.5632,4.5632,0,0
ACK_MV,D,20180620,000000,5.3684,6.2632,5.3684,6.2632,0,0
ACK_MV,D,20180621,000000,6.2632,6.2632,6.2632,6.2632,0,0
ACK_MV,D,20180622,000000,7.0684,7.0684,7.0684,7.0684,0,0
ACK_MV,D,20180625,000000,6.8895,6.8895,6.4421,6.4421,0,0
ACK_MV,D,20180626,000000,5.9947,5.9947,5.9947,5.9947,0,0
ACK_MV,D,20180702,000000,5.8158,6.2632,5.8158,5.8605,0,0
ACK_MV,D,20180711,000000,5.8605,5.8605,5.8605,5.8605,0,0
ACK_MV,D,20180718,000000,5.6368,5.8605,4.5184,5.8605,0,0
ACK_MV,D,20180725,000000,5.5026,5.5026,5.4579,5.4579,0,0
ACK_MV,D,20180730,000000,4.4737,5.3684,4.4737,5.3684,0,0
ACK_MV,D,20180801,000000,4.3842,5.3684,4.3842,5.3684,0,0
ACK_MV,D,20180814,000000,4.3842,4.3842,3.5968,3.5968,0,0
ACK_MV,D,20180817,000000,4.1874,4.4737,3.9011,4.4737,0,0
ACK_MV,D,20180820,000000,4.4737,5.3684,4.4737,5.3684,0,0
ACK_MV,D,20180821,000000,5.3237,5.3684,5.3237,5.3684,0,0
ACK_MV,D,20180822,000000,4.6526,4.6526,4.4021,4.4021,0,0
ACK_MV,D,20180831,000000,4.6526,4.6526,4.6526,4.6526,0,0
ACK_MV,D,20180903,000000,4.3484,4.5632,4.3305,4.5632,0,0
ACK_MV,D,20180906,000000,4.2589,4.2589,4.2589,4.2589,0,0
ACK_MV,D,20180911,000000,4.2589,4.2768,4.2589,4.2768,0,0
ACK_MV,D,20180917,000000,3.9905,3.9905,3.9905,3.9905,0,0
ACK_MV,D,20180918,000000,4.2768,4.5632,4.2768,4.5632,0,0
ACK_MV,D,20180928,000000,4.5632,5.3237,4.5632,5.3237,0,0
ACK_MV,D,20181001,000000,4.5632,5.2342,4.5632,5.2342,0,0
ACK_MV,D,20181003,000000,5.1447,6.8,5.1447,6.8,0,0
ACK_MV,D,20181005,000000,5.9947,5.9947,5.7263,5.7263,0,0
ACK_MV,D,20181011,000000,5.5474,5.8158,5.2789,5.8158,0,0
ACK_MV,D,20181015,000000,5.8158,6.8895,5.8158,6.8895,0,0
ACK_MV,D,20181016,000000,5.8158,6.8,5.8158,6.8,0,0
ACK_MV,D,20181030,000000,6.8,6.8,6.8,6.8,0,0
ACK_MV,D,20181031,000000,6.0842,6.0842,6.0842,6.0842,0,0
ACK_MV,D,20181108,000000,5.9053,5.9053,5.8158,5.8158,0,0
ACK_MV,D,20181130,000000,5.5474,5.5474,5.5026,5.5026,0,0
ACK_MV,D,20181204,000000,5.5026,5.5026,5.5026,5.5026,0,0
ACK_MV,D,20181206,000000,5.5026,5.5026,5.5026,5.5026,0,0
ACK_MV,D,20181211,000000,5.3237,5.4579,5.3237,5.4579,0,0
ACK_MV,D,20181212,000000,5.1,5.1,5.1,5.1,0,0
ACK_MV,D,20181218,000000,4.9658,4.9658,4.9658,4.9658,0,0
ACK_MV,D,20181221,000000,4.9211,4.9658,4.9211,4.9658,0,0
ACK_MV,D,20181227,000000,5.1,5.1,5.1,5.1,0,0
ACK_MV,D,20190103,000000,5.0105,5.0553,4.8763,5.0553,0,0
ACK_MV,D,20190108,000000,5.0105,5.0553,5.0105,5.0553,0,0
ACK_MV,D,20190109,000000,5.1895,5.1895,5.1895,5.1895,0,0
ACK_MV,D,20190110,000000,6.7105,6.7105,6.7105,6.7105,0,0
ACK_MV,D,20190111,000000,6.8,6.8,6.8,6.8,0,0
ACK_MV,D,20190115,000000,6.8,6.8,6.3079,6.3079,0,0
ACK_MV,D,20190116,000000,6.3079,6.3079,6.3079,6.3079,0,0
ACK_MV,D,20190117,000000,6.3079,6.3079,6.3079,6.3079,0,0
ACK_MV,D,20190118,000000,6.3079,6.3079,6.3079,6.3079,0,0
ACK_MV,D,20190121,000000,6.3079,6.4421,6.3079,6.4421,0,0
ACK_MV,D,20190122,000000,6.4421,7.1579,6.4421,7.1579,0,0
ACK_MV,D,20190123,000000,7.1132,7.1132,7.1132,7.1132,0,0
ACK_MV,D,20190124,000000,7.1132,7.1132,6.8,6.8,0,0
ACK_MV,D,20190125,000000,6.8,6.8,6.8,6.8,0,0
ACK_MV,D,20190128,000000,6.8,6.8,6.8,6.8,0,0
ACK_MV,D,20190129,000000,6.8,6.8,6.8,6.8,0,0
ACK_MV,D,20190130,000000,6.8,6.8,6.8,6.8,0,0
ACK_MV,D,20190131,000000,6.5763,6.5763,6.2632,6.2632,0,0
ACK_MV,D,20190201,000000,6.0842,6.0842,6.0842,6.0842,0,0
ACK_MV,D,20190212,000000,6.2632,6.2632,6.2632,6.2632,0,0
ACK_MV,D,20190213,000000,6.2632,6.2632,6.2632,6.2632,0,0
ACK_MV,D,20190214,000000,6.2632,6.2632,6.2632,6.2632,0,0
ACK_MV,D,20190215,000000,6.2632,6.2632,6.2632,6.2632,0,0
ACK_MV,D,20190219,000000,6.2632,6.8,6.1737,6.1737,0,0
ACK_MV,D,20190226,000000,6.3526,6.3526,6.3526,6.3526,0,0
ACK_MV,D,20190227,000000,6.2184,8.5,6.1289,8.5,0,0
ACK_MV,D,20190228,000000,8.4105,8.4105,8.4105,8.4105,0,0
ACK_MV,D,20190301,000000,8.4105,8.9474,8.4105,8.9474,0,0
ACK_MV,D,20190304,000000,8.9474,8.9474,8.9474,8.9474,0,0
ACK_MV,D,20190306,000000,8.9474,8.9474,8.9474,8.9474,0,0
ACK_MV,D,20190307,000000,8.0526,8.0526,8.0526,8.0526,0,0
ACK_MV,D,20190308,000000,7.7842,7.7842,7.7395,7.7395,0,0
ACK_MV,D,20190312,000000,8.0526,8.0526,8.0526,8.0526,0,0
ACK_MV,D,20190314,000000,8.5,8.5,8.5,8.5,0,0
ACK_MV,D,20190315,000000,8.1421,8.1421,8.0974,8.0974,0,0
ACK_MV,D,20190318,000000,8.1421,8.5,8.1421,8.5,0,0
ACK_MV,D,20190319,000000,8.5,8.5,8.5,8.5,0,0
ACK_MV,D,20190320,000000,8.7237,8.8579,8.7237,8.8579,0,0
ACK_MV,D,20190321,000000,8.2763,8.2763,8.2763,8.2763,0,0
ACK_MV,D,20190322,000000,8.8132,8.9026,8.8132,8.9026,0,0
ACK_MV,D,20190325,000000,8.9474,8.9474,8.9474,8.9474,0,0
ACK_MV,D,20190326,000000,8.9474,9.2158,8.9474,9.2158,0,0
ACK_MV,D,20190327,000000,9.2158,9.3947,9.2158,9.3947,0,0
ACK_MV,D,20190328,000000,9.3947,9.3947,9.0368,9.0368,0,0
ACK_MV,D,20190329,000000,9.842,9.842,9.842,9.842,0,0
ACK_MV,D,20190401,000000,9.663,9.663,8.0974,9.663,0,0
ACK_MV,D,20190402,000000,9.3947,9.842,9.3947,9.842,0,0
ACK_MV,D,20190403,000000,9.842,9.842,9.842,9.842,0,0
ACK_MV,D,20190404,000000,9.842,9.842,9.842,9.842,0,0
ACK_MV,D,20190405,000000,9.3947,9.842,9.3947,9.842,0,0
ACK_MV,D,20190408,000000,10.289,10.558,10.289,10.558,0,0
ACK_MV,D,20190409,000000,10.468,10.558,10.468,10.558,0,0
ACK_MV,D,20190410,000000,10.558,10.737,10.558,10.737,0,0
ACK_MV,D,20190411,000000,10.737,10.737,10.737,10.737,0,0
ACK_MV,D,20190412,000000,10.737,10.737,10.468,10.737,0,0
ACK_MV,D,20190415,000000,10.737,10.737,10.737,10.737,0,0
ACK_MV,D,20190416,000000,10.647,10.737,10.289,10.379,0,0
ACK_MV,D,20190417,000000,10.111,10.2,10.111,10.2,0,0
ACK_MV,D,20190423,000000,10.1,10.1,9.75,9.75,0,0
ACK_MV,D,20190424,000000,9.5,9.5,9.5,9.5,0,0
ACK_MV,D,20190506,000000,9.4,9.4,9.05,9.05,0,0
ACK_MV,D,20190508,000000,8.7,9,8.2,9,0,0
ACK_MV,D,20190509,000000,9,9,9,9,0,0
ACK_MV,D,20190510,000000,8.6,8.6,8.6,8.6,0,0
ACK_MV,D,20190513,000000,8.6,8.6,8.6,8.6,0,0
ACK_MV,D,20190515,000000,8.3,8.3,7.95,7.95,0,0
ACK_MV,D,20190516,000000,7.95,7.95,7.95,7.95,0,0
ACK_MV,D,20190517,000000,7.8,7.8,7.8,7.8,0,0
ACK_MV,D,20190521,000000,8.15,8.15,8.15,8.15,0,0
ACK_MV,D,20190522,000000,8.15,8.15,8.15,8.15,0,0
ACK_MV,D,20190523,000000,8.15,8.15,8.15,8.15,0,0
ACK_MV,D,20190524,000000,8.15,8.15,8.15,8.15,0,0
ACK_MV,D,20190527,000000,8.15,8.15,8.15,8.15,0,0
ACK_MV,D,20190528,000000,8.15,8.15,8.15,8.15,0,0
ACK_MV,D,20190529,000000,8.15,8.15,8.15,8.15,0,0
ACK_MV,D,20190530,000000,8.3,8.3,8.3,8.3,0,0
ACK_MV,D,20190531,000000,8.1,8.1,8.1,8.1,0,0
ACK_MV,D,20190603,000000,8.1,8.1,8.1,8.1,0,0
ACK_MV,D,20190604,000000,8.1,8.1,8.1,8.1,0,0
ACK_MV,D,20190605,000000,8.1,8.1,8.1,8.1,0,0
ACK_MV,D,20190610,000000,8.15,8.15,8.15,8.15,0,0
ACK_MV,D,20190611,000000,8.15,8.15,8.15,8.15,0,0
ACK_MV,D,20190612,000000,8.15,8.15,8.15,8.15,0,0
ACK_MV,D,20190613,000000,8.15,8.15,8.15,8.15,0,0
ACK_MV,D,20190614,000000,8.15,8.15,8.15,8.15,0,0
ACK_MV,D,20190617,000000,8.15,8.15,8.15,8.15,0,0
ACK_MV,D,20190618,000000,8.15,8.15,8.15,8.15,0,0
ACK_MV,D,20190619,000000,8.1,8.1,8.1,8.1,0,0
ACK_MV,D,20190621,000000,8.1,8.1,8.1,8.1,0,0
ACK_MV,D,20190624,000000,8.1,8.1,8.1,8.1,0,0
ACK_MV,D,20190625,000000,8.1,8.1,8.1,8.1,0,0
ACK_MV,D,20190626,000000,8.1,8.1,8.1,8.1,0,0
ACK_MV,D,20190627,000000,8.1,8.1,8.1,8.1,0,0
ACK_MV,D,20190628,000000,8.1,8.15,8.1,8.15,0,0
ACK_MV,D,20190705,000000,8.55,8.55,7.8,7.8,0,0
ACK_MV,D,20190708,000000,8.05,8.05,8,8,0,0
ACK_MV,D,20190709,000000,8,8,7.8,7.8,0,0
ACK_MV,D,20190710,000000,7.8,7.8,7.8,7.8,0,0
ACK_MV,D,20190711,000000,7.8,7.8,7.8,7.8,0,0
ACK_MV,D,20190712,000000,7.8,8.9,7.8,7.8,0,0
ACK_MV,D,20190716,000000,7.8,7.8,7.8,7.8,0,0
ACK_MV,D,20190717,000000,7.8,7.8,7.8,7.8,0,0
ACK_MV,D,20190724,000000,8.2,8.55,8.2,8.55,0,0
ACK_MV,D,20190725,000000,8.9,9.9,8.9,9.9,0,0
ACK_MV,D,20190726,000000,9.95,9.95,9.95,9.95,0,0
ACK_MV,D,20190729,000000,9.55,9.55,9.55,9.55,0,0
ACK_MV,D,20190730,000000,9.1,9.1,9.1,9.1,0,0
ACK_MV,D,20190731,000000,9.1,9.1,9.1,9.1,0,0
ACK_MV,D,20190801,000000,9.1,9.1,9.1,9.1,0,0
ACK_MV,D,20190807,000000,8.9,8.9,8.9,8.9,0,0
ACK_MV,D,20190809,000000,9.1,9.1,9.1,9.1,0,0
ACK_MV,D,20190812,000000,9.1,9.1,9.1,9.1,0,0
ACK_MV,D,20190813,000000,9.1,9.9,9.1,9.9,0,0
ACK_MV,D,20190814,000000,9.45,9.45,9.45,9.45,0,0
ACK_MV,D,20190816,000000,9.45,9.45,9.45,9.45,0,0
ACK_MV,D,20190820,000000,9.45,9.45,9.45,9.45,0,0
ACK_MV,D,20190821,000000,9.15,9.15,9.15,9.15,0,0
ACK_MV,D,20190822,000000,9.15,9.15,9.15,9.15,0,0
ACK_MV,D,20190823,000000,9.15,9.15,9.15,9.15,0,0
ACK_MV,D,20190826,000000,9.15,9.15,9.15,9.15,0,0
ACK_MV,D,20190827,000000,9.15,9.15,9.15,9.15,0,0
ACK_MV,D,20190828,000000,9.15,9.15,9.15,9.15,0,0
ACK_MV,D,20190829,000000,9.15,9.15,9.15,9.15,0,0
ACK_MV,D,20190830,000000,9.15,9.15,9.15,9.15,0,0
ACK_MV,D,20190902,000000,9.15,9.15,9.15,9.15,0,0
ACK_MV,D,20190903,000000,9.15,9.9,9.15,9.9,0,0
ACK_MV,D,20190904,000000,9.85,9.85,9.85,9.85,0,0
ACK_MV,D,20190905,000000,9.9,9.9,9.85,9.85,0,0
ACK_MV,D,20190906,000000,9.85,9.85,9.85,9.85,0,0
ACK_MV,D,20190909,000000,9.85,9.85,9.85,9.85,0,0
ACK_MV,D,20190911,000000,9.9,9.9,9.8,9.8,0,0
ACK_MV,D,20190912,000000,9.9,9.9,9.9,9.9,0,0
ACK_MV,D,20190913,000000,9.9,9.9,9.9,9.9,0,0
ACK_MV,D,20190920,000000,9.45,9.45,9.45,9.45,0,0
ACK_MV,D,20191010,000000,9.15,9.15,8.75,8.75,0,0
ACK_MV,D,20191014,000000,8.35,8.35,8.35,8.35,0,0
ACK_MV,D,20191016,000000,8.35,8.35,8.35,8.35,0,0
ACK_MV,D,20191017,000000,8.35,8.35,8.35,8.35,0,0
ACK_MV,D,20191018,000000,8.35,8.35,8.35,8.35,0,0
ACK_MV,D,20191021,000000,8.35,8.35,8.35,8.35,0,0
ACK_MV,D,20191022,000000,8.35,8.35,8.35,8.35,0,0
ACK_MV,D,20191023,000000,8.35,8.35,8.35,8.35,0,0
ACK_MV,D,20191024,000000,8.35,8.35,8.35,8.35,0,0
ACK_MV,D,20191025,000000,8.35,8.35,8.35,8.35,0,0
ACK_MV,D,20191029,000000,8.35,8.35,7.7,7.7,0,0
ACK_MV,D,20191030,000000,7.7,7.7,7.7,7.7,0,0
ACK_MV,D,20191107,000000,7.7,7.7,7.7,7.7,0,0
ACK_MV,D,20191108,000000,7.7,7.7,7.7,7.7,0,0
ACK_MV,D,20191112,000000,7.7,7.7,7.7,7.7,0,0
ACK_MV,D,20191113,000000,7.7,7.7,7.7,7.7,0,0
ACK_MV,D,20191114,000000,7.7,7.7,7.7,7.7,0,0
ACK_MV,D,20191115,000000,7.7,7.7,7.4,7.4,0,0
ACK_MV,D,20191118,000000,7.3,7.75,7.3,7.75,0,0
ACK_MV,D,20191119,000000,7.3,7.3,7.3,7.3,0,0
ACK_MV,D,20191120,000000,7.3,7.3,7.3,7.3,0,0
ACK_MV,D,20191121,000000,7.3,7.3,7.3,7.3,0,0
ACK_MV,D,20191122,000000,7.3,7.3,7.3,7.3,0,0
ACK_MV,D,20191125,000000,7.3,7.3,7.2,7.2,0,0
ACK_MV,D,20191126,000000,7.2,7.2,7.2,7.2,0,0
ACK_MV,D,20191127,000000,7.2,7.2,7.2,7.2,0,0
ACK_MV,D,20191128,000000,7.2,7.2,6.95,6.95,0,0
ACK_MV,D,20191203,000000,7.2,7.55,7.2,7.55,0,0
ACK_MV,D,20191212,000000,7.65,7.65,7.65,7.65,0,0
ACK_MV,D,20191218,000000,7.9,9.5,7.9,9.5,0,0
ACK_MV,D,20191219,000000,9.4,9.4,9,9,0,0
ACK_MV,D,20191220,000000,8.8,8.8,8.8,8.8,0,0
ACK_MV,D,20191227,000000,9,9.5,8.8,8.8,0,0
ACK_MV,D,20191230,000000,9,9.1,8.8,9.1,0,0
ACK_MV,D,20200102,000000,9.1,9.1,9.1,9.1,0,0
ACK_MV,D,20200103,000000,9.1,9.1,9.1,9.1,0,0
ACK_MV,D,20200108,000000,9.5,9.5,9.5,9.5,0,0
ACK_MV,D,20200113,000000,9.5,9.5,9.3,9.3,0,0
ACK_MV,D,20200114,000000,9.3,9.3,9.3,9.3,0,0
ACK_MV,D,20200115,000000,9.3,9.3,9.3,9.3,0,0
ACK_MV,D,20200116,000000,9.3,9.3,9.3,9.3,0,0
ACK_MV,D,20200117,000000,9.3,9.3,9,9,0,0
ACK_MV,D,20200120,000000,8.6,9,8.6,9,0,0
ACK_MV,D,20200122,000000,9,9,9,9,0,0
ACK_MV,D,20200123,000000,8.8,8.8,8,8.2,0,0
ACK_MV,D,20200124,000000,8.2,8.2,8,8,0,0
ACK_MV,D,20200127,000000,7.9,7.9,7.9,7.9,0,0
ACK_MV,D,20200128,000000,7.9,7.9,7.55,7.55,0,0
ACK_MV,D,20200129,000000,7.75,7.75,7.45,7.45,0,0
ACK_MV,D,20200130,000000,7.6,7.7,7.6,7.7,0,0
ACK_MV,D,20200131,000000,7.7,7.7,7.65,7.65,0,0
ACK_MV,D,20200203,000000,7.35,7.35,7.35,7.35,0,0
ACK_MV,D,20200205,000000,7.3,7.3,7.3,7.3,0,0
ACK_MV,D,20200210,000000,7.35,7.35,7.35,7.35,0,0
ACK_MV,D,20200211,000000,7.35,7.35,7.35,7.35,0,0
ACK_MV,D,20200212,000000,7.4,7.4,7.4,7.4,0,0
ACK_MV,D,20200214,000000,7.6,7.85,7.6,7.85,0,0
ACK_MV,D,20200218,000000,7.9,8.7,7.9,8.7,0,0
ACK_MV,D,20200219,000000,8.7,8.7,8.7,8.7,0,0
ACK_MV,D,20200224,000000,8.3,8.3,7.95,7.95,0,0
ACK_MV,D,20200302,000000,7.8,7.8,7.45,7.45,0,0
ACK_MV,D,20200306,000000,7.45,7.45,7.45,7.45,0,0
ACK_MV,D,20200309,000000,6.8,7,5.45,7,0,0
ACK_MV,D,20200312,000000,6.7,6.7,6.7,6.7,0,0
ACK_MV,D,20200320,000000,6.7,7.6,6.7,7.6,0,0
ACK_MV,D,20200324,000000,7.4,7.4,7.4,7.4,0,0
ACK_MV,D,20200326,000000,7.4,7.4,7.4,7.4,0,0
ACK_MV,D,20200330,000000,7.15,7.15,7.15,7.15,0,0
ACK_MV,D,20200408,000000,6.85,6.85,6.85,6.85,0,0
ACK_MV,D,20200415,000000,6.9,6.9,6.45,6.45,0,0
ACK_MV,D,20200416,000000,6.45,7.6,6.45,7.4,0,0
ACK_MV,D,20200417,000000,7.5,7.7,7.2,7.7,0,0
ACK_MV,D,20200422,000000,7.2,7.2,7.2,7.2,0,0
ACK_MV,D,20200504,000000,7.3,7.3,7.3,7.3,0,0
ACK_MV,D,20200519,000000,7.6,7.6,7.6,7.6,0,0
ACK_MV,D,20200522,000000,7.45,7.45,7.45,7.45,0,0
ACK_MV,D,20200526,000000,7.45,7.7,7.2,7.25,0,0
ACK_MV,D,20200528,000000,7.5,7.5,7.5,7.5,0,0
ACK_MV,D,20200529,000000,7.5,7.7,7.5,7.7,0,0
ACK_MV,D,20200601,000000,7.45,7.45,7.45,7.45,0,0
ACK_MV,D,20200604,000000,7.4,7.5,7.4,7.5,0,0
ACK_MV,D,20200605,000000,7.45,7.45,6,6.45,0,0
ACK_MV,D,20200609,000000,6.65,6.65,6.6,6.6,0,0
ACK_MV,D,20200610,000000,6.6,7,6.6,7,0,0
ACK_MV,D,20200612,000000,6.8,6.8,6.8,6.8,0,0
ACK_MV,D,20200615,000000,7.7,7.7,7.7,7.7,0,0
ACK_MV,D,20200616,000000,7.65,7.65,7.3,7.3,0,0
ACK_MV,D,20200618,000000,7.65,8.9,7.65,7.85,0,0
ACK_MV,D,20200619,000000,7.85,7.85,7.85,7.85,0,0
ACK_MV,D,20200623,000000,7.85,7.85,7.8,7.8,0,0
ACK_MV,D,20200625,000000,7.9,8.35,7.85,8.1,0,0
ACK_MV,D,20200626,000000,8.35,8.35,7.95,7.95,0,0
ACK_MV,D,20200629,000000,8.35,8.35,8.35,8.35,0,0
ACK_MV,D,20200630,000000,8.6,8.6,7.55,7.55,0,0
ACK_MV,D,20200701,000000,7.8,7.8,7.8,7.8,0,0
ACK_MV,D,20200702,000000,7.8,7.8,7.8,7.8,0,0
ACK_MV,D,20200703,000000,7.75,7.75,7.35,7.35,0,0
ACK_MV,D,20200706,000000,7.9,7.9,7.9,7.9,0,0
ACK_MV,D,20200713,000000,8.3,8.3,8.25,8.25,0,0
ACK_MV,D,20200714,000000,8.2,8.25,8.2,8.25,0,0
ACK_MV,D,20200717,000000,8.25,8.25,7.35,7.35,0,0
ACK_MV,D,20200720,000000,7.9,7.9,7.9,7.9,0,0
ACK_MV,D,20200722,000000,7.45,8.2,7.45,8.2,0,0
ACK_MV,D,20200728,000000,8,8,8,8,0,0
ACK_MV,D,20200729,000000,8.1,8.1,8.1,8.1,0,0
ACK_MV,D,20200730,000000,8.1,8.15,7.75,7.75,0,0
ACK_MV,D,20200731,000000,7.35,7.5,7.35,7.5,0,0
ACK_MV,D,20200805,000000,7.9,8.35,7.9,8.3,0,0
ACK_MV,D,20200806,000000,7.85,8.3,7.85,8.3,0,0
ACK_MV,D,20200807,000000,9.05,10,9.05,9.5,0,0
ACK_MV,D,20200810,000000,9.4,9.4,8.75,8.75,0,0
ACK_MV,D,20200811,000000,8.2,8.2,7.9,8.2,0,0
ACK_MV,D,20200812,000000,8.2,8.2,8,8,0,0
ACK_MV,D,20200813,000000,8,8,8,8,0,0
ACK_MV,D,20200814,000000,8,8.1,8,8,0,0
ACK_MV,D,20200817,000000,8.1,8.1,7.9,7.9,0,0
ACK_MV,D,20200818,000000,7.9,7.9,7.9,7.9,0,0
ACK_MV,D,20200819,000000,8,8,7.9,7.9,0,0
ACK_MV,D,20200824,000000,7.9,8.1,7.9,8.1,0,0
ACK_MV,D,20200825,000000,8.05,8.05,8.05,8.05,0,0
ACK_MV,D,20200826,000000,7.9,7.9,7.1,7.6,0,0
ACK_MV,D,20200827,000000,8.1,8.1,8.1,8.1,0,0
ACK_MV,D,20200828,000000,8.1,8.1,8.1,8.1,0,0
ACK_MV,D,20200902,000000,8.2,8.2,8.2,8.2,0,0
ACK_MV,D,20200903,000000,8.2,8.2,8.2,8.2,0,0
ACK_MV,D,20200908,000000,8.4,8.4,8,8,0,0
ACK_MV,D,20200909,000000,8,8,8,8,0,0
ACK_MV,D,20200911,000000,8.6,11.3,8.6,9.95,0,0
ACK_MV,D,20200914,000000,9.95,11,9,10.5,0,0
ACK_MV,D,20200915,000000,10,10.6,9,9.1,0,0
ACK_MV,D,20200916,000000,9.4,10.7,9.4,10,0,0
ACK_MV,D,20200917,000000,9.35,10.7,8.5,8.5,0,0
ACK_MV,D,20200918,000000,9.2,10.9,9.2,9.85,0,0
ACK_MV,D,20200921,000000,10.4,10.4,9.8,9.8,0,0
ACK_MV,D,20200922,000000,9.85,9.85,9.8,9.8,0,0
ACK_MV,D,20200923,000000,9.2,9.2,9,9,0,0
ACK_MV,D,20200924,000000,8.9,8.9,8.9,8.9,0,0
ACK_MV,D,20200925,000000,8.9,9.2,8.25,9.2,0,0
ACK_MV,D,20200928,000000,8.4,8.4,8,8,0,0
ACK_MV,D,20200930,000000,8.6,8.6,8.6,8.6,0,0
ACK_MV,D,20201002,000000,9,9.6,9,9.05,0,0
ACK_MV,D,20201005,000000,9.6,10,9.1,9.4,0,0
ACK_MV,D,20201009,000000,11.2,13.4,11.2,13.4,0,0
ACK_MV,D,20201012,000000,15.9,18,14.2,16,0,0
ACK_MV,D,20201013,000000,16.6,17,14.1,15.9,0,0
ACK_MV,D,20201014,000000,15.9,15.9,13.1,15.3,0,0
ACK_MV,D,20201015,000000,16,16,16,16,0,0
ACK_MV,D,20201016,000000,14.9,20,14.9,16.4,0,0
