<TICKER>,<PER>,<DATE>,<TIME>,<OPEN>,<HIGH>,<LOW>,<CLOSE>,<VOL>,<OPENINT>
ACR_MV,D,20111121,000000,2.84,2.84,2.84,2.84,0,0
ACR_MV,D,20111122,000000,2.39,2.48,1.91,1.91,0,0
ACR_MV,D,20111123,000000,1.68,2.01,1.65,2,0,0
ACR_MV,D,20111124,000000,2,2.23,1.9,2.1,0,0
ACR_MV,D,20111125,000000,2.23,2.92,1.91,2.87,0,0
ACR_MV,D,20111128,000000,2.87,3.3,2.69,3.18,0,0
ACR_MV,D,20111129,000000,3.22,3.22,2.57,2.57,0,0
ACR_MV,D,20111130,000000,2.87,2.87,2.29,2.62,0,0
ACR_MV,D,20111201,000000,2.59,2.84,2.31,2.74,0,0
ACR_MV,D,20111202,000000,2.81,2.81,2.24,2.51,0,0
ACR_MV,D,20111205,000000,2.51,2.62,2.23,2.36,0,0
ACR_MV,D,20111206,000000,2.38,2.57,2.31,2.48,0,0
ACR_MV,D,20111207,000000,2.54,2.54,2.28,2.48,0,0
ACR_MV,D,20111208,000000,2.33,2.49,2.26,2.34,0,0
ACR_MV,D,20111209,000000,2.36,2.44,2.26,2.26,0,0
ACR_MV,D,20111212,000000,2.46,2.46,2.06,2.18,0,0
ACR_MV,D,20111213,000000,2.44,2.44,1.86,2.16,0,0
ACR_MV,D,20111214,000000,2.38,2.38,1.88,2.34,0,0
ACR_MV,D,20111215,000000,2.29,2.31,2.29,2.31,0,0
ACR_MV,D,20111216,000000,2.23,2.23,1.98,2.18,0,0
ACR_MV,D,20111219,000000,2.15,2.15,1.83,1.91,0,0
ACR_MV,D,20111220,000000,1.8,2.11,1.8,2.1,0,0
ACR_MV,D,20111221,000000,2.16,2.16,1.9,2.06,0,0
ACR_MV,D,20111222,000000,2.08,2.15,1.98,2.15,0,0
ACR_MV,D,20111223,000000,2.15,2.18,1.9,2.18,0,0
ACR_MV,D,20111227,000000,2.13,2.19,1.82,1.82,0,0
ACR_MV,D,20111228,000000,2.18,2.18,1.9,2.15,0,0
ACR_MV,D,20111229,000000,2.19,2.19,1.91,1.91,0,0
ACR_MV,D,20111230,000000,2.13,2.23,2,2.13,0,0
ACR_MV,D,20120102,000000,2.23,2.48,2.13,2.31,0,0
ACR_MV,D,20120103,000000,2.26,2.28,1.88,2.21,0,0
ACR_MV,D,20120104,000000,1.91,2.72,1.91,2.44,0,0
ACR_MV,D,20120105,000000,2.67,2.67,2.08,2.41,0,0
ACR_MV,D,20120109,000000,2.15,2.15,2.06,2.06,0,0
ACR_MV,D,20120110,000000,2.06,2.15,1.83,1.98,0,0
ACR_MV,D,20120111,000000,1.98,2.18,1.98,2.18,0,0
ACR_MV,D,20120112,000000,2.18,2.18,2.18,2.18,0,0
ACR_MV,D,20120113,000000,2.18,2.28,2.11,2.28,0,0
ACR_MV,D,20120116,000000,2.23,2.48,2.15,2.16,0,0
ACR_MV,D,20120117,000000,2.33,2.33,2.24,2.33,0,0
ACR_MV,D,20120118,000000,2.23,2.44,2.18,2.18,0,0
ACR_MV,D,20120119,000000,2.16,2.16,1.85,2.11,0,0
ACR_MV,D,20120120,000000,2.11,2.13,2.01,2.11,0,0
ACR_MV,D,20120123,000000,2.13,2.18,2.05,2.05,0,0
ACR_MV,D,20120124,000000,2.05,2.87,1.95,2.87,0,0
ACR_MV,D,20120125,000000,2.64,2.79,2.33,2.44,0,0
ACR_MV,D,20120126,000000,2.71,2.71,2.23,2.44,0,0
ACR_MV,D,20120127,000000,2.48,2.64,1.98,2.26,0,0
ACR_MV,D,20120130,000000,2.31,2.48,2.28,2.38,0,0
ACR_MV,D,20120131,000000,2.38,2.38,2.15,2.21,0,0
ACR_MV,D,20120201,000000,2.34,2.38,2.05,2.05,0,0
ACR_MV,D,20120202,000000,2.23,2.23,2.03,2.1,0,0
ACR_MV,D,20120203,000000,2.15,2.23,2.08,2.18,0,0
ACR_MV,D,20120206,000000,2.29,2.29,2.11,2.26,0,0
ACR_MV,D,20120207,000000,2.23,2.31,2.23,2.23,0,0
ACR_MV,D,20120208,000000,2.21,2.57,2.21,2.44,0,0
ACR_MV,D,20120209,000000,2.44,2.61,2.39,2.51,0,0
ACR_MV,D,20120210,000000,2.51,2.51,2.39,2.51,0,0
ACR_MV,D,20120213,000000,2.51,2.51,2.38,2.41,0,0
ACR_MV,D,20120214,000000,2.52,2.52,2.39,2.43,0,0
ACR_MV,D,20120215,000000,2.41,2.49,2.39,2.48,0,0
ACR_MV,D,20120216,000000,2.41,2.52,2.39,2.46,0,0
ACR_MV,D,20120217,000000,2.52,2.77,2.43,2.72,0,0
ACR_MV,D,20120220,000000,2.76,2.87,2.59,2.71,0,0
ACR_MV,D,20120221,000000,2.97,2.97,2.71,2.72,0,0
ACR_MV,D,20120222,000000,2.72,2.84,2.67,2.77,0,0
ACR_MV,D,20120223,000000,2.84,2.84,2.61,2.64,0,0
ACR_MV,D,20120224,000000,2.59,2.72,2.29,2.39,0,0
ACR_MV,D,20120227,000000,2.33,2.77,2.33,2.64,0,0
ACR_MV,D,20120228,000000,2.77,2.77,2.48,2.74,0,0
ACR_MV,D,20120229,000000,2.62,2.64,2.41,2.41,0,0
ACR_MV,D,20120301,000000,2.41,2.62,2.39,2.43,0,0
ACR_MV,D,20120302,000000,2.44,2.62,2.43,2.61,0,0
ACR_MV,D,20120305,000000,2.62,2.85,2.41,2.51,0,0
ACR_MV,D,20120306,000000,2.79,2.79,2.41,2.41,0,0
ACR_MV,D,20120307,000000,2.39,2.56,2.36,2.39,0,0
ACR_MV,D,20120308,000000,2.69,2.69,2.44,2.57,0,0
ACR_MV,D,20120309,000000,2.71,3.04,2.66,2.66,0,0
ACR_MV,D,20120312,000000,3.02,3.02,2.69,2.69,0,0
ACR_MV,D,20120313,000000,2.67,2.71,2.49,2.49,0,0
ACR_MV,D,20120314,000000,2.76,2.76,2.41,2.41,0,0
ACR_MV,D,20120315,000000,2.71,2.71,2.44,2.51,0,0
ACR_MV,D,20120316,000000,2.76,2.76,2.51,2.72,0,0
ACR_MV,D,20120319,000000,2.57,2.76,2.54,2.76,0,0
ACR_MV,D,20120320,000000,2.76,2.84,2.66,2.66,0,0
ACR_MV,D,20120321,000000,2.67,2.69,2.64,2.64,0,0
ACR_MV,D,20120322,000000,2.64,2.64,2.54,2.64,0,0
ACR_MV,D,20120323,000000,2.56,2.87,2.41,2.87,0,0
ACR_MV,D,20120326,000000,2.92,3.04,2.81,2.85,0,0
ACR_MV,D,20120327,000000,3.02,4.09,3.02,4.04,0,0
ACR_MV,D,20120328,000000,4.85,5.3,3.3,3.38,0,0
ACR_MV,D,20120329,000000,2.9,3.76,2.9,3.53,0,0
ACR_MV,D,20120330,000000,3.89,4.19,3.71,3.71,0,0
ACR_MV,D,20120402,000000,3.71,4.26,3.51,3.51,0,0
ACR_MV,D,20120403,000000,3.55,3.73,3.3,3.71,0,0
ACR_MV,D,20120404,000000,3.32,3.73,3.23,3.23,0,0
ACR_MV,D,20120405,000000,3.3,3.47,3.14,3.47,0,0
ACR_MV,D,20120410,000000,3.63,3.63,3.32,3.55,0,0
ACR_MV,D,20120411,000000,3.53,4.08,3.4,3.81,0,0
ACR_MV,D,20120412,000000,3.8,4.29,3.47,3.98,0,0
ACR_MV,D,20120413,000000,4.08,4.08,3.75,3.76,0,0
ACR_MV,D,20120416,000000,4.04,4.04,3.71,3.91,0,0
ACR_MV,D,20120417,000000,3.8,4.01,3.8,4.01,0,0
ACR_MV,D,20120418,000000,4.04,4.26,3.91,3.98,0,0
ACR_MV,D,20120419,000000,3.84,3.94,3.7,3.86,0,0
ACR_MV,D,20120420,000000,3.7,3.88,3.56,3.56,0,0
ACR_MV,D,20120423,000000,3.47,3.47,3.14,3.28,0,0
ACR_MV,D,20120424,000000,3.3,3.3,2.79,3.14,0,0
ACR_MV,D,20120425,000000,3.14,3.14,2.81,2.95,0,0
ACR_MV,D,20120426,000000,3.12,3.12,2.71,2.94,0,0
ACR_MV,D,20120427,000000,2.71,3.05,2.71,3.05,0,0
ACR_MV,D,20120430,000000,3.12,3.12,3.12,3.12,0,0
ACR_MV,D,20120504,000000,2.81,3.12,2.81,3.12,0,0
ACR_MV,D,20120507,000000,3.05,3.05,2.76,3.02,0,0
ACR_MV,D,20120508,000000,3.12,3.58,2.82,3.58,0,0
ACR_MV,D,20120511,000000,2.97,3.51,2.97,3.51,0,0
ACR_MV,D,20120514,000000,2.97,3.47,2.97,3.47,0,0
ACR_MV,D,20120515,000000,2.97,2.97,2.97,2.97,0,0
ACR_MV,D,20120516,000000,3.45,3.45,3.28,3.28,0,0
ACR_MV,D,20120517,000000,2.64,3.15,2.64,3.15,0,0
ACR_MV,D,20120518,000000,3.28,3.28,2.64,3.15,0,0
ACR_MV,D,20120522,000000,2.64,3.1,2.64,3.09,0,0
ACR_MV,D,20120524,000000,2.79,2.81,2.52,2.79,0,0
ACR_MV,D,20120528,000000,2.51,2.62,2.49,2.61,0,0
ACR_MV,D,20120530,000000,2.62,2.62,2.62,2.62,0,0
ACR_MV,D,20120531,000000,2.62,2.72,2.48,2.71,0,0
ACR_MV,D,20120604,000000,2.46,2.64,2.46,2.64,0,0
ACR_MV,D,20120605,000000,2.64,2.64,2.64,2.64,0,0
ACR_MV,D,20120606,000000,2.64,2.64,2.64,2.64,0,0
ACR_MV,D,20120608,000000,2.72,2.89,2.72,2.89,0,0
ACR_MV,D,20120611,000000,2.81,2.97,2.81,2.97,0,0
ACR_MV,D,20120612,000000,2.48,2.97,2.48,2.97,0,0
ACR_MV,D,20120614,000000,2.48,3.27,2.48,3.27,0,0
ACR_MV,D,20120615,000000,2.67,3.05,2.67,3.05,0,0
ACR_MV,D,20120618,000000,2.56,3.22,2.56,3.22,0,0
ACR_MV,D,20120619,000000,3.12,3.12,3.12,3.12,0,0
ACR_MV,D,20120620,000000,2.81,3.1,2.81,3.1,0,0
ACR_MV,D,20120621,000000,3.1,3.1,3.1,3.1,0,0
ACR_MV,D,20120622,000000,2.51,3.14,2.51,3.14,0,0
ACR_MV,D,20120626,000000,3.3,3.3,2.54,3.23,0,0
ACR_MV,D,20120629,000000,3.05,3.05,3.05,3.05,0,0
ACR_MV,D,20120702,000000,3.02,3.02,2.49,3.02,0,0
ACR_MV,D,20120703,000000,3.02,3.04,2.48,2.99,0,0
ACR_MV,D,20120704,000000,2.95,2.95,2.46,2.95,0,0
ACR_MV,D,20120705,000000,2.95,2.95,2.95,2.95,0,0
ACR_MV,D,20120706,000000,2.94,2.94,2.94,2.94,0,0
ACR_MV,D,20120709,000000,2.72,2.95,2.72,2.95,0,0
ACR_MV,D,20120711,000000,2.72,2.94,2.72,2.94,0,0
ACR_MV,D,20120713,000000,2.72,2.72,2.72,2.72,0,0
ACR_MV,D,20120716,000000,2.87,2.87,2.87,2.87,0,0
ACR_MV,D,20120717,000000,2.46,2.46,2.46,2.46,0,0
ACR_MV,D,20120718,000000,2.06,2.71,2.06,2.64,0,0
ACR_MV,D,20120719,000000,2.74,2.74,2.74,2.74,0,0
ACR_MV,D,20120720,000000,2.19,2.66,2.19,2.64,0,0
ACR_MV,D,20120723,000000,2.62,2.62,2.62,2.62,0,0
ACR_MV,D,20120724,000000,2.56,2.56,2.56,2.56,0,0
ACR_MV,D,20120725,000000,2.48,2.51,2.39,2.51,0,0
ACR_MV,D,20120726,000000,2.56,2.56,2.56,2.56,0,0
ACR_MV,D,20120727,000000,2.52,2.52,2.52,2.52,0,0
ACR_MV,D,20120801,000000,2.48,2.48,2.48,2.48,0,0
ACR_MV,D,20120808,000000,2.46,2.46,2.46,2.46,0,0
ACR_MV,D,20120809,000000,2.41,2.46,2.41,2.46,0,0
ACR_MV,D,20120814,000000,2.46,2.46,2.46,2.46,0,0
ACR_MV,D,20120816,000000,1.98,2.46,1.86,2.38,0,0
ACR_MV,D,20120824,000000,2.29,2.54,2.29,2.54,0,0
ACR_MV,D,20120830,000000,2.52,2.52,2.52,2.52,0,0
ACR_MV,D,20120903,000000,2.51,2.82,2.51,2.82,0,0
ACR_MV,D,20120904,000000,2.82,2.82,2.82,2.82,0,0
ACR_MV,D,20120905,000000,2.99,2.99,2.99,2.99,0,0
ACR_MV,D,20120912,000000,2.9,2.9,2.9,2.9,0,0
ACR_MV,D,20120913,000000,2.97,2.97,2.97,2.97,0,0
ACR_MV,D,20120914,000000,2.97,2.97,2.97,2.97,0,0
ACR_MV,D,20120920,000000,2.94,2.94,2.92,2.92,0,0
ACR_MV,D,20120926,000000,2.61,2.61,2.61,2.61,0,0
ACR_MV,D,20120927,000000,2.11,2.46,2.1,2.11,0,0
ACR_MV,D,20120928,000000,2.46,2.46,2.11,2.11,0,0
ACR_MV,D,20121001,000000,2.36,2.36,2,2.11,0,0
ACR_MV,D,20121002,000000,2.29,2.29,2.06,2.29,0,0
ACR_MV,D,20121003,000000,2.29,2.29,2.29,2.29,0,0
ACR_MV,D,20121004,000000,2.29,2.29,2.29,2.29,0,0
ACR_MV,D,20121005,000000,2.29,2.71,2.29,2.71,0,0
ACR_MV,D,20121008,000000,2.18,2.51,2.18,2.51,0,0
ACR_MV,D,20121009,000000,2.64,2.64,2.64,2.64,0,0
ACR_MV,D,20121010,000000,2.44,2.64,2.44,2.64,0,0
ACR_MV,D,20121016,000000,2.46,2.46,2.46,2.46,0,0
ACR_MV,D,20121017,000000,1.88,2.15,1.85,2.15,0,0
ACR_MV,D,20121018,000000,2.46,2.46,1.95,2.44,0,0
ACR_MV,D,20121019,000000,2.39,2.89,2.39,2.82,0,0
ACR_MV,D,20121022,000000,2.71,2.92,2.71,2.92,0,0
ACR_MV,D,20121023,000000,2.9,2.92,2.9,2.92,0,0
ACR_MV,D,20121024,000000,2.81,2.92,2.81,2.92,0,0
ACR_MV,D,20121025,000000,2.92,2.92,2.92,2.92,0,0
ACR_MV,D,20121026,000000,2.76,2.92,2.76,2.92,0,0
ACR_MV,D,20121029,000000,2.36,2.9,2.34,2.9,0,0
ACR_MV,D,20121030,000000,2.85,3.37,2.85,3.37,0,0
ACR_MV,D,20121031,000000,3.3,3.63,3.3,3.61,0,0
ACR_MV,D,20121102,000000,3.32,3.63,3.32,3.61,0,0
ACR_MV,D,20121105,000000,3.47,3.83,3.47,3.63,0,0
ACR_MV,D,20121106,000000,3.8,3.8,3.38,3.38,0,0
ACR_MV,D,20121107,000000,3.38,3.55,3.38,3.38,0,0
ACR_MV,D,20121108,000000,3.37,3.76,3.3,3.7,0,0
ACR_MV,D,20121109,000000,3.47,3.55,3.47,3.47,0,0
ACR_MV,D,20121112,000000,3.3,3.37,3.14,3.3,0,0
ACR_MV,D,20121114,000000,2.56,3.05,2.31,2.64,0,0
ACR_MV,D,20121115,000000,2.64,3.17,2.64,3.12,0,0
ACR_MV,D,20121116,000000,3.23,3.23,3.23,3.23,0,0
ACR_MV,D,20121119,000000,3.25,3.25,3.25,3.25,0,0
ACR_MV,D,20121120,000000,2.61,2.84,2.61,2.84,0,0
ACR_MV,D,20121121,000000,2.59,2.64,2.28,2.64,0,0
ACR_MV,D,20121122,000000,2.64,3.17,2.64,3.15,0,0
ACR_MV,D,20121123,000000,3.05,3.05,2.89,2.97,0,0
ACR_MV,D,20121126,000000,2.72,2.72,2.72,2.72,0,0
ACR_MV,D,20121127,000000,2.44,2.72,2.44,2.72,0,0
ACR_MV,D,20121128,000000,2.71,2.72,2.71,2.71,0,0
ACR_MV,D,20121129,000000,2.72,3.14,2.72,2.94,0,0
ACR_MV,D,20121130,000000,2.92,3.43,2.92,3.3,0,0
ACR_MV,D,20121203,000000,3.05,3.22,2.97,3.22,0,0
ACR_MV,D,20121204,000000,2.97,3.2,2.97,2.97,0,0
ACR_MV,D,20121210,000000,2.74,3.22,2.74,3.22,0,0
ACR_MV,D,20121211,000000,2.89,2.89,2.89,2.89,0,0
ACR_MV,D,20121212,000000,2.89,3.05,2.81,2.89,0,0
ACR_MV,D,20121213,000000,2.89,2.89,2.89,2.89,0,0
ACR_MV,D,20121214,000000,2.36,2.82,2.36,2.82,0,0
ACR_MV,D,20121217,000000,2.39,2.79,2.39,2.79,0,0
ACR_MV,D,20121218,000000,2.39,2.77,2.39,2.77,0,0
ACR_MV,D,20121219,000000,2.77,2.77,2.77,2.77,0,0
ACR_MV,D,20121220,000000,2.77,2.77,2.77,2.77,0,0
ACR_MV,D,20121221,000000,2.77,2.77,2.77,2.77,0,0
ACR_MV,D,20130102,000000,2.77,2.77,2.77,2.77,0,0
ACR_MV,D,20130103,000000,2.77,2.77,2.77,2.77,0,0
ACR_MV,D,20130104,000000,2.41,2.41,2.31,2.31,0,0
ACR_MV,D,20130107,000000,2.64,2.64,2.64,2.64,0,0
ACR_MV,D,20130108,000000,2.64,2.64,2.64,2.64,0,0
ACR_MV,D,20130109,000000,2.64,2.64,2.64,2.64,0,0
ACR_MV,D,20130110,000000,2.64,2.64,2.64,2.64,0,0
ACR_MV,D,20130111,000000,2.31,2.56,2.11,2.56,0,0
ACR_MV,D,20130114,000000,2.54,2.64,2.54,2.61,0,0
ACR_MV,D,20130115,000000,2.62,2.62,2.62,2.62,0,0
ACR_MV,D,20130116,000000,2.64,2.82,2.64,2.82,0,0
ACR_MV,D,20130117,000000,2.85,2.85,2.82,2.84,0,0
ACR_MV,D,20130122,000000,2.43,2.72,2.43,2.72,0,0
ACR_MV,D,20130123,000000,2.79,2.79,2.79,2.79,0,0
ACR_MV,D,20130125,000000,2.72,2.72,2.49,2.49,0,0
ACR_MV,D,20130128,000000,2.72,2.76,2.72,2.76,0,0
ACR_MV,D,20130130,000000,2.56,2.74,2.56,2.74,0,0
ACR_MV,D,20130131,000000,2.76,2.76,2.76,2.76,0,0
ACR_MV,D,20130201,000000,2.76,2.76,2.76,2.76,0,0
ACR_MV,D,20130204,000000,2.76,2.95,2.76,2.95,0,0
ACR_MV,D,20130205,000000,3.07,3.07,3.05,3.05,0,0
ACR_MV,D,20130206,000000,2.84,3.45,2.81,3.45,0,0
ACR_MV,D,20130207,000000,3.38,3.47,3.3,3.37,0,0
ACR_MV,D,20130208,000000,3.15,3.15,3.14,3.14,0,0
ACR_MV,D,20130211,000000,3.25,3.38,3.25,3.38,0,0
ACR_MV,D,20130212,000000,3.14,3.14,3.14,3.14,0,0
ACR_MV,D,20130213,000000,3.15,3.15,3.15,3.15,0,0
ACR_MV,D,20130218,000000,3.14,3.14,3.14,3.14,0,0
ACR_MV,D,20130221,000000,2.51,3.14,2.51,3.14,0,0
ACR_MV,D,20130222,000000,3.12,3.12,2.51,3.05,0,0
ACR_MV,D,20130225,000000,3.14,3.14,2.39,2.39,0,0
ACR_MV,D,20130226,000000,2.41,2.81,2.06,2.72,0,0
ACR_MV,D,20130227,000000,2.79,2.79,2.33,2.33,0,0
ACR_MV,D,20130228,000000,2.71,2.77,2.39,2.72,0,0
ACR_MV,D,20130301,000000,2.71,2.71,2.71,2.71,0,0
ACR_MV,D,20130304,000000,2.56,2.56,2.56,2.56,0,0
ACR_MV,D,20130305,000000,2.39,2.39,2.05,2.31,0,0
ACR_MV,D,20130306,000000,2.44,2.44,2.11,2.38,0,0
ACR_MV,D,20130307,000000,2.36,2.36,2.36,2.36,0,0
ACR_MV,D,20130311,000000,2.06,2.06,2.06,2.06,0,0
ACR_MV,D,20130312,000000,1.73,2.06,1.73,2.06,0,0
ACR_MV,D,20130313,000000,1.98,1.98,1.98,1.98,0,0
ACR_MV,D,20130314,000000,2.06,2.06,1.98,2.06,0,0
ACR_MV,D,20130315,000000,2.06,2.38,2.06,2.28,0,0
ACR_MV,D,20130319,000000,2.31,2.31,2.31,2.31,0,0
ACR_MV,D,20130322,000000,2.29,2.29,2.29,2.29,0,0
ACR_MV,D,20130325,000000,2.31,2.31,2.31,2.31,0,0
ACR_MV,D,20130326,000000,2.08,2.08,2.08,2.08,0,0
ACR_MV,D,20130327,000000,1.75,2.06,1.73,2.06,0,0
ACR_MV,D,20130328,000000,2.06,2.06,2.06,2.06,0,0
ACR_MV,D,20130402,000000,1.73,2.06,1.73,2.06,0,0
ACR_MV,D,20130403,000000,2.06,2.06,2.06,2.06,0,0
ACR_MV,D,20130404,000000,2.06,2.06,1.68,2.06,0,0
ACR_MV,D,20130405,000000,2.06,2.06,2.06,2.06,0,0
ACR_MV,D,20130408,000000,2.06,2.06,2.06,2.06,0,0
ACR_MV,D,20130409,000000,2.06,2.06,2.06,2.06,0,0
ACR_MV,D,20130410,000000,2.15,2.31,2.15,2.31,0,0
ACR_MV,D,20130411,000000,2.01,2.23,2.01,2.23,0,0
ACR_MV,D,20130412,000000,2.06,2.06,2.06,2.06,0,0
ACR_MV,D,20130415,000000,2.13,2.13,2.13,2.13,0,0
ACR_MV,D,20130417,000000,1.9,1.9,1.9,1.9,0,0
ACR_MV,D,20130418,000000,1.82,1.82,1.73,1.82,0,0
ACR_MV,D,20130419,000000,1.82,1.82,1.82,1.82,0,0
ACR_MV,D,20130422,000000,1.95,1.95,1.49,1.88,0,0
ACR_MV,D,20130424,000000,1.95,1.95,1.95,1.95,0,0
ACR_MV,D,20130425,000000,1.95,2.05,1.95,2.05,0,0
ACR_MV,D,20130426,000000,2.05,2.05,2.05,2.05,0,0
ACR_MV,D,20130429,000000,2.05,2.05,2.05,2.05,0,0
ACR_MV,D,20130430,000000,2.05,2.05,2.05,2.05,0,0
ACR_MV,D,20130502,000000,2.05,2.05,2.05,2.05,0,0
ACR_MV,D,20130506,000000,2.05,2.11,2.05,2.11,0,0
ACR_MV,D,20130507,000000,2.13,2.13,2.13,2.13,0,0
ACR_MV,D,20130509,000000,2.13,2.13,2.13,2.13,0,0
ACR_MV,D,20130510,000000,2.13,2.13,2.13,2.13,0,0
ACR_MV,D,20130513,000000,1.75,2.1,1.75,2.1,0,0
ACR_MV,D,20130515,000000,2.1,2.13,2.1,2.13,0,0
ACR_MV,D,20130516,000000,1.88,2.13,1.88,2.13,0,0
ACR_MV,D,20130517,000000,1.72,1.98,1.72,1.98,0,0
ACR_MV,D,20130527,000000,1.67,1.67,1.65,1.65,0,0
ACR_MV,D,20130528,000000,1.88,1.88,1.88,1.88,0,0
ACR_MV,D,20130529,000000,1.91,1.91,1.91,1.91,0,0
ACR_MV,D,20130531,000000,1.91,1.95,1.91,1.95,0,0
ACR_MV,D,20130604,000000,1.93,1.93,1.93,1.93,0,0
ACR_MV,D,20130605,000000,1.93,1.93,1.93,1.93,0,0
ACR_MV,D,20130606,000000,1.93,1.93,1.93,1.93,0,0
ACR_MV,D,20130607,000000,1.55,1.78,1.29,1.78,0,0
ACR_MV,D,20130610,000000,1.78,1.78,1.78,1.78,0,0
ACR_MV,D,20130612,000000,1.75,1.75,1.75,1.75,0,0
ACR_MV,D,20130613,000000,1.44,1.75,1.44,1.75,0,0
ACR_MV,D,20130614,000000,1.75,1.95,1.75,1.93,0,0
ACR_MV,D,20130617,000000,1.82,2.06,1.82,2.06,0,0
ACR_MV,D,20130618,000000,2.44,2.62,2.44,2.62,0,0
ACR_MV,D,20130619,000000,2.56,2.85,2.48,2.81,0,0
ACR_MV,D,20130620,000000,2.87,2.87,2.81,2.81,0,0
ACR_MV,D,20130621,000000,2.76,2.76,2.33,2.54,0,0
ACR_MV,D,20130624,000000,2.54,2.87,2.54,2.87,0,0
ACR_MV,D,20130625,000000,2.82,2.82,2.82,2.82,0,0
ACR_MV,D,20130626,000000,2.79,2.79,2.79,2.79,0,0
ACR_MV,D,20130627,000000,2.24,2.24,2.18,2.18,0,0
ACR_MV,D,20130701,000000,1.8,1.8,1.75,1.75,0,0
ACR_MV,D,20130703,000000,2.23,2.23,2.23,2.23,0,0
ACR_MV,D,20130704,000000,2.67,2.67,2.67,2.67,0,0
ACR_MV,D,20130705,000000,2.29,2.29,2.29,2.29,0,0
ACR_MV,D,20130712,000000,4.69,4.69,4.69,4.69,0,0
ACR_MV,D,20130718,000000,4.66,4.66,4.66,4.66,0,0
ACR_MV,D,20130801,000000,4.58,4.58,4.58,4.58,0,0
ACR_MV,D,20130802,000000,4.58,4.58,4.58,4.58,0,0
ACR_MV,D,20130805,000000,4.55,5.11,4.55,5.11,0,0
ACR_MV,D,20130806,000000,5.11,5.11,4.58,4.8,0,0
ACR_MV,D,20130807,000000,4.77,4.77,4.77,4.77,0,0
ACR_MV,D,20130808,000000,4.77,4.77,3.89,3.89,0,0
ACR_MV,D,20130809,000000,4.58,4.58,4.58,4.58,0,0
ACR_MV,D,20130812,000000,4.58,5,4.58,5,0,0
ACR_MV,D,20130813,000000,5.08,5.08,4.16,4.97,0,0
ACR_MV,D,20130816,000000,4.88,4.88,4.86,4.86,0,0
ACR_MV,D,20130819,000000,4.86,4.86,4.86,4.86,0,0
ACR_MV,D,20130826,000000,4.58,4.86,4.58,4.83,0,0
ACR_MV,D,20130827,000000,4.22,4.83,3.89,3.89,0,0
ACR_MV,D,20130828,000000,4.66,4.66,4.61,4.61,0,0
ACR_MV,D,20130829,000000,4.61,4.61,4.61,4.61,0,0
ACR_MV,D,20130903,000000,4.58,4.69,4.58,4.69,0,0
ACR_MV,D,20130904,000000,4.44,4.66,4.44,4.66,0,0
ACR_MV,D,20130905,000000,4.69,4.69,4.69,4.69,0,0
ACR_MV,D,20130906,000000,4.72,4.72,4.72,4.72,0,0
ACR_MV,D,20130909,000000,4.69,4.69,4.69,4.69,0,0
ACR_MV,D,20130911,000000,4.16,4.16,4.16,4.16,0,0
ACR_MV,D,20130912,000000,4.58,4.58,4.58,4.58,0,0
ACR_MV,D,20130913,000000,4.69,4.69,4.66,4.66,0,0
ACR_MV,D,20130916,000000,4.63,4.63,4.61,4.61,0,0
ACR_MV,D,20130918,000000,4.63,4.63,4.63,4.63,0,0
ACR_MV,D,20130925,000000,4.69,4.69,4.69,4.69,0,0
ACR_MV,D,20130926,000000,4.02,4.58,4.02,4.58,0,0
ACR_MV,D,20130927,000000,4.69,4.69,4.69,4.69,0,0
ACR_MV,D,20130930,000000,4.69,4.72,4.69,4.72,0,0
ACR_MV,D,20131001,000000,4.66,4.66,4.61,4.61,0,0
ACR_MV,D,20131002,000000,4.61,4.61,4.44,4.44,0,0
ACR_MV,D,20131003,000000,4.61,4.63,4.61,4.63,0,0
ACR_MV,D,20131004,000000,4.61,5.22,4.61,5.22,0,0
ACR_MV,D,20131007,000000,5.22,5.8,4.86,5.55,0,0
ACR_MV,D,20131008,000000,5.66,5.66,4.97,5.49,0,0
ACR_MV,D,20131009,000000,5.49,5.49,5,5,0,0
ACR_MV,D,20131010,000000,5.27,5.36,5.27,5.27,0,0
ACR_MV,D,20131011,000000,5.38,5.38,5.3,5.3,0,0
ACR_MV,D,20131014,000000,5.38,5.72,5.38,5.55,0,0
ACR_MV,D,20131015,000000,5,5.52,5,5.52,0,0
ACR_MV,D,20131016,000000,5.52,5.61,5.52,5.61,0,0
ACR_MV,D,20131018,000000,5.27,5.49,5.27,5.49,0,0
ACR_MV,D,20131021,000000,5.16,5.47,5,5.41,0,0
ACR_MV,D,20131022,000000,5,5.38,5,5.38,0,0
ACR_MV,D,20131023,000000,5.38,5.38,5.38,5.38,0,0
ACR_MV,D,20131024,000000,5.38,5.61,5.38,5.55,0,0
ACR_MV,D,20131025,000000,5.55,5.86,5.55,5.86,0,0
ACR_MV,D,20131028,000000,5.77,6.22,5.72,6.19,0,0
ACR_MV,D,20131029,000000,6.22,6.22,5.36,5.83,0,0
ACR_MV,D,20131030,000000,5.86,5.86,5.86,5.86,0,0
ACR_MV,D,20131031,000000,5.55,5.83,5.55,5.55,0,0
ACR_MV,D,20131104,000000,5.86,5.86,5.47,5.47,0,0
ACR_MV,D,20131105,000000,5.83,5.83,4.72,5.55,0,0
ACR_MV,D,20131106,000000,5.52,5.52,4.75,5.41,0,0
ACR_MV,D,20131113,000000,5.33,5.83,5.33,5.83,0,0
ACR_MV,D,20131114,000000,5.77,6.05,5.55,5.97,0,0
ACR_MV,D,20131115,000000,5.27,5.99,5.27,5.97,0,0
ACR_MV,D,20131118,000000,5.99,6.02,5.61,5.99,0,0
ACR_MV,D,20131119,000000,5.99,6.02,5.38,5.99,0,0
ACR_MV,D,20131121,000000,5.8,5.8,5.8,5.8,0,0
ACR_MV,D,20131122,000000,5.8,5.94,5.66,5.66,0,0
ACR_MV,D,20131125,000000,5.66,6.05,5.66,6.05,0,0
ACR_MV,D,20131126,000000,5.77,6.11,5.77,6.11,0,0
ACR_MV,D,20131127,000000,6.08,6.08,5.69,5.99,0,0
ACR_MV,D,20131128,000000,5.97,5.97,5.97,5.97,0,0
ACR_MV,D,20131129,000000,5.97,5.97,5.97,5.97,0,0
ACR_MV,D,20131202,000000,5.69,5.86,5.69,5.86,0,0
ACR_MV,D,20131205,000000,5.83,5.83,5.83,5.83,0,0
ACR_MV,D,20131206,000000,5.83,5.97,5.83,5.97,0,0
ACR_MV,D,20131209,000000,5.94,5.94,5.94,5.94,0,0
ACR_MV,D,20131212,000000,5.91,5.91,5.27,5.27,0,0
ACR_MV,D,20131213,000000,5.83,5.83,5.83,5.83,0,0
ACR_MV,D,20131216,000000,5.8,5.8,5.27,5.27,0,0
ACR_MV,D,20131217,000000,5.69,5.69,5.69,5.69,0,0
ACR_MV,D,20131218,000000,5.66,5.66,5.66,5.66,0,0
ACR_MV,D,20131220,000000,5.58,5.58,5.58,5.58,0,0
ACR_MV,D,20131223,000000,5.58,5.58,5.58,5.58,0,0
ACR_MV,D,20131227,000000,5.55,5.58,4.8,5.55,0,0
ACR_MV,D,20131230,000000,5.55,5.58,5.55,5.55,0,0
ACR_MV,D,20140102,000000,5.69,5.77,5.22,5.77,0,0
ACR_MV,D,20140103,000000,5.8,5.8,5.66,5.66,0,0
ACR_MV,D,20140107,000000,5.55,5.69,5.55,5.66,0,0
ACR_MV,D,20140109,000000,5.52,5.52,5.41,5.41,0,0
ACR_MV,D,20140110,000000,5.41,5.41,5.41,5.41,0,0
ACR_MV,D,20140113,000000,5.41,5.63,5.02,5.63,0,0
ACR_MV,D,20140114,000000,5.55,5.55,5.27,5.55,0,0
ACR_MV,D,20140115,000000,5.66,6.08,5.66,6.08,0,0
ACR_MV,D,20140116,000000,5.69,6.16,5.69,6.16,0,0
ACR_MV,D,20140117,000000,5.72,5.72,5.72,5.72,0,0
ACR_MV,D,20140120,000000,5.83,6.19,5.83,6.19,0,0
ACR_MV,D,20140121,000000,6.16,6.16,5.83,5.83,0,0
ACR_MV,D,20140122,000000,6.11,6.19,6.11,6.19,0,0
ACR_MV,D,20140123,000000,6.52,6.52,6.52,6.52,0,0
ACR_MV,D,20140124,000000,5.99,6.38,5.97,6.38,0,0
ACR_MV,D,20140128,000000,6.33,6.33,6.33,6.33,0,0
ACR_MV,D,20140129,000000,5.83,6.33,5.83,6.33,0,0
ACR_MV,D,20140203,000000,5.41,5.8,5.41,5.8,0,0
ACR_MV,D,20140204,000000,5.52,5.74,5.52,5.74,0,0
ACR_MV,D,20140205,000000,5.72,5.72,5.27,5.66,0,0
ACR_MV,D,20140206,000000,5.66,5.66,5.66,5.66,0,0
ACR_MV,D,20140207,000000,4.75,5.63,4.75,5.63,0,0
ACR_MV,D,20140214,000000,4.75,5.58,4.75,5.58,0,0
ACR_MV,D,20140218,000000,5.55,5.55,5.55,5.55,0,0
ACR_MV,D,20140219,000000,4.69,5.55,4.58,5.55,0,0
ACR_MV,D,20140313,000000,5.41,5.44,4.44,5.41,0,0
ACR_MV,D,20140314,000000,5.41,5.41,5.41,5.41,0,0
ACR_MV,D,20140318,000000,4.44,4.97,4.3,4.97,0,0
ACR_MV,D,20140319,000000,4.97,5.33,4.97,5.33,0,0
ACR_MV,D,20140320,000000,5.33,5.33,5.33,5.33,0,0
ACR_MV,D,20140321,000000,4.86,5.27,4.86,5.27,0,0
ACR_MV,D,20140324,000000,5.27,5.27,5.27,5.27,0,0
ACR_MV,D,20140327,000000,4.58,4.58,4.58,4.58,0,0
ACR_MV,D,20140328,000000,4.72,4.72,4.72,4.72,0,0
ACR_MV,D,20140331,000000,4.3,4.58,4.3,4.58,0,0
ACR_MV,D,20140404,000000,4.55,4.72,4.55,4.72,0,0
ACR_MV,D,20140411,000000,4.72,5.24,4.72,5.24,0,0
ACR_MV,D,20140414,000000,4.88,5.27,4.88,5.27,0,0
ACR_MV,D,20140415,000000,5.27,5.27,5.24,5.24,0,0
ACR_MV,D,20140416,000000,5.24,5.27,5.24,5.27,0,0
ACR_MV,D,20140417,000000,5.27,5.44,5.27,5.38,0,0
ACR_MV,D,20140422,000000,5.38,5.38,5.38,5.38,0,0
ACR_MV,D,20140423,000000,5.38,5.38,5.3,5.3,0,0
ACR_MV,D,20140425,000000,5.27,5.27,5.27,5.27,0,0
ACR_MV,D,20140428,000000,5.27,5.44,5.27,5.44,0,0
ACR_MV,D,20140429,000000,5.44,5.44,5.44,5.44,0,0
ACR_MV,D,20140430,000000,5.44,5.44,5.44,5.44,0,0
ACR_MV,D,20140502,000000,5.47,5.72,5.47,5.72,0,0
ACR_MV,D,20140505,000000,5.66,5.66,5.36,5.55,0,0
ACR_MV,D,20140506,000000,5.3,5.3,5.3,5.3,0,0
ACR_MV,D,20140507,000000,5.13,5.3,4.86,5,0,0
ACR_MV,D,20140508,000000,5,5,4.83,5,0,0
ACR_MV,D,20140509,000000,5,5,5,5,0,0
ACR_MV,D,20140512,000000,5,5,5,5,0,0
ACR_MV,D,20140513,000000,4.83,4.83,4.58,4.58,0,0
ACR_MV,D,20140514,000000,4.3,4.41,4.3,4.41,0,0
ACR_MV,D,20140515,000000,4.44,5,4.44,5,0,0
ACR_MV,D,20140516,000000,5,5.3,5,5.3,0,0
ACR_MV,D,20140519,000000,5.41,5.41,5.41,5.41,0,0
ACR_MV,D,20140520,000000,5.38,5.38,5.38,5.38,0,0
ACR_MV,D,20140528,000000,5.27,5.27,5.27,5.27,0,0
ACR_MV,D,20140529,000000,5.38,5.72,5.38,5.72,0,0
ACR_MV,D,20140530,000000,5.41,5.41,5.3,5.3,0,0
ACR_MV,D,20140602,000000,5.27,5.38,5.27,5.38,0,0
ACR_MV,D,20140603,000000,5.47,5.66,5.47,5.66,0,0
ACR_MV,D,20140604,000000,5.38,5.69,5.38,5.69,0,0
ACR_MV,D,20140609,000000,5.41,5.41,5.41,5.41,0,0
ACR_MV,D,20140611,000000,5.41,5.41,5.41,5.41,0,0
ACR_MV,D,20140612,000000,5.41,5.41,5.41,5.41,0,0
ACR_MV,D,20140613,000000,5.05,5.05,5.05,5.05,0,0
ACR_MV,D,20140616,000000,5.13,5.13,5.13,5.13,0,0
ACR_MV,D,20140618,000000,5.13,5.13,5.13,5.13,0,0
ACR_MV,D,20140620,000000,5.41,5.41,5.41,5.41,0,0
ACR_MV,D,20140623,000000,5.41,5.41,5.41,5.41,0,0
ACR_MV,D,20140624,000000,5.41,5.41,5.05,5.05,0,0
ACR_MV,D,20140625,000000,5.13,5.13,5.13,5.13,0,0
ACR_MV,D,20140627,000000,5.13,5.3,5.13,5.3,0,0
ACR_MV,D,20140630,000000,5.3,5.3,5.3,5.3,0,0
ACR_MV,D,20140702,000000,5.3,5.3,5.3,5.3,0,0
ACR_MV,D,20140704,000000,5.27,5.27,5.27,5.27,0,0
ACR_MV,D,20140707,000000,5.27,5.27,5.27,5.27,0,0
ACR_MV,D,20140708,000000,5.27,5.52,5.27,5.52,0,0
ACR_MV,D,20140710,000000,5.47,5.47,5.47,5.47,0,0
ACR_MV,D,20140711,000000,5.69,5.69,5.69,5.69,0,0
ACR_MV,D,20140715,000000,5.47,5.66,5.47,5.63,0,0
ACR_MV,D,20140717,000000,5.66,5.66,5.3,5.63,0,0
ACR_MV,D,20140718,000000,5.63,5.63,5.63,5.63,0,0
ACR_MV,D,20140721,000000,5.69,5.69,5.69,5.69,0,0
ACR_MV,D,20140723,000000,5.27,5.27,5.27,5.27,0,0
ACR_MV,D,20140724,000000,5.27,5.27,5.08,5.08,0,0
ACR_MV,D,20140725,000000,5.24,5.61,5.24,5.33,0,0
ACR_MV,D,20140728,000000,5.66,5.66,5.66,5.66,0,0
ACR_MV,D,20140729,000000,5.41,5.66,5.41,5.66,0,0
ACR_MV,D,20140730,000000,5.66,5.66,5.66,5.66,0,0
ACR_MV,D,20140731,000000,5.66,5.77,5.66,5.77,0,0
ACR_MV,D,20140801,000000,5.8,5.8,5.8,5.8,0,0
ACR_MV,D,20140804,000000,5.77,5.77,4.91,5.33,0,0
ACR_MV,D,20140807,000000,5.08,5.33,5.08,5.33,0,0
ACR_MV,D,20140811,000000,5.08,5.33,5.08,5.33,0,0
ACR_MV,D,20140812,000000,5.36,5.36,5.36,5.36,0,0
ACR_MV,D,20140818,000000,5.36,5.8,5.36,5.8,0,0
ACR_MV,D,20140819,000000,5.8,5.8,5.52,5.52,0,0
ACR_MV,D,20140820,000000,5.74,5.74,5.74,5.74,0,0
ACR_MV,D,20140822,000000,5.8,5.8,5.8,5.8,0,0
ACR_MV,D,20140825,000000,5.8,6.33,5.8,6.33,0,0
ACR_MV,D,20140826,000000,6.85,7.33,6.52,7.33,0,0
ACR_MV,D,20140827,000000,7.33,7.69,6.6,6.88,0,0
ACR_MV,D,20140828,000000,6.97,7.55,6.16,6.55,0,0
ACR_MV,D,20140829,000000,6.58,7.55,6.13,6.66,0,0
ACR_MV,D,20140901,000000,6.66,6.8,6.47,6.66,0,0
ACR_MV,D,20140903,000000,6.66,6.94,6.52,6.91,0,0
ACR_MV,D,20140904,000000,6.91,6.91,6.91,6.91,0,0
ACR_MV,D,20140905,000000,6.91,6.91,6.91,6.91,0,0
ACR_MV,D,20140908,000000,6.66,6.88,6.66,6.88,0,0
ACR_MV,D,20140909,000000,6.52,6.8,6.27,6.44,0,0
ACR_MV,D,20140910,000000,6.24,6.44,6.24,6.44,0,0
ACR_MV,D,20140915,000000,6.49,6.49,5.55,5.8,0,0
ACR_MV,D,20140916,000000,5.63,6.35,5.41,6.35,0,0
ACR_MV,D,20140919,000000,5.91,5.91,5.91,5.91,0,0
ACR_MV,D,20140922,000000,5.99,5.99,5.99,5.99,0,0
ACR_MV,D,20140923,000000,5.97,5.97,5.97,5.97,0,0
ACR_MV,D,20140926,000000,5.72,5.99,5.72,5.99,0,0
ACR_MV,D,20140929,000000,5.97,5.97,5.97,5.97,0,0
ACR_MV,D,20140930,000000,5.69,5.69,5.58,5.66,0,0
ACR_MV,D,20141001,000000,5.66,5.94,5.66,5.94,0,0
ACR_MV,D,20141002,000000,5.66,5.97,5.66,5.97,0,0
ACR_MV,D,20141003,000000,5.94,5.94,5.58,5.91,0,0
ACR_MV,D,20141014,000000,5.52,5.52,5.52,5.52,0,0
ACR_MV,D,20141015,000000,5.61,5.61,5.61,5.61,0,0
ACR_MV,D,20141017,000000,5.13,5.13,5.13,5.13,0,0
ACR_MV,D,20141020,000000,5.58,5.58,5.58,5.58,0,0
ACR_MV,D,20141027,000000,5.41,5.41,5.41,5.41,0,0
ACR_MV,D,20141028,000000,5.55,5.66,5.41,5.66,0,0
ACR_MV,D,20141103,000000,5.63,5.66,5.63,5.66,0,0
ACR_MV,D,20141104,000000,5.58,5.58,5.58,5.58,0,0
ACR_MV,D,20141105,000000,5.66,5.66,5.66,5.66,0,0
ACR_MV,D,20141106,000000,5.66,5.74,5.66,5.74,0,0
ACR_MV,D,20141107,000000,5.74,5.94,5.74,5.94,0,0
ACR_MV,D,20141112,000000,5.66,5.94,5.66,5.94,0,0
ACR_MV,D,20141113,000000,5.55,5.97,5.55,5.94,0,0
ACR_MV,D,20141114,000000,5.94,6.44,5.94,6.44,0,0
ACR_MV,D,20141117,000000,6.22,6.91,6.22,6.88,0,0
ACR_MV,D,20141118,000000,6.77,6.8,6.77,6.8,0,0
ACR_MV,D,20141119,000000,6.33,6.77,6.33,6.77,0,0
ACR_MV,D,20141121,000000,6.11,6.91,6.11,6.91,0,0
ACR_MV,D,20141124,000000,6.38,6.83,6.35,6.83,0,0
ACR_MV,D,20141127,000000,6.11,6.16,5.91,6.16,0,0
ACR_MV,D,20141201,000000,6.16,6.24,6.16,6.24,0,0
ACR_MV,D,20141203,000000,6.24,6.24,6.22,6.22,0,0
ACR_MV,D,20141205,000000,6.22,6.22,6.22,6.22,0,0
ACR_MV,D,20141208,000000,5.83,6.22,5.83,6.22,0,0
ACR_MV,D,20141209,000000,6.24,6.91,6.24,6.88,0,0
ACR_MV,D,20141210,000000,6.88,6.94,6.88,6.88,0,0
ACR_MV,D,20141211,000000,6.88,6.94,6.44,6.44,0,0
ACR_MV,D,20141212,000000,6.58,6.94,6.27,6.27,0,0
ACR_MV,D,20141215,000000,5.94,6.16,5.94,6.16,0,0
ACR_MV,D,20141216,000000,6.16,6.16,6.16,6.16,0,0
ACR_MV,D,20141217,000000,6.16,6.91,6.16,6.52,0,0
ACR_MV,D,20141218,000000,6.08,6.27,6.08,6.27,0,0
ACR_MV,D,20141219,000000,6.27,6.41,6.27,6.41,0,0
ACR_MV,D,20141222,000000,6.41,6.41,6.41,6.41,0,0
ACR_MV,D,20141223,000000,6.11,6.94,6.08,6.94,0,0
ACR_MV,D,20141229,000000,6.66,6.91,6.66,6.91,0,0
ACR_MV,D,20141230,000000,6.91,6.91,6.91,6.91,0,0
ACR_MV,D,20150102,000000,6.91,6.91,6.91,6.91,0,0
ACR_MV,D,20150105,000000,6.91,6.94,6.91,6.94,0,0
ACR_MV,D,20150107,000000,6.94,6.94,6.94,6.94,0,0
ACR_MV,D,20150108,000000,6.94,7.58,6.47,7.55,0,0
ACR_MV,D,20150109,000000,7.49,7.55,7.49,7.49,0,0
ACR_MV,D,20150112,000000,7.55,7.55,7.02,7.52,0,0
ACR_MV,D,20150113,000000,7.35,7.35,7.05,7.05,0,0
ACR_MV,D,20150114,000000,7.35,7.35,7.08,7.35,0,0
ACR_MV,D,20150115,000000,7.35,7.35,6.24,6.88,0,0
ACR_MV,D,20150116,000000,6.88,7.13,6.88,7.13,0,0
ACR_MV,D,20150119,000000,6.66,7.02,6.41,7.02,0,0
ACR_MV,D,20150120,000000,6.41,6.63,6.41,6.63,0,0
ACR_MV,D,20150121,000000,6.41,6.63,6.38,6.63,0,0
ACR_MV,D,20150122,000000,6.27,6.63,6.22,6.22,0,0
ACR_MV,D,20150123,000000,5.97,6.94,5.97,6.94,0,0
ACR_MV,D,20150126,000000,6.91,6.91,6.91,6.91,0,0
ACR_MV,D,20150127,000000,6.88,6.91,6.88,6.88,0,0
ACR_MV,D,20150128,000000,6.58,6.91,6.58,6.91,0,0
ACR_MV,D,20150129,000000,6.94,6.94,6.94,6.94,0,0
ACR_MV,D,20150209,000000,6.52,6.66,6.52,6.66,0,0
ACR_MV,D,20150212,000000,6.24,6.24,5.94,5.94,0,0
ACR_MV,D,20150213,000000,6.11,6.24,5.69,6.24,0,0
ACR_MV,D,20150216,000000,5.97,6.91,5.97,6.91,0,0
ACR_MV,D,20150217,000000,6.88,6.88,6.3,6.52,0,0
ACR_MV,D,20150219,000000,6.52,6.52,5.36,6.13,0,0
ACR_MV,D,20150220,000000,5.83,6.38,5.83,6.38,0,0
ACR_MV,D,20150223,000000,6.02,6.05,5.74,6.05,0,0
ACR_MV,D,20150224,000000,5.72,6.11,5.47,5.47,0,0
ACR_MV,D,20150225,000000,5.61,5.88,5.61,5.88,0,0
ACR_MV,D,20150226,000000,6.13,6.3,6.13,6.3,0,0
ACR_MV,D,20150227,000000,6.3,6.3,6.3,6.3,0,0
ACR_MV,D,20150302,000000,6.3,6.8,6.3,6.6,0,0
ACR_MV,D,20150303,000000,6.16,6.6,5.91,6.6,0,0
ACR_MV,D,20150304,000000,6.66,6.91,6.66,6.88,0,0
ACR_MV,D,20150306,000000,6.47,6.47,6.19,6.33,0,0
ACR_MV,D,20150309,000000,5.94,6.55,5.94,6.55,0,0
ACR_MV,D,20150311,000000,6.11,6.55,6.05,6.05,0,0
ACR_MV,D,20150312,000000,6.49,6.49,6.05,6.05,0,0
ACR_MV,D,20150313,000000,6.16,6.16,6.16,6.16,0,0
ACR_MV,D,20150317,000000,6.47,6.49,5.97,6.49,0,0
ACR_MV,D,20150318,000000,5.97,6.16,5.86,6.16,0,0
ACR_MV,D,20150319,000000,6.13,6.13,6.13,6.13,0,0
ACR_MV,D,20150320,000000,5.77,6.11,5.47,6.11,0,0
ACR_MV,D,20150323,000000,5.74,6.05,5.74,6.05,0,0
ACR_MV,D,20150325,000000,6.08,6.08,6.08,6.08,0,0
ACR_MV,D,20150326,000000,5.63,5.77,5.63,5.77,0,0
ACR_MV,D,20150407,000000,5.77,6.08,5.77,6.08,0,0
ACR_MV,D,20150408,000000,6.08,6.08,6.08,6.08,0,0
ACR_MV,D,20150409,000000,5.97,5.97,5.97,5.97,0,0
ACR_MV,D,20150410,000000,6.08,6.08,6.08,6.08,0,0
ACR_MV,D,20150413,000000,6.08,6.08,5.69,6.05,0,0
ACR_MV,D,20150415,000000,5.74,6.02,5.74,6.02,0,0
ACR_MV,D,20150416,000000,5.66,5.66,5.66,5.66,0,0
ACR_MV,D,20150417,000000,5.8,5.8,5.8,5.8,0,0
ACR_MV,D,20150504,000000,5.8,5.8,5.61,5.74,0,0
ACR_MV,D,20150514,000000,5.74,6.11,5.74,6.08,0,0
ACR_MV,D,20150515,000000,6.08,6.08,5.97,5.97,0,0
ACR_MV,D,20150518,000000,6.05,6.11,5.63,6.11,0,0
ACR_MV,D,20150519,000000,5.97,6.05,5.97,6.05,0,0
ACR_MV,D,20150520,000000,5.69,5.97,5.69,5.97,0,0
ACR_MV,D,20150521,000000,5.97,5.97,5.97,5.97,0,0
ACR_MV,D,20150522,000000,5.99,5.99,5.99,5.99,0,0
ACR_MV,D,20150525,000000,5.74,5.88,5.74,5.88,0,0
ACR_MV,D,20150529,000000,5.83,5.83,5.83,5.83,0,0
ACR_MV,D,20150601,000000,5.8,5.8,5.8,5.8,0,0
ACR_MV,D,20150603,000000,5.83,5.83,5.83,5.83,0,0
ACR_MV,D,20150610,000000,5.69,5.69,5.69,5.69,0,0
ACR_MV,D,20150612,000000,5.83,5.83,5.83,5.83,0,0
ACR_MV,D,20150615,000000,5.77,5.77,5.77,5.77,0,0
ACR_MV,D,20150616,000000,5.63,5.8,5.3,5.8,0,0
ACR_MV,D,20150617,000000,5.49,5.77,5.49,5.77,0,0
ACR_MV,D,20150624,000000,5,5.41,4.75,5.41,0,0
ACR_MV,D,20150626,000000,5.41,5.41,5.41,5.41,0,0
ACR_MV,D,20150629,000000,5.47,5.47,5.47,5.47,0,0
ACR_MV,D,20150701,000000,5.08,5.47,5.08,5.47,0,0
ACR_MV,D,20150702,000000,5.52,5.52,5.52,5.52,0,0
ACR_MV,D,20150703,000000,5.13,5.13,5.13,5.13,0,0
ACR_MV,D,20150706,000000,5.55,5.55,5.55,5.55,0,0
ACR_MV,D,20150707,000000,5.13,5.13,5.08,5.08,0,0
ACR_MV,D,20150708,000000,5,5.08,5,5.08,0,0
ACR_MV,D,20150713,000000,5.08,5.72,5.08,5.72,0,0
ACR_MV,D,20150715,000000,5.47,5.83,5.47,5.83,0,0
ACR_MV,D,20150716,000000,5.74,5.83,5.44,5.8,0,0
ACR_MV,D,20150717,000000,5.8,5.8,5.8,5.8,0,0
ACR_MV,D,20150722,000000,5.8,5.83,5.8,5.83,0,0
ACR_MV,D,20150727,000000,5.44,5.58,5,5.27,0,0
ACR_MV,D,20150804,000000,5.27,5.27,5.27,5.27,0,0
ACR_MV,D,20150805,000000,5.83,5.83,5.16,5.55,0,0
ACR_MV,D,20150813,000000,5.52,5.8,5.44,5.44,0,0
ACR_MV,D,20150814,000000,5.69,5.69,5.41,5.41,0,0
ACR_MV,D,20150817,000000,5.3,5.44,5.3,5.44,0,0
ACR_MV,D,20150819,000000,5.44,5.44,5.44,5.44,0,0
ACR_MV,D,20150820,000000,5.74,5.74,5.74,5.74,0,0
ACR_MV,D,20150825,000000,5.33,5.33,5.33,5.33,0,0
ACR_MV,D,20150826,000000,5.55,5.66,5.36,5.36,0,0
ACR_MV,D,20150827,000000,5.27,5.66,5.24,5.66,0,0
ACR_MV,D,20150828,000000,5.63,5.74,5.63,5.74,0,0
ACR_MV,D,20150831,000000,5.83,5.83,5.83,5.83,0,0
ACR_MV,D,20150903,000000,5.49,5.63,5.49,5.63,0,0
ACR_MV,D,20150907,000000,5.63,5.63,5.63,5.63,0,0
ACR_MV,D,20150908,000000,5.8,5.8,5.8,5.8,0,0
ACR_MV,D,20150911,000000,5.8,5.8,5.8,5.8,0,0
ACR_MV,D,20150915,000000,5.44,5.8,5.44,5.55,0,0
ACR_MV,D,20150916,000000,5.61,5.69,5.61,5.69,0,0
ACR_MV,D,20150925,000000,5.49,5.52,5.49,5.52,0,0
ACR_MV,D,20150928,000000,5.8,5.8,5.55,5.55,0,0
ACR_MV,D,20150929,000000,5.55,5.8,5.55,5.8,0,0
ACR_MV,D,20150930,000000,5.8,5.8,5.8,5.8,0,0
ACR_MV,D,20151002,000000,5.63,5.74,5.63,5.74,0,0
ACR_MV,D,20151005,000000,5.8,5.8,5.8,5.8,0,0
ACR_MV,D,20151008,000000,5.55,5.55,5.55,5.55,0,0
ACR_MV,D,20151009,000000,5.55,5.72,5.55,5.72,0,0
ACR_MV,D,20151012,000000,5.72,5.72,5.55,5.55,0,0
ACR_MV,D,20151013,000000,5.72,5.72,5.72,5.72,0,0
ACR_MV,D,20151019,000000,5.47,5.72,5.47,5.72,0,0
ACR_MV,D,20151020,000000,5.49,5.72,5.49,5.72,0,0
ACR_MV,D,20151021,000000,5.49,5.72,5.49,5.72,0,0
ACR_MV,D,20151027,000000,5.49,5.72,5.49,5.72,0,0
ACR_MV,D,20151028,000000,5.55,5.72,5.49,5.72,0,0
ACR_MV,D,20151030,000000,5.55,5.72,5.52,5.72,0,0
ACR_MV,D,20151103,000000,5.72,5.83,5.58,5.83,0,0
ACR_MV,D,20151104,000000,5.83,5.83,5.83,5.83,0,0
ACR_MV,D,20151105,000000,5.83,5.83,5.83,5.83,0,0
ACR_MV,D,20151106,000000,5.83,5.83,5.83,5.83,0,0
ACR_MV,D,20151109,000000,5.83,5.83,5.83,5.83,0,0
ACR_MV,D,20151110,000000,5.83,6.11,5.8,6.05,0,0
ACR_MV,D,20151112,000000,6.11,6.11,5.44,5.58,0,0
ACR_MV,D,20151113,000000,5.58,5.58,5.58,5.58,0,0
ACR_MV,D,20151116,000000,5.83,5.83,5.47,5.83,0,0
ACR_MV,D,20151117,000000,5.83,6.08,5.83,6.08,0,0
ACR_MV,D,20151118,000000,6.08,6.08,6.05,6.05,0,0
ACR_MV,D,20151119,000000,6.08,6.08,6.08,6.08,0,0
ACR_MV,D,20151120,000000,6.08,6.11,6.08,6.11,0,0
ACR_MV,D,20151123,000000,6.11,6.88,6.11,6.85,0,0
ACR_MV,D,20151124,000000,6.83,6.91,6.24,6.49,0,0
ACR_MV,D,20151125,000000,6.08,6.66,6.05,6.66,0,0
ACR_MV,D,20151126,000000,6.22,6.66,6.11,6.3,0,0
ACR_MV,D,20151130,000000,6.41,6.85,6.41,6.85,0,0
ACR_MV,D,20151201,000000,6.91,6.94,6.88,6.94,0,0
ACR_MV,D,20151202,000000,6.91,6.94,6.91,6.94,0,0
ACR_MV,D,20151203,000000,6.94,6.94,6.94,6.94,0,0
ACR_MV,D,20151204,000000,6.69,6.94,6.69,6.94,0,0
ACR_MV,D,20151207,000000,6.72,6.88,6.72,6.88,0,0
ACR_MV,D,20151210,000000,6.69,6.88,6.58,6.88,0,0
ACR_MV,D,20151211,000000,6.8,6.88,6.8,6.88,0,0
ACR_MV,D,20151214,000000,6.55,6.91,6.55,6.91,0,0
ACR_MV,D,20151215,000000,6.94,6.94,6.94,6.94,0,0
ACR_MV,D,20151216,000000,6.58,6.91,6.58,6.91,0,0
ACR_MV,D,20151218,000000,6.58,6.85,6.58,6.85,0,0
ACR_MV,D,20151221,000000,6.58,6.85,6.49,6.85,0,0
ACR_MV,D,20151222,000000,6.94,6.94,6.94,6.94,0,0
ACR_MV,D,20151228,000000,6.94,6.94,6.91,6.94,0,0
ACR_MV,D,20151230,000000,6.58,6.91,6.58,6.91,0,0
ACR_MV,D,20160104,000000,6.94,6.94,6.52,6.58,0,0
ACR_MV,D,20160105,000000,6.94,6.94,6.94,6.94,0,0
ACR_MV,D,20160107,000000,6.94,6.94,6.94,6.94,0,0
ACR_MV,D,20160108,000000,6.72,6.91,6.72,6.91,0,0
ACR_MV,D,20160114,000000,6.49,6.49,6.49,6.49,0,0
ACR_MV,D,20160115,000000,6.49,6.55,6.49,6.55,0,0
ACR_MV,D,20160118,000000,6.8,6.8,6.8,6.8,0,0
ACR_MV,D,20160121,000000,6.49,6.63,6.33,6.63,0,0
ACR_MV,D,20160122,000000,6.05,6.33,6.05,6.33,0,0
ACR_MV,D,20160126,000000,5.97,6.11,5.55,6.11,0,0
ACR_MV,D,20160128,000000,5.72,6.11,5.72,6.11,0,0
ACR_MV,D,20160201,000000,5.72,6.11,5.72,6.11,0,0
ACR_MV,D,20160202,000000,5.72,6.11,5.72,6.11,0,0
ACR_MV,D,20160204,000000,5.72,6.08,5.55,6.08,0,0
ACR_MV,D,20160209,000000,5.63,5.63,5.63,5.63,0,0
ACR_MV,D,20160210,000000,5.55,5.69,5.55,5.69,0,0
ACR_MV,D,20160216,000000,5.69,6.05,5.69,6.05,0,0
ACR_MV,D,20160222,000000,5.55,5.83,5.55,5.83,0,0
ACR_MV,D,20160223,000000,5.55,5.55,5.55,5.55,0,0
ACR_MV,D,20160225,000000,5.86,5.86,5.86,5.86,0,0
ACR_MV,D,20160226,000000,5.86,5.86,5.49,5.83,0,0
ACR_MV,D,20160229,000000,5.83,5.83,5.83,5.83,0,0
ACR_MV,D,20160301,000000,5.55,5.77,5.55,5.77,0,0
ACR_MV,D,20160304,000000,5.55,5.8,5.55,5.77,0,0
ACR_MV,D,20160307,000000,5.77,5.77,5.77,5.77,0,0
ACR_MV,D,20160310,000000,5.55,5.77,5.55,5.77,0,0
ACR_MV,D,20160315,000000,5.52,5.77,5.52,5.77,0,0
ACR_MV,D,20160317,000000,5.66,6.55,5.66,6.55,0,0
ACR_MV,D,20160318,000000,6.55,6.55,5.94,6.08,0,0
ACR_MV,D,20160321,000000,6.08,6.08,6.08,6.08,0,0
ACR_MV,D,20160322,000000,6.05,6.05,6.05,6.05,0,0
ACR_MV,D,20160323,000000,6.08,6.08,5.77,6.08,0,0
ACR_MV,D,20160324,000000,5.97,5.97,5.83,5.83,0,0
ACR_MV,D,20160329,000000,5.97,5.97,5.94,5.94,0,0
ACR_MV,D,20160330,000000,5.97,5.97,5.97,5.97,0,0
ACR_MV,D,20160331,000000,5.69,5.91,5.55,5.69,0,0
ACR_MV,D,20160404,000000,5.55,5.66,5.55,5.55,0,0
ACR_MV,D,20160405,000000,5.69,5.83,5.69,5.83,0,0
ACR_MV,D,20160407,000000,5.55,5.55,5.55,5.55,0,0
ACR_MV,D,20160408,000000,5.77,5.77,5.77,5.77,0,0
ACR_MV,D,20160412,000000,5.77,5.77,5.77,5.77,0,0
ACR_MV,D,20160413,000000,5.77,5.83,5.77,5.83,0,0
ACR_MV,D,20160419,000000,5.55,5.77,5.55,5.77,0,0
ACR_MV,D,20160420,000000,5.77,5.77,5.77,5.77,0,0
ACR_MV,D,20160421,000000,5.74,5.74,5.74,5.74,0,0
ACR_MV,D,20160422,000000,5.55,5.77,5.55,5.74,0,0
ACR_MV,D,20160425,000000,5.74,5.74,5.24,5.49,0,0
ACR_MV,D,20160427,000000,5.49,5.49,5.49,5.49,0,0
ACR_MV,D,20160428,000000,5.69,5.69,5.69,5.69,0,0
ACR_MV,D,20160504,000000,5.69,5.69,5.69,5.69,0,0
ACR_MV,D,20160510,000000,5.72,5.77,5.72,5.77,0,0
ACR_MV,D,20160513,000000,5.77,5.8,5.77,5.8,0,0
ACR_MV,D,20160516,000000,5.8,5.8,5.8,5.8,0,0
ACR_MV,D,20160517,000000,5.8,6.35,5.8,6.35,0,0
ACR_MV,D,20160518,000000,6.3,6.3,6.3,6.3,0,0
ACR_MV,D,20160519,000000,6.3,6.52,6.3,6.52,0,0
ACR_MV,D,20160523,000000,6.49,6.49,6.49,6.49,0,0
ACR_MV,D,20160525,000000,6.11,6.24,5.97,6.24,0,0
ACR_MV,D,20160531,000000,5.86,6.22,5.86,6.22,0,0
ACR_MV,D,20160607,000000,6.16,6.19,5.86,5.86,0,0
ACR_MV,D,20160608,000000,6.16,6.22,6.16,6.22,0,0
ACR_MV,D,20160610,000000,6.24,6.24,6.24,6.24,0,0
ACR_MV,D,20160613,000000,6.24,6.24,6.11,6.24,0,0
ACR_MV,D,20160614,000000,5.88,6.11,5.88,6.11,0,0
ACR_MV,D,20160616,000000,6.08,6.08,6.08,6.08,0,0
ACR_MV,D,20160617,000000,5.69,5.69,5.69,5.69,0,0
ACR_MV,D,20160620,000000,5.94,5.94,5.94,5.94,0,0
ACR_MV,D,20160630,000000,5.97,6.11,5.97,6.11,0,0
ACR_MV,D,20160701,000000,6.24,6.38,5.97,5.97,0,0
ACR_MV,D,20160704,000000,5.86,5.86,5.86,5.86,0,0
ACR_MV,D,20160705,000000,6.16,6.19,6.05,6.19,0,0
ACR_MV,D,20160708,000000,6.19,6.83,6.19,6.22,0,0
ACR_MV,D,20160711,000000,5.97,5.97,5.94,5.94,0,0
ACR_MV,D,20160718,000000,5.88,5.88,5.88,5.88,0,0
ACR_MV,D,20160719,000000,5.83,5.83,5.69,5.69,0,0
ACR_MV,D,20160721,000000,5.83,6.05,5.69,5.69,0,0
ACR_MV,D,20160722,000000,5.63,5.88,5.63,5.88,0,0
ACR_MV,D,20160726,000000,5.86,5.86,5.86,5.86,0,0
ACR_MV,D,20160727,000000,5.63,6.05,5.58,6.05,0,0
ACR_MV,D,20160728,000000,5.63,5.94,5.63,5.94,0,0
ACR_MV,D,20160801,000000,5.63,5.69,4.77,5.69,0,0
ACR_MV,D,20160802,000000,5.61,5.61,5.61,5.61,0,0
ACR_MV,D,20160803,000000,5.72,5.72,5.72,5.72,0,0
ACR_MV,D,20160805,000000,5.97,5.97,5.97,5.97,0,0
ACR_MV,D,20160808,000000,5.97,5.97,4.77,5.97,0,0
ACR_MV,D,20160817,000000,5.69,5.69,5.55,5.55,0,0
ACR_MV,D,20160818,000000,5.83,5.83,5.44,5.44,0,0
ACR_MV,D,20160819,000000,5.69,5.91,5.61,5.61,0,0
ACR_MV,D,20160822,000000,5.88,5.88,5.88,5.88,0,0
ACR_MV,D,20160823,000000,5.86,5.88,5.16,5.55,0,0
ACR_MV,D,20160824,000000,5.61,5.86,5.55,5.55,0,0
ACR_MV,D,20160826,000000,5.69,5.69,5.69,5.69,0,0
ACR_MV,D,20160829,000000,5.55,5.55,5.55,5.55,0,0
ACR_MV,D,20160831,000000,5.55,5.55,5.55,5.55,0,0
ACR_MV,D,20160902,000000,5.49,5.69,5.49,5.69,0,0
ACR_MV,D,20160907,000000,5.55,5.55,5.55,5.55,0,0
ACR_MV,D,20160912,000000,5.41,5.41,5.41,5.41,0,0
ACR_MV,D,20160913,000000,5.44,5.47,5.44,5.47,0,0
ACR_MV,D,20160914,000000,5.41,5.41,5.41,5.41,0,0
ACR_MV,D,20160915,000000,5.27,5.41,5.27,5.41,0,0
ACR_MV,D,20160919,000000,5.27,5.41,4.72,5.41,0,0
ACR_MV,D,20160923,000000,5,5.13,4.69,5.13,0,0
ACR_MV,D,20160927,000000,5.13,5.13,5.13,5.13,0,0
ACR_MV,D,20160929,000000,5.13,5.44,4.86,5.44,0,0
ACR_MV,D,20160930,000000,5.16,5.44,5.16,5.36,0,0
ACR_MV,D,20161003,000000,5.97,6.38,5.19,6.33,0,0
ACR_MV,D,20161004,000000,6.16,6.66,6.16,6.38,0,0
ACR_MV,D,20161006,000000,6.38,6.38,5.91,6.38,0,0
ACR_MV,D,20161007,000000,6.38,6.38,5.83,5.83,0,0
ACR_MV,D,20161010,000000,6.02,6.38,6.02,6.38,0,0
ACR_MV,D,20161013,000000,6.6,6.91,6.47,6.47,0,0
ACR_MV,D,20161014,000000,6.52,6.94,6.52,6.91,0,0
ACR_MV,D,20161017,000000,6.83,6.83,6.83,6.83,0,0
ACR_MV,D,20161018,000000,6.6,6.77,6.6,6.77,0,0
ACR_MV,D,20161019,000000,6.77,6.77,6.77,6.77,0,0
ACR_MV,D,20161020,000000,6.8,6.8,6.33,6.77,0,0
ACR_MV,D,20161021,000000,6.33,6.47,6.33,6.47,0,0
ACR_MV,D,20161024,000000,6.47,6.91,6.47,6.91,0,0
ACR_MV,D,20161025,000000,6.47,6.8,6.19,6.77,0,0
ACR_MV,D,20161026,000000,6.8,6.91,6.66,6.91,0,0
ACR_MV,D,20161027,000000,6.91,6.94,6.85,6.94,0,0
ACR_MV,D,20161028,000000,6.91,6.94,6.91,6.94,0,0
ACR_MV,D,20161102,000000,6.91,6.94,6.91,6.91,0,0
ACR_MV,D,20161103,000000,6.91,6.91,6.49,6.91,0,0
ACR_MV,D,20161104,000000,6.91,6.91,6.91,6.91,0,0
ACR_MV,D,20161107,000000,6.91,6.91,6.91,6.91,0,0
ACR_MV,D,20161108,000000,6.94,6.94,6.94,6.94,0,0
ACR_MV,D,20161109,000000,6.94,6.94,6.91,6.91,0,0
ACR_MV,D,20161114,000000,5.94,5.94,5.94,5.94,0,0
ACR_MV,D,20161115,000000,6.55,6.55,6.55,6.55,0,0
ACR_MV,D,20161121,000000,6.52,6.85,6.52,6.85,0,0
ACR_MV,D,20161122,000000,6.85,6.85,6.85,6.85,0,0
ACR_MV,D,20161123,000000,6.38,6.38,6.38,6.38,0,0
ACR_MV,D,20161124,000000,6.52,6.91,6.52,6.91,0,0
ACR_MV,D,20161125,000000,6.91,6.91,6.72,6.85,0,0
ACR_MV,D,20161128,000000,6.72,6.85,6.72,6.85,0,0
ACR_MV,D,20161129,000000,6.66,6.94,6.66,6.91,0,0
ACR_MV,D,20161130,000000,6.72,8.88,6.3,8.88,0,0
ACR_MV,D,20161201,000000,8.85,8.85,7.77,7.77,0,0
ACR_MV,D,20161202,000000,8.02,8.85,8.02,8.33,0,0
ACR_MV,D,20161205,000000,8.05,8.3,7.77,8.3,0,0
ACR_MV,D,20161206,000000,8.3,9.71,8.3,9.71,0,0
ACR_MV,D,20161207,000000,9.74,11.1,9.74,11.1,0,0
ACR_MV,D,20161208,000000,11.04,11.04,11.02,11.02,0,0
ACR_MV,D,20161209,000000,9.99,11.07,9.99,11.07,0,0
ACR_MV,D,20161212,000000,11.07,11.07,8.88,9.99,0,0
ACR_MV,D,20161213,000000,8.88,12.74,7.77,12.74,0,0
ACR_MV,D,20161214,000000,12.46,15.68,12.46,14.85,0,0
ACR_MV,D,20161215,000000,12.49,13.85,12.49,13.85,0,0
ACR_MV,D,20161216,000000,12.49,13.76,11.1,13.76,0,0
ACR_MV,D,20161219,000000,12.49,13.46,12.49,13.46,0,0
ACR_MV,D,20161220,000000,12.21,13.43,11.24,13.13,0,0
ACR_MV,D,20161221,000000,12.85,12.85,11.1,11.1,0,0
ACR_MV,D,20161222,000000,11.1,13.32,10.55,12.49,0,0
ACR_MV,D,20161223,000000,12.99,13.32,11.13,13.26,0,0
ACR_MV,D,20161227,000000,13.29,13.71,11.1,11.32,0,0
ACR_MV,D,20161228,000000,9.71,13.32,8.33,13.32,0,0
ACR_MV,D,20161229,000000,11.66,12.77,11.1,12.77,0,0
ACR_MV,D,20161230,000000,12.63,12.63,11.1,12.63,0,0
ACR_MV,D,20170102,000000,13.26,13.26,12.77,12.99,0,0
ACR_MV,D,20170103,000000,11.66,11.93,11.1,11.93,0,0
ACR_MV,D,20170104,000000,10.27,11.1,10.27,11.1,0,0
ACR_MV,D,20170105,000000,11.1,11.1,10.91,10.91,0,0
ACR_MV,D,20170109,000000,10.91,11.43,10.91,11.43,0,0
ACR_MV,D,20170110,000000,11.24,11.24,10.27,10.27,0,0
ACR_MV,D,20170111,000000,10.91,12.49,9.74,12.35,0,0
ACR_MV,D,20170112,000000,12.35,12.35,9.88,11.04,0,0
ACR_MV,D,20170113,000000,10.82,11.66,9.88,9.88,0,0
ACR_MV,D,20170116,000000,10.77,10.77,10.77,10.77,0,0
ACR_MV,D,20170119,000000,9.88,9.88,9.85,9.85,0,0
ACR_MV,D,20170124,000000,9.44,9.44,9.44,9.44,0,0
ACR_MV,D,20170125,000000,9.38,9.38,8.33,8.88,0,0
ACR_MV,D,20170126,000000,8.88,8.88,7.77,8.85,0,0
ACR_MV,D,20170130,000000,8.82,10.52,8.82,10.52,0,0
ACR_MV,D,20170131,000000,10.52,10.52,8.6,9.96,0,0
ACR_MV,D,20170201,000000,8.94,8.94,8.88,8.88,0,0
ACR_MV,D,20170202,000000,9.16,9.96,8.6,9.02,0,0
ACR_MV,D,20170203,000000,9.71,10.96,9.71,10.96,0,0
ACR_MV,D,20170206,000000,10.41,10.41,8.88,8.88,0,0
ACR_MV,D,20170208,000000,9.16,11.63,9.16,11.63,0,0
ACR_MV,D,20170209,000000,11.6,11.6,11.6,11.6,0,0
ACR_MV,D,20170210,000000,11.38,11.38,11.38,11.38,0,0
ACR_MV,D,20170214,000000,11.38,12.46,11.38,12.43,0,0
ACR_MV,D,20170215,000000,12.4,13.32,11.68,13.26,0,0
ACR_MV,D,20170216,000000,11.93,12.49,10.63,12.13,0,0
ACR_MV,D,20170220,000000,10.82,11.93,9.13,9.13,0,0
ACR_MV,D,20170221,000000,9.63,11.18,9.63,11.18,0,0
ACR_MV,D,20170222,000000,11.18,12.21,11.18,12.18,0,0
ACR_MV,D,20170223,000000,10.63,12.21,10.63,11.68,0,0
ACR_MV,D,20170224,000000,11.18,15.01,11.18,14.79,0,0
ACR_MV,D,20170227,000000,13.85,13.85,12.49,13.63,0,0
ACR_MV,D,20170228,000000,13.38,15.18,12.21,15.04,0,0
ACR_MV,D,20170301,000000,15.04,16.51,13.6,16.4,0,0
ACR_MV,D,20170302,000000,16.46,16.46,14.29,15.26,0,0
ACR_MV,D,20170303,000000,15.54,19.4,15.54,19.4,0,0
ACR_MV,D,20170306,000000,18.04,21.62,18.04,18.2,0,0
ACR_MV,D,20170307,000000,18.84,20.81,16.65,16.96,0,0
ACR_MV,D,20170308,000000,17.18,17.21,14.21,16.65,0,0
ACR_MV,D,20170309,000000,17.76,18.45,14.24,16.51,0,0
ACR_MV,D,20170310,000000,16.1,16.32,15.82,16.32,0,0
ACR_MV,D,20170313,000000,16.51,17.32,16.51,17.32,0,0
ACR_MV,D,20170314,000000,15.57,16.57,12.49,12.49,0,0
ACR_MV,D,20170315,000000,13.88,15.12,13.88,14.43,0,0
ACR_MV,D,20170316,000000,15.15,16.34,12.49,12.49,0,0
ACR_MV,D,20170317,000000,12.21,13.38,11.29,11.29,0,0
ACR_MV,D,20170320,000000,12.1,12.9,11.85,12.9,0,0
ACR_MV,D,20170321,000000,12.93,14.65,12.49,13.6,0,0
ACR_MV,D,20170322,000000,13.6,13.88,12.54,13.71,0,0
ACR_MV,D,20170323,000000,14.57,14.57,12.77,14.43,0,0
ACR_MV,D,20170324,000000,14.15,14.15,13.32,14.04,0,0
ACR_MV,D,20170327,000000,14.04,14.04,13.04,14.04,0,0
ACR_MV,D,20170328,000000,12.49,17.98,12.49,17.4,0,0
ACR_MV,D,20170329,000000,16.65,17.4,16.65,17.37,0,0
ACR_MV,D,20170330,000000,17.21,17.21,16.37,16.65,0,0
ACR_MV,D,20170331,000000,16.65,17.95,16.65,17.7,0,0
ACR_MV,D,20170403,000000,18.56,19.15,17.76,18.84,0,0
ACR_MV,D,20170404,000000,19.2,19.2,16.93,18.59,0,0
ACR_MV,D,20170405,000000,17.21,18.32,15.82,18.01,0,0
ACR_MV,D,20170406,000000,16.79,19.37,13.88,18.51,0,0
ACR_MV,D,20170407,000000,18.18,19.31,18.18,19.12,0,0
ACR_MV,D,20170410,000000,19.09,19.12,17.76,18.04,0,0
ACR_MV,D,20170411,000000,18.84,18.84,16.68,17.09,0,0
ACR_MV,D,20170412,000000,17.76,17.76,17.21,17.21,0,0
ACR_MV,D,20170413,000000,17.09,18.04,15.26,16.23,0,0
ACR_MV,D,20170418,000000,15.43,16.59,15.26,16.04,0,0
ACR_MV,D,20170419,000000,15.32,16.04,15.26,16.04,0,0
ACR_MV,D,20170420,000000,16.1,16.1,14.43,15.23,0,0
ACR_MV,D,20170421,000000,15.1,15.54,15.1,15.54,0,0
ACR_MV,D,20170424,000000,15.54,17.18,14.87,15.96,0,0
ACR_MV,D,20170425,000000,15.87,15.87,14.29,15.48,0,0
ACR_MV,D,20170426,000000,15.48,15.48,14.49,14.87,0,0
ACR_MV,D,20170427,000000,14.29,14.85,12.9,13.74,0,0
ACR_MV,D,20170428,000000,14.93,14.93,13.18,14.26,0,0
ACR_MV,D,20170502,000000,14.24,14.24,13.46,14.18,0,0
ACR_MV,D,20170504,000000,14.1,14.1,13.04,13.85,0,0
ACR_MV,D,20170505,000000,13.32,13.32,12.49,13.18,0,0
ACR_MV,D,20170508,000000,12.99,12.99,12.1,12.96,0,0
ACR_MV,D,20170509,000000,12.77,12.99,11.38,12.38,0,0
ACR_MV,D,20170510,000000,12.38,13.82,12.21,13.68,0,0
ACR_MV,D,20170511,000000,13.6,13.6,12.65,13.35,0,0
ACR_MV,D,20170512,000000,12.65,13.35,12.65,13.35,0,0
ACR_MV,D,20170515,000000,11.93,13.18,11.77,13.18,0,0
ACR_MV,D,20170516,000000,11.93,13.15,11.93,13.15,0,0
ACR_MV,D,20170517,000000,12.49,12.49,11.1,11.1,0,0
ACR_MV,D,20170518,000000,11.38,12.27,10.74,10.74,0,0
ACR_MV,D,20170519,000000,10.74,11.66,9.99,11.24,0,0
ACR_MV,D,20170522,000000,11.24,11.54,10.82,11.16,0,0
ACR_MV,D,20170523,000000,11.32,11.32,9.99,11.1,0,0
ACR_MV,D,20170525,000000,11.32,11.32,11.1,11.1,0,0
ACR_MV,D,20170526,000000,10.77,10.77,10.77,10.77,0,0
ACR_MV,D,20170529,000000,10.05,10.66,10.02,10.49,0,0
ACR_MV,D,20170530,000000,10.52,11.29,8.44,9.44,0,0
ACR_MV,D,20170531,000000,9.38,9.63,8.63,9.63,0,0
ACR_MV,D,20170601,000000,8.35,9.71,8.33,8.74,0,0
ACR_MV,D,20170602,000000,9.41,9.68,8.74,9.57,0,0
ACR_MV,D,20170605,000000,9.99,10.18,8.74,9.24,0,0
ACR_MV,D,20170606,000000,9.32,13.4,8.99,13.32,0,0
ACR_MV,D,20170607,000000,13.4,18.04,13.4,14.85,0,0
ACR_MV,D,20170608,000000,16.34,16.34,13.46,14.35,0,0
ACR_MV,D,20170609,000000,12.9,14.65,11.43,14.65,0,0
ACR_MV,D,20170612,000000,14.01,14.62,13.04,13.85,0,0
ACR_MV,D,20170613,000000,13.88,13.88,12.49,12.9,0,0
ACR_MV,D,20170614,000000,13.6,14.54,12.82,13.99,0,0
ACR_MV,D,20170616,000000,13.88,13.88,12.79,13.79,0,0
ACR_MV,D,20170619,000000,12.82,13.68,11.66,12.85,0,0
ACR_MV,D,20170620,000000,12.79,12.79,11.27,12.07,0,0
ACR_MV,D,20170621,000000,11.79,12.21,11.35,12.18,0,0
ACR_MV,D,20170622,000000,12.63,12.63,11.6,11.63,0,0
ACR_MV,D,20170623,000000,12.32,12.32,11.07,11.1,0,0
ACR_MV,D,20170626,000000,11.52,11.52,10.68,11.35,0,0
ACR_MV,D,20170627,000000,11.1,11.1,10.27,10.68,0,0
ACR_MV,D,20170628,000000,11.04,11.46,10.68,11.35,0,0
ACR_MV,D,20170629,000000,11.43,12.21,10.99,12.18,0,0
ACR_MV,D,20170630,000000,12.82,12.82,11.93,12.74,0,0
ACR_MV,D,20170703,000000,11.96,12.74,11.66,12.63,0,0
ACR_MV,D,20170704,000000,11.66,12.18,11.24,12.18,0,0
ACR_MV,D,20170705,000000,12.21,12.21,11.24,11.66,0,0
ACR_MV,D,20170706,000000,11.07,11.1,10.66,11.04,0,0
ACR_MV,D,20170707,000000,11.1,11.66,11.1,11.66,0,0
ACR_MV,D,20170710,000000,11.66,11.66,10.6,11.1,0,0
ACR_MV,D,20170711,000000,11.1,11.35,11.1,11.29,0,0
ACR_MV,D,20170712,000000,11.29,11.29,10.57,11.24,0,0
ACR_MV,D,20170713,000000,10.6,11.02,9.71,10.93,0,0
ACR_MV,D,20170714,000000,10.35,10.93,10.32,10.93,0,0
ACR_MV,D,20170717,000000,10.93,11.02,10.55,10.55,0,0
ACR_MV,D,20170718,000000,10.3,10.55,10.3,10.55,0,0
ACR_MV,D,20170719,000000,10.41,10.79,10.32,10.79,0,0
ACR_MV,D,20170720,000000,10.79,10.79,10.27,10.68,0,0
ACR_MV,D,20170721,000000,10.13,10.52,10.07,10.52,0,0
ACR_MV,D,20170724,000000,10.55,10.55,10.05,10.24,0,0
ACR_MV,D,20170725,000000,9.91,10.55,9.91,10.21,0,0
ACR_MV,D,20170726,000000,10.16,10.24,10.16,10.24,0,0
ACR_MV,D,20170727,000000,9.49,10.13,9.49,10.1,0,0
ACR_MV,D,20170728,000000,9.71,11.16,9.71,11.16,0,0
ACR_MV,D,20170731,000000,11.16,11.9,10.13,11.16,0,0
ACR_MV,D,20170801,000000,10.82,11.13,10.27,10.82,0,0
ACR_MV,D,20170802,000000,10.82,10.82,10.05,10.77,0,0
ACR_MV,D,20170803,000000,10.27,10.77,9.99,10.74,0,0
ACR_MV,D,20170804,000000,10.74,10.74,9.85,10.18,0,0
ACR_MV,D,20170807,000000,9.85,10.55,9.85,10.55,0,0
ACR_MV,D,20170809,000000,9.99,10.55,9.99,10.55,0,0
ACR_MV,D,20170810,000000,10.13,13.01,10.13,13.01,0,0
ACR_MV,D,20170811,000000,11.93,12.88,11.93,12.88,0,0
ACR_MV,D,20170814,000000,11.96,12.77,11.96,12.77,0,0
ACR_MV,D,20170816,000000,11.38,11.38,10.05,10.07,0,0
ACR_MV,D,20170817,000000,10.16,10.52,9.71,10.52,0,0
ACR_MV,D,20170818,000000,10.41,10.41,10.41,10.41,0,0
ACR_MV,D,20170821,000000,9.85,11.07,9.85,10.52,0,0
ACR_MV,D,20170822,000000,9.88,11.57,9.88,10.74,0,0
ACR_MV,D,20170823,000000,10.66,10.66,10.27,10.66,0,0
ACR_MV,D,20170824,000000,10.66,10.66,10.66,10.66,0,0
ACR_MV,D,20170825,000000,10.66,10.66,9.93,10.41,0,0
ACR_MV,D,20170828,000000,9.85,10.24,9.44,10.1,0,0
ACR_MV,D,20170829,000000,10.05,10.05,10.05,10.05,0,0
ACR_MV,D,20170830,000000,10.05,11.02,10.05,11.02,0,0
ACR_MV,D,20170831,000000,10.85,10.85,10.85,10.85,0,0
ACR_MV,D,20170904,000000,10.82,10.85,10.82,10.85,0,0
ACR_MV,D,20170905,000000,11.07,11.07,11.07,11.07,0,0
ACR_MV,D,20170906,000000,10.32,10.68,9.93,10.27,0,0
ACR_MV,D,20170907,000000,10.38,10.66,10.02,10.66,0,0
ACR_MV,D,20170911,000000,10.43,10.55,9.74,10.52,0,0
ACR_MV,D,20170912,000000,10.18,10.24,9.46,9.96,0,0
ACR_MV,D,20170913,000000,9.71,9.91,9.44,9.71,0,0
ACR_MV,D,20170914,000000,9.71,9.88,9.71,9.88,0,0
ACR_MV,D,20170915,000000,9.74,9.74,9.16,9.71,0,0
ACR_MV,D,20170918,000000,9.91,10.24,9.91,10.24,0,0
ACR_MV,D,20170919,000000,10.24,10.24,8.35,10.24,0,0
ACR_MV,D,20170920,000000,10.24,11.38,10.24,11.38,0,0
ACR_MV,D,20170921,000000,11.35,11.35,9.99,10.82,0,0
ACR_MV,D,20170922,000000,10.55,12.27,10.55,11.52,0,0
ACR_MV,D,20170925,000000,12.71,12.71,10.82,11.66,0,0
ACR_MV,D,20170926,000000,11.66,11.66,11.52,11.52,0,0
ACR_MV,D,20170927,000000,11.66,11.66,11.38,11.66,0,0
ACR_MV,D,20170928,000000,11.66,11.66,11.66,11.66,0,0
ACR_MV,D,20170929,000000,11.1,11.1,11.1,11.1,0,0
ACR_MV,D,20171002,000000,11.07,11.07,11.07,11.07,0,0
ACR_MV,D,20171003,000000,11.66,11.66,10.16,10.16,0,0
ACR_MV,D,20171004,000000,10.43,11.66,10.43,11.63,0,0
ACR_MV,D,20171005,000000,11.63,11.63,10.57,11.49,0,0
ACR_MV,D,20171006,000000,10.55,11.1,9.52,9.63,0,0
ACR_MV,D,20171009,000000,10.21,10.21,9.35,9.35,0,0
ACR_MV,D,20171010,000000,9.96,9.96,9.19,9.52,0,0
ACR_MV,D,20171011,000000,8.88,9.46,8.6,9.27,0,0
ACR_MV,D,20171012,000000,8.74,8.85,7.94,8.05,0,0
ACR_MV,D,20171013,000000,8.6,8.6,8.44,8.44,0,0
ACR_MV,D,20171016,000000,8.44,8.57,8.44,8.57,0,0
ACR_MV,D,20171017,000000,8.74,12.57,8.74,12.57,0,0
ACR_MV,D,20171018,000000,12.57,16.1,11.6,14.43,0,0
ACR_MV,D,20171019,000000,14.37,15.26,12.21,13.04,0,0
ACR_MV,D,20171020,000000,13.85,15.43,12.49,15.43,0,0
ACR_MV,D,20171023,000000,14.32,14.37,13.07,13.1,0,0
ACR_MV,D,20171024,000000,13.13,13.13,11.38,12.15,0,0
ACR_MV,D,20171025,000000,11.66,13.01,11.1,13.01,0,0
ACR_MV,D,20171026,000000,13.71,13.71,11.71,12.49,0,0
ACR_MV,D,20171027,000000,11.79,14.96,10.96,14.71,0,0
ACR_MV,D,20171030,000000,15.26,15.73,13.88,15.29,0,0
ACR_MV,D,20171031,000000,14.71,16.1,14.71,16.1,0,0
ACR_MV,D,20171102,000000,16.51,18.04,15.68,16.65,0,0
ACR_MV,D,20171103,000000,17.21,17.76,14.43,17.48,0,0
ACR_MV,D,20171106,000000,17.87,17.87,14.51,16.26,0,0
ACR_MV,D,20171107,000000,14.43,16.65,14.43,16.07,0,0
ACR_MV,D,20171108,000000,16.48,16.48,13.71,14.68,0,0
ACR_MV,D,20171109,000000,13.04,15.51,13.04,14.21,0,0
ACR_MV,D,20171110,000000,15.51,15.51,12.4,12.4,0,0
ACR_MV,D,20171113,000000,11.66,13.54,11.66,12.1,0,0
ACR_MV,D,20171114,000000,12.9,15.1,12.9,14.99,0,0
ACR_MV,D,20171115,000000,15.87,15.87,12.74,14.24,0,0
ACR_MV,D,20171116,000000,13.85,14.29,12.63,14.29,0,0
ACR_MV,D,20171117,000000,14.29,14.9,11.43,12.96,0,0
ACR_MV,D,20171120,000000,12.96,13.18,11.43,13.18,0,0
ACR_MV,D,20171121,000000,13.18,13.18,11.82,12.49,0,0
ACR_MV,D,20171122,000000,11.79,12.35,11.68,12.35,0,0
ACR_MV,D,20171123,000000,11.93,12.57,11.74,12.21,0,0
ACR_MV,D,20171124,000000,11.71,12.18,11.66,12.18,0,0
ACR_MV,D,20171127,000000,11.66,12.49,11.13,12.49,0,0
ACR_MV,D,20171128,000000,11.29,11.93,11.13,11.93,0,0
ACR_MV,D,20171129,000000,11.13,12.43,11.1,11.93,0,0
ACR_MV,D,20171130,000000,11.38,11.93,11.1,11.93,0,0
ACR_MV,D,20171201,000000,11.93,11.93,11.38,11.93,0,0
ACR_MV,D,20171204,000000,11.52,11.93,9.44,11.66,0,0
ACR_MV,D,20171205,000000,11.1,12.21,11.1,11.66,0,0
ACR_MV,D,20171206,000000,11.93,11.93,11.93,11.93,0,0
ACR_MV,D,20171207,000000,11.66,12.21,11.1,12.15,0,0
ACR_MV,D,20171208,000000,11.66,11.93,11.66,11.93,0,0
ACR_MV,D,20171211,000000,11.93,13.6,11.13,12.07,0,0
ACR_MV,D,20171212,000000,11.63,12.07,11.38,12.07,0,0
ACR_MV,D,20171213,000000,11.54,11.99,11.24,11.57,0,0
ACR_MV,D,20171214,000000,9.99,11.35,9.99,10.77,0,0
ACR_MV,D,20171215,000000,11.63,11.63,11.1,11.63,0,0
ACR_MV,D,20171218,000000,11.6,11.6,11.49,11.49,0,0
ACR_MV,D,20171219,000000,11.1,11.43,10.82,10.82,0,0
ACR_MV,D,20171220,000000,11.1,11.1,9.99,11.02,0,0
ACR_MV,D,20171221,000000,11.02,11.02,9.71,10.55,0,0
ACR_MV,D,20171222,000000,10.96,10.96,9.19,9.99,0,0
ACR_MV,D,20171227,000000,10.27,12.21,8.52,12.21,0,0
ACR_MV,D,20171228,000000,11.38,11.93,11.1,11.93,0,0
ACR_MV,D,20171229,000000,11.66,11.93,9.82,9.82,0,0
ACR_MV,D,20180103,000000,9.99,10.55,8.99,10.27,0,0
ACR_MV,D,20180104,000000,10.55,10.55,9.05,9.24,0,0
ACR_MV,D,20180108,000000,9.41,9.41,8.88,9.16,0,0
ACR_MV,D,20180109,000000,8.8,9.82,8.6,9.82,0,0
ACR_MV,D,20180110,000000,9.3,9.63,8.33,9.3,0,0
ACR_MV,D,20180111,000000,9.3,9.3,8.66,9.1,0,0
ACR_MV,D,20180112,000000,8.69,9.1,8.35,9.07,0,0
ACR_MV,D,20180115,000000,8.57,9.52,8.19,8.33,0,0
ACR_MV,D,20180116,000000,8.55,8.55,7.96,8.55,0,0
ACR_MV,D,20180117,000000,8.46,8.46,8.33,8.33,0,0
ACR_MV,D,20180118,000000,8.33,8.55,7.96,8.1,0,0
ACR_MV,D,20180119,000000,7.96,8.46,7.91,8.46,0,0
ACR_MV,D,20180122,000000,8.49,8.49,8.05,8.46,0,0
ACR_MV,D,20180123,000000,8.46,8.74,8.08,8.74,0,0
ACR_MV,D,20180124,000000,8.38,8.99,7.8,8.82,0,0
ACR_MV,D,20180125,000000,8.33,8.44,8.19,8.19,0,0
ACR_MV,D,20180126,000000,8.05,8.05,8.05,8.05,0,0
ACR_MV,D,20180129,000000,8.44,8.44,8.44,8.44,0,0
ACR_MV,D,20180131,000000,8.33,8.71,8.33,8.46,0,0
ACR_MV,D,20180201,000000,8.49,8.49,8.3,8.49,0,0
ACR_MV,D,20180202,000000,8.46,8.71,8.38,8.38,0,0
ACR_MV,D,20180206,000000,8.46,8.46,7.8,8.44,0,0
ACR_MV,D,20180207,000000,8.44,9.13,8.44,9.13,0,0
ACR_MV,D,20180208,000000,8.99,8.99,8.38,8.38,0,0
ACR_MV,D,20180209,000000,8.49,8.49,8.49,8.49,0,0
ACR_MV,D,20180212,000000,7.91,7.99,7.44,7.99,0,0
ACR_MV,D,20180213,000000,7.88,7.88,7.13,7.58,0,0
ACR_MV,D,20180214,000000,7.58,7.85,7.58,7.77,0,0
ACR_MV,D,20180216,000000,7.94,7.94,7.19,7.19,0,0
ACR_MV,D,20180219,000000,7.55,7.55,6.69,6.69,0,0
ACR_MV,D,20180220,000000,6.85,6.94,6.63,6.74,0,0
ACR_MV,D,20180221,000000,6.74,6.99,6.55,6.85,0,0
ACR_MV,D,20180222,000000,6.55,6.85,6.55,6.85,0,0
ACR_MV,D,20180223,000000,6.85,7.88,6.8,7.88,0,0
ACR_MV,D,20180226,000000,7.63,8.19,6.55,6.94,0,0
ACR_MV,D,20180227,000000,7.02,7.02,6.66,6.66,0,0
ACR_MV,D,20180228,000000,7.02,7.02,6.55,7.02,0,0
ACR_MV,D,20180301,000000,6.66,7.16,6.66,7.16,0,0
ACR_MV,D,20180302,000000,6.72,7.16,6.72,7.16,0,0
ACR_MV,D,20180305,000000,6.66,6.8,6.66,6.8,0,0
ACR_MV,D,20180306,000000,6.66,7.13,6.66,7.13,0,0
ACR_MV,D,20180307,000000,6.66,6.99,6.24,6.47,0,0
ACR_MV,D,20180308,000000,6.94,6.94,6.6,6.74,0,0
ACR_MV,D,20180309,000000,6.74,6.77,6.63,6.77,0,0
ACR_MV,D,20180312,000000,6.77,6.99,6.77,6.99,0,0
ACR_MV,D,20180313,000000,6.99,7.44,6.88,7.33,0,0
ACR_MV,D,20180314,000000,7.44,7.63,7.16,7.16,0,0
ACR_MV,D,20180315,000000,7.16,7.35,7.16,7.35,0,0
ACR_MV,D,20180316,000000,6.91,7.41,6.38,6.77,0,0
ACR_MV,D,20180319,000000,6.66,6.66,6.16,6.47,0,0
ACR_MV,D,20180320,000000,6.47,6.88,6.47,6.88,0,0
ACR_MV,D,20180321,000000,6.88,6.88,6.41,6.55,0,0
ACR_MV,D,20180322,000000,6.13,6.55,6.13,6.55,0,0
ACR_MV,D,20180323,000000,6.33,6.55,6.33,6.55,0,0
ACR_MV,D,20180326,000000,6.55,6.66,6.55,6.66,0,0
ACR_MV,D,20180328,000000,6.33,6.33,5.52,6.24,0,0
ACR_MV,D,20180329,000000,5.83,5.94,5.27,5.94,0,0
ACR_MV,D,20180403,000000,5.94,6.91,5.58,6.38,0,0
ACR_MV,D,20180404,000000,6.24,6.66,6.22,6.66,0,0
ACR_MV,D,20180405,000000,6.3,6.33,6.11,6.33,0,0
ACR_MV,D,20180406,000000,6.11,6.11,5.66,6.05,0,0
ACR_MV,D,20180409,000000,6.05,6.33,6.05,6.33,0,0
ACR_MV,D,20180410,000000,5.91,6.6,5.91,6.6,0,0
ACR_MV,D,20180411,000000,6.19,6.6,6.19,6.6,0,0
ACR_MV,D,20180412,000000,5.66,6.11,5.16,6.08,0,0
ACR_MV,D,20180416,000000,5.44,5.55,5,5.11,0,0
ACR_MV,D,20180417,000000,5.19,5.83,5.19,5.83,0,0
ACR_MV,D,20180418,000000,5.8,6.6,5.69,6.02,0,0
ACR_MV,D,20180419,000000,5.97,6.3,5.97,6.3,0,0
ACR_MV,D,20180423,000000,5.88,5.88,5.88,5.88,0,0
ACR_MV,D,20180424,000000,5.69,5.74,5.3,5.38,0,0
ACR_MV,D,20180425,000000,5.38,6.91,5.27,5.8,0,0
ACR_MV,D,20180426,000000,5.55,5.63,5.24,5.63,0,0
ACR_MV,D,20180427,000000,5.55,5.66,5.55,5.66,0,0
ACR_MV,D,20180430,000000,5.27,5.66,5.27,5.66,0,0
ACR_MV,D,20180502,000000,5.33,5.66,5.33,5.66,0,0
ACR_MV,D,20180504,000000,5.66,5.66,5.66,5.66,0,0
ACR_MV,D,20180508,000000,6.63,6.63,6.63,6.63,0,0
ACR_MV,D,20180514,000000,5.66,6.77,5.66,6.38,0,0
ACR_MV,D,20180515,000000,6.11,6.16,6.08,6.16,0,0
ACR_MV,D,20180516,000000,5.74,5.74,5.74,5.74,0,0
ACR_MV,D,20180517,000000,5.83,5.83,5.72,5.83,0,0
ACR_MV,D,20180518,000000,5.61,6.02,5.61,6.02,0,0
ACR_MV,D,20180521,000000,5.66,5.77,5.66,5.77,0,0
ACR_MV,D,20180522,000000,5.38,5.77,5.27,5.77,0,0
ACR_MV,D,20180523,000000,5.41,5.8,5.13,5.13,0,0
ACR_MV,D,20180524,000000,5.47,5.47,4.77,4.88,0,0
ACR_MV,D,20180525,000000,4.88,5.24,4.83,4.83,0,0
ACR_MV,D,20180528,000000,4.47,5.24,4.19,4.58,0,0
ACR_MV,D,20180529,000000,4.58,4.58,4.58,4.58,0,0
ACR_MV,D,20180530,000000,4.27,4.58,3.94,4.13,0,0
ACR_MV,D,20180601,000000,3.97,4.22,3.97,4.19,0,0
ACR_MV,D,20180604,000000,4.22,4.22,3.41,3.61,0,0
ACR_MV,D,20180605,000000,3.91,4.22,3.91,4.22,0,0
ACR_MV,D,20180606,000000,3.94,4.72,3.86,4.52,0,0
ACR_MV,D,20180607,000000,4.16,4.58,4.16,4.58,0,0
ACR_MV,D,20180608,000000,4.16,4.75,4.16,4.75,0,0
ACR_MV,D,20180611,000000,4.38,4.75,4.16,4.75,0,0
ACR_MV,D,20180612,000000,4.44,4.44,4.44,4.44,0,0
ACR_MV,D,20180613,000000,4.75,4.75,4.75,4.75,0,0
ACR_MV,D,20180619,000000,4.75,4.75,4.75,4.75,0,0
ACR_MV,D,20180621,000000,4.38,4.38,4.16,4.16,0,0
ACR_MV,D,20180622,000000,4.02,4.16,3.64,3.64,0,0
ACR_MV,D,20180625,000000,3.89,4.25,3.89,4.16,0,0
ACR_MV,D,20180626,000000,3.91,4.16,3.89,4.16,0,0
ACR_MV,D,20180627,000000,4.16,4.75,4.16,4.75,0,0
ACR_MV,D,20180628,000000,4.75,4.75,4.33,4.33,0,0
ACR_MV,D,20180629,000000,4.58,4.75,4.58,4.75,0,0
ACR_MV,D,20180702,000000,4.75,4.75,4.75,4.75,0,0
ACR_MV,D,20180703,000000,4.44,4.44,4.16,4.16,0,0
ACR_MV,D,20180704,000000,4.3,4.3,4.3,4.3,0,0
ACR_MV,D,20180705,000000,4.16,4.36,4.16,4.16,0,0
ACR_MV,D,20180706,000000,4.36,4.36,4.02,4.16,0,0
ACR_MV,D,20180709,000000,3.94,4.3,3.94,4.3,0,0
ACR_MV,D,20180710,000000,4.05,4.72,4.02,4.72,0,0
ACR_MV,D,20180712,000000,4.69,4.69,4.69,4.69,0,0
ACR_MV,D,20180713,000000,4.72,4.75,4.58,4.75,0,0
ACR_MV,D,20180716,000000,4.36,4.72,4.02,4.72,0,0
ACR_MV,D,20180717,000000,4.3,4.38,4.3,4.38,0,0
ACR_MV,D,20180718,000000,4.38,4.38,4.16,4.38,0,0
ACR_MV,D,20180719,000000,4.38,4.66,4.3,4.3,0,0
ACR_MV,D,20180720,000000,4.02,4.38,4.02,4.38,0,0
ACR_MV,D,20180723,000000,4.75,4.75,4.75,4.75,0,0
ACR_MV,D,20180724,000000,4.75,4.75,4.75,4.75,0,0
ACR_MV,D,20180725,000000,4.75,4.75,4.19,4.47,0,0
ACR_MV,D,20180726,000000,4.47,4.47,4.47,4.47,0,0
ACR_MV,D,20180727,000000,4.19,4.47,4.19,4.47,0,0
ACR_MV,D,20180730,000000,4.19,4.72,4.13,4.72,0,0
ACR_MV,D,20180731,000000,4.36,4.36,4.33,4.33,0,0
ACR_MV,D,20180801,000000,4.47,4.47,4.05,4.47,0,0
ACR_MV,D,20180802,000000,4.47,4.47,4.05,4.16,0,0
ACR_MV,D,20180803,000000,4.16,4.44,4.16,4.44,0,0
ACR_MV,D,20180806,000000,4.02,4.16,4.02,4.16,0,0
ACR_MV,D,20180807,000000,4.44,4.44,4.16,4.44,0,0
ACR_MV,D,20180808,000000,4.44,4.5,4.44,4.5,0,0
ACR_MV,D,20180809,000000,4.16,4.16,3.89,3.89,0,0
ACR_MV,D,20180810,000000,4.22,4.52,4.22,4.52,0,0
ACR_MV,D,20180813,000000,4.52,4.86,4.44,4.44,0,0
ACR_MV,D,20180814,000000,4.86,4.86,4.86,4.86,0,0
ACR_MV,D,20180816,000000,4.77,4.83,4.41,4.83,0,0
ACR_MV,D,20180817,000000,4.8,4.8,3.86,4.25,0,0
ACR_MV,D,20180820,000000,4.58,4.58,4.58,4.58,0,0
ACR_MV,D,20180821,000000,4.58,4.58,3.89,3.89,0,0
ACR_MV,D,20180822,000000,3.61,4.33,3.61,4.33,0,0
ACR_MV,D,20180823,000000,4.05,4.33,4.05,4.33,0,0
ACR_MV,D,20180828,000000,4.33,4.58,4.33,4.58,0,0
ACR_MV,D,20180829,000000,4.58,4.58,4.27,4.27,0,0
ACR_MV,D,20180830,000000,4.36,4.36,4.36,4.36,0,0
ACR_MV,D,20180831,000000,4.22,4.3,4.05,4.16,0,0
ACR_MV,D,20180903,000000,3.89,4.02,3.75,4.02,0,0
ACR_MV,D,20180904,000000,3.89,3.89,3.89,3.89,0,0
ACR_MV,D,20180905,000000,3.75,3.75,3.75,3.75,0,0
ACR_MV,D,20180906,000000,3.61,3.75,3.47,3.75,0,0
ACR_MV,D,20180910,000000,3.61,3.66,3.47,3.66,0,0
ACR_MV,D,20180912,000000,3.89,3.89,3.52,3.52,0,0
ACR_MV,D,20180918,000000,3.41,3.41,3.41,3.41,0,0
ACR_MV,D,20180921,000000,3.25,3.25,3.25,3.25,0,0
ACR_MV,D,20180924,000000,3.11,3.39,3.11,3.33,0,0
ACR_MV,D,20180925,000000,2.97,2.97,2.97,2.97,0,0
ACR_MV,D,20180926,000000,3.36,3.36,3.36,3.36,0,0
ACR_MV,D,20180927,000000,3.36,3.36,3.36,3.36,0,0
ACR_MV,D,20181001,000000,3.47,3.47,3.05,3.27,0,0
ACR_MV,D,20181002,000000,3.19,3.61,3.05,3.27,0,0
ACR_MV,D,20181003,000000,3.27,3.58,3.27,3.58,0,0
ACR_MV,D,20181008,000000,3.58,3.58,3.22,3.22,0,0
ACR_MV,D,20181009,000000,3.14,3.36,3.14,3.36,0,0
ACR_MV,D,20181010,000000,3.72,3.72,3.72,3.72,0,0
ACR_MV,D,20181011,000000,3.91,3.91,3.86,3.86,0,0
ACR_MV,D,20181012,000000,3.94,4.11,3.94,4.11,0,0
ACR_MV,D,20181015,000000,4.11,4.55,4.11,4.36,0,0
ACR_MV,D,20181017,000000,4.02,4.02,3.64,3.64,0,0
ACR_MV,D,20181018,000000,4.05,4.86,4.05,4.52,0,0
ACR_MV,D,20181019,000000,4.66,4.66,4.25,4.25,0,0
ACR_MV,D,20181022,000000,3.97,3.97,3.77,3.77,0,0
ACR_MV,D,20181026,000000,3.64,3.64,3.64,3.64,0,0
ACR_MV,D,20181029,000000,3.41,3.41,3.41,3.41,0,0
ACR_MV,D,20181030,000000,3.77,3.77,3.77,3.77,0,0
ACR_MV,D,20181102,000000,3.77,3.77,3.77,3.77,0,0
ACR_MV,D,20181105,000000,3.47,3.47,3.47,3.47,0,0
ACR_MV,D,20181106,000000,3.61,3.61,3.61,3.61,0,0
ACR_MV,D,20181107,000000,3.33,3.33,3.25,3.3,0,0
ACR_MV,D,20181113,000000,3.27,3.27,3.14,3.25,0,0
ACR_MV,D,20181114,000000,3.19,3.19,3.11,3.11,0,0
ACR_MV,D,20181115,000000,3.05,3.05,2.86,2.86,0,0
ACR_MV,D,20181119,000000,2.75,2.78,2.58,2.58,0,0
ACR_MV,D,20181120,000000,2.64,2.64,2.47,2.47,0,0
ACR_MV,D,20181121,000000,2.5,2.5,2.5,2.5,0,0
ACR_MV,D,20181122,000000,2.5,2.55,2.5,2.55,0,0
ACR_MV,D,20181123,000000,2.61,2.61,2.61,2.61,0,0
ACR_MV,D,20181127,000000,2.64,2.64,2.55,2.55,0,0
ACR_MV,D,20181128,000000,2.75,2.91,2.75,2.86,0,0
ACR_MV,D,20181129,000000,2.8,2.8,2.8,2.8,0,0
ACR_MV,D,20181130,000000,2.86,2.86,2.58,2.83,0,0
ACR_MV,D,20181203,000000,2.89,2.89,2.69,2.69,0,0
ACR_MV,D,20181204,000000,2.72,2.78,2.69,2.78,0,0
ACR_MV,D,20181205,000000,2.78,2.78,2.39,2.72,0,0
ACR_MV,D,20181210,000000,2.5,2.5,2.5,2.5,0,0
ACR_MV,D,20181211,000000,2.36,2.53,2.36,2.47,0,0
ACR_MV,D,20181217,000000,2.53,2.53,2.53,2.53,0,0
ACR_MV,D,20181218,000000,2.53,2.53,2.53,2.53,0,0
ACR_MV,D,20181219,000000,2.5,2.5,2.5,2.5,0,0
ACR_MV,D,20181220,000000,2.69,2.97,2.47,2.91,0,0
ACR_MV,D,20181221,000000,2.75,2.97,2.75,2.97,0,0
ACR_MV,D,20181227,000000,3.11,3.11,3.11,3.11,0,0
ACR_MV,D,20181228,000000,3.25,3.25,2.91,2.91,0,0
ACR_MV,D,20190103,000000,3.25,3.25,2.83,2.83,0,0
ACR_MV,D,20190104,000000,2.78,2.78,2.64,2.78,0,0
ACR_MV,D,20190107,000000,2.78,2.78,2.78,2.78,0,0
ACR_MV,D,20190108,000000,2.78,2.78,2.78,2.78,0,0
ACR_MV,D,20190109,000000,2.72,2.72,2.72,2.72,0,0
ACR_MV,D,20190110,000000,2.8,3.16,2.8,3.16,0,0
ACR_MV,D,20190111,000000,3.16,3.52,3.05,3.05,0,0
ACR_MV,D,20190114,000000,2.91,2.91,2.91,2.91,0,0
ACR_MV,D,20190115,000000,3.16,3.16,3.16,3.16,0,0
ACR_MV,D,20190116,000000,2.78,3.33,2.78,3.33,0,0
ACR_MV,D,20190117,000000,3.11,3.11,2.72,2.78,0,0
ACR_MV,D,20190121,000000,2.83,2.86,2.83,2.86,0,0
ACR_MV,D,20190122,000000,3.14,3.14,2.86,2.86,0,0
ACR_MV,D,20190123,000000,2.91,2.91,2.91,2.91,0,0
ACR_MV,D,20190124,000000,3.05,3.11,3.05,3.11,0,0
ACR_MV,D,20190128,000000,2.91,2.91,2.91,2.91,0,0
ACR_MV,D,20190129,000000,3,3,2.75,2.78,0,0
ACR_MV,D,20190130,000000,2.94,2.94,2.66,2.66,0,0
ACR_MV,D,20190131,000000,2.83,3.19,2.83,3.14,0,0
ACR_MV,D,20190201,000000,2.83,3.14,2.83,3.14,0,0
ACR_MV,D,20190207,000000,3.16,3.19,3.16,3.19,0,0
ACR_MV,D,20190208,000000,3.16,3.16,2.89,2.89,0,0
ACR_MV,D,20190211,000000,3.19,3.19,3.16,3.19,0,0
ACR_MV,D,20190212,000000,3.22,3.22,2.78,2.78,0,0
ACR_MV,D,20190214,000000,2.91,2.91,2.91,2.91,0,0
ACR_MV,D,20190215,000000,3.08,3.08,2.8,3.05,0,0
ACR_MV,D,20190218,000000,2.83,3.05,2.83,3.05,0,0
ACR_MV,D,20190219,000000,3.02,3.02,2.8,2.8,0,0
ACR_MV,D,20190220,000000,2.78,3.69,2.78,3.69,0,0
ACR_MV,D,20190221,000000,3.69,3.69,3.05,3.5,0,0
ACR_MV,D,20190225,000000,3.19,3.19,3.19,3.19,0,0
ACR_MV,D,20190226,000000,3.5,3.5,3.19,3.19,0,0
ACR_MV,D,20190227,000000,3.11,3.16,3.11,3.16,0,0
ACR_MV,D,20190228,000000,3.14,3.14,3.14,3.14,0,0
ACR_MV,D,20190301,000000,3.08,3.08,3.08,3.08,0,0
ACR_MV,D,20190304,000000,3.05,3.33,3.05,3.33,0,0
ACR_MV,D,20190305,000000,3.5,3.5,3.5,3.5,0,0
ACR_MV,D,20190306,000000,3.19,3.19,3.19,3.19,0,0
ACR_MV,D,20190307,000000,3.33,3.33,2.83,2.91,0,0
ACR_MV,D,20190308,000000,2.91,3.19,2.91,3.19,0,0
ACR_MV,D,20190311,000000,2.79,3.19,2.79,3.19,0,0
ACR_MV,D,20190313,000000,2.79,2.91,2.78,2.91,0,0
ACR_MV,D,20190315,000000,2.91,2.91,2.89,2.89,0,0
ACR_MV,D,20190320,000000,2.69,2.91,2.69,2.91,0,0
ACR_MV,D,20190321,000000,3.11,3.11,3.11,3.11,0,0
ACR_MV,D,20190329,000000,2.66,2.91,2.66,2.91,0,0
ACR_MV,D,20190401,000000,2.58,2.75,2.53,2.64,0,0
ACR_MV,D,20190402,000000,2.72,2.72,2.53,2.53,0,0
ACR_MV,D,20190403,000000,2.53,2.55,2.5,2.55,0,0
ACR_MV,D,20190405,000000,2.53,2.53,2.53,2.53,0,0
ACR_MV,D,20190409,000000,2.53,2.53,2.53,2.53,0,0
ACR_MV,D,20190411,000000,2.53,2.53,2.53,2.53,0,0
ACR_MV,D,20190412,000000,2.72,2.72,2.72,2.72,0,0
ACR_MV,D,20190416,000000,2.5,2.5,2.5,2.5,0,0
ACR_MV,D,20190423,000000,2.44,2.44,2.22,2.34,0,0
ACR_MV,D,20190424,000000,2.33,2.33,2.33,2.33,0,0
ACR_MV,D,20190425,000000,2.34,2.36,2.34,2.36,0,0
ACR_MV,D,20190426,000000,2.28,2.36,2.28,2.36,0,0
ACR_MV,D,20190429,000000,2.39,2.53,2.39,2.53,0,0
ACR_MV,D,20190506,000000,2.53,2.53,2.5,2.5,0,0
ACR_MV,D,20190509,000000,2.53,2.53,2.53,2.53,0,0
ACR_MV,D,20190514,000000,2.53,2.53,2.53,2.53,0,0
ACR_MV,D,20190515,000000,2.36,2.36,2.36,2.36,0,0
ACR_MV,D,20190516,000000,2.58,2.58,2.55,2.58,0,0
ACR_MV,D,20190529,000000,2.36,2.47,2.36,2.47,0,0
ACR_MV,D,20190530,000000,2.47,2.47,2.36,2.36,0,0
ACR_MV,D,20190531,000000,2.47,2.47,2.47,2.47,0,0
ACR_MV,D,20190604,000000,2.16,2.16,2.16,2.16,0,0
ACR_MV,D,20190605,000000,2.15,2.16,2.15,2.16,0,0
ACR_MV,D,20190607,000000,2.16,2.22,2.16,2.22,0,0
ACR_MV,D,20190614,000000,2.3,2.3,2.25,2.25,0,0
ACR_MV,D,20190617,000000,2.18,2.18,2.18,2.18,0,0
ACR_MV,D,20190618,000000,2.08,2.22,2.08,2.22,0,0
ACR_MV,D,20190621,000000,2.22,2.22,2.22,2.22,0,0
ACR_MV,D,20190627,000000,2.3,2.75,1.97,2.75,0,0
ACR_MV,D,20190628,000000,2.29,2.75,2.29,2.75,0,0
ACR_MV,D,20190701,000000,2.5,2.69,2.33,2.69,0,0
ACR_MV,D,20190702,000000,2.47,2.5,2.44,2.44,0,0
ACR_MV,D,20190703,000000,2.58,2.91,2.58,2.59,0,0
ACR_MV,D,20190704,000000,2.83,2.83,2.61,2.78,0,0
ACR_MV,D,20190705,000000,2.78,2.89,2.72,2.89,0,0
ACR_MV,D,20190709,000000,2.72,2.72,2.72,2.72,0,0
ACR_MV,D,20190710,000000,2.62,2.62,2.61,2.61,0,0
ACR_MV,D,20190711,000000,2.5,2.83,2.5,2.83,0,0
ACR_MV,D,20190712,000000,2.61,2.61,2.61,2.61,0,0
ACR_MV,D,20190716,000000,2.44,2.47,2.44,2.47,0,0
ACR_MV,D,20190718,000000,2.41,2.66,2.41,2.66,0,0
ACR_MV,D,20190723,000000,2.26,2.44,2.26,2.44,0,0
ACR_MV,D,20190724,000000,2.39,2.39,2.39,2.39,0,0
ACR_MV,D,20190725,000000,2.55,2.55,2.55,2.55,0,0
ACR_MV,D,20190726,000000,2.36,2.55,2.36,2.55,0,0
ACR_MV,D,20190729,000000,2.33,2.33,2.28,2.28,0,0
ACR_MV,D,20190730,000000,2.36,2.36,2.36,2.36,0,0
ACR_MV,D,20190731,000000,2.28,2.36,2.26,2.26,0,0
ACR_MV,D,20190805,000000,2.28,2.28,2.28,2.28,0,0
ACR_MV,D,20190808,000000,2.36,2.36,2.36,2.36,0,0
ACR_MV,D,20190809,000000,2.3,2.3,2.3,2.3,0,0
ACR_MV,D,20190812,000000,2.28,2.28,2.28,2.28,0,0
ACR_MV,D,20190816,000000,2.3,2.3,2.22,2.22,0,0
ACR_MV,D,20190820,000000,2.22,2.25,2.22,2.25,0,0
ACR_MV,D,20190911,000000,2.03,2.25,2.03,2.25,0,0
ACR_MV,D,20190917,000000,2.03,2.43,1.83,2.43,0,0
ACR_MV,D,20190918,000000,2.28,2.28,2.03,2.08,0,0
ACR_MV,D,20190919,000000,2.08,2.08,1.86,1.86,0,0
ACR_MV,D,20190920,000000,1.94,2.28,1.94,2.28,0,0
ACR_MV,D,20190926,000000,2.11,2.28,1.94,2.28,0,0
ACR_MV,D,20190930,000000,2.11,2.11,1.89,2.11,0,0
ACR_MV,D,20191001,000000,2.05,2.05,2.05,2.05,0,0
ACR_MV,D,20191004,000000,1.97,1.97,1.97,1.97,0,0
ACR_MV,D,20191011,000000,1.97,1.97,1.97,1.97,0,0
ACR_MV,D,20191016,000000,1.89,1.89,1.89,1.89,0,0
ACR_MV,D,20191017,000000,1.97,1.97,1.97,1.97,0,0
ACR_MV,D,20191018,000000,1.9,1.9,1.9,1.9,0,0
ACR_MV,D,20191022,000000,1.94,1.94,1.94,1.94,0,0
ACR_MV,D,20191024,000000,2.03,2.03,2.03,2.03,0,0
ACR_MV,D,20191030,000000,2.03,2.03,2.03,2.03,0,0
ACR_MV,D,20191031,000000,2.05,2.14,2.05,2.14,0,0
ACR_MV,D,20191104,000000,2.14,2.14,2.14,2.14,0,0
ACR_MV,D,20191106,000000,2.33,2.33,2.33,2.33,0,0
ACR_MV,D,20191115,000000,2.14,2.14,2.14,2.14,0,0
ACR_MV,D,20191118,000000,2.33,2.33,2.33,2.33,0,0
ACR_MV,D,20191119,000000,2.28,2.28,2.28,2.28,0,0
ACR_MV,D,20191126,000000,2.28,2.28,2.28,2.28,0,0
ACR_MV,D,20191202,000000,2.28,2.28,2.28,2.28,0,0
ACR_MV,D,20191205,000000,1.87,2.44,1.87,2.44,0,0
ACR_MV,D,20191206,000000,1.94,1.94,1.94,1.94,0,0
ACR_MV,D,20191209,000000,2.16,2.16,2.16,2.16,0,0
ACR_MV,D,20191217,000000,1.94,1.94,1.94,1.94,0,0
ACR_MV,D,20191218,000000,1.83,1.83,1.83,1.83,0,0
ACR_MV,D,20191220,000000,1.83,1.83,1.83,1.83,0,0
ACR_MV,D,20191223,000000,1.83,1.83,1.83,1.83,0,0
ACR_MV,D,20191227,000000,1.78,1.78,1.78,1.78,0,0
ACR_MV,D,20200102,000000,1.67,1.67,1.67,1.67,0,0
ACR_MV,D,20200108,000000,1.67,1.75,1.53,1.67,0,0
ACR_MV,D,20200109,000000,1.58,1.67,1.58,1.61,0,0
ACR_MV,D,20200110,000000,1.64,1.86,1.64,1.86,0,0
ACR_MV,D,20200114,000000,1.86,2.19,1.86,2.19,0,0
ACR_MV,D,20200115,000000,2.19,2.19,1.91,1.91,0,0
ACR_MV,D,20200116,000000,1.91,1.91,1.91,1.91,0,0
ACR_MV,D,20200117,000000,1.91,1.91,1.91,1.91,0,0
ACR_MV,D,20200120,000000,1.94,1.94,1.89,1.89,0,0
ACR_MV,D,20200121,000000,2.16,2.16,2.16,2.16,0,0
ACR_MV,D,20200124,000000,1.9,1.9,1.9,1.9,0,0
ACR_MV,D,20200127,000000,2.25,2.25,2.25,2.25,0,0
ACR_MV,D,20200129,000000,1.89,2.25,1.83,2.25,0,0
ACR_MV,D,20200130,000000,1.8,1.94,1.8,1.86,0,0
ACR_MV,D,20200203,000000,1.8,1.82,1.8,1.82,0,0
ACR_MV,D,20200204,000000,1.94,1.94,1.94,1.94,0,0
ACR_MV,D,20200205,000000,1.83,1.97,1.83,1.97,0,0
ACR_MV,D,20200206,000000,2.08,2.19,2.08,2.19,0,0
ACR_MV,D,20200207,000000,1.97,1.97,1.67,1.67,0,0
ACR_MV,D,20200210,000000,1.75,2.1,1.75,2.08,0,0
ACR_MV,D,20200211,000000,2.22,2.66,2.12,2.66,0,0
ACR_MV,D,20200212,000000,2.72,2.72,2.66,2.66,0,0
ACR_MV,D,20200213,000000,2.36,3.33,2.22,3.33,0,0
ACR_MV,D,20200214,000000,3.33,4.77,3.33,3.75,0,0
ACR_MV,D,20200217,000000,4.16,4.77,4.16,4.72,0,0
ACR_MV,D,20200218,000000,3.77,4.44,3.11,4.44,0,0
ACR_MV,D,20200219,000000,3.61,3.61,3.05,3.33,0,0
ACR_MV,D,20200220,000000,3.05,3.89,3.05,3.89,0,0
ACR_MV,D,20200221,000000,3.61,4.33,3.61,4.33,0,0
ACR_MV,D,20200224,000000,3.33,3.89,3.33,3.89,0,0
ACR_MV,D,20200225,000000,3.61,4.16,3.61,4.16,0,0
ACR_MV,D,20200226,000000,3.33,3.61,2.78,3.61,0,0
ACR_MV,D,20200227,000000,3.05,3.05,3.05,3.05,0,0
ACR_MV,D,20200228,000000,2.78,2.78,2.78,2.78,0,0
ACR_MV,D,20200302,000000,2.78,2.78,2.22,2.78,0,0
ACR_MV,D,20200303,000000,2.5,2.5,2.5,2.5,0,0
ACR_MV,D,20200304,000000,2.78,2.78,2.78,2.78,0,0
ACR_MV,D,20200306,000000,2.23,2.5,2.23,2.5,0,0
ACR_MV,D,20200309,000000,2.22,2.5,2.11,2.22,0,0
ACR_MV,D,20200310,000000,2.19,2.5,2.19,2.5,0,0
ACR_MV,D,20200311,000000,2.36,2.36,2.36,2.36,0,0
ACR_MV,D,20200313,000000,1.55,1.67,1.55,1.67,0,0
ACR_MV,D,20200316,000000,1.94,1.94,1.94,1.94,0,0
ACR_MV,D,20200317,000000,1.94,2.19,1.94,2.19,0,0
ACR_MV,D,20200318,000000,2.18,2.61,2.18,2.61,0,0
ACR_MV,D,20200319,000000,2.64,2.78,2.08,2.5,0,0
ACR_MV,D,20200320,000000,2.5,2.5,2,2,0,0
ACR_MV,D,20200323,000000,2.08,2.08,2.08,2.08,0,0
ACR_MV,D,20200324,000000,2.36,2.5,2.22,2.22,0,0
ACR_MV,D,20200325,000000,2.22,2.55,2.05,2.18,0,0
ACR_MV,D,20200330,000000,2.08,2.08,2.05,2.05,0,0
ACR_MV,D,20200331,000000,2.05,2.08,1.67,2.08,0,0
ACR_MV,D,20200401,000000,2.08,2.36,1.94,2.22,0,0
ACR_MV,D,20200402,000000,1.97,1.97,1.97,1.97,0,0
ACR_MV,D,20200403,000000,2.36,2.36,1.97,2.22,0,0
ACR_MV,D,20200406,000000,2.08,2.33,1.97,2.33,0,0
ACR_MV,D,20200407,000000,2.36,2.5,2,2.05,0,0
ACR_MV,D,20200408,000000,2.19,2.19,1.97,2.03,0,0
ACR_MV,D,20200409,000000,1.8,2.22,1.8,2.22,0,0
ACR_MV,D,20200414,000000,2.36,2.36,2.25,2.25,0,0
ACR_MV,D,20200415,000000,2.25,2.25,2.22,2.22,0,0
ACR_MV,D,20200416,000000,2.33,2.36,2.14,2.14,0,0
ACR_MV,D,20200417,000000,2.14,2.5,2.08,2.11,0,0
ACR_MV,D,20200420,000000,2.33,2.78,2.33,2.41,0,0
ACR_MV,D,20200421,000000,2.78,3.3,2.5,3.27,0,0
ACR_MV,D,20200422,000000,3.61,4.02,3.19,3.19,0,0
ACR_MV,D,20200423,000000,3.19,3.19,2.3,2.44,0,0
ACR_MV,D,20200424,000000,2.44,2.44,2.44,2.44,0,0
ACR_MV,D,20200427,000000,2.64,2.91,2.5,2.91,0,0
ACR_MV,D,20200428,000000,2.64,2.64,2.14,2.16,0,0
ACR_MV,D,20200429,000000,2.36,2.61,2.36,2.61,0,0
ACR_MV,D,20200430,000000,2.64,2.64,2.61,2.61,0,0
ACR_MV,D,20200504,000000,2.36,2.36,2.36,2.36,0,0
ACR_MV,D,20200505,000000,2.5,2.75,2.37,2.39,0,0
ACR_MV,D,20200507,000000,2.39,2.39,2.39,2.39,0,0
ACR_MV,D,20200511,000000,2.39,2.39,2.22,2.3,0,0
ACR_MV,D,20200512,000000,2.3,2.3,2.3,2.3,0,0
ACR_MV,D,20200513,000000,2.3,2.3,2.3,2.3,0,0
ACR_MV,D,20200514,000000,2.5,2.78,2.5,2.5,0,0
ACR_MV,D,20200515,000000,2.78,3.05,2.5,3.05,0,0
ACR_MV,D,20200518,000000,3.16,3.16,2.78,2.78,0,0
ACR_MV,D,20200519,000000,3,3,3,3,0,0
ACR_MV,D,20200520,000000,3,3,2.78,2.78,0,0
ACR_MV,D,20200521,000000,2.8,3.05,2.8,3.05,0,0
ACR_MV,D,20200522,000000,2.78,2.78,2.78,2.78,0,0
ACR_MV,D,20200525,000000,2.91,2.91,2.64,2.91,0,0
ACR_MV,D,20200526,000000,3.05,3.16,3.05,3.16,0,0
ACR_MV,D,20200527,000000,3.19,3.25,3.19,3.25,0,0
ACR_MV,D,20200528,000000,3.3,3.33,3.3,3.3,0,0
ACR_MV,D,20200529,000000,3.3,3.3,3,3,0,0
ACR_MV,D,20200601,000000,3,3.33,2.91,3.33,0,0
ACR_MV,D,20200602,000000,3.05,3.27,3.05,3.27,0,0
ACR_MV,D,20200604,000000,3,3,2.78,2.91,0,0
ACR_MV,D,20200605,000000,2.91,3,2.64,2.91,0,0
ACR_MV,D,20200608,000000,2.64,2.83,2.64,2.83,0,0
ACR_MV,D,20200609,000000,2.78,2.78,2.64,2.72,0,0
ACR_MV,D,20200610,000000,2.72,2.76,2.5,2.5,0,0
ACR_MV,D,20200612,000000,2.76,2.78,2.76,2.78,0,0
ACR_MV,D,20200615,000000,2.66,3.14,2.66,3.11,0,0
ACR_MV,D,20200616,000000,3,3,2.78,2.91,0,0
ACR_MV,D,20200617,000000,3.33,4.08,3.33,3.83,0,0
ACR_MV,D,20200618,000000,4.16,5,4.16,5,0,0
ACR_MV,D,20200619,000000,5.61,6.66,4.63,5.49,0,0
ACR_MV,D,20200622,000000,5.52,6.11,5.52,6.11,0,0
ACR_MV,D,20200623,000000,6.11,6.22,5,5.49,0,0
ACR_MV,D,20200624,000000,5.55,5.55,5.13,5.44,0,0
ACR_MV,D,20200625,000000,5,5.22,4.19,5.22,0,0
ACR_MV,D,20200626,000000,5.55,6.66,5.55,6.49,0,0
ACR_MV,D,20200629,000000,6.49,6.6,5.88,6.33,0,0
ACR_MV,D,20200630,000000,6.11,6.11,5.05,5.55,0,0
ACR_MV,D,20200701,000000,5.41,6.05,5.27,6.05,0,0
ACR_MV,D,20200702,000000,5.94,5.94,5.13,5.83,0,0
ACR_MV,D,20200703,000000,5.3,5.72,5.3,5.61,0,0
ACR_MV,D,20200706,000000,5.55,6.22,5.38,5.44,0,0
ACR_MV,D,20200707,000000,5.44,5.83,5.44,5.44,0,0
ACR_MV,D,20200708,000000,5.49,5.49,5.44,5.44,0,0
ACR_MV,D,20200709,000000,5.55,5.99,5.33,5.55,0,0
ACR_MV,D,20200710,000000,5.52,6.33,5.52,6.27,0,0
ACR_MV,D,20200713,000000,6.38,6.6,5.55,6.16,0,0
ACR_MV,D,20200714,000000,5.55,5.94,5.27,5.88,0,0
ACR_MV,D,20200715,000000,5.72,5.72,5.38,5.38,0,0
ACR_MV,D,20200716,000000,5.33,5.55,5.27,5.55,0,0
ACR_MV,D,20200717,000000,5.41,5.52,5.36,5.41,0,0
ACR_MV,D,20200720,000000,5.3,5.3,4.88,5.24,0,0
ACR_MV,D,20200721,000000,5.27,6.11,5.27,5.55,0,0
ACR_MV,D,20200722,000000,5.27,5.55,5.27,5.49,0,0
ACR_MV,D,20200723,000000,5.49,5.49,5.3,5.3,0,0
ACR_MV,D,20200724,000000,5.3,5.3,5.22,5.22,0,0
ACR_MV,D,20200727,000000,5.13,6.11,5.13,6.11,0,0
ACR_MV,D,20200728,000000,8.27,8.27,6.94,6.94,0,0
ACR_MV,D,20200729,000000,6.66,7.22,6.44,7.22,0,0
ACR_MV,D,20200730,000000,7.22,7.22,5.83,5.83,0,0
ACR_MV,D,20200731,000000,5.88,6.33,5.83,6.11,0,0
ACR_MV,D,20200803,000000,5.55,5.55,4.22,4.22,0,0
ACR_MV,D,20200804,000000,4.3,5,4.27,4.27,0,0
ACR_MV,D,20200805,000000,4.58,4.58,4.41,4.41,0,0
ACR_MV,D,20200806,000000,4.36,4.36,4.16,4.36,0,0
ACR_MV,D,20200807,000000,4.47,4.47,4.47,4.47,0,0
ACR_MV,D,20200810,000000,3.91,4.5,3.91,4.5,0,0
ACR_MV,D,20200811,000000,4.66,4.66,4.22,4.55,0,0
ACR_MV,D,20200812,000000,4.33,4.66,4.16,4.66,0,0
ACR_MV,D,20200813,000000,4.55,4.55,4.3,4.44,0,0
ACR_MV,D,20200814,000000,4.63,4.66,4.27,4.27,0,0
ACR_MV,D,20200817,000000,4.66,4.66,4.38,4.58,0,0
ACR_MV,D,20200818,000000,4.58,4.61,4.44,4.44,0,0
ACR_MV,D,20200819,000000,4.52,4.52,4.44,4.52,0,0
ACR_MV,D,20200820,000000,4.47,4.72,4.44,4.5,0,0
ACR_MV,D,20200821,000000,4.94,5.49,4.72,5.49,0,0
ACR_MV,D,20200824,000000,5.47,7.83,5.47,7.83,0,0
ACR_MV,D,20200825,000000,7.94,10.49,7.94,10.16,0,0
ACR_MV,D,20200826,000000,10.27,11.43,8.33,11.1,0,0
ACR_MV,D,20200827,000000,12.21,13.04,11.43,12.27,0,0
ACR_MV,D,20200828,000000,12.77,13.32,11.21,11.49,0,0
ACR_MV,D,20200831,000000,11.49,12.43,11.49,11.93,0,0
ACR_MV,D,20200901,000000,11.16,15.82,11.16,13.32,0,0
ACR_MV,D,20200902,000000,13.26,15.82,13.21,15.12,0,0
ACR_MV,D,20200903,000000,14.99,16.1,12.6,13.38,0,0
ACR_MV,D,20200904,000000,12.65,13.88,12.21,13.88,0,0
ACR_MV,D,20200907,000000,12.65,13.88,11.38,11.38,0,0
ACR_MV,D,20200908,000000,11.1,11.1,8.99,9.27,0,0
ACR_MV,D,20200909,000000,8.88,10.55,8.88,9.44,0,0
ACR_MV,D,20200910,000000,10.49,10.82,9.6,10.82,0,0
ACR_MV,D,20200911,000000,12.1,14.43,12.1,13.21,0,0
ACR_MV,D,20200914,000000,13.49,13.49,11.21,11.88,0,0
ACR_MV,D,20200915,000000,11.49,11.49,9.93,10.88,0,0
ACR_MV,D,20200916,000000,10.27,10.27,9.1,9.21,0,0
ACR_MV,D,20200917,000000,9.21,10.1,9.21,10.1,0,0
ACR_MV,D,20200918,000000,9.21,9.71,8.38,8.82,0,0
ACR_MV,D,20200921,000000,8.33,8.82,8.05,8.05,0,0
ACR_MV,D,20200922,000000,8.49,8.49,7.49,8.05,0,0
ACR_MV,D,20200923,000000,7.55,9.05,7.55,8.6,0,0
ACR_MV,D,20200924,000000,8.33,8.55,7.77,7.83,0,0
ACR_MV,D,20200925,000000,7.77,9.32,7.6,8.71,0,0
ACR_MV,D,20200928,000000,8.71,8.71,7.88,8.33,0,0
ACR_MV,D,20200929,000000,8.33,9.49,7.88,9.16,0,0
ACR_MV,D,20200930,000000,9.1,9.16,8.33,8.44,0,0
ACR_MV,D,20201001,000000,9.05,10.82,8.33,8.88,0,0
ACR_MV,D,20201002,000000,8.88,9.44,8.88,8.88,0,0
ACR_MV,D,20201005,000000,9.05,9.1,8.88,8.88,0,0
ACR_MV,D,20201006,000000,9.16,9.88,9.16,9.55,0,0
ACR_MV,D,20201007,000000,9.55,10.21,9.44,9.99,0,0
ACR_MV,D,20201008,000000,9.99,9.99,8.6,9.66,0,0
ACR_MV,D,20201009,000000,9.66,9.66,7.77,7.94,0,0
ACR_MV,D,20201012,000000,7.99,8.6,7.94,8.6,0,0
ACR_MV,D,20201013,000000,8.6,8.6,7.83,8.38,0,0
ACR_MV,D,20201014,000000,7.94,8.55,7.94,8.1,0,0
ACR_MV,D,20201015,000000,8.05,8.44,7.88,8.44,0,0
ACR_MV,D,20201016,000000,7.83,8.33,7.83,7.88,0,0
