<TICKER>,<PER>,<DATE>,<TIME>,<OPEN>,<HIGH>,<LOW>,<CLOSE>,<VOL>,<OPENINT>
EMU_MV,D,20080212,000000,17.678,17.678,17.678,17.678,0,0
EMU_MV,D,20080213,000000,17.47,17.47,17.47,17.47,0,0
EMU_MV,D,20080214,000000,16.836,17.678,16.836,16.836,0,0
EMU_MV,D,20080215,000000,16.836,17.887,15.994,16.751,0,0
EMU_MV,D,20080218,000000,16.751,16.751,16.751,16.751,0,0
EMU_MV,D,20080219,000000,15.994,16.033,15.616,15.616,0,0
EMU_MV,D,20080220,000000,15.577,16.419,15.577,16.419,0,0
EMU_MV,D,20080221,000000,16.419,16.419,16.419,16.419,0,0
EMU_MV,D,20080222,000000,15.577,16.759,15.577,16.751,0,0
EMU_MV,D,20080225,000000,16.751,16.751,14.813,16.628,0,0
EMU_MV,D,20080226,000000,14.774,16.203,14.774,14.944,0,0
EMU_MV,D,20080227,000000,16.211,16.211,14.821,15.994,0,0
EMU_MV,D,20080228,000000,14.736,14.736,14.736,14.736,0,0
EMU_MV,D,20080229,000000,14.736,14.736,13.894,14.604,0,0
EMU_MV,D,20080303,000000,13.469,13.469,12.419,13.052,0,0
EMU_MV,D,20080305,000000,13.052,13.052,11.785,12.04,0,0
EMU_MV,D,20080306,000000,12.04,12.04,11.16,11.747,0,0
EMU_MV,D,20080307,000000,11.577,11.577,10.99,11.368,0,0
EMU_MV,D,20080310,000000,11.368,11.368,11.368,11.368,0,0
EMU_MV,D,20080311,000000,11.16,11.368,10.944,11.368,0,0
EMU_MV,D,20080312,000000,10.565,12.589,10.565,12.589,0,0
EMU_MV,D,20080313,000000,11.368,12.419,11.368,11.994,0,0
EMU_MV,D,20080314,000000,11.361,11.87,11.361,11.87,0,0
EMU_MV,D,20080317,000000,11.152,12.542,11.029,12.542,0,0
EMU_MV,D,20080320,000000,10.944,11.994,10.944,11.994,0,0
EMU_MV,D,20080325,000000,10.944,11.152,10.944,11.152,0,0
EMU_MV,D,20080326,000000,10.982,10.982,10.982,10.982,0,0
EMU_MV,D,20080327,000000,11.531,11.531,11.531,11.531,0,0
EMU_MV,D,20080328,000000,11.531,11.531,11.531,11.531,0,0
EMU_MV,D,20080402,000000,10.735,10.735,10.735,10.735,0,0
EMU_MV,D,20080403,000000,10.735,10.735,10.735,10.735,0,0
EMU_MV,D,20080404,000000,9.808,9.808,9.762,9.762,0,0
EMU_MV,D,20080407,000000,9.762,9.886,9.0437,9.0514,0,0
EMU_MV,D,20080408,000000,8.8429,9.0514,8.5494,9.0514,0,0
EMU_MV,D,20080409,000000,8.6267,8.8429,8.6267,8.6267,0,0
EMU_MV,D,20080410,000000,8.8352,9.4685,8.8352,9.4685,0,0
EMU_MV,D,20080411,000000,9.4685,9.4685,9.2986,9.2986,0,0
EMU_MV,D,20080415,000000,8.8352,9.638,8.8352,9.2214,0,0
EMU_MV,D,20080416,000000,9.2214,10.102,9.2214,9.685,0,0
EMU_MV,D,20080417,000000,10.11,10.735,10.11,10.689,0,0
EMU_MV,D,20080418,000000,10.689,10.689,9.886,9.893,0,0
EMU_MV,D,20080421,000000,9.855,9.855,8.4182,8.4182,0,0
EMU_MV,D,20080422,000000,8.7966,9.638,8.0397,9.0051,0,0
EMU_MV,D,20080423,000000,8.8352,8.8429,8.8352,8.8429,0,0
EMU_MV,D,20080424,000000,8.0397,8.9665,7.9162,8.9665,0,0
EMU_MV,D,20080425,000000,8.3332,8.7116,8.3332,8.7116,0,0
EMU_MV,D,20080428,000000,8.4182,9.0514,8.4182,8.7966,0,0
EMU_MV,D,20080429,000000,8.8815,11.361,8.8815,11.152,0,0
EMU_MV,D,20080430,000000,11.322,14.434,11.322,13.678,0,0
EMU_MV,D,20080505,000000,14.311,15.276,14.311,15.238,0,0
EMU_MV,D,20080506,000000,15.238,15.238,13.763,14.604,0,0
EMU_MV,D,20080507,000000,14.728,14.728,12.334,13.469,0,0
EMU_MV,D,20080508,000000,13.678,14.689,13.469,14.651,0,0
EMU_MV,D,20080509,000000,14.651,14.651,13.345,14.272,0,0
EMU_MV,D,20080512,000000,14.396,14.396,11.832,13.176,0,0
EMU_MV,D,20080513,000000,12.249,12.627,11.577,12.627,0,0
EMU_MV,D,20080514,000000,11.785,12.627,11.407,11.407,0,0
EMU_MV,D,20080515,000000,12.419,12.419,11.368,11.407,0,0
EMU_MV,D,20080516,000000,11.368,11.407,10.944,11.368,0,0
EMU_MV,D,20080519,000000,10.527,10.944,10.527,10.905,0,0
EMU_MV,D,20080520,000000,10.944,10.944,10.102,10.527,0,0
EMU_MV,D,20080521,000000,10.102,10.527,9.685,10.48,0,0
EMU_MV,D,20080526,000000,10.519,10.527,10.519,10.527,0,0
EMU_MV,D,20080527,000000,10.527,10.527,8.9665,9.1364,0,0
EMU_MV,D,20080528,000000,9.0514,9.4762,8.4182,9.3835,0,0
EMU_MV,D,20080529,000000,9.3835,9.886,9.26,9.26,0,0
EMU_MV,D,20080530,000000,9.685,9.893,9.685,9.893,0,0
EMU_MV,D,20080602,000000,9.3063,9.4685,8.9665,9.3835,0,0
EMU_MV,D,20080603,000000,9.4222,9.801,9.0437,9.3835,0,0
EMU_MV,D,20080604,000000,9.3835,9.3835,9.3835,9.3835,0,0
EMU_MV,D,20080605,000000,9.638,9.638,9.553,9.553,0,0
EMU_MV,D,20080606,000000,9.553,9.553,9.553,9.553,0,0
EMU_MV,D,20080609,000000,9.0514,9.0514,8.4182,8.5031,0,0
EMU_MV,D,20080610,000000,8.2096,8.8429,8.0783,8.6267,0,0
EMU_MV,D,20080611,000000,8.5881,9.0051,8.5881,8.9665,0,0
EMU_MV,D,20080612,000000,9.0051,9.0514,8.9279,9.0051,0,0
EMU_MV,D,20080613,000000,9.0051,9.0514,8.9202,9.0514,0,0
EMU_MV,D,20080616,000000,8.9279,10.272,8.9279,10.272,0,0
EMU_MV,D,20080617,000000,10.272,11.368,10.102,10.735,0,0
EMU_MV,D,20080618,000000,10.82,11.237,10.31,11.152,0,0
EMU_MV,D,20080619,000000,11.152,11.152,10.519,10.735,0,0
EMU_MV,D,20080620,000000,10.31,11.16,10.31,11.029,0,0
EMU_MV,D,20080623,000000,11.114,11.114,11.114,11.114,0,0
EMU_MV,D,20080624,000000,11.152,12.419,10.735,11.747,0,0
EMU_MV,D,20080625,000000,10.781,11.955,10.781,11.747,0,0
EMU_MV,D,20080626,000000,10.735,10.735,10.527,10.689,0,0
EMU_MV,D,20080627,000000,9.677,10.527,9.677,10.527,0,0
EMU_MV,D,20080630,000000,9.26,10.318,9.0978,9.893,0,0
EMU_MV,D,20080701,000000,9.893,10.102,9.26,9.932,0,0
EMU_MV,D,20080702,000000,9.677,9.685,9.677,9.685,0,0
EMU_MV,D,20080703,000000,10.11,10.11,8.8429,9.26,0,0
EMU_MV,D,20080704,000000,9.26,9.26,9.26,9.26,0,0
EMU_MV,D,20080707,000000,9.2214,9.2214,8.4182,8.4182,0,0
EMU_MV,D,20080708,000000,8.4182,9.175,8.0397,9.175,0,0
EMU_MV,D,20080709,000000,9.0901,9.175,9.0901,9.175,0,0
EMU_MV,D,20080710,000000,8.8352,9.175,8.8352,9.175,0,0
EMU_MV,D,20080711,000000,9.26,9.26,9.175,9.2214,0,0
EMU_MV,D,20080714,000000,9.1827,9.1827,8.6267,8.6267,0,0
EMU_MV,D,20080715,000000,8.4182,8.8429,8.2096,8.8429,0,0
EMU_MV,D,20080716,000000,9.0128,9.0514,9.0128,9.0514,0,0
EMU_MV,D,20080717,000000,9.0128,9.0128,8.2946,9.0051,0,0
EMU_MV,D,20080718,000000,8.9665,8.9665,8.9665,8.9665,0,0
EMU_MV,D,20080721,000000,8.2096,9.26,8.2096,9.26,0,0
EMU_MV,D,20080722,000000,9.932,9.932,9.26,9.26,0,0
EMU_MV,D,20080724,000000,8.3795,8.4182,6.943,7.5763,0,0
EMU_MV,D,20080725,000000,7.3678,7.6999,7.1593,7.1593,0,0
EMU_MV,D,20080728,000000,7.5841,7.5841,7.1593,7.5763,0,0
EMU_MV,D,20080729,000000,6.7345,7.1593,6.7345,7.1593,0,0
EMU_MV,D,20080730,000000,7.1593,7.5377,7.1593,7.1593,0,0
EMU_MV,D,20080731,000000,7.1593,7.1593,6.526,7.1593,0,0
EMU_MV,D,20080801,000000,7.3292,7.3292,7.3215,7.3215,0,0
EMU_MV,D,20080804,000000,6.943,7.0743,6.6496,7.0743,0,0
EMU_MV,D,20080805,000000,6.9894,6.9894,6.3175,6.7345,0,0
EMU_MV,D,20080806,000000,6.7345,7.4528,6.3175,7.4528,0,0
EMU_MV,D,20080807,000000,6.7345,6.9044,6.5723,6.8581,0,0
EMU_MV,D,20080808,000000,6.5183,6.6959,6.0163,6.6959,0,0
EMU_MV,D,20080811,000000,6.3175,6.5723,6.3175,6.5646,0,0
EMU_MV,D,20080812,000000,6.7345,6.7345,6.5646,6.5646,0,0
EMU_MV,D,20080813,000000,6.9044,6.9044,6.9044,6.9044,0,0
EMU_MV,D,20080814,000000,6.9044,7.113,6.6496,7.113,0,0
EMU_MV,D,20080818,000000,7.113,7.1593,6.7345,7.1593,0,0
EMU_MV,D,20080819,000000,6.7345,6.7345,6.7345,6.7345,0,0
EMU_MV,D,20080820,000000,7.0743,7.0743,7.0743,7.0743,0,0
EMU_MV,D,20080821,000000,7.0743,7.0743,7.0743,7.0743,0,0
EMU_MV,D,20080822,000000,6.7345,7.113,6.7345,7.113,0,0
EMU_MV,D,20080825,000000,6.943,6.943,6.6496,6.6496,0,0
EMU_MV,D,20080826,000000,7.113,7.113,6.526,6.526,0,0
EMU_MV,D,20080827,000000,6.4024,6.7345,6.3175,6.7345,0,0
EMU_MV,D,20080828,000000,6.7345,6.7345,6.7345,6.7345,0,0
EMU_MV,D,20080829,000000,6.4797,6.4797,6.4797,6.4797,0,0
EMU_MV,D,20080901,000000,6.4797,6.4797,6.3098,6.3175,0,0
EMU_MV,D,20080902,000000,6.0703,6.3175,5.9468,6.3175,0,0
EMU_MV,D,20080903,000000,6.3175,6.3175,6.3175,6.3175,0,0
EMU_MV,D,20080904,000000,6.3175,6.7422,6.3175,6.3175,0,0
EMU_MV,D,20080905,000000,6.4874,6.4874,5.8927,5.8927,0,0
EMU_MV,D,20080908,000000,5.4757,6.0626,5.4757,6.0626,0,0
EMU_MV,D,20080909,000000,6.0626,6.0626,6.0626,6.0626,0,0
EMU_MV,D,20080910,000000,6.1012,6.1012,6.1012,6.1012,0,0
EMU_MV,D,20080912,000000,6.2248,6.2325,5.4679,6.2325,0,0
EMU_MV,D,20080915,000000,5.4757,6.2325,5.2671,6.2325,0,0
EMU_MV,D,20080916,000000,5.2671,5.8927,5.2671,5.8927,0,0
EMU_MV,D,20080917,000000,5.4757,5.8541,5.3058,5.8541,0,0
EMU_MV,D,20080918,000000,5.4757,5.8541,5.4757,5.8541,0,0
EMU_MV,D,20080919,000000,5.8541,5.8927,5.4757,5.8927,0,0
EMU_MV,D,20080922,000000,5.4757,5.4757,5.4757,5.4757,0,0
EMU_MV,D,20080923,000000,5.0972,5.4757,5.0509,5.0509,0,0
EMU_MV,D,20080924,000000,5.4757,5.4757,5.4757,5.4757,0,0
EMU_MV,D,20080925,000000,5.9004,5.9004,5.8927,5.8927,0,0
EMU_MV,D,20080929,000000,5.8541,5.8541,5.8541,5.8541,0,0
EMU_MV,D,20080930,000000,5.8541,5.8541,5.8541,5.8541,0,0
EMU_MV,D,20081001,000000,5.4757,5.4757,5.4757,5.4757,0,0
EMU_MV,D,20081002,000000,5.9004,5.9004,5.8927,5.8927,0,0
EMU_MV,D,20081003,000000,5.8927,5.8927,5.5992,5.8927,0,0
EMU_MV,D,20081006,000000,5.8927,5.8927,5.8927,5.8927,0,0
EMU_MV,D,20081008,000000,5.5143,5.5143,5.5143,5.5143,0,0
EMU_MV,D,20081009,000000,5.5143,6.0163,5.4757,6.0163,0,0
EMU_MV,D,20081010,000000,5.383,5.3907,5.383,5.3907,0,0
EMU_MV,D,20081013,000000,5.9777,5.9777,5.9777,5.9777,0,0
EMU_MV,D,20081014,000000,5.8927,5.8927,5.3444,5.3444,0,0
EMU_MV,D,20081015,000000,5.4293,5.4293,5.4293,5.4293,0,0
EMU_MV,D,20081016,000000,5.9313,5.9313,5.2594,5.2594,0,0
EMU_MV,D,20081017,000000,5.1745,5.6842,5.1745,5.6842,0,0
EMU_MV,D,20081020,000000,5.4757,5.4757,5.4757,5.4757,0,0
EMU_MV,D,20081021,000000,5.1822,5.1822,5.1745,5.1745,0,0
EMU_MV,D,20081022,000000,5.1745,5.6842,5.0509,5.6842,0,0
EMU_MV,D,20081024,000000,4.8424,5.4757,4.8424,5.4757,0,0
EMU_MV,D,20081028,000000,5.4757,5.4757,5.4757,5.4757,0,0
EMU_MV,D,20081030,000000,5.437,5.437,5.4293,5.4293,0,0
EMU_MV,D,20081103,000000,5.4293,6.3175,5.4293,6.3175,0,0
EMU_MV,D,20081104,000000,6.3175,6.3175,5.8927,6.3175,0,0
EMU_MV,D,20081105,000000,6.2789,6.2789,6.2711,6.2711,0,0
EMU_MV,D,20081107,000000,6.1012,6.1012,5.4679,5.4757,0,0
EMU_MV,D,20081110,000000,5.4757,5.4757,4.6338,5.4757,0,0
EMU_MV,D,20081114,000000,4.8424,5.0509,4.8424,5.0509,0,0
EMU_MV,D,20081117,000000,5.4757,5.4757,5.0509,5.0509,0,0
EMU_MV,D,20081118,000000,4.2091,4.6338,4.1705,4.1705,0,0
EMU_MV,D,20081119,000000,4.6338,4.6338,3.8306,4.6338,0,0
EMU_MV,D,20081120,000000,4.6338,4.6338,4.6338,4.6338,0,0
EMU_MV,D,20081124,000000,4.8424,4.8424,4.8424,4.8424,0,0
EMU_MV,D,20081201,000000,4.7188,4.7188,4.7111,4.7111,0,0
EMU_MV,D,20081202,000000,4.7111,4.7111,4.7111,4.7111,0,0
EMU_MV,D,20081203,000000,4.7111,4.7111,4.7111,4.7111,0,0
EMU_MV,D,20081204,000000,3.9928,4.7111,3.9928,4.7111,0,0
EMU_MV,D,20081205,000000,4.2091,4.2091,4.2091,4.2091,0,0
EMU_MV,D,20081208,000000,4.4176,4.4176,4.4176,4.4176,0,0
EMU_MV,D,20081212,000000,3.7843,3.792,3.7843,3.792,0,0
EMU_MV,D,20081215,000000,4.0006,4.0006,4.0006,4.0006,0,0
EMU_MV,D,20081216,000000,4.2091,4.2091,4.2091,4.2091,0,0
EMU_MV,D,20081218,000000,4.2091,4.2091,4.2091,4.2091,0,0
EMU_MV,D,20081219,000000,4.2091,4.2091,4.2091,4.2091,0,0
EMU_MV,D,20081222,000000,3.6221,4.2091,3.6221,4.2091,0,0
EMU_MV,D,20081223,000000,3.6221,4.2091,3.6221,4.2091,0,0
EMU_MV,D,20081230,000000,4.2091,4.2091,4.2091,4.2091,0,0
EMU_MV,D,20090106,000000,4.4176,5.8927,4.4176,5.8927,0,0
EMU_MV,D,20090114,000000,5.6687,5.6687,5.0509,5.6147,0,0
EMU_MV,D,20090123,000000,4.5489,4.5489,4.5489,4.5489,0,0
EMU_MV,D,20090126,000000,4.6647,5.0509,4.4948,5.0509,0,0
EMU_MV,D,20090127,000000,4.2631,4.2631,4.2091,4.2091,0,0
EMU_MV,D,20090128,000000,4.2091,4.9968,4.2091,4.8269,0,0
EMU_MV,D,20090204,000000,3.931,4.9428,3.931,4.935,0,0
EMU_MV,D,20090209,000000,4.935,4.935,4.935,4.935,0,0
EMU_MV,D,20090212,000000,4.935,4.9968,4.935,4.9968,0,0
EMU_MV,D,20090217,000000,3.931,4.8269,3.931,4.8269,0,0
EMU_MV,D,20090218,000000,6.2094,6.2094,4.8269,5.0509,0,0
EMU_MV,D,20090219,000000,4.4871,4.9968,4.0932,4.9968,0,0
EMU_MV,D,20090220,000000,4.4948,4.9968,4.4948,4.9968,0,0
EMU_MV,D,20090223,000000,4.101,4.7729,4.101,4.7729,0,0
EMU_MV,D,20090225,000000,3.9851,4.433,3.931,4.433,0,0
EMU_MV,D,20090227,000000,4.379,4.379,4.379,4.379,0,0
EMU_MV,D,20090302,000000,3.7071,3.7071,3.6453,3.6453,0,0
EMU_MV,D,20090303,000000,3.3673,3.3673,3.3673,3.3673,0,0
EMU_MV,D,20090304,000000,3.3673,3.931,3.3673,3.931,0,0
EMU_MV,D,20090309,000000,3.931,4.2091,3.931,4.2091,0,0
EMU_MV,D,20090310,000000,4.379,4.379,4.379,4.379,0,0
EMU_MV,D,20090311,000000,4.379,4.379,4.2091,4.2091,0,0
EMU_MV,D,20090312,000000,4.379,4.379,4.379,4.379,0,0
EMU_MV,D,20090313,000000,4.433,5.6147,4.433,5.6147,0,0
EMU_MV,D,20090316,000000,5.6147,6.1785,5.6147,6.1707,0,0
EMU_MV,D,20090317,000000,6.1707,6.1707,6.1707,6.1707,0,0
EMU_MV,D,20090318,000000,6.6727,6.6805,6.6727,6.6805,0,0
EMU_MV,D,20090319,000000,6.6805,6.7345,6.6805,6.7345,0,0
EMU_MV,D,20090320,000000,6.6187,6.6187,6.2866,6.5646,0,0
EMU_MV,D,20090323,000000,6.1707,6.6805,6.1707,6.6805,0,0
EMU_MV,D,20090324,000000,5.9545,6.7345,5.9545,6.7345,0,0
EMU_MV,D,20090325,000000,7.0126,7.0126,7.0126,7.0126,0,0
EMU_MV,D,20090326,000000,6.7345,6.7345,6.1707,6.1707,0,0
EMU_MV,D,20090327,000000,6.1707,6.1707,6.1707,6.1707,0,0
EMU_MV,D,20090330,000000,6.0549,6.3947,6.0549,6.3947,0,0
EMU_MV,D,20090401,000000,6.1707,6.1707,6.1707,6.1707,0,0
EMU_MV,D,20090403,000000,6.3947,6.4565,6.3947,6.4565,0,0
EMU_MV,D,20090406,000000,6.0626,7.0126,5.7228,7.0126,0,0
EMU_MV,D,20090408,000000,7.0126,7.5223,5.8927,7.5223,0,0
EMU_MV,D,20090409,000000,7.4605,7.4605,7.4605,7.4605,0,0
EMU_MV,D,20090414,000000,7.2983,7.5223,7.2983,7.5223,0,0
EMU_MV,D,20090415,000000,7.5223,7.5223,7.5223,7.5223,0,0
EMU_MV,D,20090416,000000,7.6304,8.4182,7.6304,8.4182,0,0
EMU_MV,D,20090417,000000,7.2983,8.4182,7.2983,8.4182,0,0
EMU_MV,D,20090420,000000,7.2983,8.1401,7.2983,8.1401,0,0
EMU_MV,D,20090421,000000,7.2983,8.0783,7.2983,8.0783,0,0
EMU_MV,D,20090424,000000,8.0783,8.0783,8.0783,8.0783,0,0
EMU_MV,D,20090429,000000,6.7345,7.9702,6.7345,7.9702,0,0
EMU_MV,D,20090504,000000,7.8003,8.0783,6.7345,8.0783,0,0
EMU_MV,D,20090506,000000,6.8504,8.0783,6.8504,8.0783,0,0
EMU_MV,D,20090512,000000,7.0743,7.9702,7.0743,7.9702,0,0
EMU_MV,D,20090520,000000,7.8003,7.8544,6.8504,6.8504,0,0
EMU_MV,D,20090521,000000,6.8504,6.8504,6.8504,6.8504,0,0
EMU_MV,D,20090525,000000,6.8504,6.8504,6.7345,6.7345,0,0
EMU_MV,D,20090526,000000,6.5106,6.5106,6.5106,6.5106,0,0
EMU_MV,D,20090528,000000,6.1707,7.5763,5.6687,7.5763,0,0
EMU_MV,D,20090529,000000,6.2325,6.2325,6.2325,6.2325,0,0
EMU_MV,D,20090602,000000,6.2325,7.8003,6.2325,7.8003,0,0
EMU_MV,D,20090609,000000,7.4605,7.4605,7.4605,7.4605,0,0
EMU_MV,D,20090610,000000,6.7345,6.8504,6.7345,6.7345,0,0
EMU_MV,D,20090616,000000,6.4565,6.9585,6.4565,6.9585,0,0
EMU_MV,D,20090622,000000,6.4565,6.4565,6.441,6.441,0,0
EMU_MV,D,20090623,000000,6.441,6.441,6.387,6.387,0,0
EMU_MV,D,20090624,000000,5.9777,6.387,5.9777,6.387,0,0
EMU_MV,D,20090626,000000,6.387,6.387,6.387,6.387,0,0
EMU_MV,D,20090630,000000,6.387,6.387,6.0935,6.1553,0,0
EMU_MV,D,20090701,000000,6.387,6.387,6.1553,6.1553,0,0
EMU_MV,D,20090703,000000,6.387,6.387,6.387,6.387,0,0
EMU_MV,D,20090707,000000,6.1553,6.1553,5.8618,5.9777,0,0
EMU_MV,D,20090708,000000,5.9777,5.9777,5.9777,5.9777,0,0
EMU_MV,D,20090713,000000,5.9777,5.9777,5.9777,5.9777,0,0
EMU_MV,D,20090714,000000,5.9777,5.9777,5.9777,5.9777,0,0
EMU_MV,D,20090715,000000,5.9777,5.9777,5.9777,5.9777,0,0
EMU_MV,D,20090716,000000,5.9777,5.9777,5.9777,5.9777,0,0
EMU_MV,D,20090717,000000,5.8618,5.8618,5.8078,5.8078,0,0
EMU_MV,D,20090720,000000,5.9777,5.9777,5.8618,5.9777,0,0
EMU_MV,D,20090723,000000,5.9236,5.9236,5.9236,5.9236,0,0
EMU_MV,D,20090729,000000,5.8078,5.9236,5.8078,5.9236,0,0
EMU_MV,D,20090730,000000,6.3252,6.3252,6.3252,6.3252,0,0
EMU_MV,D,20090731,000000,6.0935,6.0935,6.0935,6.0935,0,0
EMU_MV,D,20090804,000000,6.387,6.387,6.387,6.387,0,0
EMU_MV,D,20090805,000000,6.387,6.387,6.387,6.387,0,0
EMU_MV,D,20090807,000000,6.2711,6.2711,6.2711,6.2711,0,0
EMU_MV,D,20090810,000000,6.387,6.387,6.387,6.387,0,0
EMU_MV,D,20090814,000000,5.9236,6.6187,5.9236,6.6187,0,0
EMU_MV,D,20090817,000000,6.6187,6.6187,5.9777,5.9777,0,0
EMU_MV,D,20090818,000000,6.0394,6.0394,5.9777,5.9777,0,0
EMU_MV,D,20090820,000000,6.0394,6.0394,5.8078,5.9236,0,0
EMU_MV,D,20090821,000000,5.9777,5.9777,5.9777,5.9777,0,0
EMU_MV,D,20090825,000000,6.1553,6.387,5.9777,5.9777,0,0
EMU_MV,D,20090901,000000,6.0935,6.0935,6.0935,6.0935,0,0
EMU_MV,D,20090902,000000,6.0935,6.0935,6.0935,6.0935,0,0
EMU_MV,D,20090904,000000,6.0394,6.0394,5.8618,5.8618,0,0
EMU_MV,D,20090908,000000,5.5143,5.6919,5.5143,5.6919,0,0
EMU_MV,D,20090910,000000,5.6919,5.6919,5.3444,5.3444,0,0
EMU_MV,D,20090922,000000,5.5761,5.746,5.5761,5.746,0,0
EMU_MV,D,20090923,000000,5.5761,5.5761,5.5761,5.5761,0,0
EMU_MV,D,20090924,000000,5.5761,5.5761,5.5761,5.5761,0,0
EMU_MV,D,20090925,000000,5.4602,5.8078,5.4602,5.8078,0,0
EMU_MV,D,20090928,000000,5.8078,6.5028,5.8078,6.5028,0,0
EMU_MV,D,20090929,000000,6.6187,6.6187,5.9236,6.5028,0,0
EMU_MV,D,20090930,000000,6.0394,6.6187,6.0394,6.6187,0,0
EMU_MV,D,20091001,000000,6.6187,6.6187,6.6187,6.6187,0,0
EMU_MV,D,20091002,000000,6.5569,6.6187,6.5569,6.6187,0,0
EMU_MV,D,20091005,000000,6.0935,6.0935,6.0935,6.0935,0,0
EMU_MV,D,20091006,000000,5.9236,5.9236,5.9236,5.9236,0,0
EMU_MV,D,20091007,000000,6.2094,6.2094,6.0935,6.0935,0,0
EMU_MV,D,20091008,000000,6.0935,6.0935,6.0935,6.0935,0,0
EMU_MV,D,20091009,000000,6.3252,6.3252,6.3252,6.3252,0,0
EMU_MV,D,20091012,000000,6.5028,6.6187,6.387,6.387,0,0
EMU_MV,D,20091013,000000,6.2711,7.4914,6.2711,6.7886,0,0
EMU_MV,D,20091014,000000,6.9044,8.1247,6.9044,7.2597,0,0
EMU_MV,D,20091015,000000,7.2597,7.4296,7.028,7.2597,0,0
EMU_MV,D,20091016,000000,7.1438,7.2597,7.0821,7.0821,0,0
EMU_MV,D,20091019,000000,6.6187,6.7886,6.6187,6.7886,0,0
EMU_MV,D,20091020,000000,6.7886,6.7886,6.7886,6.7886,0,0
EMU_MV,D,20091021,000000,6.7886,6.8504,6.7886,6.8504,0,0
EMU_MV,D,20091022,000000,6.5028,6.5028,6.5028,6.5028,0,0
EMU_MV,D,20091026,000000,6.5028,6.5028,6.5028,6.5028,0,0
EMU_MV,D,20091027,000000,6.6727,6.6727,6.5028,6.5028,0,0
EMU_MV,D,20091028,000000,6.5569,6.5569,6.5569,6.5569,0,0
EMU_MV,D,20091029,000000,6.387,6.387,6.387,6.387,0,0
EMU_MV,D,20091030,000000,6.8504,6.9662,6.8504,6.9662,0,0
EMU_MV,D,20091103,000000,7.1979,7.1979,7.1979,7.1979,0,0
EMU_MV,D,20091104,000000,6.9044,6.9044,6.9044,6.9044,0,0
EMU_MV,D,20091105,000000,7.1979,7.1979,7.1979,7.1979,0,0
EMU_MV,D,20091106,000000,7.1438,7.1438,7.1438,7.1438,0,0
EMU_MV,D,20091109,000000,7.1979,7.1979,7.1979,7.1979,0,0
EMU_MV,D,20091110,000000,7.1438,7.1979,6.9662,6.9662,0,0
EMU_MV,D,20091112,000000,6.6187,6.6187,6.6187,6.6187,0,0
EMU_MV,D,20091113,000000,6.441,6.441,6.441,6.441,0,0
EMU_MV,D,20091116,000000,6.6727,6.6727,6.5028,6.5028,0,0
EMU_MV,D,20091118,000000,6.5028,6.5028,6.441,6.441,0,0
EMU_MV,D,20091127,000000,6.441,6.441,6.441,6.441,0,0
EMU_MV,D,20091201,000000,6.441,6.441,6.1553,6.1553,0,0
EMU_MV,D,20091204,000000,6.2094,6.2094,6.2094,6.2094,0,0
EMU_MV,D,20091207,000000,6.2094,6.2094,6.2094,6.2094,0,0
EMU_MV,D,20091208,000000,6.2094,6.2094,6.2094,6.2094,0,0
EMU_MV,D,20091209,000000,6.2094,6.2094,6.1553,6.1553,0,0
EMU_MV,D,20091218,000000,6.2711,6.2711,5.9777,5.9777,0,0
EMU_MV,D,20091221,000000,5.9777,5.9777,5.9777,5.9777,0,0
EMU_MV,D,20091228,000000,5.9236,5.9777,5.9236,5.9777,0,0
EMU_MV,D,20091230,000000,6.2711,6.2711,5.9777,5.9777,0,0
EMU_MV,D,20100105,000000,6.8504,6.8504,6.8504,6.8504,0,0
EMU_MV,D,20100106,000000,7.028,7.028,6.9662,6.9662,0,0
EMU_MV,D,20100108,000000,6.6727,6.6727,6.6727,6.6727,0,0
EMU_MV,D,20100111,000000,6.7345,6.7345,6.7345,6.7345,0,0
EMU_MV,D,20100112,000000,7.1438,7.1979,6.9662,6.9662,0,0
EMU_MV,D,20100113,000000,6.9662,8.3564,6.9662,7.5454,0,0
EMU_MV,D,20100114,000000,6.9662,8.9974,6.8504,8.3564,0,0
EMU_MV,D,20100115,000000,9.175,9.175,8.1247,8.3564,0,0
EMU_MV,D,20100118,000000,8.5881,8.7039,8.5881,8.7039,0,0
EMU_MV,D,20100119,000000,8.7039,8.7039,7.6072,8.1247,0,0
EMU_MV,D,20100120,000000,7.6613,7.9548,7.5454,7.9548,0,0
EMU_MV,D,20100122,000000,7.6613,7.9548,7.3755,7.9548,0,0
EMU_MV,D,20100125,000000,7.8389,7.8389,7.8389,7.8389,0,0
EMU_MV,D,20100127,000000,7.2597,7.7771,7.2597,7.7771,0,0
EMU_MV,D,20100202,000000,7.2597,7.2597,7.2597,7.2597,0,0
EMU_MV,D,20100203,000000,7.0821,7.6613,7.028,7.6613,0,0
EMU_MV,D,20100204,000000,7.6072,7.6613,7.6072,7.6613,0,0
EMU_MV,D,20100205,000000,7.2597,7.2597,7.2597,7.2597,0,0
EMU_MV,D,20100209,000000,7.028,7.0821,7.028,7.0821,0,0
EMU_MV,D,20100218,000000,7.0821,7.4914,7.028,7.4914,0,0
EMU_MV,D,20100219,000000,7.028,7.028,6.6727,6.8504,0,0
EMU_MV,D,20100222,000000,6.8504,6.8504,6.7886,6.7886,0,0
EMU_MV,D,20100224,000000,6.7345,6.7345,6.6727,6.6727,0,0
EMU_MV,D,20100225,000000,6.9662,7.6072,6.9662,7.0821,0,0
EMU_MV,D,20100226,000000,7.1438,7.1979,6.7886,6.7886,0,0
EMU_MV,D,20100301,000000,7.2597,7.2597,7.2597,7.2597,0,0
EMU_MV,D,20100302,000000,7.1979,7.6072,7.1979,7.6072,0,0
EMU_MV,D,20100303,000000,7.1979,7.6072,7.1979,7.5454,0,0
EMU_MV,D,20100304,000000,7.5454,7.5454,7.2597,7.3138,0,0
EMU_MV,D,20100305,000000,7.2597,7.3755,6.9662,7.3755,0,0
EMU_MV,D,20100311,000000,6.7886,7.3755,6.7886,7.3138,0,0
EMU_MV,D,20100312,000000,6.8504,7.1438,6.8504,7.1438,0,0
EMU_MV,D,20100315,000000,7.028,7.3138,7.028,7.3138,0,0
EMU_MV,D,20100316,000000,7.3755,7.3755,6.9044,7.3138,0,0
EMU_MV,D,20100317,000000,6.9662,7.2597,6.9662,7.2597,0,0
EMU_MV,D,20100318,000000,7.0821,7.0821,7.0821,7.0821,0,0
EMU_MV,D,20100319,000000,6.9044,6.9044,6.9044,6.9044,0,0
EMU_MV,D,20100322,000000,6.8504,6.8504,6.8504,6.8504,0,0
EMU_MV,D,20100323,000000,7.0821,7.1438,7.0821,7.1438,0,0
EMU_MV,D,20100324,000000,7.1438,7.1438,7.1438,7.1438,0,0
EMU_MV,D,20100329,000000,7.1438,7.1438,7.1438,7.1438,0,0
EMU_MV,D,20100330,000000,7.1438,7.1438,7.1438,7.1438,0,0
EMU_MV,D,20100331,000000,7.1979,7.1979,7.1979,7.1979,0,0
EMU_MV,D,20100401,000000,7.1979,7.1979,6.9662,6.9662,0,0
EMU_MV,D,20100406,000000,6.7345,6.9662,6.7345,6.9662,0,0
EMU_MV,D,20100407,000000,6.9662,7.8389,6.8504,7.4914,0,0
EMU_MV,D,20100408,000000,7.4914,7.4914,7.1438,7.1438,0,0
EMU_MV,D,20100409,000000,7.4296,7.4296,7.2597,7.2597,0,0
EMU_MV,D,20100412,000000,7.4296,7.4296,7.4296,7.4296,0,0
EMU_MV,D,20100413,000000,7.3755,7.3755,6.8504,6.8504,0,0
EMU_MV,D,20100414,000000,6.7886,6.9662,6.7345,6.9662,0,0
EMU_MV,D,20100416,000000,6.9662,7.028,6.9662,6.9662,0,0
EMU_MV,D,20100419,000000,7.0821,7.1438,7.0821,7.1438,0,0
EMU_MV,D,20100420,000000,6.9662,7.028,6.9662,7.028,0,0
EMU_MV,D,20100421,000000,6.9662,6.9662,6.9662,6.9662,0,0
EMU_MV,D,20100422,000000,6.8504,7.028,6.7345,7.028,0,0
EMU_MV,D,20100426,000000,6.9662,6.9662,6.2711,6.5028,0,0
EMU_MV,D,20100427,000000,6.5028,6.5028,6.5028,6.5028,0,0
EMU_MV,D,20100428,000000,6.441,6.6727,6.441,6.6187,0,0
EMU_MV,D,20100429,000000,6.6727,6.8504,6.6727,6.7886,0,0
EMU_MV,D,20100430,000000,6.8504,7.028,6.8504,6.8504,0,0
EMU_MV,D,20100504,000000,7.3138,7.3138,6.6187,6.6187,0,0
EMU_MV,D,20100507,000000,6.6727,6.6727,6.6727,6.6727,0,0
EMU_MV,D,20100510,000000,6.6727,6.6727,6.387,6.387,0,0
EMU_MV,D,20100512,000000,6.9662,6.9662,6.9662,6.9662,0,0
EMU_MV,D,20100513,000000,6.6727,6.7345,6.6727,6.6727,0,0
EMU_MV,D,20100514,000000,6.441,6.6187,6.0935,6.1553,0,0
EMU_MV,D,20100517,000000,6.1553,6.2094,5.8618,6.2094,0,0
EMU_MV,D,20100518,000000,6.3252,6.3252,6.3252,6.3252,0,0
EMU_MV,D,20100520,000000,5.9777,5.9777,5.8618,5.8618,0,0
EMU_MV,D,20100521,000000,5.9236,6.0394,5.746,6.0394,0,0
EMU_MV,D,20100524,000000,5.9777,6.2711,5.9777,6.2711,0,0
EMU_MV,D,20100525,000000,5.9777,6.2711,5.9777,5.9777,0,0
EMU_MV,D,20100527,000000,6.0935,6.0935,5.9777,5.9777,0,0
EMU_MV,D,20100528,000000,6.2094,6.2094,6.2094,6.2094,0,0
EMU_MV,D,20100601,000000,5.9777,5.9777,5.8078,5.8078,0,0
EMU_MV,D,20100602,000000,6.0394,6.0394,6.0394,6.0394,0,0
EMU_MV,D,20100604,000000,6.0394,6.0394,6.0394,6.0394,0,0
EMU_MV,D,20100609,000000,5.9236,5.9236,5.9236,5.9236,0,0
EMU_MV,D,20100617,000000,5.746,5.8078,5.746,5.746,0,0
EMU_MV,D,20100621,000000,5.746,5.9236,5.746,5.9236,0,0
EMU_MV,D,20100622,000000,5.746,5.9236,5.746,5.9236,0,0
EMU_MV,D,20100623,000000,5.4602,5.8078,5.4602,5.8078,0,0
EMU_MV,D,20100624,000000,5.9236,6.0935,5.8618,6.0935,0,0
EMU_MV,D,20100625,000000,6.0394,6.0394,6.0394,6.0394,0,0
EMU_MV,D,20100628,000000,6.387,6.387,5.9236,5.9236,0,0
EMU_MV,D,20100629,000000,5.746,5.746,5.746,5.746,0,0
EMU_MV,D,20100630,000000,6.0394,6.0394,6.0394,6.0394,0,0
EMU_MV,D,20100701,000000,5.9777,5.9777,5.9777,5.9777,0,0
EMU_MV,D,20100702,000000,5.5143,5.5143,5.4602,5.4602,0,0
EMU_MV,D,20100705,000000,5.5143,5.8078,5.5143,5.8078,0,0
EMU_MV,D,20100706,000000,5.746,5.8618,5.6919,5.8618,0,0
EMU_MV,D,20100707,000000,5.8618,5.8618,5.8618,5.8618,0,0
EMU_MV,D,20100708,000000,5.8618,5.8618,5.5143,5.8078,0,0
EMU_MV,D,20100709,000000,5.8618,5.8618,5.8618,5.8618,0,0
EMU_MV,D,20100712,000000,5.8618,5.8618,5.8618,5.8618,0,0
EMU_MV,D,20100713,000000,5.8618,5.8618,5.8618,5.8618,0,0
EMU_MV,D,20100714,000000,5.8618,5.8618,5.8618,5.8618,0,0
EMU_MV,D,20100715,000000,5.8618,5.8618,5.8618,5.8618,0,0
EMU_MV,D,20100719,000000,5.8618,5.8618,5.8618,5.8618,0,0
EMU_MV,D,20100720,000000,5.8618,5.8618,5.8618,5.8618,0,0
EMU_MV,D,20100721,000000,5.8618,5.8618,5.6919,5.6919,0,0
EMU_MV,D,20100722,000000,5.8618,5.8618,5.8078,5.8078,0,0
EMU_MV,D,20100723,000000,5.8618,5.8618,5.6919,5.6919,0,0
EMU_MV,D,20100726,000000,5.6919,6.2711,5.6919,5.9777,0,0
EMU_MV,D,20100727,000000,5.9777,5.9777,5.9777,5.9777,0,0
EMU_MV,D,20100728,000000,6.2711,6.2711,6.2711,6.2711,0,0
EMU_MV,D,20100729,000000,6.1553,6.1553,6.1553,6.1553,0,0
EMU_MV,D,20100730,000000,6.2094,6.2094,6.2094,6.2094,0,0
EMU_MV,D,20100802,000000,5.8078,6.2711,5.8078,6.2711,0,0
EMU_MV,D,20100804,000000,5.746,5.746,5.746,5.746,0,0
EMU_MV,D,20100805,000000,5.746,5.8078,5.746,5.8078,0,0
EMU_MV,D,20100806,000000,6.1553,6.6727,5.8618,6.441,0,0
EMU_MV,D,20100809,000000,6.387,6.6727,6.0935,6.0935,0,0
EMU_MV,D,20100810,000000,6.0394,6.0394,6.0394,6.0394,0,0
EMU_MV,D,20100811,000000,6.387,6.387,6.0935,6.0935,0,0
EMU_MV,D,20100812,000000,6.5569,6.5569,6.5569,6.5569,0,0
EMU_MV,D,20100813,000000,6.6187,6.6187,6.0935,6.0935,0,0
EMU_MV,D,20100816,000000,6.1553,6.1553,6.1553,6.1553,0,0
EMU_MV,D,20100818,000000,6.1553,6.1553,6.0935,6.0935,0,0
EMU_MV,D,20100820,000000,6.0935,6.2094,6.0935,6.2094,0,0
EMU_MV,D,20100823,000000,6.5028,6.5028,5.8078,6.0935,0,0
EMU_MV,D,20100824,000000,5.9777,6.387,5.9777,6.387,0,0
EMU_MV,D,20100825,000000,5.9777,5.9777,5.9777,5.9777,0,0
EMU_MV,D,20100826,000000,6.0394,6.0394,6.0394,6.0394,0,0
EMU_MV,D,20100830,000000,6.1553,6.1553,5.8078,5.8078,0,0
EMU_MV,D,20100831,000000,5.8078,6.0394,5.6919,6.0394,0,0
EMU_MV,D,20100901,000000,5.8618,5.8618,5.8618,5.8618,0,0
EMU_MV,D,20100902,000000,5.6919,5.6919,5.6919,5.6919,0,0
EMU_MV,D,20100903,000000,5.8618,6.0935,5.8618,6.0935,0,0
EMU_MV,D,20100906,000000,5.6919,6.1553,5.6919,6.1553,0,0
EMU_MV,D,20100907,000000,5.8078,5.9777,5.8078,5.8618,0,0
EMU_MV,D,20100908,000000,5.8078,5.9777,5.8078,5.9777,0,0
EMU_MV,D,20100909,000000,5.9777,5.9777,5.8078,5.8078,0,0
EMU_MV,D,20100910,000000,5.8078,5.9777,5.8078,5.9777,0,0
EMU_MV,D,20100913,000000,6.0935,6.5569,6.0935,6.5569,0,0
EMU_MV,D,20100914,000000,6.5569,6.5569,6.5569,6.5569,0,0
EMU_MV,D,20100915,000000,6.3252,6.3252,6.3252,6.3252,0,0
EMU_MV,D,20100917,000000,5.9777,5.9777,5.9777,5.9777,0,0
EMU_MV,D,20100920,000000,6.0935,6.1553,6.0935,6.1553,0,0
EMU_MV,D,20100921,000000,6.1553,6.1553,5.9777,6.1553,0,0
EMU_MV,D,20100922,000000,6.1553,6.1553,6.1553,6.1553,0,0
EMU_MV,D,20100923,000000,6.1553,6.1553,6.0394,6.1553,0,0
EMU_MV,D,20100924,000000,5.9777,6.0394,5.8078,5.8078,0,0
EMU_MV,D,20100927,000000,6.0935,6.0935,6.0935,6.0935,0,0
EMU_MV,D,20100928,000000,5.9236,5.9236,5.8618,5.8618,0,0
EMU_MV,D,20100929,000000,5.9777,5.9777,5.8078,5.9777,0,0
EMU_MV,D,20100930,000000,5.9236,5.9236,5.6919,5.9236,0,0
EMU_MV,D,20101001,000000,5.8078,5.8618,5.8078,5.8618,0,0
EMU_MV,D,20101004,000000,5.8618,5.8618,5.8618,5.8618,0,0
EMU_MV,D,20101005,000000,5.8078,5.9236,5.5761,5.9236,0,0
EMU_MV,D,20101006,000000,5.8078,5.8618,5.8078,5.8618,0,0
EMU_MV,D,20101007,000000,5.8618,5.8618,5.8078,5.8078,0,0
EMU_MV,D,20101008,000000,5.746,5.8618,5.746,5.8618,0,0
EMU_MV,D,20101011,000000,5.746,6.0394,5.5143,5.5761,0,0
EMU_MV,D,20101012,000000,5.5761,5.5761,5.3444,5.3984,0,0
EMU_MV,D,20101013,000000,5.3984,5.3984,5.2826,5.3984,0,0
EMU_MV,D,20101014,000000,5.3984,5.3984,5.2826,5.2826,0,0
EMU_MV,D,20101015,000000,5.4602,5.9777,5.4602,5.8078,0,0
EMU_MV,D,20101018,000000,5.8618,5.8618,5.8078,5.8078,0,0
EMU_MV,D,20101019,000000,5.8078,5.8078,5.8078,5.8078,0,0
EMU_MV,D,20101020,000000,5.746,5.8618,5.2826,5.8618,0,0
EMU_MV,D,20101021,000000,5.9777,6.1553,5.9777,6.1553,0,0
EMU_MV,D,20101022,000000,6.0935,6.0935,5.4602,5.9777,0,0
EMU_MV,D,20101025,000000,6.0394,6.0394,5.9777,6.0394,0,0
EMU_MV,D,20101026,000000,5.9777,5.9777,5.6301,5.6301,0,0
EMU_MV,D,20101028,000000,5.8078,5.8078,5.6301,5.6301,0,0
EMU_MV,D,20101029,000000,5.8078,5.8078,5.6301,5.8078,0,0
EMU_MV,D,20101102,000000,5.8078,5.8078,5.6301,5.6301,0,0
EMU_MV,D,20101103,000000,5.746,5.8078,5.746,5.8078,0,0
EMU_MV,D,20101104,000000,5.8078,6.2094,5.8078,6.0935,0,0
EMU_MV,D,20101105,000000,6.2711,6.2711,6.0935,6.2094,0,0
EMU_MV,D,20101108,000000,6.2094,6.5028,6.0935,6.5028,0,0
EMU_MV,D,20101109,000000,6.6187,6.6187,6.5028,6.6187,0,0
EMU_MV,D,20101110,000000,6.6187,6.6187,6.387,6.387,0,0
EMU_MV,D,20101112,000000,6.6187,6.6187,6.387,6.387,0,0
EMU_MV,D,20101115,000000,6.2711,6.2711,6.2711,6.2711,0,0
EMU_MV,D,20101116,000000,6.5569,6.5569,6.2711,6.2711,0,0
EMU_MV,D,20101117,000000,6.0935,6.0935,6.0935,6.0935,0,0
EMU_MV,D,20101118,000000,6.0935,6.1553,6.0935,6.1553,0,0
EMU_MV,D,20101119,000000,5.9777,6.1553,5.9777,6.1553,0,0
EMU_MV,D,20101122,000000,6.1553,6.1553,6.1553,6.1553,0,0
EMU_MV,D,20101123,000000,6.2711,6.2711,6.1553,6.2094,0,0
EMU_MV,D,20101124,000000,6.2711,6.441,6.2711,6.441,0,0
EMU_MV,D,20101125,000000,6.5028,6.6187,6.1553,6.6187,0,0
EMU_MV,D,20101126,000000,6.2711,6.6187,6.2711,6.441,0,0
EMU_MV,D,20101129,000000,6.6187,6.6187,6.387,6.6187,0,0
EMU_MV,D,20101130,000000,6.2711,6.5569,6.2711,6.5569,0,0
EMU_MV,D,20101201,000000,6.6187,6.6187,6.6187,6.6187,0,0
EMU_MV,D,20101202,000000,6.387,6.441,6.387,6.441,0,0
EMU_MV,D,20101203,000000,6.2711,6.6187,6.2711,6.6187,0,0
EMU_MV,D,20101206,000000,5.8078,6.6187,5.8078,6.2094,0,0
EMU_MV,D,20101207,000000,6.2094,6.2094,6.2094,6.2094,0,0
EMU_MV,D,20101208,000000,6.0394,6.0394,6.0394,6.0394,0,0
EMU_MV,D,20101209,000000,6.2094,6.2094,6.2094,6.2094,0,0
EMU_MV,D,20101210,000000,6.2094,6.387,6.2094,6.387,0,0
EMU_MV,D,20101213,000000,6.0394,6.3252,6.0394,6.3252,0,0
EMU_MV,D,20101215,000000,6.1553,6.1553,6.1553,6.1553,0,0
EMU_MV,D,20101216,000000,6.2711,6.2711,5.9777,5.9777,0,0
EMU_MV,D,20101217,000000,6.2711,6.2711,6.0935,6.0935,0,0
EMU_MV,D,20101220,000000,6.0935,6.0935,5.8078,6.0935,0,0
EMU_MV,D,20101221,000000,6.1553,6.2094,6.1553,6.1553,0,0
EMU_MV,D,20101222,000000,6.2711,6.2711,6.2711,6.2711,0,0
EMU_MV,D,20101223,000000,6.2711,6.387,6.2711,6.387,0,0
EMU_MV,D,20101227,000000,6.387,6.6727,6.387,6.6727,0,0
EMU_MV,D,20101228,000000,6.6727,6.9662,6.6727,6.8504,0,0
EMU_MV,D,20101229,000000,6.9044,7.4914,6.9044,7.1979,0,0
EMU_MV,D,20101230,000000,7.1438,7.1438,6.5569,6.5569,0,0
EMU_MV,D,20101231,000000,7.7231,7.7231,6.7886,6.7886,0,0
EMU_MV,D,20110103,000000,7.5454,7.5454,7.5454,7.5454,0,0
EMU_MV,D,20110104,000000,7.3138,7.3138,6.441,6.441,0,0
EMU_MV,D,20110105,000000,6.387,6.387,6.387,6.387,0,0
EMU_MV,D,20110107,000000,6.7345,6.7345,6.5569,6.5569,0,0
EMU_MV,D,20110110,000000,7.4914,7.4914,7.4914,7.4914,0,0
EMU_MV,D,20110111,000000,7.2597,7.2597,7.2597,7.2597,0,0
EMU_MV,D,20110112,000000,6.7345,7.2597,6.7345,7.2597,0,0
EMU_MV,D,20110113,000000,7.2597,7.2597,7.2597,7.2597,0,0
EMU_MV,D,20110114,000000,6.9662,6.9662,6.9662,6.9662,0,0
EMU_MV,D,20110118,000000,6.5028,6.9662,6.441,6.9662,0,0
EMU_MV,D,20110119,000000,6.9662,7.5454,6.9662,7.2597,0,0
EMU_MV,D,20110120,000000,7.1979,7.2597,6.9662,6.9662,0,0
EMU_MV,D,20110121,000000,7.1979,7.1979,7.1979,7.1979,0,0
EMU_MV,D,20110124,000000,7.1979,7.7771,7.1979,7.7771,0,0
EMU_MV,D,20110125,000000,7.7771,7.8389,7.7771,7.7771,0,0
EMU_MV,D,20110126,000000,8.1247,8.3023,8.1247,8.3023,0,0
EMU_MV,D,20110127,000000,8.3023,8.3564,8.1247,8.3023,0,0
EMU_MV,D,20110128,000000,8.4182,8.4182,8.4182,8.4182,0,0
EMU_MV,D,20110131,000000,7.3138,8.3023,7.3138,8.3023,0,0
EMU_MV,D,20110201,000000,8.1247,8.4182,8.1247,8.3564,0,0
EMU_MV,D,20110202,000000,8.1247,8.1247,8.1247,8.1247,0,0
EMU_MV,D,20110204,000000,8.1247,8.1247,8.1247,8.1247,0,0
EMU_MV,D,20110207,000000,8.1247,8.3564,8.1247,8.3564,0,0
EMU_MV,D,20110208,000000,8.3023,8.3023,8.3023,8.3023,0,0
EMU_MV,D,20110209,000000,8.3023,8.3023,8.3023,8.3023,0,0
EMU_MV,D,20110210,000000,7.3138,8.1865,7.3138,8.1865,0,0
EMU_MV,D,20110211,000000,8.1247,8.2405,8.1247,8.2405,0,0
EMU_MV,D,20110214,000000,8.2405,8.3564,7.8389,7.893,0,0
EMU_MV,D,20110215,000000,8.1247,8.1247,7.5454,7.5454,0,0
EMU_MV,D,20110216,000000,7.4296,7.4296,7.3755,7.3755,0,0
EMU_MV,D,20110218,000000,7.8389,7.893,7.8389,7.893,0,0
EMU_MV,D,20110221,000000,7.9548,8.3564,7.9548,8.3564,0,0
EMU_MV,D,20110222,000000,8.1247,8.3564,8.1247,8.3564,0,0
EMU_MV,D,20110223,000000,8.3023,11.608,8.3023,9.2909,0,0
EMU_MV,D,20110224,000000,9.692,9.692,9.2291,9.523,0,0
EMU_MV,D,20110225,000000,9.523,9.577,8.7039,8.7039,0,0
EMU_MV,D,20110228,000000,9.175,9.2909,8.9974,8.9974,0,0
EMU_MV,D,20110301,000000,9.0592,9.0592,8.1865,8.8275,0,0
EMU_MV,D,20110302,000000,7.8389,8.8275,7.8389,8.6498,0,0
EMU_MV,D,20110303,000000,8.7039,8.7039,8.7039,8.7039,0,0
EMU_MV,D,20110307,000000,8.7039,8.7039,7.8389,8.4722,0,0
EMU_MV,D,20110308,000000,8.6498,8.6498,8.6498,8.6498,0,0
EMU_MV,D,20110309,000000,8.7039,8.7039,8.7039,8.7039,0,0
EMU_MV,D,20110310,000000,8.8275,8.8275,8.4182,8.4182,0,0
EMU_MV,D,20110311,000000,8.6498,8.8275,8.6498,8.8275,0,0
EMU_MV,D,20110314,000000,8.8275,8.8275,8.8275,8.8275,0,0
EMU_MV,D,20110315,000000,8.4182,8.4182,8.4182,8.4182,0,0
EMU_MV,D,20110316,000000,9.2291,9.2291,8.6498,8.6498,0,0
EMU_MV,D,20110317,000000,9.175,9.175,8.6498,8.6498,0,0
EMU_MV,D,20110318,000000,9.1132,9.1132,8.6498,8.6498,0,0
EMU_MV,D,20110321,000000,8.9433,8.9433,8.9433,8.9433,0,0
EMU_MV,D,20110322,000000,8.9433,8.9433,8.6498,8.6498,0,0
EMU_MV,D,20110323,000000,8.7039,8.7039,8.5881,8.5881,0,0
EMU_MV,D,20110324,000000,8.4182,8.7039,8.4182,8.7039,0,0
EMU_MV,D,20110325,000000,8.7039,8.7039,8.5881,8.5881,0,0
EMU_MV,D,20110329,000000,8.5881,8.5881,8.5881,8.5881,0,0
EMU_MV,D,20110330,000000,8.1247,8.1247,7.7231,8.1247,0,0
EMU_MV,D,20110331,000000,8.7039,8.7039,8.1247,8.1247,0,0
EMU_MV,D,20110401,000000,8.1865,8.1865,8.1865,8.1865,0,0
EMU_MV,D,20110404,000000,7.8389,8.534,7.8389,8.534,0,0
EMU_MV,D,20110405,000000,8.4182,8.4182,8.4182,8.4182,0,0
EMU_MV,D,20110406,000000,8.4182,8.4182,8.4182,8.4182,0,0
EMU_MV,D,20110408,000000,8.1247,8.1247,7.8389,8.1247,0,0
EMU_MV,D,20110411,000000,7.8389,7.8389,7.8389,7.8389,0,0
EMU_MV,D,20110412,000000,8.4182,8.4182,7.8389,8.3564,0,0
EMU_MV,D,20110414,000000,7.7771,7.7771,7.7771,7.7771,0,0
EMU_MV,D,20110415,000000,8.1247,8.4722,8.1247,8.4722,0,0
EMU_MV,D,20110418,000000,8.4182,8.4182,7.893,7.893,0,0
EMU_MV,D,20110419,000000,8.3564,8.3564,7.6072,7.7231,0,0
EMU_MV,D,20110420,000000,7.6072,7.6072,7.6072,7.6072,0,0
EMU_MV,D,20110421,000000,7.6072,7.6072,7.6072,7.6072,0,0
EMU_MV,D,20110429,000000,7.6072,7.6072,7.6072,7.6072,0,0
EMU_MV,D,20110504,000000,7.7231,7.7231,7.7231,7.7231,0,0
EMU_MV,D,20110505,000000,8.1247,8.1247,8.1247,8.1247,0,0
EMU_MV,D,20110506,000000,7.7231,7.7231,7.7231,7.7231,0,0
EMU_MV,D,20110509,000000,7.7231,7.7231,7.7231,7.7231,0,0
EMU_MV,D,20110510,000000,7.5454,7.5454,7.5454,7.5454,0,0
EMU_MV,D,20110511,000000,7.2597,7.2597,7.2597,7.2597,0,0
EMU_MV,D,20110512,000000,7.3138,7.3138,7.2597,7.2597,0,0
EMU_MV,D,20110513,000000,7.1979,7.1979,7.1979,7.1979,0,0
EMU_MV,D,20110516,000000,6.7886,6.7886,6.7886,6.7886,0,0
EMU_MV,D,20110517,000000,6.7886,6.7886,6.7345,6.7886,0,0
EMU_MV,D,20110519,000000,7.8389,7.8389,7.8389,7.8389,0,0
EMU_MV,D,20110520,000000,7.8389,7.8389,7.8389,7.8389,0,0
EMU_MV,D,20110523,000000,6.9662,7.5454,6.9662,7.5454,0,0
EMU_MV,D,20110524,000000,6.9662,6.9662,6.7886,6.7886,0,0
EMU_MV,D,20110526,000000,7.028,7.028,6.7886,6.7886,0,0
EMU_MV,D,20110527,000000,6.9662,6.9662,6.7886,6.7886,0,0
EMU_MV,D,20110530,000000,6.7886,6.9044,6.7886,6.9044,0,0
EMU_MV,D,20110531,000000,7.1438,7.1438,7.1438,7.1438,0,0
EMU_MV,D,20110602,000000,6.9044,6.9044,6.7886,6.7886,0,0
EMU_MV,D,20110603,000000,7.1438,7.1438,7.1438,7.1438,0,0
EMU_MV,D,20110609,000000,6.5028,7.1438,6.5028,7.1438,0,0
EMU_MV,D,20110614,000000,7.1438,7.1438,7.1438,7.1438,0,0
EMU_MV,D,20110615,000000,6.7345,6.7345,6.7345,6.7345,0,0
EMU_MV,D,20110616,000000,6.7345,6.7345,6.1553,6.387,0,0
EMU_MV,D,20110617,000000,6.387,6.387,6.387,6.387,0,0
EMU_MV,D,20110620,000000,6.2094,6.2094,6.1553,6.2094,0,0
EMU_MV,D,20110621,000000,6.2094,6.2094,6.2094,6.2094,0,0
EMU_MV,D,20110627,000000,6.0935,6.0935,6.0935,6.0935,0,0
EMU_MV,D,20110701,000000,6.9044,6.9044,6.9044,6.9044,0,0
EMU_MV,D,20110707,000000,5.9777,5.9777,5.9236,5.9236,0,0
EMU_MV,D,20110711,000000,6.1553,6.1553,5.9236,5.9236,0,0
EMU_MV,D,20110714,000000,5.6301,6.2711,5.6301,5.8078,0,0
EMU_MV,D,20110715,000000,6.0935,6.0935,6.0935,6.0935,0,0
EMU_MV,D,20110719,000000,6.0935,6.0935,6.0935,6.0935,0,0
EMU_MV,D,20110720,000000,5.8078,5.8078,5.8078,5.8078,0,0
EMU_MV,D,20110809,000000,5.5761,5.5761,5.2826,5.2826,0,0
EMU_MV,D,20110812,000000,5.2826,5.5143,5.2826,5.5143,0,0
EMU_MV,D,20110824,000000,5.5143,5.746,5.5143,5.746,0,0
EMU_MV,D,20110825,000000,5.8078,6.0935,5.746,6.0935,0,0
EMU_MV,D,20110830,000000,5.8078,5.8078,5.8078,5.8078,0,0
EMU_MV,D,20110831,000000,6.3252,6.3252,6.3252,6.3252,0,0
EMU_MV,D,20110907,000000,6.3252,6.3252,6.3252,6.3252,0,0
EMU_MV,D,20110913,000000,5.5143,5.5143,5.2826,5.2826,0,0
EMU_MV,D,20110914,000000,5.3444,5.3444,5.3444,5.3444,0,0
EMU_MV,D,20110915,000000,5.9236,5.9236,5.9236,5.9236,0,0
EMU_MV,D,20110921,000000,5.0509,5.9777,5.0509,5.9777,0,0
EMU_MV,D,20110922,000000,6.5028,6.7345,6.5028,6.7345,0,0
EMU_MV,D,20110923,000000,5.6301,6.6187,5.6301,6.5028,0,0
EMU_MV,D,20111031,000000,6.387,6.387,6.387,6.387,0,0
EMU_MV,D,20111103,000000,6.0935,6.0935,6.0935,6.0935,0,0
EMU_MV,D,20111108,000000,6.2094,6.9044,6.2094,6.6727,0,0
EMU_MV,D,20111109,000000,6.9662,7.7771,6.9662,7.028,0,0
EMU_MV,D,20111116,000000,7.7231,7.7231,7.7231,7.7231,0,0
EMU_MV,D,20111123,000000,6.441,7.5454,6.387,6.387,0,0
EMU_MV,D,20111124,000000,6.7345,6.7345,6.7345,6.7345,0,0
EMU_MV,D,20111125,000000,6.387,6.387,6.387,6.387,0,0
EMU_MV,D,20111206,000000,6.441,6.441,6.441,6.441,0,0
EMU_MV,D,20111209,000000,6.387,6.6187,6.387,6.441,0,0
EMU_MV,D,20111212,000000,6.387,6.387,6.387,6.387,0,0
EMU_MV,D,20111215,000000,6.441,6.5028,6.441,6.5028,0,0
EMU_MV,D,20111219,000000,6.6187,6.6187,6.6187,6.6187,0,0
EMU_MV,D,20111222,000000,6.2094,6.2094,6.2094,6.2094,0,0
EMU_MV,D,20111227,000000,6.1553,6.1553,6.0935,6.0935,0,0
EMU_MV,D,20111228,000000,6.2094,6.2094,6.2094,6.2094,0,0
EMU_MV,D,20111229,000000,6.2094,6.2094,6.2094,6.2094,0,0
EMU_MV,D,20111230,000000,6.0935,6.0935,6.0935,6.0935,0,0
EMU_MV,D,20120103,000000,6.0935,6.0935,6.0935,6.0935,0,0
EMU_MV,D,20120111,000000,6.3252,6.3252,6.3252,6.3252,0,0
EMU_MV,D,20120112,000000,6.2711,7.3138,6.2711,7.3138,0,0
EMU_MV,D,20120113,000000,6.3252,6.7345,6.3252,6.7345,0,0
EMU_MV,D,20120116,000000,6.3252,6.6187,6.3252,6.6187,0,0
EMU_MV,D,20120117,000000,6.6187,6.6187,6.6187,6.6187,0,0
EMU_MV,D,20120118,000000,6.3252,6.3252,6.2094,6.3252,0,0
EMU_MV,D,20120123,000000,6.0935,6.0935,6.0935,6.0935,0,0
EMU_MV,D,20120131,000000,6.1553,6.1553,6.1553,6.1553,0,0
EMU_MV,D,20120201,000000,6.0394,6.0394,5.8618,6.0394,0,0
EMU_MV,D,20120202,000000,5.9236,5.9236,5.9236,5.9236,0,0
EMU_MV,D,20120203,000000,5.9236,5.9236,5.9236,5.9236,0,0
EMU_MV,D,20120206,000000,5.9777,5.9777,5.9777,5.9777,0,0
EMU_MV,D,20120213,000000,6.0935,6.387,6.0935,6.387,0,0
EMU_MV,D,20120214,000000,6.387,7.2597,6.387,7.2597,0,0
EMU_MV,D,20120216,000000,6.7345,6.7345,6.7345,6.7345,0,0
EMU_MV,D,20120217,000000,6.5028,6.5028,6.5028,6.5028,0,0
EMU_MV,D,20120222,000000,6.2711,6.5569,6.2711,6.5569,0,0
EMU_MV,D,20120223,000000,5.9777,5.9777,5.9777,5.9777,0,0
EMU_MV,D,20120224,000000,5.9777,5.9777,5.8078,5.8078,0,0
EMU_MV,D,20120228,000000,6.387,6.387,6.387,6.387,0,0
EMU_MV,D,20120229,000000,6.6187,6.6187,6.6187,6.6187,0,0
EMU_MV,D,20120306,000000,6.1553,6.1553,6.1553,6.1553,0,0
EMU_MV,D,20120312,000000,6.387,6.387,6.387,6.387,0,0
EMU_MV,D,20120319,000000,5.8078,5.8078,5.8078,5.8078,0,0
EMU_MV,D,20120321,000000,5.746,5.746,5.746,5.746,0,0
EMU_MV,D,20120322,000000,5.8078,5.8078,5.8078,5.8078,0,0
EMU_MV,D,20120323,000000,5.8618,5.8618,5.6919,5.6919,0,0
EMU_MV,D,20120328,000000,5.2208,5.2208,5.2208,5.2208,0,0
EMU_MV,D,20120329,000000,5.8078,5.8078,5.8078,5.8078,0,0
EMU_MV,D,20120402,000000,5.8618,5.8618,5.8618,5.8618,0,0
EMU_MV,D,20120403,000000,5.8618,5.8618,5.8618,5.8618,0,0
EMU_MV,D,20120404,000000,5.8618,5.8618,5.8618,5.8618,0,0
EMU_MV,D,20120416,000000,5.8078,5.8078,5.8078,5.8078,0,0
EMU_MV,D,20120418,000000,6.0394,6.0394,6.0394,6.0394,0,0
EMU_MV,D,20120419,000000,5.9777,5.9777,5.9777,5.9777,0,0
EMU_MV,D,20120430,000000,5.8618,5.8618,5.8618,5.8618,0,0
EMU_MV,D,20120502,000000,5.2826,6.0935,5.2826,6.0935,0,0
EMU_MV,D,20120511,000000,5.3984,5.8078,5.3984,5.8078,0,0
EMU_MV,D,20120619,000000,5.2208,5.5143,5.2208,5.5143,0,0
EMU_MV,D,20120628,000000,5.4602,5.4602,5.4602,5.4602,0,0
EMU_MV,D,20120629,000000,5.4602,5.4602,5.4602,5.4602,0,0
EMU_MV,D,20120703,000000,5.3984,5.3984,5.3984,5.3984,0,0
EMU_MV,D,20120704,000000,5.3984,5.3984,5.3984,5.3984,0,0
EMU_MV,D,20120705,000000,5.5143,5.5143,5.5143,5.5143,0,0
EMU_MV,D,20120717,000000,5.3444,5.3444,5.3444,5.3444,0,0
EMU_MV,D,20120718,000000,5.5143,5.8078,5.5143,5.8078,0,0
EMU_MV,D,20120720,000000,5.3444,5.3444,5.3444,5.3444,0,0
EMU_MV,D,20120723,000000,5.746,5.746,5.3444,5.3444,0,0
EMU_MV,D,20120725,000000,5.5143,5.5143,5.5143,5.5143,0,0
EMU_MV,D,20120730,000000,5.5143,5.5143,5.5143,5.5143,0,0
EMU_MV,D,20120731,000000,5.2826,5.2826,5.2826,5.2826,0,0
EMU_MV,D,20120806,000000,5.2826,5.5143,5.2826,5.5143,0,0
EMU_MV,D,20120829,000000,5.3984,5.3984,5.3984,5.3984,0,0
EMU_MV,D,20120830,000000,5.3984,5.3984,5.3984,5.3984,0,0
EMU_MV,D,20120903,000000,5.5761,5.8078,5.5143,5.8078,0,0
EMU_MV,D,20120910,000000,5.9777,5.9777,5.9777,5.9777,0,0
EMU_MV,D,20120917,000000,5.9236,5.9236,5.9236,5.9236,0,0
EMU_MV,D,20120926,000000,5.8078,5.8078,5.8078,5.8078,0,0
EMU_MV,D,20121005,000000,5.6919,5.6919,5.6919,5.6919,0,0
EMU_MV,D,20121012,000000,5.6919,5.6919,5.6919,5.6919,0,0
EMU_MV,D,20121019,000000,5.2826,5.2826,5.2208,5.2208,0,0
EMU_MV,D,20121022,000000,5.3444,5.3444,5.3444,5.3444,0,0
EMU_MV,D,20121023,000000,5.2208,5.2208,5.2208,5.2208,0,0
EMU_MV,D,20121029,000000,5.2208,5.2208,5.105,5.105,0,0
EMU_MV,D,20121106,000000,4.8192,5.105,4.8192,5.105,0,0
EMU_MV,D,20121107,000000,4.6416,4.6416,4.6416,4.6416,0,0
EMU_MV,D,20121108,000000,4.7034,4.935,4.6416,4.935,0,0
EMU_MV,D,20121112,000000,4.5875,4.8733,4.5875,4.5875,0,0
EMU_MV,D,20121113,000000,4.6416,4.7574,4.6416,4.7574,0,0
EMU_MV,D,20121115,000000,4.4717,4.4717,4.4717,4.4717,0,0
EMU_MV,D,20121119,000000,4.4717,4.5257,4.4717,4.5257,0,0
EMU_MV,D,20121123,000000,4.8192,4.8192,4.8192,4.8192,0,0
EMU_MV,D,20121129,000000,4.935,4.935,4.935,4.935,0,0
EMU_MV,D,20121227,000000,4.7574,4.8192,4.7574,4.8192,0,0
EMU_MV,D,20130103,000000,5.0509,5.105,5.0509,5.105,0,0
EMU_MV,D,20130104,000000,5.3444,5.3444,5.3444,5.3444,0,0
EMU_MV,D,20130107,000000,5.2208,5.2826,5.1667,5.2826,0,0
EMU_MV,D,20130108,000000,5.8078,5.8078,5.8078,5.8078,0,0
EMU_MV,D,20130109,000000,6.387,6.387,6.387,6.387,0,0
EMU_MV,D,20130110,000000,5.8078,5.8078,5.8078,5.8078,0,0
EMU_MV,D,20130114,000000,5.8078,5.8078,5.8078,5.8078,0,0
EMU_MV,D,20130214,000000,5.8078,5.8078,5.8078,5.8078,0,0
EMU_MV,D,20130215,000000,5.8078,5.8078,5.8078,5.8078,0,0
EMU_MV,D,20130218,000000,5.8078,5.8078,5.6919,5.6919,0,0
EMU_MV,D,20130220,000000,5.6919,5.6919,5.6919,5.6919,0,0
EMU_MV,D,20130221,000000,5.2826,5.2826,5.2826,5.2826,0,0
EMU_MV,D,20130222,000000,5.8078,6.5028,5.8078,6.5028,0,0
EMU_MV,D,20130227,000000,6.1553,6.1553,6.1553,6.1553,0,0
EMU_MV,D,20130305,000000,6.387,6.387,6.387,6.387,0,0
EMU_MV,D,20130314,000000,6.6727,6.6727,6.6727,6.6727,0,0
EMU_MV,D,20130328,000000,6.2711,6.2711,6.2711,6.2711,0,0
EMU_MV,D,20130403,000000,6.1553,6.1553,5.5143,5.5143,0,0
EMU_MV,D,20130506,000000,6.0394,6.0394,6.0394,6.0394,0,0
EMU_MV,D,20130509,000000,6.0394,6.0394,6.0394,6.0394,0,0
EMU_MV,D,20130515,000000,6.0935,6.6187,6.0935,6.6187,0,0
EMU_MV,D,20130517,000000,6.5569,6.6187,6.5569,6.6187,0,0
EMU_MV,D,20130520,000000,6.6187,6.6727,6.6187,6.6727,0,0
EMU_MV,D,20130523,000000,6.0394,6.0394,6.0394,6.0394,0,0
EMU_MV,D,20130527,000000,6.0394,6.0394,6.0394,6.0394,0,0
EMU_MV,D,20130528,000000,5.8078,5.8078,5.8078,5.8078,0,0
EMU_MV,D,20130604,000000,5.746,5.746,5.746,5.746,0,0
EMU_MV,D,20130605,000000,5.5143,5.5143,5.5143,5.5143,0,0
EMU_MV,D,20130620,000000,5.6919,5.6919,5.5761,5.5761,0,0
EMU_MV,D,20130624,000000,5.746,5.746,5.746,5.746,0,0
EMU_MV,D,20130625,000000,6.0394,6.0394,6.0394,6.0394,0,0
EMU_MV,D,20130626,000000,5.6919,6.0394,5.6919,6.0394,0,0
EMU_MV,D,20130628,000000,6.0935,6.0935,6.0935,6.0935,0,0
EMU_MV,D,20130709,000000,5.8618,5.9236,5.8618,5.9236,0,0
EMU_MV,D,20130726,000000,5.8618,5.8618,5.8618,5.8618,0,0
EMU_MV,D,20130730,000000,5.8078,5.8078,5.8078,5.8078,0,0
EMU_MV,D,20130801,000000,5.9777,5.9777,5.9777,5.9777,0,0
EMU_MV,D,20130805,000000,6.2711,6.2711,6.2711,6.2711,0,0
EMU_MV,D,20130809,000000,6.3252,6.3252,6.3252,6.3252,0,0
EMU_MV,D,20130816,000000,6.387,6.441,6.387,6.441,0,0
EMU_MV,D,20130826,000000,5.8078,5.8078,5.8078,5.8078,0,0
EMU_MV,D,20130829,000000,6.2711,6.2711,6.2711,6.2711,0,0
EMU_MV,D,20130830,000000,6.387,6.387,6.387,6.387,0,0
EMU_MV,D,20130918,000000,6.5569,7.1438,6.5569,7.028,0,0
EMU_MV,D,20130919,000000,6.9662,7.1438,6.9662,7.1438,0,0
EMU_MV,D,20130920,000000,7.1438,7.1438,7.1438,7.1438,0,0
EMU_MV,D,20130924,000000,6.5028,7.0821,6.5028,7.0821,0,0
EMU_MV,D,20130926,000000,7.1438,8.3023,7.1438,8.1865,0,0
EMU_MV,D,20130927,000000,8.1247,8.6498,8.1247,8.1247,0,0
EMU_MV,D,20130930,000000,8.6498,8.7039,8.6498,8.7039,0,0
EMU_MV,D,20131001,000000,8.6498,9.638,8.6498,9.638,0,0
EMU_MV,D,20131004,000000,7.9548,7.9548,7.9548,7.9548,0,0
EMU_MV,D,20131007,000000,7.8389,7.8389,7.8389,7.8389,0,0
EMU_MV,D,20131008,000000,7.6072,7.6072,7.6072,7.6072,0,0
EMU_MV,D,20131009,000000,7.6072,7.6072,7.6072,7.6072,0,0
EMU_MV,D,20131015,000000,8.1247,9.4608,8.1247,9.4608,0,0
EMU_MV,D,20131022,000000,8.7039,8.7039,7.6072,7.893,0,0
EMU_MV,D,20131023,000000,7.893,9.4067,7.893,9.4067,0,0
EMU_MV,D,20131106,000000,8.4182,8.4182,8.4182,8.4182,0,0
EMU_MV,D,20131107,000000,8.4182,8.7039,8.4182,8.7039,0,0
EMU_MV,D,20131113,000000,8.7039,8.7039,8.4182,8.4182,0,0
EMU_MV,D,20131119,000000,8.2405,8.2405,8.2405,8.2405,0,0
EMU_MV,D,20131121,000000,8.2405,8.4182,8.2405,8.4182,0,0
EMU_MV,D,20131218,000000,8.3564,8.3564,8.3564,8.3564,0,0
EMU_MV,D,20131220,000000,8.1865,8.1865,8.1865,8.1865,0,0
EMU_MV,D,20140102,000000,7.893,7.893,7.893,7.893,0,0
EMU_MV,D,20140107,000000,7.893,7.893,7.893,7.893,0,0
EMU_MV,D,20140109,000000,7.5454,7.8389,7.5454,7.8389,0,0
EMU_MV,D,20140113,000000,7.9548,7.9548,7.9548,7.9548,0,0
EMU_MV,D,20140114,000000,7.6613,7.6613,7.6613,7.6613,0,0
EMU_MV,D,20140120,000000,7.8389,7.8389,7.8389,7.8389,0,0
EMU_MV,D,20140124,000000,7.8389,7.8389,7.6072,7.8389,0,0
EMU_MV,D,20140131,000000,7.6072,7.6072,7.5454,7.5454,0,0
EMU_MV,D,20140205,000000,7.8389,7.8389,7.8389,7.8389,0,0
EMU_MV,D,20140206,000000,7.8389,8.9433,7.8389,8.8275,0,0
EMU_MV,D,20140221,000000,8.8815,8.8815,8.8815,8.8815,0,0
EMU_MV,D,20140224,000000,8.3564,8.3564,8.2405,8.2405,0,0
EMU_MV,D,20140228,000000,8.4182,8.4182,8.4182,8.4182,0,0
EMU_MV,D,20140305,000000,7.8389,7.8389,7.5454,7.5454,0,0
EMU_MV,D,20140319,000000,7.7771,7.7771,7.7771,7.7771,0,0
EMU_MV,D,20140321,000000,7.7771,7.8389,7.7771,7.8389,0,0
EMU_MV,D,20140328,000000,7.8389,7.8389,7.8389,7.8389,0,0
EMU_MV,D,20140519,000000,7.4914,8.1865,7.4914,8.1865,0,0
EMU_MV,D,20140520,000000,7.8389,7.8389,7.8389,7.8389,0,0
EMU_MV,D,20140521,000000,7.6072,8.1865,7.6072,7.9548,0,0
EMU_MV,D,20140522,000000,8.1865,8.1865,8.1865,8.1865,0,0
EMU_MV,D,20140523,000000,8.1865,8.1865,8.1865,8.1865,0,0
EMU_MV,D,20140526,000000,8.1865,8.1865,8.1865,8.1865,0,0
EMU_MV,D,20140528,000000,8.1865,8.1865,8.1865,8.1865,0,0
EMU_MV,D,20140529,000000,8.1865,8.1865,8.1865,8.1865,0,0
EMU_MV,D,20140612,000000,8.7039,8.7039,8.7039,8.7039,0,0
EMU_MV,D,20140716,000000,8.4182,8.4182,8.4182,8.4182,0,0
EMU_MV,D,20140731,000000,7.893,8.3564,7.7771,8.3564,0,0
EMU_MV,D,20140801,000000,8.3564,8.3564,8.3564,8.3564,0,0
EMU_MV,D,20140804,000000,8.3564,8.3564,8.3564,8.3564,0,0
EMU_MV,D,20140806,000000,8.3564,8.3564,8.3564,8.3564,0,0
EMU_MV,D,20140807,000000,8.3564,8.3564,8.3564,8.3564,0,0
EMU_MV,D,20140808,000000,8.3564,8.3564,8.3564,8.3564,0,0
EMU_MV,D,20140814,000000,8.3564,8.3564,8.3564,8.3564,0,0
EMU_MV,D,20140818,000000,8.3564,8.3564,8.3564,8.3564,0,0
EMU_MV,D,20140821,000000,7.7231,7.7231,7.7231,7.7231,0,0
EMU_MV,D,20140826,000000,7.7231,7.7231,7.7231,7.7231,0,0
EMU_MV,D,20140908,000000,8.3564,8.3564,8.3564,8.3564,0,0
EMU_MV,D,20140910,000000,8.4182,8.4182,8.4182,8.4182,0,0
EMU_MV,D,20140911,000000,8.4182,8.4182,8.4182,8.4182,0,0
EMU_MV,D,20140912,000000,8.4182,8.4182,8.4182,8.4182,0,0
EMU_MV,D,20140915,000000,8.4182,8.4182,8.4182,8.4182,0,0
EMU_MV,D,20140919,000000,8.4182,8.4182,8.4182,8.4182,0,0
EMU_MV,D,20140922,000000,8.4182,8.4182,8.3023,8.3023,0,0
EMU_MV,D,20140923,000000,8.4182,8.4182,8.4182,8.4182,0,0
EMU_MV,D,20140924,000000,8.1865,8.1865,7.7231,7.7231,0,0
EMU_MV,D,20140925,000000,7.7231,7.7231,7.7231,7.7231,0,0
EMU_MV,D,20140926,000000,7.7231,7.7231,7.7231,7.7231,0,0
EMU_MV,D,20140929,000000,7.8389,7.8389,7.8389,7.8389,0,0
EMU_MV,D,20141001,000000,8.534,8.9974,8.4722,8.4722,0,0
EMU_MV,D,20141008,000000,8.4722,8.4722,8.4722,8.4722,0,0
EMU_MV,D,20141014,000000,8.4722,8.6498,8.4722,8.4722,0,0
EMU_MV,D,20141015,000000,8.4722,8.4722,8.4722,8.4722,0,0
EMU_MV,D,20141016,000000,8.4722,8.9433,8.4722,8.4722,0,0
EMU_MV,D,20141017,000000,8.0706,8.4182,8.0706,8.0706,0,0
EMU_MV,D,20141020,000000,8.4182,8.4182,8.0706,8.0706,0,0
EMU_MV,D,20141022,000000,8.5881,8.5881,7.7231,7.7231,0,0
EMU_MV,D,20141023,000000,7.7231,7.7231,7.7231,7.7231,0,0
EMU_MV,D,20141027,000000,7.7231,7.7231,7.7231,7.7231,0,0
EMU_MV,D,20141031,000000,7.8389,7.8389,7.8389,7.8389,0,0
EMU_MV,D,20141104,000000,8.0706,8.0706,8.0706,8.0706,0,0
EMU_MV,D,20141114,000000,8.0706,8.0706,8.0706,8.0706,0,0
EMU_MV,D,20141119,000000,8.0706,8.0706,8.0706,8.0706,0,0
EMU_MV,D,20141126,000000,8.0088,8.0088,8.0088,8.0088,0,0
EMU_MV,D,20141128,000000,7.893,7.893,7.8389,7.893,0,0
EMU_MV,D,20141201,000000,7.893,7.893,7.7231,7.7231,0,0
EMU_MV,D,20141205,000000,7.893,7.893,7.8389,7.8389,0,0
EMU_MV,D,20141208,000000,7.8389,8.3023,7.8389,8.3023,0,0
EMU_MV,D,20141210,000000,8.3023,8.3023,8.1247,8.1247,0,0
EMU_MV,D,20141211,000000,8.4722,8.4722,8.4722,8.4722,0,0
EMU_MV,D,20141215,000000,8.4722,8.4722,8.4722,8.4722,0,0
EMU_MV,D,20141216,000000,8.4722,8.4722,8.1247,8.1247,0,0
EMU_MV,D,20141222,000000,8.1247,8.1247,8.1247,8.1247,0,0
EMU_MV,D,20141230,000000,8.2405,8.4182,8.2405,8.4182,0,0
EMU_MV,D,20150107,000000,8.6498,8.7657,8.6498,8.7657,0,0
EMU_MV,D,20150112,000000,8.9974,8.9974,8.9974,8.9974,0,0
EMU_MV,D,20150114,000000,8.9974,9.0592,8.9974,9.0592,0,0
EMU_MV,D,20150203,000000,8.7039,8.7039,8.7039,8.7039,0,0
EMU_MV,D,20150209,000000,8.6498,8.6498,8.6498,8.6498,0,0
EMU_MV,D,20150211,000000,8.6498,8.6498,8.6498,8.6498,0,0
EMU_MV,D,20150213,000000,8.3564,8.3564,8.3564,8.3564,0,0
EMU_MV,D,20150216,000000,8.6498,8.6498,8.6498,8.6498,0,0
EMU_MV,D,20150224,000000,8.5881,8.5881,8.5881,8.5881,0,0
EMU_MV,D,20150225,000000,8.4182,8.4182,8.4182,8.4182,0,0
EMU_MV,D,20150302,000000,8.4182,8.4182,8.4182,8.4182,0,0
EMU_MV,D,20150306,000000,8.3023,8.3023,8.3023,8.3023,0,0
EMU_MV,D,20150309,000000,8.2405,8.2405,8.1865,8.1865,0,0
EMU_MV,D,20150319,000000,8.4182,8.4182,8.4182,8.4182,0,0
EMU_MV,D,20150320,000000,8.4182,8.4182,8.4182,8.4182,0,0
EMU_MV,D,20150324,000000,8.4182,8.4182,7.8389,7.8389,0,0
EMU_MV,D,20150325,000000,8.4182,8.4182,8.4182,8.4182,0,0
EMU_MV,D,20150402,000000,8.3564,8.3564,8.3564,8.3564,0,0
EMU_MV,D,20150407,000000,7.9548,7.9548,7.9548,7.9548,0,0
EMU_MV,D,20150409,000000,7.9548,7.9548,7.8389,7.9548,0,0
EMU_MV,D,20150410,000000,8.1247,8.1247,7.9548,7.9548,0,0
EMU_MV,D,20150413,000000,8.1247,8.1247,8.1247,8.1247,0,0
EMU_MV,D,20150416,000000,8.2405,8.2405,8.1247,8.1247,0,0
EMU_MV,D,20150417,000000,8.1247,8.1247,8.0706,8.0706,0,0
EMU_MV,D,20150420,000000,8.3564,11.608,8.3564,11.608,0,0
EMU_MV,D,20150421,000000,13.932,16.72,13.932,15.384,0,0
EMU_MV,D,20150422,000000,15.384,15.848,12.774,13.639,0,0
EMU_MV,D,20150423,000000,13.755,13.755,12.774,12.774,0,0
EMU_MV,D,20150424,000000,12.249,12.48,11.322,12.48,0,0
EMU_MV,D,20150427,000000,12.712,12.712,11.901,11.901,0,0
EMU_MV,D,20150428,000000,11.901,11.901,11.901,11.901,0,0
EMU_MV,D,20150430,000000,12.071,12.071,12.071,12.071,0,0
EMU_MV,D,20150504,000000,12.48,14.396,12.48,13.701,0,0
EMU_MV,D,20150505,000000,12.774,13.994,11.901,13.817,0,0
EMU_MV,D,20150506,000000,13.122,13.122,13.122,13.122,0,0
EMU_MV,D,20150507,000000,13.122,13.122,12.774,12.774,0,0
EMU_MV,D,20150508,000000,13.122,13.932,11.901,13.06,0,0
EMU_MV,D,20150511,000000,13.122,13.122,12.187,12.187,0,0
EMU_MV,D,20150515,000000,11.901,12.133,11.67,11.67,0,0
EMU_MV,D,20150518,000000,12.133,12.133,12.133,12.133,0,0
EMU_MV,D,20150520,000000,11.492,11.492,10.449,10.449,0,0
EMU_MV,D,20150529,000000,11.144,11.144,11.144,11.144,0,0
EMU_MV,D,20150601,000000,11.029,11.608,11.029,11.608,0,0
EMU_MV,D,20150609,000000,11.438,11.554,11.438,11.554,0,0
EMU_MV,D,20150612,000000,12.133,12.133,12.133,12.133,0,0
EMU_MV,D,20150615,000000,12.658,14.048,12.658,13.932,0,0
EMU_MV,D,20150616,000000,13.639,13.639,12.774,12.774,0,0
EMU_MV,D,20150618,000000,13.353,13.353,12.774,12.774,0,0
EMU_MV,D,20150622,000000,12.774,12.774,12.774,12.774,0,0
EMU_MV,D,20150623,000000,12.774,12.774,12.542,12.542,0,0
EMU_MV,D,20150625,000000,12.187,12.187,12.187,12.187,0,0
EMU_MV,D,20150629,000000,12.774,12.774,12.774,12.774,0,0
EMU_MV,D,20150630,000000,12.48,12.712,12.426,12.712,0,0
EMU_MV,D,20150701,000000,12.712,13.06,12.712,12.774,0,0
EMU_MV,D,20150702,000000,12.774,12.774,12.774,12.774,0,0
EMU_MV,D,20150706,000000,12.774,12.774,12.774,12.774,0,0
EMU_MV,D,20150708,000000,12.774,12.774,12.774,12.774,0,0
EMU_MV,D,20150715,000000,12.48,12.48,12.426,12.426,0,0
EMU_MV,D,20150717,000000,12.658,12.658,12.658,12.658,0,0
EMU_MV,D,20150731,000000,12.133,12.48,12.133,12.48,0,0
EMU_MV,D,20150804,000000,12.48,12.48,12.48,12.48,0,0
EMU_MV,D,20150806,000000,12.187,12.187,12.187,12.187,0,0
EMU_MV,D,20150807,000000,12.187,12.187,12.187,12.187,0,0
EMU_MV,D,20150810,000000,12.187,12.187,12.187,12.187,0,0
EMU_MV,D,20150811,000000,12.187,12.187,12.187,12.187,0,0
EMU_MV,D,20150818,000000,12.133,12.187,12.133,12.187,0,0
EMU_MV,D,20150827,000000,12.133,12.133,12.133,12.133,0,0
EMU_MV,D,20150908,000000,12.133,12.133,12.133,12.133,0,0
EMU_MV,D,20150909,000000,12.133,12.133,12.133,12.133,0,0
EMU_MV,D,20150910,000000,12.426,12.658,12.426,12.658,0,0
EMU_MV,D,20150911,000000,12.596,13.006,12.596,13.006,0,0
EMU_MV,D,20150916,000000,13.006,13.006,13.006,13.006,0,0
EMU_MV,D,20150925,000000,12.828,12.89,12.828,12.89,0,0
EMU_MV,D,20151006,000000,12.828,12.89,12.828,12.89,0,0
EMU_MV,D,20151012,000000,12.365,12.365,12.187,12.187,0,0
EMU_MV,D,20151023,000000,12.017,12.017,11.901,11.901,0,0
EMU_MV,D,20151026,000000,12.071,12.071,12.071,12.071,0,0
EMU_MV,D,20151027,000000,11.67,11.67,11.67,11.67,0,0
EMU_MV,D,20151102,000000,11.438,11.438,11.376,11.376,0,0
EMU_MV,D,20151103,000000,11.492,11.492,11.322,11.322,0,0
EMU_MV,D,20151104,000000,11.144,11.144,11.144,11.144,0,0
EMU_MV,D,20151105,000000,11.322,11.322,11.322,11.322,0,0
EMU_MV,D,20151112,000000,11.144,11.144,11.144,11.144,0,0
EMU_MV,D,20151119,000000,11.029,11.029,11.029,11.029,0,0
EMU_MV,D,20151124,000000,10.797,10.797,10.565,10.565,0,0
EMU_MV,D,20151202,000000,11.206,11.206,9.924,10.218,0,0
EMU_MV,D,20151203,000000,10.156,10.156,8.8815,8.8815,0,0
EMU_MV,D,20151204,000000,10.156,10.333,9.3449,10.333,0,0
EMU_MV,D,20151207,000000,10.272,10.333,8.4722,10.333,0,0
EMU_MV,D,20151210,000000,10.102,10.102,8.5881,8.5881,0,0
EMU_MV,D,20151211,000000,9.4067,9.577,8.5881,9.577,0,0
EMU_MV,D,20151214,000000,9.808,9.808,8.0706,8.0706,0,0
EMU_MV,D,20151215,000000,8.7039,10.272,8.5881,8.5881,0,0
EMU_MV,D,20151216,000000,8.8275,9.577,8.8275,8.8815,0,0
EMU_MV,D,20151217,000000,9.577,9.577,8.7657,8.7657,0,0
EMU_MV,D,20151218,000000,10.102,10.449,8.9433,9.986,0,0
EMU_MV,D,20151221,000000,10.681,10.681,9.986,10.04,0,0
EMU_MV,D,20151222,000000,10.681,10.974,9.986,9.986,0,0
EMU_MV,D,20151223,000000,10.743,10.743,10.218,10.218,0,0
EMU_MV,D,20151228,000000,10.913,10.913,10.218,10.272,0,0
EMU_MV,D,20160104,000000,9.924,9.924,8.4722,8.4722,0,0
EMU_MV,D,20160105,000000,9.924,9.924,9.2909,9.2909,0,0
EMU_MV,D,20160107,000000,9.2909,9.2909,9.2909,9.2909,0,0
EMU_MV,D,20160108,000000,9.175,9.175,8.534,8.534,0,0
EMU_MV,D,20160118,000000,9.2909,9.2909,9.0592,9.2909,0,0
EMU_MV,D,20160119,000000,9.2909,9.2909,8.9433,8.9433,0,0
EMU_MV,D,20160120,000000,8.7039,8.7039,8.1247,8.1247,0,0
EMU_MV,D,20160121,000000,9.1132,9.1132,9.1132,9.1132,0,0
EMU_MV,D,20160129,000000,8.4722,8.4722,8.2405,8.2405,0,0
EMU_MV,D,20160202,000000,8.7039,8.7039,7.893,7.893,0,0
EMU_MV,D,20160204,000000,8.7039,8.7039,8.7039,8.7039,0,0
EMU_MV,D,20160205,000000,9.2291,9.2909,8.4182,9.2909,0,0
EMU_MV,D,20160208,000000,9.2909,9.2909,9.2909,9.2909,0,0
EMU_MV,D,20160209,000000,9.2291,9.2291,9.2291,9.2291,0,0
EMU_MV,D,20160212,000000,9.2909,9.2909,9.2909,9.2909,0,0
EMU_MV,D,20160215,000000,9.2909,9.2909,8.8815,8.8815,0,0
EMU_MV,D,20160216,000000,8.9433,8.9433,7.893,8.4182,0,0
EMU_MV,D,20160219,000000,8.9974,9.2909,8.9974,9.2909,0,0
EMU_MV,D,20160222,000000,8.9974,8.9974,8.9974,8.9974,0,0
EMU_MV,D,20160223,000000,9.2909,9.2909,9.2909,9.2909,0,0
EMU_MV,D,20160229,000000,9.2909,9.2909,9.2909,9.2909,0,0
EMU_MV,D,20160302,000000,9.1132,9.1132,9.1132,9.1132,0,0
EMU_MV,D,20160303,000000,9.2909,9.2909,9.2909,9.2909,0,0
EMU_MV,D,20160307,000000,9.2909,9.2909,8.8275,9.2909,0,0
EMU_MV,D,20160310,000000,8.6498,8.7039,8.6498,8.6498,0,0
EMU_MV,D,20160311,000000,8.6498,8.6498,8.6498,8.6498,0,0
EMU_MV,D,20160404,000000,9.2909,9.2909,9.2909,9.2909,0,0
EMU_MV,D,20160408,000000,9.2909,9.2909,9.2909,9.2909,0,0
EMU_MV,D,20160413,000000,8.7657,9.4608,8.7657,8.7657,0,0
EMU_MV,D,20160414,000000,9.87,9.87,9.2909,9.2909,0,0
EMU_MV,D,20160422,000000,8.8275,9.2909,8.7039,9.2909,0,0
EMU_MV,D,20160429,000000,9.2909,9.2909,8.7657,9.2909,0,0
EMU_MV,D,20160509,000000,9.2909,9.2909,8.7657,8.7657,0,0
EMU_MV,D,20160510,000000,9.2909,9.2909,9.2909,9.2909,0,0
EMU_MV,D,20160513,000000,9.2909,9.2909,8.9974,8.9974,0,0
EMU_MV,D,20160517,000000,9.1132,9.2909,9.1132,9.2909,0,0
EMU_MV,D,20160518,000000,9.2909,9.2909,9.2909,9.2909,0,0
EMU_MV,D,20160520,000000,9.2909,9.2909,8.7657,8.7657,0,0
EMU_MV,D,20160524,000000,9.2909,9.2909,9.2909,9.2909,0,0
EMU_MV,D,20160525,000000,9.2909,9.2909,9.2909,9.2909,0,0
EMU_MV,D,20160527,000000,9.2909,9.2909,9.0592,9.2909,0,0
EMU_MV,D,20160530,000000,9.2909,9.2909,9.2909,9.2909,0,0
EMU_MV,D,20160531,000000,9.2909,11.26,9.2909,11.26,0,0
EMU_MV,D,20160601,000000,11.554,11.554,10.743,11.492,0,0
EMU_MV,D,20160602,000000,11.554,11.554,11.492,11.492,0,0
EMU_MV,D,20160603,000000,11.554,11.554,11.554,11.554,0,0
EMU_MV,D,20160606,000000,11.492,11.492,11.492,11.492,0,0
EMU_MV,D,20160607,000000,11.376,11.376,11.376,11.376,0,0
EMU_MV,D,20160613,000000,11.492,11.554,11.438,11.438,0,0
EMU_MV,D,20160614,000000,11.438,11.438,11.438,11.438,0,0
EMU_MV,D,20160616,000000,11.206,11.206,11.206,11.206,0,0
EMU_MV,D,20160617,000000,11.438,11.554,11.438,11.554,0,0
EMU_MV,D,20160620,000000,11.554,11.554,10.511,11.492,0,0
EMU_MV,D,20160622,000000,11.376,11.438,11.376,11.438,0,0
EMU_MV,D,20160624,000000,11.438,11.438,11.438,11.438,0,0
EMU_MV,D,20160627,000000,11.322,11.322,11.322,11.322,0,0
EMU_MV,D,20160628,000000,11.322,11.322,11.322,11.322,0,0
EMU_MV,D,20160629,000000,11.322,11.322,11.322,11.322,0,0
EMU_MV,D,20160701,000000,11.322,11.322,11.322,11.322,0,0
EMU_MV,D,20160705,000000,11.322,11.554,11.322,11.554,0,0
EMU_MV,D,20160706,000000,11.206,11.492,9.0592,11.492,0,0
EMU_MV,D,20160707,000000,11.029,11.492,11.029,11.492,0,0
EMU_MV,D,20160708,000000,11.492,11.492,11.492,11.492,0,0
EMU_MV,D,20160711,000000,11.492,11.492,11.492,11.492,0,0
EMU_MV,D,20160712,000000,11.492,11.492,11.492,11.492,0,0
EMU_MV,D,20160713,000000,11.492,11.492,11.492,11.492,0,0
EMU_MV,D,20160714,000000,11.492,11.492,11.492,11.492,0,0
EMU_MV,D,20160719,000000,11.492,11.492,11.438,11.438,0,0
EMU_MV,D,20160720,000000,11.492,11.492,11.492,11.492,0,0
EMU_MV,D,20160721,000000,11.492,11.492,11.492,11.492,0,0
EMU_MV,D,20160722,000000,11.492,11.492,11.492,11.492,0,0
EMU_MV,D,20160725,000000,11.492,11.492,11.492,11.492,0,0
EMU_MV,D,20160726,000000,11.492,11.492,11.438,11.492,0,0
EMU_MV,D,20160727,000000,11.492,12.187,11.492,12.133,0,0
EMU_MV,D,20160728,000000,12.133,12.133,12.133,12.133,0,0
EMU_MV,D,20160729,000000,12.133,12.133,12.133,12.133,0,0
EMU_MV,D,20160801,000000,12.133,12.133,12.133,12.133,0,0
EMU_MV,D,20160802,000000,11.492,11.901,9.2291,11.901,0,0
EMU_MV,D,20160803,000000,11.901,12.133,11.901,12.133,0,0
EMU_MV,D,20160804,000000,12.133,12.133,12.133,12.133,0,0
EMU_MV,D,20160805,000000,12.133,12.133,12.071,12.071,0,0
EMU_MV,D,20160808,000000,12.133,12.133,12.133,12.133,0,0
EMU_MV,D,20160809,000000,12.133,13.585,12.133,12.774,0,0
EMU_MV,D,20160810,000000,12.774,12.774,12.712,12.712,0,0
EMU_MV,D,20160812,000000,12.658,12.658,12.365,12.365,0,0
EMU_MV,D,20160816,000000,13.237,13.237,13.006,13.006,0,0
EMU_MV,D,20160819,000000,13.237,13.353,13.237,13.353,0,0
EMU_MV,D,20160822,000000,13.353,13.353,13.353,13.353,0,0
EMU_MV,D,20160823,000000,13.353,13.353,13.353,13.353,0,0
EMU_MV,D,20160824,000000,13.353,13.353,13.353,13.353,0,0
EMU_MV,D,20160825,000000,13.353,13.353,13.353,13.353,0,0
EMU_MV,D,20160826,000000,13.353,13.353,13.353,13.353,0,0
EMU_MV,D,20160901,000000,12.712,12.712,12.712,12.712,0,0
EMU_MV,D,20160902,000000,13.353,13.353,13.353,13.353,0,0
EMU_MV,D,20160907,000000,13.353,14.512,13.353,14.512,0,0
EMU_MV,D,20160908,000000,13.523,14.458,13.523,13.639,0,0
EMU_MV,D,20160909,000000,14.226,14.226,14.226,14.226,0,0
EMU_MV,D,20160912,000000,14.458,14.458,14.458,14.458,0,0
EMU_MV,D,20160913,000000,14.458,14.458,14.458,14.458,0,0
EMU_MV,D,20160915,000000,14.458,14.458,14.458,14.458,0,0
EMU_MV,D,20160916,000000,14.458,14.458,14.458,14.458,0,0
EMU_MV,D,20160919,000000,14.458,14.458,14.458,14.458,0,0
EMU_MV,D,20160920,000000,14.458,14.458,14.458,14.458,0,0
EMU_MV,D,20160921,000000,14.458,14.458,14.458,14.458,0,0
EMU_MV,D,20160922,000000,14.396,14.512,14.396,14.512,0,0
EMU_MV,D,20160923,000000,14.512,14.512,14.512,14.512,0,0
EMU_MV,D,20160927,000000,14.458,15.091,14.458,15.091,0,0
EMU_MV,D,20160928,000000,15.207,15.207,15.207,15.207,0,0
EMU_MV,D,20160929,000000,15.207,15.207,15.207,15.207,0,0
EMU_MV,D,20160930,000000,15.207,15.207,15.207,15.207,0,0
EMU_MV,D,20161003,000000,15.207,15.207,15.207,15.207,0,0
EMU_MV,D,20161004,000000,15.323,15.323,15.323,15.323,0,0
EMU_MV,D,20161005,000000,15.323,15.323,15.323,15.323,0,0
EMU_MV,D,20161006,000000,15.323,15.323,15.323,15.323,0,0
EMU_MV,D,20161007,000000,15.323,15.323,15.323,15.323,0,0
EMU_MV,D,20161010,000000,15.323,15.323,15.323,15.323,0,0
EMU_MV,D,20161011,000000,15.323,15.384,15.323,15.384,0,0
EMU_MV,D,20161012,000000,14.975,15.323,14.805,14.805,0,0
EMU_MV,D,20161013,000000,15.207,15.207,15.207,15.207,0,0
EMU_MV,D,20161014,000000,15.323,15.384,15.323,15.323,0,0
EMU_MV,D,20161017,000000,15.323,15.384,15.323,15.384,0,0
EMU_MV,D,20161018,000000,15.384,15.384,15.384,15.384,0,0
EMU_MV,D,20161024,000000,15.384,15.384,15.384,15.384,0,0
EMU_MV,D,20161025,000000,15.384,15.384,15.384,15.384,0,0
EMU_MV,D,20161026,000000,15.384,15.384,15.384,15.384,0,0
EMU_MV,D,20161028,000000,15.384,15.384,15.384,15.384,0,0
EMU_MV,D,20161104,000000,15.323,15.323,15.323,15.323,0,0
EMU_MV,D,20161107,000000,15.323,15.323,15.323,15.323,0,0
EMU_MV,D,20161108,000000,15.323,15.323,15.323,15.323,0,0
EMU_MV,D,20161114,000000,14.921,14.921,14.859,14.859,0,0
EMU_MV,D,20161115,000000,15.153,15.153,15.153,15.153,0,0
EMU_MV,D,20161117,000000,15.153,15.323,15.153,15.323,0,0
EMU_MV,D,20161121,000000,15.323,15.323,15.323,15.323,0,0
EMU_MV,D,20161123,000000,15.384,15.384,15.384,15.384,0,0
EMU_MV,D,20161128,000000,15.384,15.384,15.384,15.384,0,0
EMU_MV,D,20161201,000000,15.67,15.848,15.67,15.848,0,0
EMU_MV,D,20161206,000000,15.848,15.848,15.848,15.848,0,0
EMU_MV,D,20161220,000000,15.384,15.794,14.743,15.794,0,0
EMU_MV,D,20161221,000000,15.794,15.794,15.091,15.091,0,0
EMU_MV,D,20161222,000000,15.67,15.67,15.67,15.67,0,0
EMU_MV,D,20161223,000000,15.616,15.616,15.616,15.616,0,0
EMU_MV,D,20161230,000000,15.091,15.091,14.743,14.743,0,0
EMU_MV,D,20170102,000000,16.195,16.195,15.384,15.384,0,0
EMU_MV,D,20170103,000000,15.554,15.554,15.554,15.554,0,0
EMU_MV,D,20170111,000000,15.554,15.964,15.554,15.964,0,0
EMU_MV,D,20170112,000000,15.67,15.67,15.67,15.67,0,0
EMU_MV,D,20170118,000000,15.964,15.964,15.964,15.964,0,0
EMU_MV,D,20170123,000000,16.079,16.141,16.079,16.141,0,0
EMU_MV,D,20170124,000000,16.141,16.141,16.141,16.141,0,0
EMU_MV,D,20170125,000000,16.141,16.141,16.141,16.141,0,0
EMU_MV,D,20170130,000000,16.141,16.141,16.141,16.141,0,0
EMU_MV,D,20170213,000000,16.141,16.141,15.091,15.091,0,0
EMU_MV,D,20170214,000000,15.554,15.554,12.774,14.226,0,0
EMU_MV,D,20170215,000000,11.67,14.28,11.67,14.28,0,0
EMU_MV,D,20170216,000000,14.28,16.141,14.28,15.964,0,0
EMU_MV,D,20170217,000000,14.689,15.964,14.689,15.964,0,0
EMU_MV,D,20170227,000000,14.689,14.689,14.512,14.512,0,0
EMU_MV,D,20170228,000000,15.964,15.964,15.269,15.732,0,0
EMU_MV,D,20170303,000000,15.091,15.964,15.091,15.091,0,0
EMU_MV,D,20170306,000000,15.207,15.848,15.207,15.848,0,0
EMU_MV,D,20170307,000000,15.091,15.091,15.091,15.091,0,0
EMU_MV,D,20170310,000000,14.512,15.964,14.512,15.091,0,0
EMU_MV,D,20170313,000000,15.207,15.207,15.091,15.091,0,0
EMU_MV,D,20170316,000000,15.384,15.67,15.384,15.67,0,0
EMU_MV,D,20170317,000000,15.153,15.153,15.153,15.153,0,0
EMU_MV,D,20170321,000000,15.153,15.616,15.037,15.616,0,0
EMU_MV,D,20170322,000000,15.153,15.5,14.975,15.5,0,0
EMU_MV,D,20170324,000000,14.975,14.975,14.975,14.975,0,0
EMU_MV,D,20170330,000000,14.396,15.091,14.396,14.573,0,0
EMU_MV,D,20170404,000000,14.573,15.616,14.573,15.616,0,0
EMU_MV,D,20170405,000000,14.689,14.689,14.689,14.689,0,0
EMU_MV,D,20170411,000000,14.11,14.164,13.932,13.932,0,0
EMU_MV,D,20170413,000000,13.639,13.639,13.639,13.639,0,0
EMU_MV,D,20170420,000000,16.373,17.825,16.257,16.89,0,0
EMU_MV,D,20170421,000000,16.952,17.068,15.964,16.257,0,0
EMU_MV,D,20170424,000000,16.257,17.531,16.257,17.354,0,0
EMU_MV,D,20170425,000000,17.416,17.763,17.416,17.416,0,0
EMU_MV,D,20170426,000000,17.416,17.416,16.543,17.238,0,0
EMU_MV,D,20170427,000000,17.238,17.416,16.72,17.416,0,0
EMU_MV,D,20170428,000000,17.238,17.941,16.72,17.941,0,0
EMU_MV,D,20170502,000000,17.709,17.709,17.709,17.709,0,0
EMU_MV,D,20170504,000000,17.941,17.941,17.709,17.709,0,0
EMU_MV,D,20170505,000000,17.593,17.763,17.477,17.763,0,0
EMU_MV,D,20170508,000000,17.763,17.941,17.709,17.709,0,0
EMU_MV,D,20170509,000000,17.941,17.941,17.941,17.941,0,0
EMU_MV,D,20170510,000000,17.995,18.404,17.995,18.404,0,0
EMU_MV,D,20170511,000000,18.52,18.52,18.52,18.52,0,0
EMU_MV,D,20170512,000000,18.574,19.277,18.574,19.277,0,0
EMU_MV,D,20170515,000000,19.277,19.277,17.416,17.477,0,0
EMU_MV,D,20170516,000000,17.709,18.922,17.593,18.922,0,0
EMU_MV,D,20170517,000000,18.342,18.806,18.342,18.806,0,0
EMU_MV,D,20170518,000000,18.752,18.922,18.404,18.404,0,0
EMU_MV,D,20170519,000000,18.404,19.277,18.404,19.277,0,0
EMU_MV,D,20170522,000000,18.574,18.574,17.995,17.995,0,0
EMU_MV,D,20170523,000000,18.288,18.288,18.288,18.288,0,0
EMU_MV,D,20170524,000000,18.342,19.153,18.342,18.342,0,0
EMU_MV,D,20170525,000000,17.995,18.867,17.995,18.867,0,0
EMU_MV,D,20170526,000000,18.288,18.574,17.995,18.111,0,0
EMU_MV,D,20170530,000000,18.057,18.057,17.763,17.763,0,0
EMU_MV,D,20170531,000000,18.288,18.288,18.288,18.288,0,0
EMU_MV,D,20170601,000000,18.288,18.288,17.995,17.995,0,0
EMU_MV,D,20170602,000000,18.111,18.111,18.111,18.111,0,0
EMU_MV,D,20170605,000000,19.099,19.099,17.995,17.995,0,0
EMU_MV,D,20170606,000000,18.288,18.288,18.288,18.288,0,0
EMU_MV,D,20170607,000000,18.288,18.288,18.288,18.288,0,0
EMU_MV,D,20170608,000000,17.995,17.995,17.995,17.995,0,0
EMU_MV,D,20170609,000000,17.995,17.995,17.879,17.879,0,0
EMU_MV,D,20170614,000000,18.172,18.172,17.941,17.941,0,0
EMU_MV,D,20170616,000000,18.288,18.574,17.709,18.574,0,0
EMU_MV,D,20170619,000000,17.709,17.995,17.709,17.995,0,0
EMU_MV,D,20170620,000000,18.574,19.037,18.288,18.288,0,0
EMU_MV,D,20170621,000000,18.288,18.288,17.709,17.995,0,0
EMU_MV,D,20170622,000000,17.763,17.763,17.416,17.416,0,0
EMU_MV,D,20170623,000000,17.647,19.153,17.647,19.153,0,0
EMU_MV,D,20170626,000000,19.153,19.153,19.153,19.153,0,0
EMU_MV,D,20170627,000000,18.867,19.393,18.574,18.574,0,0
EMU_MV,D,20170628,000000,18.574,18.636,18.288,18.342,0,0
EMU_MV,D,20170629,000000,18.574,19.794,18.574,19.393,0,0
EMU_MV,D,20170630,000000,18.867,19.624,17.709,18.867,0,0
EMU_MV,D,20170703,000000,19.54,19.54,18.27,18.42,0,0
EMU_MV,D,20170704,000000,18.34,19.09,18.34,18.79,0,0
EMU_MV,D,20170705,000000,18.79,18.79,18.19,18.79,0,0
EMU_MV,D,20170707,000000,18.19,18.19,17.29,17.66,0,0
EMU_MV,D,20170710,000000,17.29,17.29,17.14,17.14,0,0
EMU_MV,D,20170711,000000,16.91,16.91,16.91,16.91,0,0
EMU_MV,D,20170712,000000,17.29,17.29,16.84,16.84,0,0
EMU_MV,D,20170717,000000,16.54,16.84,16.16,16.84,0,0
EMU_MV,D,20170720,000000,16.69,16.84,16.69,16.69,0,0
EMU_MV,D,20170724,000000,16.69,16.99,16.69,16.99,0,0
EMU_MV,D,20170726,000000,16.99,16.99,16.99,16.99,0,0
EMU_MV,D,20170727,000000,16.69,16.69,16.61,16.61,0,0
EMU_MV,D,20170803,000000,16.61,17.29,16.61,16.91,0,0
EMU_MV,D,20170804,000000,16.91,16.91,16.91,16.91,0,0
EMU_MV,D,20170808,000000,16.76,16.76,16.76,16.76,0,0
EMU_MV,D,20170809,000000,16.54,16.76,16.54,16.76,0,0
EMU_MV,D,20170810,000000,16.76,17.29,16.76,16.76,0,0
EMU_MV,D,20170814,000000,17.21,17.21,17.21,17.21,0,0
EMU_MV,D,20170816,000000,16.54,16.54,16.54,16.54,0,0
EMU_MV,D,20170818,000000,16.69,17.29,16.69,17.29,0,0
EMU_MV,D,20170821,000000,16.84,16.91,16.76,16.76,0,0
EMU_MV,D,20170822,000000,16.91,16.91,16.54,16.69,0,0
EMU_MV,D,20170823,000000,16.69,16.69,16.54,16.54,0,0
EMU_MV,D,20170824,000000,16.54,16.54,16.54,16.54,0,0
EMU_MV,D,20170828,000000,16.09,17.29,15.78,17.29,0,0
EMU_MV,D,20170829,000000,16.54,16.54,16.54,16.54,0,0
EMU_MV,D,20170831,000000,15.86,15.86,15.48,15.86,0,0
EMU_MV,D,20170904,000000,15.78,15.78,15.63,15.63,0,0
EMU_MV,D,20170905,000000,15.63,15.63,15.63,15.63,0,0
EMU_MV,D,20170906,000000,15.63,15.63,15.48,15.48,0,0
EMU_MV,D,20170907,000000,15.94,15.94,15.94,15.94,0,0
EMU_MV,D,20170912,000000,15.48,15.48,15.48,15.48,0,0
EMU_MV,D,20170913,000000,15.48,15.48,15.41,15.48,0,0
EMU_MV,D,20170914,000000,15.26,15.26,15.26,15.26,0,0
EMU_MV,D,20170915,000000,15.48,15.48,15.48,15.48,0,0
EMU_MV,D,20170918,000000,15.48,15.94,15.48,15.94,0,0
EMU_MV,D,20171003,000000,16.16,16.16,16.16,16.16,0,0
EMU_MV,D,20171004,000000,15.94,16.91,15.94,16.91,0,0
EMU_MV,D,20171005,000000,16.91,16.91,16.91,16.91,0,0
EMU_MV,D,20171006,000000,16.16,16.91,16.16,16.91,0,0
EMU_MV,D,20171009,000000,17.29,17.29,17.29,17.29,0,0
EMU_MV,D,20171010,000000,17.29,17.29,16.54,16.54,0,0
EMU_MV,D,20171013,000000,16.91,17.66,16.54,17.29,0,0
EMU_MV,D,20171016,000000,17.29,17.29,17.29,17.29,0,0
EMU_MV,D,20171018,000000,16.91,16.91,16.91,16.91,0,0
EMU_MV,D,20171019,000000,16.91,16.91,16.91,16.91,0,0
EMU_MV,D,20171020,000000,16.54,16.61,16.54,16.54,0,0
EMU_MV,D,20171023,000000,16.69,16.69,16.69,16.69,0,0
EMU_MV,D,20171031,000000,16.54,18.72,16.54,18.27,0,0
EMU_MV,D,20171102,000000,17.74,17.74,16.91,16.91,0,0
EMU_MV,D,20171107,000000,16.91,17.06,16.91,17.06,0,0
EMU_MV,D,20171109,000000,16.84,16.84,16.84,16.84,0,0
EMU_MV,D,20171114,000000,16.84,16.99,16.84,16.99,0,0
EMU_MV,D,20171115,000000,16.91,16.91,16.91,16.91,0,0
EMU_MV,D,20171122,000000,16.54,16.54,16.54,16.54,0,0
EMU_MV,D,20171127,000000,16.54,16.54,16.16,16.24,0,0
EMU_MV,D,20171205,000000,16.24,16.24,16.16,16.24,0,0
EMU_MV,D,20171206,000000,16.16,16.16,16.16,16.16,0,0
EMU_MV,D,20171207,000000,15.71,15.71,15.71,15.71,0,0
EMU_MV,D,20171208,000000,16.24,16.24,16.24,16.24,0,0
EMU_MV,D,20171212,000000,15.63,15.63,15.56,15.56,0,0
EMU_MV,D,20171214,000000,15.56,15.56,15.56,15.56,0,0
EMU_MV,D,20171218,000000,15.56,15.56,15.48,15.48,0,0
EMU_MV,D,20171219,000000,15.48,16.16,15.48,16.16,0,0
EMU_MV,D,20171221,000000,15.78,15.78,15.78,15.78,0,0
EMU_MV,D,20171228,000000,16.24,16.24,16.24,16.24,0,0
EMU_MV,D,20171229,000000,16.61,17.96,16.61,16.61,0,0
EMU_MV,D,20180103,000000,18.49,18.79,17.59,17.59,0,0
EMU_MV,D,20180104,000000,16.54,17.29,16.54,17.29,0,0
EMU_MV,D,20180109,000000,16.54,16.84,16.54,16.84,0,0
EMU_MV,D,20180110,000000,16.54,17.14,16.54,17.14,0,0
EMU_MV,D,20180111,000000,17.14,19.39,17.14,19.39,0,0
EMU_MV,D,20180112,000000,17.89,18.64,17.89,17.89,0,0
EMU_MV,D,20180115,000000,17.89,17.89,17.89,17.89,0,0
EMU_MV,D,20180116,000000,19.09,19.39,18.49,18.79,0,0
EMU_MV,D,20180117,000000,18.79,18.79,18.79,18.79,0,0
EMU_MV,D,20180118,000000,18.94,19.09,18.19,18.19,0,0
EMU_MV,D,20180123,000000,18.19,18.19,18.19,18.19,0,0
EMU_MV,D,20180125,000000,17.59,17.59,17.29,17.29,0,0
EMU_MV,D,20180126,000000,17.59,17.59,17.44,17.44,0,0
EMU_MV,D,20180205,000000,16.39,16.39,16.39,16.39,0,0
EMU_MV,D,20180206,000000,16.39,16.39,13.68,15.78,0,0
EMU_MV,D,20180207,000000,15.03,15.78,14.58,14.58,0,0
EMU_MV,D,20180208,000000,15.33,15.33,15.33,15.33,0,0
EMU_MV,D,20180209,000000,15.33,15.33,15.33,15.33,0,0
EMU_MV,D,20180212,000000,15.33,15.33,15.33,15.33,0,0
EMU_MV,D,20180214,000000,15.63,15.63,15.63,15.63,0,0
EMU_MV,D,20180215,000000,16.39,16.39,16.39,16.39,0,0
EMU_MV,D,20180216,000000,16.39,16.99,16.39,16.99,0,0
EMU_MV,D,20180219,000000,16.54,16.54,16.54,16.54,0,0
EMU_MV,D,20180228,000000,16.24,16.24,16.09,16.24,0,0
EMU_MV,D,20180301,000000,16.09,16.09,15.33,15.48,0,0
EMU_MV,D,20180302,000000,15.48,15.48,15.48,15.48,0,0
EMU_MV,D,20180305,000000,15.48,16.24,15.48,16.24,0,0
EMU_MV,D,20180307,000000,16.09,16.09,16.09,16.09,0,0
EMU_MV,D,20180312,000000,15.18,15.18,15.18,15.18,0,0
EMU_MV,D,20180315,000000,15.94,17.29,15.94,16.24,0,0
EMU_MV,D,20180319,000000,16.09,16.09,15.94,15.94,0,0
EMU_MV,D,20180320,000000,15.94,15.94,15.94,15.94,0,0
EMU_MV,D,20180328,000000,16.54,18.64,16.09,16.09,0,0
EMU_MV,D,20180403,000000,16.09,16.69,16.09,16.69,0,0
EMU_MV,D,20180404,000000,16.84,19.99,16.84,19.09,0,0
EMU_MV,D,20180405,000000,19.09,19.24,19.09,19.24,0,0
EMU_MV,D,20180406,000000,18.94,19.24,18.94,19.24,0,0
EMU_MV,D,20180409,000000,19.24,19.84,19.24,19.84,0,0
EMU_MV,D,20180411,000000,19.24,19.24,19.24,19.24,0,0
EMU_MV,D,20180413,000000,19.24,19.24,19.24,19.24,0,0
EMU_MV,D,20180416,000000,19.84,19.84,19.54,19.54,0,0
EMU_MV,D,20180417,000000,19.54,19.54,19.54,19.54,0,0
EMU_MV,D,20180420,000000,19.54,19.54,19.54,19.54,0,0
EMU_MV,D,20180423,000000,19.24,19.24,16.99,18.94,0,0
EMU_MV,D,20180430,000000,18.94,18.94,18.04,18.04,0,0
EMU_MV,D,20180502,000000,18.04,19.24,17.59,17.59,0,0
EMU_MV,D,20180507,000000,17.89,17.89,17.14,17.89,0,0
EMU_MV,D,20180508,000000,19.39,19.39,19.39,19.39,0,0
EMU_MV,D,20180509,000000,19.54,19.54,19.54,19.54,0,0
EMU_MV,D,20180510,000000,19.39,19.54,19.39,19.54,0,0
EMU_MV,D,20180511,000000,18.64,18.64,18.64,18.64,0,0
EMU_MV,D,20180514,000000,17.89,17.89,17.89,17.89,0,0
EMU_MV,D,20180516,000000,17.29,17.44,17.14,17.44,0,0
EMU_MV,D,20180517,000000,17.29,17.29,17.29,17.29,0,0
EMU_MV,D,20180518,000000,17.44,17.44,16.84,16.84,0,0
EMU_MV,D,20180521,000000,16.54,16.54,16.39,16.54,0,0
EMU_MV,D,20180525,000000,16.54,16.54,16.54,16.54,0,0
EMU_MV,D,20180529,000000,16.99,17.29,16.99,17.29,0,0
EMU_MV,D,20180604,000000,16.99,16.99,16.24,16.24,0,0
EMU_MV,D,20180614,000000,16.99,17.29,16.99,17.29,0,0
EMU_MV,D,20180629,000000,17.29,18.79,17.29,18.79,0,0
EMU_MV,D,20180703,000000,18.79,18.79,18.79,18.79,0,0
EMU_MV,D,20180709,000000,17.29,17.29,16.24,16.24,0,0
EMU_MV,D,20180718,000000,18.04,18.04,18.04,18.04,0,0
EMU_MV,D,20180719,000000,16.84,16.84,16.84,16.84,0,0
EMU_MV,D,20180802,000000,16.39,16.39,16.39,16.39,0,0
EMU_MV,D,20180806,000000,16.39,16.39,16.39,16.39,0,0
EMU_MV,D,20180813,000000,16.39,16.39,16.39,16.39,0,0
EMU_MV,D,20180816,000000,17.14,18.79,17.14,18.79,0,0
EMU_MV,D,20180817,000000,18.94,18.94,18.94,18.94,0,0
EMU_MV,D,20180827,000000,18.04,18.04,18.04,18.04,0,0
EMU_MV,D,20180904,000000,17.29,20.29,17.29,20.29,0,0
EMU_MV,D,20180906,000000,18.79,18.79,18.64,18.64,0,0
EMU_MV,D,20180907,000000,18.04,18.04,15.78,15.78,0,0
EMU_MV,D,20180910,000000,18.49,18.49,18.04,18.04,0,0
EMU_MV,D,20180912,000000,17.14,17.14,17.14,17.14,0,0
EMU_MV,D,20180913,000000,17.29,17.29,17.29,17.29,0,0
EMU_MV,D,20180925,000000,17.89,17.89,17.89,17.89,0,0
EMU_MV,D,20181001,000000,17.29,17.29,16.54,16.54,0,0
EMU_MV,D,20181002,000000,17.29,17.29,17.29,17.29,0,0
EMU_MV,D,20181003,000000,17.29,17.29,15.78,16.54,0,0
EMU_MV,D,20181005,000000,15.78,15.78,15.78,15.78,0,0
EMU_MV,D,20181015,000000,16.54,16.54,16.54,16.54,0,0
EMU_MV,D,20181017,000000,16.54,16.54,16.54,16.54,0,0
EMU_MV,D,20181018,000000,16.54,16.54,16.54,16.54,0,0
EMU_MV,D,20181023,000000,15.78,15.78,15.78,15.78,0,0
EMU_MV,D,20181106,000000,15.18,15.18,15.18,15.18,0,0
EMU_MV,D,20181107,000000,15.33,15.33,15.18,15.18,0,0
EMU_MV,D,20181114,000000,15.33,15.33,15.33,15.33,0,0
EMU_MV,D,20181115,000000,15.94,15.94,15.94,15.94,0,0
EMU_MV,D,20181122,000000,15.78,15.78,15.78,15.78,0,0
EMU_MV,D,20181203,000000,15.78,15.78,15.78,15.78,0,0
EMU_MV,D,20181211,000000,15.48,15.48,15.48,15.48,0,0
EMU_MV,D,20181212,000000,15.48,15.48,15.48,15.48,0,0
EMU_MV,D,20181213,000000,15.48,15.48,15.48,15.48,0,0
EMU_MV,D,20181214,000000,15.48,15.63,15.33,15.63,0,0
EMU_MV,D,20181220,000000,15.78,15.78,15.78,15.78,0,0
EMU_MV,D,20181228,000000,16.24,17.89,16.24,17.89,0,0
EMU_MV,D,20190102,000000,20.6,24.5,20.6,22.1,0,0
EMU_MV,D,20190103,000000,19.84,19.84,19.84,19.84,0,0
EMU_MV,D,20190104,000000,19.54,19.54,17.89,17.89,0,0
EMU_MV,D,20190109,000000,17.14,17.14,17.14,17.14,0,0
EMU_MV,D,20190114,000000,16.24,16.24,15.78,15.78,0,0
EMU_MV,D,20190123,000000,16.54,16.54,16.54,16.54,0,0
EMU_MV,D,20190124,000000,17.29,17.29,17.29,17.29,0,0
EMU_MV,D,20190125,000000,18.04,18.79,18.04,18.79,0,0
EMU_MV,D,20190129,000000,18.94,18.94,18.79,18.79,0,0
EMU_MV,D,20190130,000000,18.04,18.04,18.04,18.04,0,0
EMU_MV,D,20190205,000000,18.04,18.04,18.04,18.04,0,0
EMU_MV,D,20190215,000000,18.04,18.04,18.04,18.04,0,0
EMU_MV,D,20190218,000000,18.04,18.79,18.04,18.79,0,0
EMU_MV,D,20190219,000000,18.04,18.04,18.04,18.04,0,0
EMU_MV,D,20190225,000000,17.44,17.44,17.44,17.44,0,0
EMU_MV,D,20190227,000000,17.44,17.44,17.44,17.44,0,0
EMU_MV,D,20190304,000000,15.63,15.63,15.63,15.63,0,0
EMU_MV,D,20190306,000000,17.29,18.04,17.29,18.04,0,0
EMU_MV,D,20190307,000000,18.04,18.79,18.04,18.79,0,0
EMU_MV,D,20190311,000000,18.79,18.79,18.79,18.79,0,0
EMU_MV,D,20190320,000000,18.04,18.04,18.04,18.04,0,0
EMU_MV,D,20190321,000000,17.29,17.29,17.29,17.29,0,0
EMU_MV,D,20190507,000000,17.29,17.29,17.29,17.29,0,0
EMU_MV,D,20190509,000000,17.29,17.29,17.29,17.29,0,0
EMU_MV,D,20190513,000000,18.04,18.04,18.04,18.04,0,0
EMU_MV,D,20190515,000000,17.74,17.74,17.74,17.74,0,0
EMU_MV,D,20190521,000000,16.99,16.99,16.39,16.39,0,0
EMU_MV,D,20190522,000000,16.54,16.99,16.54,16.99,0,0
EMU_MV,D,20190603,000000,16.69,16.69,16.54,16.54,0,0
EMU_MV,D,20190605,000000,18.04,18.04,17.29,17.29,0,0
EMU_MV,D,20190612,000000,17.29,17.29,17.29,17.29,0,0
EMU_MV,D,20190702,000000,16.84,16.84,16.84,16.84,0,0
EMU_MV,D,20190716,000000,16.69,16.84,16.69,16.84,0,0
EMU_MV,D,20190718,000000,16.69,16.69,16.54,16.54,0,0
EMU_MV,D,20190719,000000,17.29,19.54,17.29,19.54,0,0
EMU_MV,D,20190722,000000,18.79,18.79,18.04,18.04,0,0
EMU_MV,D,20190723,000000,17.29,17.29,17.29,17.29,0,0
EMU_MV,D,20190805,000000,17.29,17.29,17.29,17.29,0,0
EMU_MV,D,20190822,000000,17.29,20.6,17.29,20.6,0,0
EMU_MV,D,20190828,000000,18.34,18.34,18.34,18.34,0,0
EMU_MV,D,20190829,000000,17.59,17.59,17.59,17.59,0,0
EMU_MV,D,20190902,000000,17.59,17.59,17.59,17.59,0,0
EMU_MV,D,20190905,000000,16.99,16.99,16.99,16.99,0,0
EMU_MV,D,20190906,000000,16.99,16.99,16.99,16.99,0,0
EMU_MV,D,20190909,000000,16.99,16.99,16.99,16.99,0,0
EMU_MV,D,20190912,000000,17.59,17.59,17.29,17.29,0,0
EMU_MV,D,20190916,000000,17.29,17.29,17.29,17.29,0,0
EMU_MV,D,20190917,000000,16.99,16.99,16.99,16.99,0,0
EMU_MV,D,20190920,000000,17.29,17.29,17.29,17.29,0,0
EMU_MV,D,20190923,000000,16.99,16.99,16.99,16.99,0,0
EMU_MV,D,20190930,000000,16.84,16.84,16.84,16.84,0,0
EMU_MV,D,20191007,000000,16.84,16.84,16.84,16.84,0,0
EMU_MV,D,20191011,000000,16.54,16.54,16.54,16.54,0,0
EMU_MV,D,20191017,000000,16.54,16.54,16.54,16.54,0,0
EMU_MV,D,20191021,000000,17.29,17.29,16.54,16.54,0,0
EMU_MV,D,20191022,000000,16.39,16.39,16.39,16.39,0,0
EMU_MV,D,20191023,000000,16.39,16.39,16.39,16.39,0,0
EMU_MV,D,20191031,000000,16.99,16.99,16.99,16.99,0,0
EMU_MV,D,20191104,000000,18.49,18.49,16.69,16.69,0,0
EMU_MV,D,20191105,000000,17.29,18.34,17.29,17.44,0,0
EMU_MV,D,20191115,000000,17.74,18.64,17.74,18.04,0,0
EMU_MV,D,20191118,000000,17.44,17.44,17.44,17.44,0,0
EMU_MV,D,20191119,000000,18.19,18.19,18.19,18.19,0,0
EMU_MV,D,20191120,000000,18.94,18.94,18.94,18.94,0,0
EMU_MV,D,20191121,000000,18.19,18.19,18.19,18.19,0,0
EMU_MV,D,20191122,000000,18.04,18.04,17.44,18.04,0,0
EMU_MV,D,20191125,000000,18.04,18.34,18.04,18.34,0,0
EMU_MV,D,20191126,000000,18.04,18.04,18.04,18.04,0,0
EMU_MV,D,20191129,000000,17.74,17.74,17.59,17.59,0,0
EMU_MV,D,20191204,000000,17.59,17.59,17.59,17.59,0,0
EMU_MV,D,20191206,000000,17.59,17.59,17.59,17.59,0,0
EMU_MV,D,20191209,000000,18.04,19.54,18.04,19.54,0,0
EMU_MV,D,20191223,000000,18.04,18.04,18.04,18.04,0,0
EMU_MV,D,20191230,000000,18.79,19.54,18.79,19.54,0,0
EMU_MV,D,20200102,000000,15.78,15.78,15.78,15.78,0,0
EMU_MV,D,20200109,000000,18.34,18.34,18.34,18.34,0,0
EMU_MV,D,20200113,000000,19.09,19.24,19.09,19.24,0,0
EMU_MV,D,20200114,000000,18.79,18.79,18.79,18.79,0,0
EMU_MV,D,20200115,000000,18.79,18.79,18.79,18.79,0,0
EMU_MV,D,20200116,000000,18.79,18.79,18.79,18.79,0,0
EMU_MV,D,20200121,000000,18.79,18.79,18.79,18.79,0,0
EMU_MV,D,20200205,000000,18.49,18.49,18.49,18.49,0,0
EMU_MV,D,20200211,000000,18.49,18.49,18.49,18.49,0,0
EMU_MV,D,20200212,000000,18.49,18.49,18.49,18.49,0,0
EMU_MV,D,20200214,000000,19.09,20.6,19.09,20.29,0,0
EMU_MV,D,20200217,000000,20.29,20.9,20.29,20.9,0,0
EMU_MV,D,20200218,000000,20.75,20.75,20.75,20.75,0,0
EMU_MV,D,20200219,000000,20.45,20.45,20.45,20.45,0,0
EMU_MV,D,20200220,000000,20.29,20.29,20.29,20.29,0,0
EMU_MV,D,20200221,000000,20.14,20.14,20.14,20.14,0,0
EMU_MV,D,20200224,000000,20.29,20.29,19.99,19.99,0,0
EMU_MV,D,20200225,000000,19.99,19.99,19.99,19.99,0,0
EMU_MV,D,20200226,000000,19.99,19.99,19.99,19.99,0,0
EMU_MV,D,20200227,000000,19.99,19.99,19.99,19.99,0,0
EMU_MV,D,20200228,000000,19.54,19.54,16.09,16.09,0,0
EMU_MV,D,20200302,000000,18.34,19.39,18.34,19.39,0,0
EMU_MV,D,20200304,000000,20.6,21.8,20.6,21.8,0,0
EMU_MV,D,20200305,000000,21.05,21.05,20.29,20.29,0,0
EMU_MV,D,20200309,000000,19.54,19.54,19.54,19.54,0,0
EMU_MV,D,20200311,000000,19.24,19.24,19.24,19.24,0,0
EMU_MV,D,20200312,000000,19.24,19.24,18.34,18.34,0,0
EMU_MV,D,20200313,000000,18.04,19.84,18.04,19.84,0,0
EMU_MV,D,20200316,000000,18.79,19.99,18.79,19.99,0,0
EMU_MV,D,20200318,000000,20.45,20.45,20.45,20.45,0,0
EMU_MV,D,20200319,000000,20.45,20.45,20.45,20.45,0,0
EMU_MV,D,20200320,000000,20.45,20.45,20.45,20.45,0,0
EMU_MV,D,20200323,000000,20.9,20.9,20.9,20.9,0,0
EMU_MV,D,20200324,000000,20.9,20.9,20.9,20.9,0,0
EMU_MV,D,20200325,000000,20.9,21.95,20.9,21.95,0,0
EMU_MV,D,20200326,000000,21.2,21.35,21.2,21.35,0,0
EMU_MV,D,20200327,000000,21.2,21.2,21.05,21.05,0,0
EMU_MV,D,20200403,000000,21.35,21.35,21.2,21.35,0,0
EMU_MV,D,20200406,000000,21.95,23,21.95,23,0,0
EMU_MV,D,20200407,000000,21.95,22.25,21.95,22.25,0,0
EMU_MV,D,20200408,000000,23.3,23.3,23.3,23.3,0,0
EMU_MV,D,20200409,000000,22.25,22.25,19.09,22.25,0,0
EMU_MV,D,20200414,000000,22.25,22.25,18.49,18.64,0,0
EMU_MV,D,20200415,000000,19.09,19.09,18.79,18.79,0,0
EMU_MV,D,20200416,000000,19.54,19.54,19.54,19.54,0,0
EMU_MV,D,20200417,000000,21.8,25.26,21.8,24.05,0,0
EMU_MV,D,20200420,000000,24.05,24.05,24.05,24.05,0,0
EMU_MV,D,20200421,000000,21.35,22.55,19.54,22.55,0,0
EMU_MV,D,20200422,000000,21.5,21.5,19.09,19.09,0,0
EMU_MV,D,20200423,000000,19.84,23.6,19.84,21.65,0,0
EMU_MV,D,20200424,000000,21.8,21.8,21.8,21.8,0,0
EMU_MV,D,20200427,000000,21.2,21.2,21.2,21.2,0,0
EMU_MV,D,20200430,000000,22.25,22.25,21.95,21.95,0,0
EMU_MV,D,20200504,000000,23.15,23.15,19.09,20.45,0,0
EMU_MV,D,20200505,000000,21.95,21.95,21.8,21.8,0,0
EMU_MV,D,20200506,000000,21.35,21.95,21.35,21.8,0,0
EMU_MV,D,20200507,000000,21.8,21.8,21.8,21.8,0,0
EMU_MV,D,20200508,000000,21.8,22.4,21.8,22.4,0,0
EMU_MV,D,20200512,000000,22.4,22.55,22.4,22.55,0,0
EMU_MV,D,20200513,000000,22.4,22.4,22.4,22.4,0,0
EMU_MV,D,20200514,000000,23,23,21.95,21.95,0,0
EMU_MV,D,20200515,000000,22.85,23.9,22.55,22.55,0,0
EMU_MV,D,20200519,000000,22.55,22.55,22.55,22.55,0,0
EMU_MV,D,20200520,000000,23,23,22.55,22.55,0,0
EMU_MV,D,20200521,000000,23.3,23.3,22.85,23.3,0,0
EMU_MV,D,20200522,000000,24.2,24.2,23.45,24.2,0,0
EMU_MV,D,20200525,000000,24.2,24.2,24.2,24.2,0,0
EMU_MV,D,20200526,000000,24.05,24.05,24.05,24.05,0,0
EMU_MV,D,20200527,000000,23.3,23.3,22.7,23.3,0,0
EMU_MV,D,20200602,000000,23.15,23.75,23.15,23.75,0,0
EMU_MV,D,20200603,000000,23.75,24.2,23.75,24.2,0,0
EMU_MV,D,20200604,000000,23.15,23.15,19.99,22.55,0,0
EMU_MV,D,20200605,000000,22.55,23.75,22.55,23.75,0,0
EMU_MV,D,20200608,000000,23.15,23.15,22.85,23.15,0,0
EMU_MV,D,20200609,000000,21.8,21.8,21.35,21.8,0,0
EMU_MV,D,20200610,000000,22.85,22.85,22.55,22.55,0,0
EMU_MV,D,20200612,000000,22.4,22.4,22.4,22.4,0,0
EMU_MV,D,20200615,000000,22.4,23,22.4,23,0,0
EMU_MV,D,20200617,000000,23,23.15,23,23.15,0,0
EMU_MV,D,20200618,000000,23.15,24.2,23.15,24.2,0,0
EMU_MV,D,20200619,000000,24.8,24.8,24.8,24.8,0,0
EMU_MV,D,20200622,000000,24.8,25.11,24.8,24.96,0,0
EMU_MV,D,20200623,000000,25.56,25.56,25.56,25.56,0,0
EMU_MV,D,20200624,000000,25.56,26.31,25.56,26.31,0,0
EMU_MV,D,20200625,000000,27.36,27.36,27.36,27.36,0,0
EMU_MV,D,20200629,000000,27.51,27.51,27.06,27.06,0,0
EMU_MV,D,20200701,000000,25.86,25.86,25.56,25.86,0,0
EMU_MV,D,20200702,000000,26.16,26.16,26.16,26.16,0,0
EMU_MV,D,20200706,000000,25.86,25.86,25.26,25.26,0,0
EMU_MV,D,20200707,000000,25.41,25.41,25.41,25.41,0,0
EMU_MV,D,20200708,000000,24.96,24.96,24.8,24.8,0,0
EMU_MV,D,20200710,000000,24.35,24.35,24.2,24.2,0,0
EMU_MV,D,20200715,000000,24.96,24.96,24.96,24.96,0,0
EMU_MV,D,20200717,000000,24.96,24.96,24.96,24.96,0,0
EMU_MV,D,20200720,000000,24.96,24.96,24.96,24.96,0,0
EMU_MV,D,20200721,000000,24.96,26.16,24.96,26.16,0,0
EMU_MV,D,20200722,000000,26.16,26.16,24.96,24.96,0,0
EMU_MV,D,20200723,000000,24.35,25.56,24.35,25.56,0,0
EMU_MV,D,20200728,000000,25.56,26.16,25.56,26.16,0,0
EMU_MV,D,20200729,000000,25.56,25.56,25.56,25.56,0,0
EMU_MV,D,20200730,000000,25.86,25.86,25.86,25.86,0,0
EMU_MV,D,20200731,000000,25.11,25.11,25.11,25.11,0,0
EMU_MV,D,20200803,000000,25.86,25.86,25.86,25.86,0,0
EMU_MV,D,20200805,000000,25.86,25.86,25.56,25.56,0,0
EMU_MV,D,20200806,000000,25.56,25.56,25.56,25.56,0,0
EMU_MV,D,20200811,000000,25.11,25.11,24.96,24.96,0,0
EMU_MV,D,20200812,000000,25.86,26.16,25.86,26.16,0,0
EMU_MV,D,20200813,000000,24.96,24.96,24.96,24.96,0,0
EMU_MV,D,20200817,000000,26.16,26.91,25.71,25.71,0,0
EMU_MV,D,20200818,000000,26.16,26.91,26.01,26.01,0,0
EMU_MV,D,20200819,000000,26.16,26.16,26.16,26.16,0,0
EMU_MV,D,20200820,000000,26.16,26.16,26.01,26.01,0,0
EMU_MV,D,20200821,000000,26.46,27.81,26.46,27.81,0,0
EMU_MV,D,20200824,000000,26.91,28.41,26.91,28.41,0,0
EMU_MV,D,20200825,000000,28.11,28.11,28.11,28.11,0,0
EMU_MV,D,20200826,000000,28.41,29.92,28.41,29.92,0,0
EMU_MV,D,20200827,000000,29.92,29.92,29.92,29.92,0,0
EMU_MV,D,20200831,000000,29.92,30.97,29.77,29.92,0,0
EMU_MV,D,20200901,000000,30.37,30.67,30.37,30.52,0,0
EMU_MV,D,20200902,000000,30.37,30.37,30.07,30.07,0,0
EMU_MV,D,20200904,000000,28.71,29.92,28.71,29.92,0,0
EMU_MV,D,20200907,000000,29.92,29.92,29.92,29.92,0,0
EMU_MV,D,20200908,000000,28.71,29.92,28.71,29.92,0,0
EMU_MV,D,20200909,000000,29.77,36.08,29.77,36.08,0,0
EMU_MV,D,20200910,000000,39.09,39.09,30.07,33.07,0,0
EMU_MV,D,20200911,000000,31.87,31.87,28.71,31.42,0,0
EMU_MV,D,20200914,000000,30.07,31.12,30.07,30.82,0,0
EMU_MV,D,20200915,000000,31.57,31.57,29.01,30.22,0,0
EMU_MV,D,20200917,000000,31.42,31.42,28.56,28.56,0,0
EMU_MV,D,20200921,000000,28.41,29.47,28.41,29.31,0,0
EMU_MV,D,20200922,000000,29.31,29.31,27.81,27.81,0,0
EMU_MV,D,20200923,000000,28.26,28.26,28.26,28.26,0,0
EMU_MV,D,20200924,000000,29.16,29.16,27.66,27.66,0,0
EMU_MV,D,20200925,000000,27.81,28.56,26.31,26.31,0,0
EMU_MV,D,20200928,000000,27.36,31.57,27.36,28.71,0,0
EMU_MV,D,20200929,000000,27.36,31.12,26.46,27.06,0,0
EMU_MV,D,20200930,000000,27.06,27.96,26.31,27.96,0,0
EMU_MV,D,20201001,000000,27.06,27.06,27.06,27.06,0,0
EMU_MV,D,20201002,000000,26.31,26.31,26.31,26.31,0,0
EMU_MV,D,20201005,000000,26.16,26.16,26.16,26.16,0,0
EMU_MV,D,20201007,000000,27.36,29.16,27.36,28.26,0,0
EMU_MV,D,20201008,000000,29.16,29.16,29.16,29.16,0,0
EMU_MV,D,20201009,000000,27.96,29.16,27.81,29.16,0,0
EMU_MV,D,20201012,000000,28.56,29.31,27.21,29.31,0,0
EMU_MV,D,20201013,000000,29.31,29.31,27.21,28.56,0,0
EMU_MV,D,20201014,000000,27.21,28.41,27.21,27.21,0,0
EMU_MV,D,20201015,000000,27.36,27.36,26.61,26.61,0,0
EMU_MV,D,20201016,000000,27.06,27.06,27.06,27.06,0,0
