<TICKER>,<PER>,<DATE>,<TIME>,<OPEN>,<HIGH>,<LOW>,<CLOSE>,<VOL>,<OPENINT>
GEM_MV,D,20110826,000000,19.95,19.95,19.95,19.95,0,0
GEM_MV,D,20110829,000000,18.59,19.64,15.96,17.22,0,0
GEM_MV,D,20110830,000000,16.8,16.8,16.28,16.28,0,0
GEM_MV,D,20110831,000000,15.23,16.7,14.49,16.7,0,0
GEM_MV,D,20110901,000000,14.7,15.75,14.7,14.81,0,0
GEM_MV,D,20110902,000000,14.18,14.18,13.13,13.13,0,0
GEM_MV,D,20110906,000000,11.55,12.08,10.5,11.55,0,0
GEM_MV,D,20110908,000000,10.19,10.19,9.24,9.56,0,0
GEM_MV,D,20110909,000000,8.93,10.5,8.93,9.14,0,0
GEM_MV,D,20110912,000000,9.03,9.03,7.35,8.4,0,0
GEM_MV,D,20110914,000000,6.93,7.14,6.41,6.41,0,0
GEM_MV,D,20110915,000000,5.88,6.41,5.15,5.25,0,0
GEM_MV,D,20110916,000000,5.88,5.88,4.73,5.15,0,0
GEM_MV,D,20110919,000000,4.73,5.57,4.62,5.46,0,0
GEM_MV,D,20110920,000000,5.78,6.83,4.73,6.09,0,0
GEM_MV,D,20110921,000000,5.67,6.72,5.67,6.41,0,0
GEM_MV,D,20110922,000000,5.57,5.88,5.25,5.88,0,0
GEM_MV,D,20110923,000000,5.36,6.51,4.73,6.51,0,0
GEM_MV,D,20110926,000000,5.57,5.67,5.36,5.57,0,0
GEM_MV,D,20110927,000000,5.67,6.2,5.67,6.09,0,0
GEM_MV,D,20110928,000000,5.88,7.14,5.88,7.14,0,0
GEM_MV,D,20110929,000000,6.72,9.45,6.72,9.45,0,0
GEM_MV,D,20110930,000000,9.66,9.66,9.66,9.66,0,0
GEM_MV,D,20111003,000000,8.82,9.35,8.4,8.72,0,0
GEM_MV,D,20111004,000000,8.4,10.4,8.4,10.4,0,0
GEM_MV,D,20111005,000000,10.5,10.5,9.45,9.45,0,0
GEM_MV,D,20111006,000000,8.51,10.5,8.51,10.5,0,0
GEM_MV,D,20111007,000000,8.82,10.29,8.82,9.14,0,0
GEM_MV,D,20111010,000000,10.08,10.08,9.66,9.66,0,0
GEM_MV,D,20111011,000000,8.72,9.24,8.72,9.24,0,0
GEM_MV,D,20111012,000000,8.3,10.4,8.3,10.4,0,0
GEM_MV,D,20111017,000000,8.93,9.98,8.72,9.98,0,0
GEM_MV,D,20111018,000000,8.51,8.51,8.51,8.51,0,0
GEM_MV,D,20111019,000000,7.88,7.88,7.88,7.88,0,0
GEM_MV,D,20111020,000000,7.46,7.98,7.46,7.98,0,0
GEM_MV,D,20111024,000000,7.04,7.56,7.04,7.14,0,0
GEM_MV,D,20111025,000000,6.72,8.09,6.72,8.09,0,0
GEM_MV,D,20111026,000000,7.35,8.51,7.35,7.88,0,0
GEM_MV,D,20111027,000000,7.14,7.14,7.14,7.14,0,0
GEM_MV,D,20111028,000000,6.93,7.04,6.93,7.04,0,0
GEM_MV,D,20111031,000000,7.14,7.88,7.14,7.88,0,0
GEM_MV,D,20111102,000000,7.46,7.46,7.46,7.46,0,0
GEM_MV,D,20111103,000000,7.77,7.77,7.77,7.77,0,0
GEM_MV,D,20111104,000000,7.98,9.98,7.98,9.98,0,0
GEM_MV,D,20111108,000000,7.46,7.46,7.46,7.46,0,0
GEM_MV,D,20111109,000000,7.46,9.35,7.46,9.35,0,0
GEM_MV,D,20111115,000000,7.46,7.46,7.46,7.46,0,0
GEM_MV,D,20111116,000000,7.56,8.4,7.56,8.4,0,0
GEM_MV,D,20111117,000000,7.46,7.46,7.46,7.46,0,0
GEM_MV,D,20111118,000000,7.46,7.46,7.04,7.25,0,0
GEM_MV,D,20111122,000000,6.62,7.56,6.62,7.56,0,0
GEM_MV,D,20111124,000000,6.3,6.41,6.3,6.41,0,0
GEM_MV,D,20111128,000000,5.88,6.41,5.88,6.41,0,0
GEM_MV,D,20111130,000000,6.09,7.56,6.09,7.56,0,0
GEM_MV,D,20111206,000000,6.72,6.72,6.72,6.72,0,0
GEM_MV,D,20111209,000000,6.72,8.4,6.72,8.4,0,0
GEM_MV,D,20111212,000000,7.88,9.45,7.88,9.45,0,0
GEM_MV,D,20111216,000000,8.19,8.19,8.19,8.19,0,0
GEM_MV,D,20111219,000000,8.4,8.4,8.4,8.4,0,0
GEM_MV,D,20111220,000000,7.35,7.88,7.35,7.88,0,0
GEM_MV,D,20111221,000000,7.04,7.04,7.04,7.04,0,0
GEM_MV,D,20111222,000000,7.14,7.14,6.3,6.83,0,0
GEM_MV,D,20111223,000000,6.72,6.72,5.46,5.46,0,0
GEM_MV,D,20111227,000000,5.46,6.72,5.46,6.72,0,0
GEM_MV,D,20111228,000000,6.72,6.72,6.72,6.72,0,0
GEM_MV,D,20111229,000000,6.2,6.2,6.2,6.2,0,0
GEM_MV,D,20120102,000000,6.3,6.3,6.09,6.3,0,0
GEM_MV,D,20120103,000000,6.41,6.51,6.41,6.51,0,0
GEM_MV,D,20120104,000000,6.51,6.51,6.51,6.51,0,0
GEM_MV,D,20120105,000000,6.62,6.62,5.25,5.78,0,0
GEM_MV,D,20120109,000000,6.09,6.2,5.15,5.15,0,0
GEM_MV,D,20120110,000000,5.15,5.25,4.83,5.25,0,0
GEM_MV,D,20120111,000000,4.83,5.25,4.62,4.62,0,0
GEM_MV,D,20120112,000000,4.62,4.62,4.31,4.31,0,0
GEM_MV,D,20120113,000000,4.2,4.41,4.2,4.41,0,0
GEM_MV,D,20120116,000000,4.41,4.41,4.41,4.41,0,0
GEM_MV,D,20120117,000000,4.41,4.41,3.57,3.78,0,0
GEM_MV,D,20120118,000000,3.78,4.52,3.78,4.52,0,0
GEM_MV,D,20120119,000000,4.31,4.73,4.31,4.73,0,0
GEM_MV,D,20120120,000000,4.62,5.15,4.62,5.15,0,0
GEM_MV,D,20120124,000000,4.73,6.09,4.73,6.09,0,0
GEM_MV,D,20120125,000000,5.78,6.93,5.78,6.93,0,0
GEM_MV,D,20120126,000000,7.04,7.04,5.99,6.41,0,0
GEM_MV,D,20120127,000000,6.41,6.41,5.99,6.41,0,0
GEM_MV,D,20120130,000000,6.41,6.41,6.41,6.41,0,0
GEM_MV,D,20120131,000000,6.41,6.41,5.99,6.41,0,0
GEM_MV,D,20120201,000000,6.93,6.93,6.93,6.93,0,0
GEM_MV,D,20120202,000000,6.93,6.93,6.93,6.93,0,0
GEM_MV,D,20120203,000000,6.93,6.93,6.93,6.93,0,0
GEM_MV,D,20120206,000000,6.93,6.93,5.99,6.3,0,0
GEM_MV,D,20120207,000000,6.3,6.3,6.3,6.3,0,0
GEM_MV,D,20120208,000000,6.3,6.3,6.3,6.3,0,0
GEM_MV,D,20120209,000000,5.99,5.99,5.99,5.99,0,0
GEM_MV,D,20120210,000000,5.99,5.99,5.99,5.99,0,0
GEM_MV,D,20120213,000000,6.3,6.3,6.3,6.3,0,0
GEM_MV,D,20120214,000000,6.3,6.3,5.99,5.99,0,0
GEM_MV,D,20120215,000000,6.3,6.3,6.3,6.3,0,0
GEM_MV,D,20120216,000000,6.3,6.3,6.3,6.3,0,0
GEM_MV,D,20120217,000000,6.3,6.3,6.3,6.3,0,0
GEM_MV,D,20120220,000000,6.3,6.3,6.3,6.3,0,0
GEM_MV,D,20120221,000000,6.3,6.3,5.88,5.88,0,0
GEM_MV,D,20120222,000000,6.3,6.3,6.3,6.3,0,0
GEM_MV,D,20120223,000000,6.3,6.3,5.78,5.78,0,0
GEM_MV,D,20120224,000000,6.2,6.2,6.2,6.2,0,0
GEM_MV,D,20120227,000000,6.2,6.2,5.78,5.78,0,0
GEM_MV,D,20120228,000000,5.78,5.78,5.04,5.04,0,0
GEM_MV,D,20120229,000000,5.78,5.78,4.52,5.78,0,0
GEM_MV,D,20120301,000000,5.78,5.78,4.83,4.83,0,0
GEM_MV,D,20120302,000000,4.41,5.04,3.78,5.04,0,0
GEM_MV,D,20120305,000000,5.78,5.78,4.83,4.83,0,0
GEM_MV,D,20120306,000000,5.15,5.15,5.15,5.15,0,0
GEM_MV,D,20120307,000000,4.73,5.78,4.41,5.78,0,0
GEM_MV,D,20120308,000000,5.04,5.04,4.62,4.62,0,0
GEM_MV,D,20120309,000000,3.89,5.25,3.89,4.62,0,0
GEM_MV,D,20120312,000000,5.15,5.15,4.41,4.41,0,0
GEM_MV,D,20120313,000000,4.31,5.25,4.31,5.25,0,0
GEM_MV,D,20120314,000000,5.67,6.3,5.67,6.3,0,0
GEM_MV,D,20120315,000000,6.3,6.3,6.3,6.3,0,0
GEM_MV,D,20120316,000000,5.57,6.3,5.25,6.3,0,0
GEM_MV,D,20120319,000000,6.3,6.3,5.57,5.67,0,0
GEM_MV,D,20120320,000000,6.3,6.3,5.99,5.99,0,0
GEM_MV,D,20120321,000000,6.3,6.3,6.3,6.3,0,0
GEM_MV,D,20120322,000000,5.78,5.78,5.25,5.25,0,0
GEM_MV,D,20120323,000000,6.3,6.3,5.36,5.36,0,0
GEM_MV,D,20120326,000000,4.73,5.04,4.73,5.04,0,0
GEM_MV,D,20120327,000000,5.57,5.57,4.73,5.15,0,0
GEM_MV,D,20120328,000000,4.41,4.41,4.41,4.41,0,0
GEM_MV,D,20120329,000000,4.41,6.3,4.41,6.3,0,0
GEM_MV,D,20120330,000000,5.67,6.3,5.67,6.3,0,0
GEM_MV,D,20120402,000000,6.09,6.93,6.09,6.93,0,0
GEM_MV,D,20120403,000000,5.78,7.35,5.78,7.25,0,0
GEM_MV,D,20120404,000000,6.41,7.77,6.41,7.77,0,0
GEM_MV,D,20120405,000000,7.77,8.93,7.25,8.82,0,0
GEM_MV,D,20120410,000000,8.93,10.5,8.93,10.19,0,0
GEM_MV,D,20120411,000000,10.19,11.97,8.61,11.45,0,0
GEM_MV,D,20120412,000000,9.24,9.77,8.61,8.61,0,0
GEM_MV,D,20120413,000000,9.98,9.98,7.98,8.4,0,0
GEM_MV,D,20120416,000000,9.45,9.45,8.19,8.19,0,0
GEM_MV,D,20120417,000000,9.45,9.45,6.51,7.56,0,0
GEM_MV,D,20120418,000000,6.51,7.35,6.51,6.72,0,0
GEM_MV,D,20120419,000000,7.98,8.72,7.56,8.4,0,0
GEM_MV,D,20120420,000000,8.4,9.98,7.67,9.98,0,0
GEM_MV,D,20120423,000000,9.98,9.98,7.98,9.98,0,0
GEM_MV,D,20120424,000000,9.98,9.98,7.98,7.98,0,0
GEM_MV,D,20120425,000000,8.4,9.45,8.09,8.51,0,0
GEM_MV,D,20120426,000000,9.45,9.45,8.51,8.51,0,0
GEM_MV,D,20120427,000000,8.19,8.19,8.19,8.19,0,0
GEM_MV,D,20120430,000000,8.19,8.19,8.19,8.19,0,0
GEM_MV,D,20120502,000000,8.19,8.19,8.19,8.19,0,0
GEM_MV,D,20120504,000000,8.19,8.19,8.19,8.19,0,0
GEM_MV,D,20120507,000000,8.19,8.19,8.19,8.19,0,0
GEM_MV,D,20120508,000000,8.19,8.19,7.88,7.98,0,0
GEM_MV,D,20120509,000000,8.19,8.19,7.35,7.56,0,0
GEM_MV,D,20120510,000000,7.56,7.56,7.04,7.56,0,0
GEM_MV,D,20120511,000000,7.56,7.56,7.56,7.56,0,0
GEM_MV,D,20120514,000000,7.46,7.56,7.46,7.56,0,0
GEM_MV,D,20120515,000000,7.46,7.46,7.04,7.04,0,0
GEM_MV,D,20120516,000000,7.56,7.56,7.56,7.56,0,0
GEM_MV,D,20120517,000000,7.46,7.46,6.09,6.09,0,0
GEM_MV,D,20120518,000000,4.41,5.88,4.41,5.25,0,0
GEM_MV,D,20120521,000000,6.3,7.25,6.3,7.25,0,0
GEM_MV,D,20120522,000000,7.25,7.25,7.25,7.25,0,0
GEM_MV,D,20120523,000000,6.83,6.83,6.83,6.83,0,0
GEM_MV,D,20120524,000000,6.83,6.83,6.83,6.83,0,0
GEM_MV,D,20120525,000000,6.83,6.83,6.83,6.83,0,0
GEM_MV,D,20120528,000000,7.25,7.25,7.25,7.25,0,0
GEM_MV,D,20120529,000000,6.83,6.83,6.83,6.83,0,0
GEM_MV,D,20120530,000000,6.83,6.83,6.83,6.83,0,0
GEM_MV,D,20120531,000000,6.83,6.83,6.41,6.41,0,0
GEM_MV,D,20120601,000000,6.83,6.83,6.41,6.41,0,0
GEM_MV,D,20120604,000000,6.41,6.41,5.78,6.41,0,0
GEM_MV,D,20120605,000000,6.41,6.41,5.25,6.09,0,0
GEM_MV,D,20120606,000000,6.41,6.41,5.46,5.78,0,0
GEM_MV,D,20120608,000000,6.41,6.41,6.41,6.41,0,0
GEM_MV,D,20120611,000000,5.78,6.41,5.78,6.41,0,0
GEM_MV,D,20120612,000000,6.41,6.41,6.41,6.41,0,0
GEM_MV,D,20120613,000000,6.41,6.41,5.25,5.99,0,0
GEM_MV,D,20120614,000000,6.41,6.41,5.36,5.67,0,0
GEM_MV,D,20120615,000000,6.3,6.3,6.3,6.3,0,0
GEM_MV,D,20120618,000000,6.3,7.46,5.25,7.46,0,0
GEM_MV,D,20120619,000000,7.46,7.67,7.14,7.67,0,0
GEM_MV,D,20120620,000000,8.93,8.93,8.93,8.93,0,0
GEM_MV,D,20120621,000000,7.35,8.4,7.35,8.4,0,0
GEM_MV,D,20120622,000000,8.4,8.4,8.4,8.4,0,0
GEM_MV,D,20120625,000000,6.93,8.93,6.93,8.93,0,0
GEM_MV,D,20120626,000000,8.93,8.93,8.93,8.93,0,0
GEM_MV,D,20120627,000000,7.88,7.88,7.14,7.14,0,0
GEM_MV,D,20120628,000000,7.88,7.88,7.88,7.88,0,0
GEM_MV,D,20120629,000000,7.88,7.88,7.88,7.88,0,0
GEM_MV,D,20120702,000000,7.88,8.93,7.25,8.93,0,0
GEM_MV,D,20120703,000000,10.4,10.4,10.4,10.4,0,0
GEM_MV,D,20120704,000000,11.97,11.97,11.97,11.97,0,0
GEM_MV,D,20120705,000000,12.08,12.08,9.66,11.97,0,0
GEM_MV,D,20120706,000000,11.87,11.87,10.5,11.66,0,0
GEM_MV,D,20120709,000000,12.71,12.71,12.71,12.71,0,0
GEM_MV,D,20120710,000000,12.81,12.81,12.81,12.81,0,0
GEM_MV,D,20120711,000000,14.18,14.18,14.18,14.18,0,0
GEM_MV,D,20120712,000000,11.34,12.92,11.34,12.92,0,0
GEM_MV,D,20120713,000000,13.65,13.65,13.65,13.65,0,0
GEM_MV,D,20120716,000000,13.65,13.65,13.65,13.65,0,0
GEM_MV,D,20120717,000000,14.18,14.18,14.18,14.18,0,0
GEM_MV,D,20120718,000000,14.18,14.18,14.18,14.18,0,0
GEM_MV,D,20120719,000000,14.18,14.18,14.18,14.18,0,0
GEM_MV,D,20120720,000000,14.18,14.18,14.18,14.18,0,0
GEM_MV,D,20120723,000000,14.18,14.18,9.66,9.66,0,0
GEM_MV,D,20120724,000000,10.29,10.29,8.4,8.4,0,0
GEM_MV,D,20120725,000000,7.88,8.93,7.88,8.93,0,0
GEM_MV,D,20120726,000000,8.51,9.14,8.3,8.3,0,0
GEM_MV,D,20120727,000000,9.77,9.77,7.56,7.56,0,0
GEM_MV,D,20120730,000000,7.88,7.88,7.88,7.88,0,0
GEM_MV,D,20120808,000000,7.14,7.14,7.04,7.04,0,0
GEM_MV,D,20120809,000000,7.14,8.19,7.14,8.19,0,0
GEM_MV,D,20120813,000000,7.35,7.88,7.35,7.88,0,0
GEM_MV,D,20120814,000000,7.35,8.19,7.35,8.19,0,0
GEM_MV,D,20120820,000000,7.56,7.56,7.56,7.56,0,0
GEM_MV,D,20120821,000000,6.93,7.77,6.93,7.77,0,0
GEM_MV,D,20120823,000000,7.04,7.04,7.04,7.04,0,0
GEM_MV,D,20120824,000000,5.99,7.35,5.99,7.35,0,0
GEM_MV,D,20120827,000000,7.67,7.67,7.67,7.67,0,0
GEM_MV,D,20120828,000000,7.67,8.72,7.67,8.72,0,0
GEM_MV,D,20120829,000000,10.29,10.29,10.29,10.29,0,0
GEM_MV,D,20120830,000000,9.98,9.98,9.98,9.98,0,0
GEM_MV,D,20120831,000000,8.19,10.29,8.19,10.29,0,0
GEM_MV,D,20120903,000000,10.29,10.29,8.82,10.29,0,0
GEM_MV,D,20120910,000000,14.22,17.64,14.22,17.64,0,0
GEM_MV,D,20120911,000000,14.22,17.64,14.22,17.64,0,0
GEM_MV,D,20120912,000000,14.22,17.64,14.22,17.64,0,0
GEM_MV,D,20121001,000000,14.4,17.28,14.4,17.28,0,0
GEM_MV,D,20121002,000000,13.68,14.94,12.6,14.94,0,0
GEM_MV,D,20121003,000000,16.56,16.56,16.56,16.56,0,0
GEM_MV,D,20121004,000000,16.56,16.56,16.56,16.56,0,0
GEM_MV,D,20121005,000000,16.56,16.56,16.56,16.56,0,0
GEM_MV,D,20121008,000000,16.56,16.56,16.56,16.56,0,0
GEM_MV,D,20121009,000000,16.56,16.56,14.58,14.58,0,0
GEM_MV,D,20121010,000000,14.76,14.76,14.76,14.76,0,0
GEM_MV,D,20121011,000000,14.76,14.76,13.14,13.14,0,0
GEM_MV,D,20121012,000000,14.76,14.76,14.76,14.76,0,0
GEM_MV,D,20121015,000000,14.76,14.76,14.76,14.76,0,0
GEM_MV,D,20121017,000000,14.76,14.76,14.76,14.76,0,0
GEM_MV,D,20121018,000000,14.76,14.76,14.76,14.76,0,0
GEM_MV,D,20121019,000000,14.76,14.76,14.76,14.76,0,0
GEM_MV,D,20121022,000000,14.76,14.76,14.76,14.76,0,0
GEM_MV,D,20121023,000000,14.76,14.76,14.76,14.76,0,0
GEM_MV,D,20121025,000000,14.76,14.76,14.76,14.76,0,0
GEM_MV,D,20121026,000000,14.76,14.76,14.76,14.76,0,0
GEM_MV,D,20121029,000000,14.76,14.76,14.76,14.76,0,0
GEM_MV,D,20121030,000000,14.76,14.76,14.76,14.76,0,0
GEM_MV,D,20121031,000000,14.76,14.76,14.76,14.76,0,0
GEM_MV,D,20121102,000000,14.76,14.76,14.76,14.76,0,0
GEM_MV,D,20121105,000000,14.76,14.76,14.76,14.76,0,0
GEM_MV,D,20121106,000000,14.76,14.76,14.76,14.76,0,0
GEM_MV,D,20121107,000000,14.76,14.76,14.76,14.76,0,0
GEM_MV,D,20121109,000000,14.76,14.76,14.76,14.76,0,0
GEM_MV,D,20121112,000000,14.76,14.76,14.76,14.76,0,0
GEM_MV,D,20121113,000000,14.76,14.76,14.76,14.76,0,0
GEM_MV,D,20121114,000000,14.76,14.76,14.76,14.76,0,0
GEM_MV,D,20121115,000000,14.76,14.76,14.76,14.76,0,0
GEM_MV,D,20121116,000000,14.76,14.76,14.76,14.76,0,0
GEM_MV,D,20121119,000000,14.76,14.76,14.76,14.76,0,0
GEM_MV,D,20121120,000000,14.76,14.76,14.76,14.76,0,0
GEM_MV,D,20121121,000000,14.76,41,14.76,41,0,0
GEM_MV,D,20121122,000000,36.5,41,36.5,41,0,0
GEM_MV,D,20121123,000000,41,41,40.5,41,0,0
GEM_MV,D,20121126,000000,41,41,41,41,0,0
GEM_MV,D,20121127,000000,41,41,41,41,0,0
GEM_MV,D,20121128,000000,41,41,41,41,0,0
GEM_MV,D,20121129,000000,41,41,41,41,0,0
GEM_MV,D,20121130,000000,41,41,41,41,0,0
GEM_MV,D,20121203,000000,41,41,41,41,0,0
GEM_MV,D,20121204,000000,41,41,41,41,0,0
GEM_MV,D,20121205,000000,41,41,41,41,0,0
GEM_MV,D,20121206,000000,41,41,41,41,0,0
GEM_MV,D,20121207,000000,41,48,41,48,0,0
GEM_MV,D,20121210,000000,48,49,48,49,0,0
GEM_MV,D,20121211,000000,48.5,48.5,41,41,0,0
GEM_MV,D,20121212,000000,49,49,49,49,0,0
GEM_MV,D,20121213,000000,47.5,47.5,47.5,47.5,0,0
GEM_MV,D,20121217,000000,47.5,47.5,47.5,47.5,0,0
GEM_MV,D,20121218,000000,47,47,47,47,0,0
GEM_MV,D,20121219,000000,47.5,47.5,47.5,47.5,0,0
GEM_MV,D,20121220,000000,47.5,47.5,47.5,47.5,0,0
GEM_MV,D,20121221,000000,47.5,47.5,47.5,47.5,0,0
GEM_MV,D,20121227,000000,47.5,47.5,47.5,47.5,0,0
GEM_MV,D,20121228,000000,47.5,47.5,44,47.5,0,0
GEM_MV,D,20130102,000000,45,47.5,45,47.5,0,0
GEM_MV,D,20130103,000000,47.5,47.5,47.5,47.5,0,0
GEM_MV,D,20130104,000000,47.5,47.5,47.5,47.5,0,0
GEM_MV,D,20130107,000000,41,45,41,45,0,0
GEM_MV,D,20130108,000000,45,45,39.5,39.5,0,0
GEM_MV,D,20130109,000000,42.5,42.5,42.5,42.5,0,0
GEM_MV,D,20130110,000000,47.5,47.5,39.5,46.5,0,0
GEM_MV,D,20130118,000000,41.5,41.5,41.5,41.5,0,0
GEM_MV,D,20130123,000000,37.5,41.5,37.5,41.5,0,0
GEM_MV,D,20130128,000000,41.5,41.5,41.5,41.5,0,0
GEM_MV,D,20130129,000000,41.5,41.5,41.5,41.5,0,0
GEM_MV,D,20130130,000000,41.5,41.5,41.5,41.5,0,0
GEM_MV,D,20130131,000000,41.5,41.5,35.5,37,0,0
GEM_MV,D,20130205,000000,34,38,34,38,0,0
GEM_MV,D,20130211,000000,37.5,37.5,37.5,37.5,0,0
GEM_MV,D,20130212,000000,33.5,33.5,33.5,33.5,0,0
GEM_MV,D,20130213,000000,36.5,37.5,29.5,37.5,0,0
GEM_MV,D,20130218,000000,32.5,34,32.5,34,0,0
GEM_MV,D,20130220,000000,29.5,29.5,27.5,27.5,0,0
GEM_MV,D,20130221,000000,26.5,26.5,22.5,22.5,0,0
GEM_MV,D,20130222,000000,21.5,22,21.5,21.5,0,0
GEM_MV,D,20130225,000000,20,20,20,20,0,0
GEM_MV,D,20130226,000000,16.5,24,16.5,20,0,0
GEM_MV,D,20130227,000000,21,21,21,21,0,0
GEM_MV,D,20130228,000000,25,28,22.5,26.5,0,0
GEM_MV,D,20130301,000000,28.5,28.5,28.5,28.5,0,0
GEM_MV,D,20130304,000000,33,33,31.5,31.5,0,0
GEM_MV,D,20130305,000000,26.5,26.5,26.5,26.5,0,0
GEM_MV,D,20130306,000000,31.5,31.5,31.5,31.5,0,0
GEM_MV,D,20130307,000000,30.5,31.5,30.5,31.5,0,0
GEM_MV,D,20130311,000000,28,30,28,30,0,0
GEM_MV,D,20130312,000000,31.5,31.5,30.5,30.5,0,0
GEM_MV,D,20130313,000000,31.5,31.5,31.5,31.5,0,0
GEM_MV,D,20130314,000000,31.5,31.5,31.5,31.5,0,0
GEM_MV,D,20130315,000000,31.5,31.5,31.5,31.5,0,0
GEM_MV,D,20130318,000000,31.5,31.5,28,31.5,0,0
GEM_MV,D,20130320,000000,31.5,31.5,31.5,31.5,0,0
GEM_MV,D,20130321,000000,31.5,31.5,31.5,31.5,0,0
GEM_MV,D,20130322,000000,31.5,31.5,31.5,31.5,0,0
GEM_MV,D,20130325,000000,31.5,31.5,31.5,31.5,0,0
GEM_MV,D,20130326,000000,31.5,31.5,31.5,31.5,0,0
GEM_MV,D,20130327,000000,31.5,31.5,31.5,31.5,0,0
GEM_MV,D,20130328,000000,31.5,37.5,26,37.5,0,0
GEM_MV,D,20130402,000000,45,45,37,37,0,0
GEM_MV,D,20130403,000000,35,37,35,37,0,0
GEM_MV,D,20130404,000000,37,37,37,37,0,0
GEM_MV,D,20130405,000000,31.5,37,31.5,37,0,0
GEM_MV,D,20130408,000000,37,37,37,37,0,0
GEM_MV,D,20130409,000000,37,37,37,37,0,0
GEM_MV,D,20130410,000000,37,37,37,37,0,0
GEM_MV,D,20130411,000000,37,37,37,37,0,0
GEM_MV,D,20130412,000000,37,37,37,37,0,0
GEM_MV,D,20130417,000000,33,33,33,33,0,0
GEM_MV,D,20130419,000000,37,37,37,37,0,0
GEM_MV,D,20130506,000000,44,44,44,44,0,0
GEM_MV,D,20130524,000000,49,58.5,42,43.5,0,0
GEM_MV,D,20130527,000000,47.5,47.5,47.5,47.5,0,0
GEM_MV,D,20130603,000000,47.5,47.5,41,41,0,0
GEM_MV,D,20130604,000000,41,41,37.5,40,0,0
GEM_MV,D,20130617,000000,36,36,36,36,0,0
GEM_MV,D,20130624,000000,34.5,38.5,34.5,38.5,0,0
GEM_MV,D,20130701,000000,32.5,32.5,28.5,28.5,0,0
GEM_MV,D,20130702,000000,26.5,26.5,25,25,0,0
GEM_MV,D,20130703,000000,21,24.5,17.5,24.5,0,0
GEM_MV,D,20130704,000000,24.5,24.5,24.5,24.5,0,0
GEM_MV,D,20130705,000000,24.5,24.5,24.5,24.5,0,0
GEM_MV,D,20130708,000000,24.5,24.5,24.5,24.5,0,0
GEM_MV,D,20130709,000000,24.5,24.5,24.5,24.5,0,0
GEM_MV,D,20130710,000000,20,20,20,20,0,0
GEM_MV,D,20130711,000000,23.5,24.5,23.5,24.5,0,0
GEM_MV,D,20130716,000000,24.5,24.5,24.5,24.5,0,0
GEM_MV,D,20130717,000000,24.5,24.5,24.5,24.5,0,0
GEM_MV,D,20130719,000000,24.5,24.5,24.5,24.5,0,0
GEM_MV,D,20130722,000000,24.5,29,24.5,29,0,0
GEM_MV,D,20130723,000000,28.5,28.5,27.5,27.5,0,0
GEM_MV,D,20130725,000000,28.5,29,28.5,29,0,0
GEM_MV,D,20130729,000000,29,29,29,29,0,0
GEM_MV,D,20130730,000000,32.5,32.5,32.5,32.5,0,0
GEM_MV,D,20130731,000000,32.5,32.5,32.5,32.5,0,0
GEM_MV,D,20130801,000000,32.5,32.5,27,27,0,0
GEM_MV,D,20130802,000000,27,27,27,27,0,0
GEM_MV,D,20130805,000000,27.5,27.5,27.5,27.5,0,0
GEM_MV,D,20130806,000000,32.5,32.5,32.5,32.5,0,0
GEM_MV,D,20130807,000000,32.5,32.5,32.5,32.5,0,0
GEM_MV,D,20130808,000000,32.5,32.5,32.5,32.5,0,0
GEM_MV,D,20130809,000000,32.5,32.5,32.5,32.5,0,0
GEM_MV,D,20130812,000000,32.5,32.5,32.5,32.5,0,0
GEM_MV,D,20130903,000000,29.5,32.5,26.5,32.5,0,0
GEM_MV,D,20130905,000000,59,59,59,59,0,0
GEM_MV,D,20130906,000000,60,60,49,51,0,0
GEM_MV,D,20130909,000000,61,61,61,61,0,0
GEM_MV,D,20130913,000000,51,51,41,49,0,0
GEM_MV,D,20130916,000000,49,49,49,49,0,0
GEM_MV,D,20130918,000000,49,49,49,49,0,0
GEM_MV,D,20130919,000000,49,49,49,49,0,0
GEM_MV,D,20130923,000000,49,63,49,63,0,0
GEM_MV,D,20130924,000000,64,64,64,64,0,0
GEM_MV,D,20130925,000000,64,64,64,64,0,0
GEM_MV,D,20130927,000000,66,66,66,66,0,0
GEM_MV,D,20130930,000000,66,78,66,78,0,0
GEM_MV,D,20131001,000000,86,86,85,85,0,0
GEM_MV,D,20131008,000000,69,69,69,69,0,0
GEM_MV,D,20131009,000000,75,75,75,75,0,0
GEM_MV,D,20131010,000000,82,82,82,82,0,0
GEM_MV,D,20131018,000000,75,75,75,75,0,0
GEM_MV,D,20131021,000000,75,75,75,75,0,0
GEM_MV,D,20131022,000000,75,75,75,75,0,0
GEM_MV,D,20131023,000000,75,75,73,75,0,0
GEM_MV,D,20131024,000000,75,75,75,75,0,0
GEM_MV,D,20131025,000000,75,75,75,75,0,0
GEM_MV,D,20131028,000000,75,75,75,75,0,0
GEM_MV,D,20131029,000000,75,75,75,75,0,0
GEM_MV,D,20131030,000000,75,75,75,75,0,0
GEM_MV,D,20131031,000000,75,75,75,75,0,0
GEM_MV,D,20131113,000000,75,80,75,80,0,0
GEM_MV,D,20131114,000000,80,90,80,90,0,0
GEM_MV,D,20131211,000000,80,96,80,96,0,0
GEM_MV,D,20131213,000000,110,110,110,110,0,0
GEM_MV,D,20131216,000000,105,126,105,120,0,0
GEM_MV,D,20131217,000000,130,150,130,142,0,0
GEM_MV,D,20131218,000000,150,177,150,177,0,0
GEM_MV,D,20131219,000000,185,185,185,185,0,0
GEM_MV,D,20131220,000000,185,190,168,168,0,0
GEM_MV,D,20131223,000000,190,210,166,166,0,0
GEM_MV,D,20131227,000000,155,160,130,130,0,0
GEM_MV,D,20131230,000000,140,140,105,106,0,0
GEM_MV,D,20140102,000000,120,144,120,144,0,0
GEM_MV,D,20140103,000000,145,172,145,172,0,0
GEM_MV,D,20140107,000000,152,182,152,182,0,0
GEM_MV,D,20140108,000000,190,200,190,200,0,0
GEM_MV,D,20140109,000000,220,239,190,239,0,0
GEM_MV,D,20140110,000000,239,239,239,239,0,0
GEM_MV,D,20140113,000000,239,270,239,270,0,0
GEM_MV,D,20140114,000000,270,270,270,270,0,0
GEM_MV,D,20140115,000000,270,270,270,270,0,0
GEM_MV,D,20140116,000000,270,270,270,270,0,0
GEM_MV,D,20140120,000000,260,260,260,260,0,0
GEM_MV,D,20140121,000000,260,260,260,260,0,0
GEM_MV,D,20140122,000000,260,260,260,260,0,0
GEM_MV,D,20140123,000000,260,260,260,260,0,0
GEM_MV,D,20140124,000000,260,260,260,260,0,0
GEM_MV,D,20140127,000000,260,260,260,260,0,0
GEM_MV,D,20140128,000000,259,259,259,259,0,0
GEM_MV,D,20140129,000000,259,259,222,230,0,0
GEM_MV,D,20140130,000000,230,230,229,230,0,0
GEM_MV,D,20140131,000000,230,230,185,230,0,0
GEM_MV,D,20140203,000000,230,230,230,230,0,0
GEM_MV,D,20140204,000000,270,270,260,260,0,0
GEM_MV,D,20140205,000000,260,260,260,260,0,0
GEM_MV,D,20140206,000000,260,260,260,260,0,0
GEM_MV,D,20140207,000000,260,260,260,260,0,0
GEM_MV,D,20140210,000000,260,260,260,260,0,0
GEM_MV,D,20140211,000000,260,260,260,260,0,0
GEM_MV,D,20140212,000000,260,260,260,260,0,0
GEM_MV,D,20140213,000000,260,260,260,260,0,0
GEM_MV,D,20140303,000000,270,270,270,270,0,0
GEM_MV,D,20140304,000000,270,270,196,196,0,0
GEM_MV,D,20140305,000000,216,216,210,216,0,0
GEM_MV,D,20140306,000000,216,216,210,216,0,0
GEM_MV,D,20140307,000000,216,216,216,216,0,0
GEM_MV,D,20140310,000000,216,216,186,186,0,0
GEM_MV,D,20140311,000000,216,216,190,216,0,0
GEM_MV,D,20140312,000000,216,216,190,216,0,0
GEM_MV,D,20140313,000000,216,216,216,216,0,0
GEM_MV,D,20140314,000000,216,216,216,216,0,0
GEM_MV,D,20140317,000000,216,216,216,216,0,0
GEM_MV,D,20140318,000000,216,216,216,216,0,0
GEM_MV,D,20140319,000000,216,216,216,216,0,0
GEM_MV,D,20140320,000000,216,216,216,216,0,0
GEM_MV,D,20140321,000000,183,183,150,150,0,0
GEM_MV,D,20140324,000000,150,150,150,150,0,0
GEM_MV,D,20140325,000000,150,150,150,150,0,0
GEM_MV,D,20140327,000000,150,150,150,150,0,0
GEM_MV,D,20140328,000000,150,150,150,150,0,0
GEM_MV,D,20140331,000000,140,140,140,140,0,0
GEM_MV,D,20140402,000000,168,168,168,168,0,0
GEM_MV,D,20140404,000000,190,190,190,190,0,0
GEM_MV,D,20140407,000000,210,210,210,210,0,0
GEM_MV,D,20140408,000000,210,210,210,210,0,0
GEM_MV,D,20140414,000000,200,200,165,200,0,0
GEM_MV,D,20140415,000000,200,200,200,200,0,0
GEM_MV,D,20140416,000000,200,200,200,200,0,0
GEM_MV,D,20140417,000000,200,200,200,200,0,0
GEM_MV,D,20140422,000000,200,200,200,200,0,0
GEM_MV,D,20140423,000000,200,200,200,200,0,0
GEM_MV,D,20140424,000000,200,200,200,200,0,0
GEM_MV,D,20140425,000000,200,200,200,200,0,0
GEM_MV,D,20140428,000000,200,200,200,200,0,0
GEM_MV,D,20140429,000000,200,200,200,200,0,0
GEM_MV,D,20140430,000000,200,200,200,200,0,0
GEM_MV,D,20140502,000000,200,200,200,200,0,0
GEM_MV,D,20140505,000000,200,200,200,200,0,0
GEM_MV,D,20140506,000000,205,205,205,205,0,0
GEM_MV,D,20140507,000000,209,209,209,209,0,0
GEM_MV,D,20140509,000000,229,229,229,229,0,0
GEM_MV,D,20140512,000000,270,270,260,260,0,0
GEM_MV,D,20140513,000000,259,259,259,259,0,0
GEM_MV,D,20140516,000000,219,219,178,200,0,0
GEM_MV,D,20140521,000000,219,219,219,219,0,0
GEM_MV,D,20140527,000000,207,207,207,207,0,0
GEM_MV,D,20140617,000000,169,169,169,169,0,0
GEM_MV,D,20140618,000000,169,169,169,169,0,0
GEM_MV,D,20140620,000000,169,170,169,170,0,0
GEM_MV,D,20140625,000000,150,150,150,150,0,0
GEM_MV,D,20140701,000000,137,150,135,150,0,0
GEM_MV,D,20140722,000000,132,132,126,130,0,0
GEM_MV,D,20140731,000000,135,135,135,135,0,0
GEM_MV,D,20140826,000000,122,122,122,122,0,0
GEM_MV,D,20140908,000000,107,107,107,107,0,0
GEM_MV,D,20140910,000000,105,105,92,92,0,0
GEM_MV,D,20140911,000000,73,73,73,73,0,0
GEM_MV,D,20140912,000000,87,92,87,92,0,0
GEM_MV,D,20140915,000000,110,110,110,110,0,0
GEM_MV,D,20140919,000000,124,124,124,124,0,0
GEM_MV,D,20140924,000000,98,112,98,112,0,0
GEM_MV,D,20140926,000000,115,115,115,115,0,0
GEM_MV,D,20140930,000000,116,116,116,116,0,0
GEM_MV,D,20141003,000000,116,116,116,116,0,0
GEM_MV,D,20141007,000000,121,121,121,121,0,0
GEM_MV,D,20141107,000000,117,117,117,117,0,0
GEM_MV,D,20141110,000000,137,137,137,137,0,0
GEM_MV,D,20141112,000000,118,118,118,118,0,0
GEM_MV,D,20141114,000000,95,95,95,95,0,0
GEM_MV,D,20141120,000000,96,96,96,96,0,0
GEM_MV,D,20141203,000000,77,77,77,77,0,0
GEM_MV,D,20141204,000000,76,96,76,96,0,0
GEM_MV,D,20141205,000000,115,115,115,115,0,0
GEM_MV,D,20141208,000000,120,120,120,120,0,0
GEM_MV,D,20141209,000000,120,137,120,137,0,0
GEM_MV,D,20141210,000000,120,120,120,120,0,0
GEM_MV,D,20141211,000000,119,119,119,119,0,0
GEM_MV,D,20141212,000000,137,137,137,137,0,0
GEM_MV,D,20141215,000000,137,137,137,137,0,0
GEM_MV,D,20141216,000000,137,137,137,137,0,0
GEM_MV,D,20141217,000000,137,137,137,137,0,0
GEM_MV,D,20141218,000000,137,137,137,137,0,0
GEM_MV,D,20141219,000000,137,137,137,137,0,0
GEM_MV,D,20150102,000000,164,196,164,196,0,0
GEM_MV,D,20150113,000000,157,157,157,157,0,0
GEM_MV,D,20150114,000000,141,141,126,126,0,0
GEM_MV,D,20150115,000000,102,102,99,99,0,0
GEM_MV,D,20150119,000000,118,118,118,118,0,0
GEM_MV,D,20150127,000000,93,94,93,94,0,0
GEM_MV,D,20150128,000000,94,94,94,94,0,0
GEM_MV,D,20150129,000000,94,94,94,94,0,0
GEM_MV,D,20150130,000000,94,94,94,94,0,0
GEM_MV,D,20150202,000000,94,94,87,94,0,0
GEM_MV,D,20150203,000000,94,94,94,94,0,0
GEM_MV,D,20150204,000000,94,94,94,94,0,0
GEM_MV,D,20150205,000000,94,94,94,94,0,0
GEM_MV,D,20150206,000000,94,94,94,94,0,0
GEM_MV,D,20150209,000000,94,94,94,94,0,0
GEM_MV,D,20150210,000000,94,94,94,94,0,0
GEM_MV,D,20150211,000000,94,94,76,93,0,0
GEM_MV,D,20150212,000000,93,93,93,93,0,0
GEM_MV,D,20150213,000000,93,93,93,93,0,0
GEM_MV,D,20150216,000000,93,93,93,93,0,0
GEM_MV,D,20150217,000000,93,93,93,93,0,0
GEM_MV,D,20150218,000000,93,93,93,93,0,0
GEM_MV,D,20150219,000000,93,93,93,93,0,0
GEM_MV,D,20150220,000000,93,93,93,93,0,0
GEM_MV,D,20150223,000000,93,93,93,93,0,0
GEM_MV,D,20150224,000000,92,92,92,92,0,0
GEM_MV,D,20150225,000000,92,92,92,92,0,0
GEM_MV,D,20150226,000000,92,92,92,92,0,0
GEM_MV,D,20150227,000000,92,92,92,92,0,0
GEM_MV,D,20150302,000000,92,92,92,92,0,0
GEM_MV,D,20150303,000000,90,90,90,90,0,0
GEM_MV,D,20150304,000000,88,88,88,88,0,0
GEM_MV,D,20150305,000000,88,88,88,88,0,0
GEM_MV,D,20150306,000000,88,88,70,78,0,0
GEM_MV,D,20150311,000000,93,111,93,111,0,0
GEM_MV,D,20150312,000000,133,133,133,133,0,0
GEM_MV,D,20150316,000000,136,136,136,136,0,0
GEM_MV,D,20150325,000000,97,97,97,97,0,0
GEM_MV,D,20150326,000000,97,97,97,97,0,0
GEM_MV,D,20150327,000000,97,97,97,97,0,0
GEM_MV,D,20150330,000000,116,116,116,116,0,0
GEM_MV,D,20150331,000000,139,139,139,139,0,0
GEM_MV,D,20150413,000000,112,112,99,99,0,0
GEM_MV,D,20150415,000000,118,118,76,82,0,0
GEM_MV,D,20150416,000000,82,82,82,82,0,0
GEM_MV,D,20150417,000000,82,82,82,82,0,0
GEM_MV,D,20150420,000000,82,82,82,82,0,0
GEM_MV,D,20150421,000000,82,82,70,82,0,0
GEM_MV,D,20150422,000000,82,82,82,82,0,0
GEM_MV,D,20150423,000000,82,82,82,82,0,0
GEM_MV,D,20150424,000000,82,82,82,82,0,0
GEM_MV,D,20150427,000000,82,82,82,82,0,0
GEM_MV,D,20150428,000000,82,82,82,82,0,0
GEM_MV,D,20150429,000000,82,82,82,82,0,0
GEM_MV,D,20150430,000000,82,82,82,82,0,0
GEM_MV,D,20150605,000000,88,88,88,88,0,0
GEM_MV,D,20150619,000000,88,88,88,88,0,0
GEM_MV,D,20150622,000000,88,88,88,88,0,0
GEM_MV,D,20150623,000000,88,88,88,88,0,0
GEM_MV,D,20150624,000000,88,88,88,88,0,0
GEM_MV,D,20150625,000000,88,88,88,88,0,0
GEM_MV,D,20150626,000000,88,88,88,88,0,0
GEM_MV,D,20150710,000000,77,77,77,77,0,0
GEM_MV,D,20150824,000000,62,62,51,51,0,0
GEM_MV,D,20150825,000000,61,61,41,41,0,0
GEM_MV,D,20150826,000000,33,35,26,26,0,0
GEM_MV,D,20150827,000000,21,21,17,17,0,0
GEM_MV,D,20150828,000000,17,17,17,17,0,0
GEM_MV,D,20150831,000000,17,17,17,17,0,0
GEM_MV,D,20150901,000000,19,19,19,19,0,0
GEM_MV,D,20150902,000000,20,21,16,21,0,0
GEM_MV,D,20150903,000000,17,17,13,13,0,0
GEM_MV,D,20150904,000000,14,14,13,14,0,0
GEM_MV,D,20150907,000000,14,14,13,13,0,0
GEM_MV,D,20150908,000000,12,14,10,11,0,0
GEM_MV,D,20150909,000000,11,13,9,9,0,0
GEM_MV,D,20150910,000000,9,11,9,11,0,0
GEM_MV,D,20150911,000000,13,16,13,16,0,0
GEM_MV,D,20150914,000000,19,22,19,22,0,0
GEM_MV,D,20150915,000000,24,27,24,27,0,0
GEM_MV,D,20150916,000000,32,34,21,23,0,0
GEM_MV,D,20150917,000000,27,27,27,27,0,0
GEM_MV,D,20150918,000000,27,27,22,22,0,0
GEM_MV,D,20150921,000000,22,22,18,22,0,0
GEM_MV,D,20150922,000000,20,20,16,19,0,0
GEM_MV,D,20150923,000000,15,17,15,17,0,0
GEM_MV,D,20150924,000000,19,19,19,19,0,0
GEM_MV,D,20150925,000000,19,20,19,20,0,0
GEM_MV,D,20150928,000000,21,21,21,21,0,0
GEM_MV,D,20150929,000000,21,21,21,21,0,0
GEM_MV,D,20150930,000000,21,21,21,21,0,0
GEM_MV,D,20151001,000000,21,21,21,21,0,0
GEM_MV,D,20151002,000000,21,21,19,19,0,0
GEM_MV,D,20151005,000000,21,21,21,21,0,0
GEM_MV,D,20151006,000000,21,21,21,21,0,0
GEM_MV,D,20151007,000000,19,19,19,19,0,0
GEM_MV,D,20151008,000000,19,19,19,19,0,0
GEM_MV,D,20151009,000000,19,19,19,19,0,0
GEM_MV,D,20151012,000000,18,18,18,18,0,0
GEM_MV,D,20151013,000000,18,18,18,18,0,0
GEM_MV,D,20151014,000000,18,20,18,20,0,0
GEM_MV,D,20151015,000000,20,20,17,18,0,0
GEM_MV,D,20151016,000000,15,20,15,18,0,0
GEM_MV,D,20151019,000000,18,18,15,15,0,0
GEM_MV,D,20151020,000000,15,15,15,15,0,0
GEM_MV,D,20151021,000000,15,15,12,13,0,0
GEM_MV,D,20151022,000000,13,13,11,11,0,0
GEM_MV,D,20151023,000000,12,12,10,10,0,0
GEM_MV,D,20151026,000000,11,13,10,10,0,0
GEM_MV,D,20151027,000000,11,11,8,8,0,0
GEM_MV,D,20151028,000000,9,10,9,10,0,0
GEM_MV,D,20151029,000000,12,14,10,14,0,0
GEM_MV,D,20151030,000000,15,18,15,18,0,0
GEM_MV,D,20151102,000000,24,25,19,24,0,0
GEM_MV,D,20151103,000000,22,23,19,20,0,0
GEM_MV,D,20151104,000000,22,22,18,19,0,0
GEM_MV,D,20151105,000000,16,18,15,17,0,0
GEM_MV,D,20151106,000000,17,17,13,16,0,0
GEM_MV,D,20151109,000000,17,17,14,14,0,0
GEM_MV,D,20151110,000000,14,17,14,17,0,0
GEM_MV,D,20151112,000000,17,17,15,15,0,0
GEM_MV,D,20151113,000000,13,15,12,14,0,0
GEM_MV,D,20151116,000000,14,14,12,14,0,0
GEM_MV,D,20151117,000000,13,14,11,13,0,0
GEM_MV,D,20151118,000000,13,14,11,13,0,0
GEM_MV,D,20151119,000000,13,14,12,14,0,0
GEM_MV,D,20151120,000000,14,18,14,17,0,0
GEM_MV,D,20151123,000000,16,16,14,15,0,0
GEM_MV,D,20151124,000000,15,15,13,15,0,0
GEM_MV,D,20151125,000000,15,15,12,15,0,0
GEM_MV,D,20151126,000000,14,14,12,13,0,0
GEM_MV,D,20151127,000000,15,16,13,13,0,0
GEM_MV,D,20151130,000000,15,16,14,15,0,0
GEM_MV,D,20151201,000000,15,15,13,14,0,0
GEM_MV,D,20151202,000000,14,15,13,15,0,0
GEM_MV,D,20151203,000000,14,15,14,15,0,0
GEM_MV,D,20151204,000000,15,15,13,15,0,0
GEM_MV,D,20151207,000000,14,14,13,14,0,0
GEM_MV,D,20151208,000000,15,15,13,14,0,0
GEM_MV,D,20151209,000000,14,14,14,14,0,0
GEM_MV,D,20151210,000000,14,14,12,14,0,0
GEM_MV,D,20151211,000000,14,14,12,14,0,0
GEM_MV,D,20151214,000000,14,14,14,14,0,0
GEM_MV,D,20151215,000000,14,14,11,12,0,0
GEM_MV,D,20151216,000000,12,12,11,12,0,0
GEM_MV,D,20151217,000000,11,11,10,11,0,0
GEM_MV,D,20151218,000000,10,11,10,11,0,0
GEM_MV,D,20151221,000000,11,11,10,11,0,0
GEM_MV,D,20151222,000000,10,11,9,11,0,0
GEM_MV,D,20151223,000000,12,12,12,12,0,0
GEM_MV,D,20151228,000000,11,12,11,12,0,0
GEM_MV,D,20151229,000000,10,12,10,12,0,0
GEM_MV,D,20151230,000000,12,12,12,12,0,0
GEM_MV,D,20160104,000000,12,12,12,12,0,0
GEM_MV,D,20160105,000000,12,12,12,12,0,0
GEM_MV,D,20160107,000000,12,12,12,12,0,0
GEM_MV,D,20160108,000000,12,12,12,12,0,0
GEM_MV,D,20160111,000000,12,12,12,12,0,0
GEM_MV,D,20160112,000000,11,12,10,12,0,0
GEM_MV,D,20160113,000000,12,12,10,12,0,0
GEM_MV,D,20160114,000000,12,12,10,12,0,0
GEM_MV,D,20160115,000000,12,12,12,12,0,0
GEM_MV,D,20160118,000000,12,12,12,12,0,0
GEM_MV,D,20160119,000000,12,12,12,12,0,0
GEM_MV,D,20160120,000000,12,12,12,12,0,0
GEM_MV,D,20160121,000000,12,12,12,12,0,0
GEM_MV,D,20160122,000000,12,12,12,12,0,0
GEM_MV,D,20160125,000000,12,12,12,12,0,0
GEM_MV,D,20160126,000000,11,11,10,10,0,0
GEM_MV,D,20160127,000000,10,10,10,10,0,0
GEM_MV,D,20160128,000000,10,10,10,10,0,0
GEM_MV,D,20160129,000000,10,11,10,11,0,0
GEM_MV,D,20160201,000000,11,11,11,11,0,0
GEM_MV,D,20160202,000000,11,11,11,11,0,0
GEM_MV,D,20160203,000000,11,11,10,11,0,0
GEM_MV,D,20160204,000000,11,11,9,10,0,0
GEM_MV,D,20160205,000000,11,11,11,11,0,0
GEM_MV,D,20160208,000000,11,11,10,11,0,0
GEM_MV,D,20160209,000000,11,11,11,11,0,0
GEM_MV,D,20160210,000000,11,11,11,11,0,0
GEM_MV,D,20160211,000000,11,11,9,11,0,0
GEM_MV,D,20160212,000000,11,11,11,11,0,0
GEM_MV,D,20160215,000000,11,11,10,10,0,0
GEM_MV,D,20160216,000000,10,11,10,11,0,0
GEM_MV,D,20160217,000000,11,11,11,11,0,0
GEM_MV,D,20160218,000000,10,11,10,11,0,0
GEM_MV,D,20160219,000000,11,11,9,11,0,0
GEM_MV,D,20160222,000000,11,11,9,10,0,0
GEM_MV,D,20160223,000000,10,12,10,12,0,0
GEM_MV,D,20160224,000000,14,14,14,14,0,0
GEM_MV,D,20160225,000000,14,15,13,13,0,0
GEM_MV,D,20160226,000000,13,13,10,10,0,0
GEM_MV,D,20160229,000000,11,11,11,11,0,0
GEM_MV,D,20160301,000000,11,11,11,11,0,0
GEM_MV,D,20160302,000000,13,13,13,13,0,0
GEM_MV,D,20160303,000000,13,13,13,13,0,0
GEM_MV,D,20160304,000000,13,13,13,13,0,0
GEM_MV,D,20160307,000000,13,13,13,13,0,0
GEM_MV,D,20160308,000000,13,13,13,13,0,0
GEM_MV,D,20160309,000000,13,13,13,13,0,0
GEM_MV,D,20160310,000000,13,13,13,13,0,0
GEM_MV,D,20160311,000000,12,12,9,10,0,0
GEM_MV,D,20160314,000000,11,11,11,11,0,0
GEM_MV,D,20160315,000000,11,11,10,11,0,0
GEM_MV,D,20160316,000000,11,11,11,11,0,0
GEM_MV,D,20160317,000000,11,11,10,11,0,0
GEM_MV,D,20160318,000000,11,11,10,11,0,0
GEM_MV,D,20160321,000000,11,11,11,11,0,0
GEM_MV,D,20160322,000000,11,11,11,11,0,0
GEM_MV,D,20160323,000000,11,11,11,11,0,0
GEM_MV,D,20160324,000000,10,10,10,10,0,0
GEM_MV,D,20160329,000000,11,11,11,11,0,0
GEM_MV,D,20160330,000000,11,11,11,11,0,0
GEM_MV,D,20160331,000000,11,11,11,11,0,0
GEM_MV,D,20160401,000000,11,11,11,11,0,0
GEM_MV,D,20160404,000000,11,11,11,11,0,0
GEM_MV,D,20160405,000000,11,11,10,11,0,0
GEM_MV,D,20160406,000000,11,11,10,11,0,0
GEM_MV,D,20160407,000000,11,11,11,11,0,0
GEM_MV,D,20160408,000000,11,11,11,11,0,0
GEM_MV,D,20160411,000000,11,11,11,11,0,0
GEM_MV,D,20160412,000000,11,11,10,10,0,0
GEM_MV,D,20160413,000000,10,10,10,10,0,0
GEM_MV,D,20160414,000000,10,10,10,10,0,0
GEM_MV,D,20160415,000000,10,11,10,11,0,0
GEM_MV,D,20160418,000000,11,11,11,11,0,0
GEM_MV,D,20160419,000000,11,11,11,11,0,0
GEM_MV,D,20160420,000000,11,11,11,11,0,0
GEM_MV,D,20160421,000000,11,11,9,10,0,0
GEM_MV,D,20160422,000000,10,10,8,10,0,0
GEM_MV,D,20160425,000000,10,10,10,10,0,0
GEM_MV,D,20160426,000000,10,10,10,10,0,0
GEM_MV,D,20160427,000000,10,11,10,11,0,0
GEM_MV,D,20160428,000000,10,10,10,10,0,0
GEM_MV,D,20160429,000000,10,10,10,10,0,0
GEM_MV,D,20160502,000000,10,11,10,11,0,0
GEM_MV,D,20160504,000000,11,11,11,11,0,0
GEM_MV,D,20160505,000000,11,15,11,15,0,0
GEM_MV,D,20160506,000000,18,21,18,21,0,0
GEM_MV,D,20160509,000000,23,24,16,16,0,0
GEM_MV,D,20160510,000000,15,18,14,17,0,0
GEM_MV,D,20160511,000000,17,18,14,14,0,0
GEM_MV,D,20160512,000000,14,16,14,16,0,0
GEM_MV,D,20160513,000000,15,15,14,15,0,0
GEM_MV,D,20160516,000000,15,15,13,15,0,0
GEM_MV,D,20160517,000000,15,15,13,15,0,0
GEM_MV,D,20160518,000000,13,14,13,14,0,0
GEM_MV,D,20160519,000000,14,14,14,14,0,0
GEM_MV,D,20160520,000000,14,14,12,14,0,0
GEM_MV,D,20160523,000000,13,13,13,13,0,0
GEM_MV,D,20160524,000000,13,13,13,13,0,0
GEM_MV,D,20160525,000000,13,13,13,13,0,0
GEM_MV,D,20160527,000000,13,13,13,13,0,0
GEM_MV,D,20160530,000000,13,13,11,12,0,0
GEM_MV,D,20160531,000000,11,13,10,13,0,0
GEM_MV,D,20160601,000000,13,17,13,17,0,0
GEM_MV,D,20160602,000000,15,16,14,16,0,0
GEM_MV,D,20160603,000000,15,15,15,15,0,0
GEM_MV,D,20160606,000000,14,19,12,18,0,0
GEM_MV,D,20160607,000000,19,19,13,13,0,0
GEM_MV,D,20160608,000000,14,15,11,12,0,0
GEM_MV,D,20160609,000000,13,13,11,12,0,0
GEM_MV,D,20160610,000000,11,12,11,12,0,0
GEM_MV,D,20160613,000000,12,13,11,12,0,0
GEM_MV,D,20160614,000000,13,13,13,13,0,0
GEM_MV,D,20160615,000000,13,13,11,11,0,0
GEM_MV,D,20160616,000000,12,12,11,12,0,0
GEM_MV,D,20160617,000000,12,13,12,13,0,0
GEM_MV,D,20160620,000000,13,13,13,13,0,0
GEM_MV,D,20160621,000000,13,13,10,12,0,0
GEM_MV,D,20160622,000000,12,12,10,11,0,0
GEM_MV,D,20160623,000000,12,12,11,11,0,0
GEM_MV,D,20160624,000000,9,10,9,10,0,0
GEM_MV,D,20160627,000000,11,11,11,11,0,0
GEM_MV,D,20160628,000000,11,11,11,11,0,0
GEM_MV,D,20160629,000000,11,11,10,11,0,0
GEM_MV,D,20160630,000000,11,11,11,11,0,0
GEM_MV,D,20160701,000000,12,12,11,11,0,0
GEM_MV,D,20160704,000000,11,11,11,11,0,0
GEM_MV,D,20160705,000000,10,10,10,10,0,0
GEM_MV,D,20160706,000000,10,10,10,10,0,0
GEM_MV,D,20160707,000000,10,10,10,10,0,0
GEM_MV,D,20160711,000000,10,10,9,9,0,0
GEM_MV,D,20160712,000000,10,12,10,12,0,0
GEM_MV,D,20160713,000000,11,12,11,12,0,0
GEM_MV,D,20160714,000000,11,11,11,11,0,0
GEM_MV,D,20160715,000000,11,11,11,11,0,0
GEM_MV,D,20160718,000000,11,11,10,11,0,0
GEM_MV,D,20160719,000000,11,11,11,11,0,0
GEM_MV,D,20160720,000000,11,11,11,11,0,0
GEM_MV,D,20160721,000000,11,11,9,10,0,0
GEM_MV,D,20160722,000000,10,10,9,10,0,0
GEM_MV,D,20160725,000000,10,10,10,10,0,0
GEM_MV,D,20160726,000000,10,10,10,10,0,0
GEM_MV,D,20160727,000000,9,10,9,10,0,0
GEM_MV,D,20160728,000000,9,12,9,12,0,0
GEM_MV,D,20160729,000000,11,11,11,11,0,0
GEM_MV,D,20160801,000000,11,11,11,11,0,0
GEM_MV,D,20160802,000000,9,9,9,9,0,0
GEM_MV,D,20160803,000000,10,11,10,10,0,0
GEM_MV,D,20160804,000000,11,11,11,11,0,0
GEM_MV,D,20160805,000000,11,13,10,13,0,0
GEM_MV,D,20160808,000000,14,14,12,12,0,0
GEM_MV,D,20160809,000000,13,13,13,13,0,0
GEM_MV,D,20160810,000000,13,13,13,13,0,0
GEM_MV,D,20160811,000000,13,13,12,12,0,0
GEM_MV,D,20160812,000000,12,12,10,12,0,0
GEM_MV,D,20160816,000000,12,12,12,12,0,0
GEM_MV,D,20160817,000000,12,12,12,12,0,0
GEM_MV,D,20160818,000000,12,12,10,11,0,0
GEM_MV,D,20160819,000000,11,11,11,11,0,0
GEM_MV,D,20160822,000000,11,11,11,11,0,0
GEM_MV,D,20160823,000000,11,11,10,11,0,0
GEM_MV,D,20160824,000000,11,11,10,11,0,0
GEM_MV,D,20160825,000000,11,11,11,11,0,0
GEM_MV,D,20160826,000000,11,11,11,11,0,0
GEM_MV,D,20160829,000000,11,11,10,10,0,0
GEM_MV,D,20160830,000000,10,10,10,10,0,0
GEM_MV,D,20160831,000000,11,11,11,11,0,0
GEM_MV,D,20160901,000000,11,11,11,11,0,0
GEM_MV,D,20160902,000000,11,11,11,11,0,0
GEM_MV,D,20160905,000000,11,11,9,10,0,0
GEM_MV,D,20160906,000000,11,11,10,10,0,0
GEM_MV,D,20160907,000000,10,11,10,11,0,0
GEM_MV,D,20160908,000000,11,11,11,11,0,0
GEM_MV,D,20160909,000000,11,11,11,11,0,0
GEM_MV,D,20160912,000000,11,11,11,11,0,0
GEM_MV,D,20160913,000000,11,12,10,10,0,0
GEM_MV,D,20160914,000000,11,11,10,10,0,0
GEM_MV,D,20160915,000000,11,11,11,11,0,0
GEM_MV,D,20160916,000000,11,11,11,11,0,0
GEM_MV,D,20160919,000000,11,11,11,11,0,0
GEM_MV,D,20160920,000000,11,11,10,11,0,0
GEM_MV,D,20160921,000000,11,11,11,11,0,0
GEM_MV,D,20160922,000000,11,11,11,11,0,0
GEM_MV,D,20160923,000000,11,11,11,11,0,0
GEM_MV,D,20160926,000000,11,13,11,13,0,0
GEM_MV,D,20160927,000000,12,12,11,11,0,0
GEM_MV,D,20160928,000000,12,12,9,10,0,0
GEM_MV,D,20160929,000000,11,11,10,10,0,0
GEM_MV,D,20160930,000000,11,13,11,12,0,0
GEM_MV,D,20161003,000000,11,12,11,12,0,0
GEM_MV,D,20161004,000000,10,12,10,12,0,0
GEM_MV,D,20161005,000000,10,11,10,11,0,0
GEM_MV,D,20161006,000000,11,11,11,11,0,0
GEM_MV,D,20161007,000000,11,11,10,10,0,0
GEM_MV,D,20161010,000000,10,10,10,10,0,0
GEM_MV,D,20161011,000000,9,10,9,10,0,0
GEM_MV,D,20161012,000000,11,11,11,11,0,0
GEM_MV,D,20161013,000000,10,10,10,10,0,0
GEM_MV,D,20161014,000000,11,11,11,11,0,0
GEM_MV,D,20161017,000000,11,11,11,11,0,0
GEM_MV,D,20161018,000000,11,11,11,11,0,0
GEM_MV,D,20161019,000000,11,11,11,11,0,0
GEM_MV,D,20161020,000000,11,11,11,11,0,0
GEM_MV,D,20161021,000000,10,11,10,11,0,0
GEM_MV,D,20161024,000000,11,11,11,11,0,0
GEM_MV,D,20161025,000000,11,11,11,11,0,0
GEM_MV,D,20161026,000000,10,11,10,11,0,0
GEM_MV,D,20161027,000000,11,11,11,11,0,0
GEM_MV,D,20161028,000000,11,11,10,11,0,0
GEM_MV,D,20161031,000000,11,11,11,11,0,0
GEM_MV,D,20161102,000000,11,11,11,11,0,0
GEM_MV,D,20161103,000000,11,11,11,11,0,0
GEM_MV,D,20161104,000000,11,11,11,11,0,0
GEM_MV,D,20161107,000000,11,11,11,11,0,0
GEM_MV,D,20161108,000000,11,11,10,11,0,0
GEM_MV,D,20161109,000000,11,11,11,11,0,0
GEM_MV,D,20161110,000000,11,11,10,11,0,0
GEM_MV,D,20161114,000000,11,11,11,11,0,0
GEM_MV,D,20161115,000000,11,11,11,11,0,0
GEM_MV,D,20161116,000000,11,11,11,11,0,0
GEM_MV,D,20161117,000000,11,11,11,11,0,0
GEM_MV,D,20161118,000000,11,11,11,11,0,0
GEM_MV,D,20161121,000000,11,11,11,11,0,0
GEM_MV,D,20161122,000000,11,11,11,11,0,0
GEM_MV,D,20161123,000000,11,11,11,11,0,0
GEM_MV,D,20161124,000000,11,11,11,11,0,0
GEM_MV,D,20161125,000000,11,12,11,11,0,0
GEM_MV,D,20161128,000000,11,11,11,11,0,0
GEM_MV,D,20161129,000000,11,11,11,11,0,0
GEM_MV,D,20161130,000000,11,11,10,10,0,0
GEM_MV,D,20161201,000000,10,10,10,10,0,0
GEM_MV,D,20161202,000000,10,10,10,10,0,0
GEM_MV,D,20161205,000000,10,10,10,10,0,0
GEM_MV,D,20161206,000000,10,10,10,10,0,0
GEM_MV,D,20161207,000000,10,10,10,10,0,0
GEM_MV,D,20161208,000000,10,10,10,10,0,0
GEM_MV,D,20161209,000000,10,10,10,10,0,0
GEM_MV,D,20161212,000000,10,10,10,10,0,0
GEM_MV,D,20161213,000000,10,10,10,10,0,0
GEM_MV,D,20161214,000000,10,10,10,10,0,0
GEM_MV,D,20161215,000000,9,10,9,10,0,0
GEM_MV,D,20161216,000000,10,10,10,10,0,0
GEM_MV,D,20161219,000000,10,10,10,10,0,0
GEM_MV,D,20161220,000000,10,10,9,10,0,0
GEM_MV,D,20161221,000000,10,10,10,10,0,0
GEM_MV,D,20161222,000000,10,10,10,10,0,0
GEM_MV,D,20161223,000000,10,10,10,10,0,0
GEM_MV,D,20161227,000000,10,10,10,10,0,0
GEM_MV,D,20161228,000000,10,10,10,10,0,0
GEM_MV,D,20161229,000000,10,10,10,10,0,0
GEM_MV,D,20161230,000000,10,10,10,10,0,0
GEM_MV,D,20170102,000000,10,10,8,9,0,0
GEM_MV,D,20170103,000000,9,10,9,9,0,0
GEM_MV,D,20170104,000000,10,10,10,10,0,0
GEM_MV,D,20170105,000000,10,10,10,10,0,0
GEM_MV,D,20170109,000000,10,10,9,10,0,0
GEM_MV,D,20170110,000000,10,10,10,10,0,0
GEM_MV,D,20170111,000000,10,10,10,10,0,0
GEM_MV,D,20170112,000000,10,10,9,10,0,0
GEM_MV,D,20170113,000000,10,10,10,10,0,0
GEM_MV,D,20170116,000000,10,10,10,10,0,0
GEM_MV,D,20170117,000000,10,10,10,10,0,0
GEM_MV,D,20170118,000000,10,10,9,9,0,0
GEM_MV,D,20170119,000000,9,10,9,10,0,0
GEM_MV,D,20170120,000000,11,13,11,13,0,0
GEM_MV,D,20170123,000000,14,16,14,15,0,0
GEM_MV,D,20170124,000000,15,15,14,14,0,0
GEM_MV,D,20170125,000000,15,15,12,14,0,0
GEM_MV,D,20170126,000000,14,19,12,19,0,0
GEM_MV,D,20170127,000000,20,20,18,18,0,0
GEM_MV,D,20170130,000000,18,20,16,16,0,0
GEM_MV,D,20170131,000000,18,18,12,14,0,0
GEM_MV,D,20170201,000000,14,14,10,11,0,0
GEM_MV,D,20170202,000000,11,11,11,11,0,0
GEM_MV,D,20170203,000000,11,12,10,12,0,0
GEM_MV,D,20170206,000000,12,12,11,11,0,0
GEM_MV,D,20170208,000000,11,11,11,11,0,0
GEM_MV,D,20170210,000000,10,11,10,11,0,0
GEM_MV,D,20170213,000000,12,12,12,12,0,0
GEM_MV,D,20170214,000000,11,12,11,12,0,0
GEM_MV,D,20170215,000000,12,12,12,12,0,0
GEM_MV,D,20170216,000000,12,12,12,12,0,0
GEM_MV,D,20170217,000000,11,11,10,11,0,0
GEM_MV,D,20170220,000000,11,11,9,10,0,0
GEM_MV,D,20170221,000000,10,10,9,10,0,0
GEM_MV,D,20170222,000000,10,10,10,10,0,0
GEM_MV,D,20170223,000000,10,10,10,10,0,0
GEM_MV,D,20170224,000000,10,10,9,10,0,0
GEM_MV,D,20170227,000000,10,10,10,10,0,0
GEM_MV,D,20170228,000000,10,10,10,10,0,0
GEM_MV,D,20170301,000000,10,10,10,10,0,0
GEM_MV,D,20170302,000000,10,10,10,10,0,0
GEM_MV,D,20170303,000000,10,10,10,10,0,0
GEM_MV,D,20170306,000000,10,10,10,10,0,0
GEM_MV,D,20170307,000000,10,10,9,10,0,0
GEM_MV,D,20170308,000000,8,9,8,9,0,0
GEM_MV,D,20170309,000000,10,10,10,10,0,0
GEM_MV,D,20170310,000000,10,10,9,10,0,0
GEM_MV,D,20170313,000000,10,10,10,10,0,0
GEM_MV,D,20170314,000000,8,8,8,8,0,0
GEM_MV,D,20170315,000000,9,10,9,10,0,0
GEM_MV,D,20170316,000000,10,10,10,10,0,0
GEM_MV,D,20170320,000000,10,10,10,10,0,0
GEM_MV,D,20170321,000000,8,9,8,9,0,0
GEM_MV,D,20170322,000000,9,9,9,9,0,0
GEM_MV,D,20170323,000000,9,10,9,10,0,0
GEM_MV,D,20170324,000000,10,10,8,10,0,0
GEM_MV,D,20170327,000000,10,10,10,10,0,0
GEM_MV,D,20170328,000000,10,10,10,10,0,0
GEM_MV,D,20170329,000000,10,10,10,10,0,0
GEM_MV,D,20170330,000000,10,10,8,8,0,0
GEM_MV,D,20170331,000000,9,9,9,9,0,0
GEM_MV,D,20170403,000000,9,10,9,9,0,0
GEM_MV,D,20170404,000000,10,10,10,10,0,0
GEM_MV,D,20170405,000000,10,10,10,10,0,0
GEM_MV,D,20170407,000000,10,10,10,10,0,0
GEM_MV,D,20170412,000000,9,10,9,10,0,0
GEM_MV,D,20170419,000000,9,9,9,9,0,0
GEM_MV,D,20170420,000000,10,10,10,10,0,0
GEM_MV,D,20170421,000000,10,10,10,10,0,0
GEM_MV,D,20170424,000000,10,10,10,10,0,0
GEM_MV,D,20170425,000000,10,10,8,10,0,0
GEM_MV,D,20170426,000000,10,10,10,10,0,0
GEM_MV,D,20170428,000000,10,10,10,10,0,0
GEM_MV,D,20170502,000000,10,10,9,9,0,0
GEM_MV,D,20170504,000000,9,9,9,9,0,0
GEM_MV,D,20170505,000000,9,9,9,9,0,0
GEM_MV,D,20170508,000000,9,9,9,9,0,0
GEM_MV,D,20170509,000000,9,9,9,9,0,0
GEM_MV,D,20170510,000000,10,10,10,10,0,0
GEM_MV,D,20170511,000000,9,10,9,10,0,0
GEM_MV,D,20170512,000000,10,10,10,10,0,0
GEM_MV,D,20170515,000000,10,10,10,10,0,0
GEM_MV,D,20170517,000000,10,10,10,10,0,0
GEM_MV,D,20170518,000000,10,10,9,10,0,0
GEM_MV,D,20170519,000000,10,10,10,10,0,0
GEM_MV,D,20170523,000000,10,10,10,10,0,0
GEM_MV,D,20170524,000000,10,10,10,10,0,0
GEM_MV,D,20170525,000000,10,10,10,10,0,0
GEM_MV,D,20170526,000000,10,10,10,10,0,0
GEM_MV,D,20170529,000000,10,10,9,9,0,0
GEM_MV,D,20170530,000000,9,9,9,9,0,0
GEM_MV,D,20170531,000000,10,10,10,10,0,0
GEM_MV,D,20170601,000000,10,10,9,9,0,0
GEM_MV,D,20170602,000000,10,10,10,10,0,0
GEM_MV,D,20170605,000000,10,10,10,10,0,0
GEM_MV,D,20170606,000000,10,10,10,10,0,0
GEM_MV,D,20170607,000000,10,10,10,10,0,0
GEM_MV,D,20170608,000000,10,10,10,10,0,0
GEM_MV,D,20170609,000000,10,10,10,10,0,0
GEM_MV,D,20170612,000000,10,10,10,10,0,0
GEM_MV,D,20170613,000000,10,10,10,10,0,0
GEM_MV,D,20170614,000000,10,10,10,10,0,0
GEM_MV,D,20170616,000000,10,10,10,10,0,0
GEM_MV,D,20170619,000000,10,10,10,10,0,0
GEM_MV,D,20170620,000000,10,10,10,10,0,0
GEM_MV,D,20170621,000000,10,10,10,10,0,0
GEM_MV,D,20170622,000000,10,10,9,10,0,0
GEM_MV,D,20170623,000000,10,10,10,10,0,0
GEM_MV,D,20170626,000000,10,10,10,10,0,0
GEM_MV,D,20170627,000000,10,10,10,10,0,0
GEM_MV,D,20170628,000000,10,10,10,10,0,0
GEM_MV,D,20170629,000000,10,10,10,10,0,0
GEM_MV,D,20170630,000000,10,10,10,10,0,0
GEM_MV,D,20170703,000000,10,10,10,10,0,0
GEM_MV,D,20170704,000000,10,10,10,10,0,0
GEM_MV,D,20170705,000000,10,10,10,10,0,0
GEM_MV,D,20170706,000000,10,10,10,10,0,0
GEM_MV,D,20170707,000000,10,10,10,10,0,0
GEM_MV,D,20170710,000000,10,10,10,10,0,0
GEM_MV,D,20170711,000000,10,10,8,10,0,0
GEM_MV,D,20170712,000000,10,10,10,10,0,0
GEM_MV,D,20170713,000000,10,10,10,10,0,0
GEM_MV,D,20170714,000000,10,10,10,10,0,0
GEM_MV,D,20170717,000000,10,10,10,10,0,0
GEM_MV,D,20170718,000000,10,10,9,10,0,0
GEM_MV,D,20170719,000000,10,10,10,10,0,0
GEM_MV,D,20170720,000000,10,10,10,10,0,0
GEM_MV,D,20170721,000000,10,10,10,10,0,0
GEM_MV,D,20170724,000000,10,10,10,10,0,0
GEM_MV,D,20170725,000000,10,10,10,10,0,0
GEM_MV,D,20170726,000000,10,10,10,10,0,0
GEM_MV,D,20170727,000000,10,10,10,10,0,0
GEM_MV,D,20170728,000000,10,10,10,10,0,0
GEM_MV,D,20170731,000000,10,10,10,10,0,0
GEM_MV,D,20170801,000000,10,10,10,10,0,0
GEM_MV,D,20170802,000000,10,10,10,10,0,0
GEM_MV,D,20170803,000000,10,10,10,10,0,0
GEM_MV,D,20170804,000000,10,10,10,10,0,0
GEM_MV,D,20170807,000000,10,10,10,10,0,0
GEM_MV,D,20170808,000000,10,10,10,10,0,0
GEM_MV,D,20170809,000000,9,10,9,10,0,0
GEM_MV,D,20170810,000000,10,10,10,10,0,0
GEM_MV,D,20170811,000000,10,10,10,10,0,0
GEM_MV,D,20170814,000000,10,10,10,10,0,0
GEM_MV,D,20170816,000000,10,10,10,10,0,0
GEM_MV,D,20170817,000000,10,10,9,9,0,0
GEM_MV,D,20170818,000000,10,10,10,10,0,0
GEM_MV,D,20170821,000000,10,10,10,10,0,0
GEM_MV,D,20170822,000000,10,10,10,10,0,0
GEM_MV,D,20170823,000000,10,10,10,10,0,0
GEM_MV,D,20170824,000000,10,10,10,10,0,0
GEM_MV,D,20170825,000000,10,10,10,10,0,0
GEM_MV,D,20170828,000000,10,10,10,10,0,0
GEM_MV,D,20170829,000000,10,10,10,10,0,0
GEM_MV,D,20170830,000000,10,10,10,10,0,0
GEM_MV,D,20170831,000000,10,10,10,10,0,0
GEM_MV,D,20170901,000000,10,10,10,10,0,0
GEM_MV,D,20170904,000000,10,10,10,10,0,0
GEM_MV,D,20170905,000000,10,10,10,10,0,0
GEM_MV,D,20170906,000000,10,10,10,10,0,0
GEM_MV,D,20170907,000000,10,10,10,10,0,0
GEM_MV,D,20170908,000000,10,10,10,10,0,0
GEM_MV,D,20170911,000000,10,10,10,10,0,0
GEM_MV,D,20170912,000000,10,10,10,10,0,0
GEM_MV,D,20170913,000000,10,10,10,10,0,0
GEM_MV,D,20170914,000000,10,10,10,10,0,0
GEM_MV,D,20170915,000000,10,10,10,10,0,0
GEM_MV,D,20170918,000000,10,10,10,10,0,0
GEM_MV,D,20170919,000000,10,10,10,10,0,0
GEM_MV,D,20170920,000000,10,10,10,10,0,0
GEM_MV,D,20170921,000000,10,10,10,10,0,0
GEM_MV,D,20170922,000000,10,10,10,10,0,0
GEM_MV,D,20170925,000000,10,10,10,10,0,0
GEM_MV,D,20170926,000000,10,10,10,10,0,0
GEM_MV,D,20170927,000000,10,10,10,10,0,0
GEM_MV,D,20170928,000000,10,10,10,10,0,0
GEM_MV,D,20170929,000000,10,10,10,10,0,0
GEM_MV,D,20171002,000000,10,10,10,10,0,0
GEM_MV,D,20171003,000000,10,12,10,12,0,0
GEM_MV,D,20171004,000000,12,12,12,12,0,0
GEM_MV,D,20171005,000000,12,12,11,11,0,0
GEM_MV,D,20171006,000000,12,12,12,12,0,0
GEM_MV,D,20171009,000000,12,12,12,12,0,0
GEM_MV,D,20171010,000000,11,11,11,11,0,0
GEM_MV,D,20171011,000000,11,11,11,11,0,0
GEM_MV,D,20171012,000000,11,11,11,11,0,0
GEM_MV,D,20171030,000000,11,11,11,11,0,0
GEM_MV,D,20171031,000000,11,11,11,11,0,0
GEM_MV,D,20171102,000000,11,11,11,11,0,0
GEM_MV,D,20171103,000000,11,11,11,11,0,0
GEM_MV,D,20171107,000000,11,11,11,11,0,0
GEM_MV,D,20171108,000000,11,11,11,11,0,0
GEM_MV,D,20171109,000000,11,11,11,11,0,0
GEM_MV,D,20171113,000000,11,11,11,11,0,0
GEM_MV,D,20171116,000000,11,11,11,11,0,0
GEM_MV,D,20171120,000000,11,11,11,11,0,0
GEM_MV,D,20171121,000000,11,11,11,11,0,0
GEM_MV,D,20171122,000000,11,11,11,11,0,0
GEM_MV,D,20171123,000000,11,11,11,11,0,0
GEM_MV,D,20171124,000000,11,11,11,11,0,0
GEM_MV,D,20171127,000000,11,11,11,11,0,0
GEM_MV,D,20171128,000000,11,11,11,11,0,0
GEM_MV,D,20171129,000000,11,11,11,11,0,0
GEM_MV,D,20171130,000000,11,11,11,11,0,0
GEM_MV,D,20171201,000000,11,11,11,11,0,0
GEM_MV,D,20171204,000000,11,11,11,11,0,0
GEM_MV,D,20171205,000000,11,11,11,11,0,0
GEM_MV,D,20171206,000000,11,11,11,11,0,0
GEM_MV,D,20171207,000000,11,11,11,11,0,0
GEM_MV,D,20171211,000000,10,10,10,10,0,0
GEM_MV,D,20171212,000000,10,10,10,10,0,0
GEM_MV,D,20171214,000000,10,10,10,10,0,0
GEM_MV,D,20171215,000000,10,10,10,10,0,0
GEM_MV,D,20171218,000000,10,10,10,10,0,0
GEM_MV,D,20171219,000000,10,10,10,10,0,0
GEM_MV,D,20171220,000000,10,10,10,10,0,0
GEM_MV,D,20171221,000000,10,10,10,10,0,0
GEM_MV,D,20171222,000000,10,10,10,10,0,0
GEM_MV,D,20171227,000000,10,10,9,10,0,0
GEM_MV,D,20171228,000000,11,11,11,11,0,0
GEM_MV,D,20171229,000000,11,11,11,11,0,0
GEM_MV,D,20180103,000000,11,11,11,11,0,0
GEM_MV,D,20180104,000000,11,11,11,11,0,0
GEM_MV,D,20180108,000000,11,11,11,11,0,0
GEM_MV,D,20180109,000000,11,11,11,11,0,0
GEM_MV,D,20180110,000000,11,11,11,11,0,0
GEM_MV,D,20180111,000000,11,11,11,11,0,0
GEM_MV,D,20180112,000000,11,11,11,11,0,0
GEM_MV,D,20180115,000000,11,11,11,11,0,0
GEM_MV,D,20180116,000000,11,11,11,11,0,0
GEM_MV,D,20180117,000000,11,11,11,11,0,0
GEM_MV,D,20180118,000000,11,11,11,11,0,0
GEM_MV,D,20180119,000000,11,11,11,11,0,0
GEM_MV,D,20180122,000000,11,11,11,11,0,0
GEM_MV,D,20180123,000000,11,11,11,11,0,0
GEM_MV,D,20180124,000000,11,11,11,11,0,0
GEM_MV,D,20180125,000000,11,11,11,11,0,0
GEM_MV,D,20180126,000000,11,11,11,11,0,0
GEM_MV,D,20180129,000000,11,11,11,11,0,0
GEM_MV,D,20180131,000000,7,8,7,7,0,0
GEM_MV,D,20180201,000000,7,7,7,7,0,0
GEM_MV,D,20180202,000000,7,7,7,7,0,0
GEM_MV,D,20180205,000000,7,7,7,7,0,0
GEM_MV,D,20180206,000000,7,7,7,7,0,0
GEM_MV,D,20180207,000000,7,7,7,7,0,0
GEM_MV,D,20180208,000000,7,7,6,6,0,0
GEM_MV,D,20180209,000000,7,7,7,7,0,0
GEM_MV,D,20180212,000000,7,7,7,7,0,0
GEM_MV,D,20180213,000000,7,7,7,7,0,0
GEM_MV,D,20180215,000000,7,7,7,7,0,0
GEM_MV,D,20180216,000000,7,7,7,7,0,0
GEM_MV,D,20180219,000000,7,7,7,7,0,0
GEM_MV,D,20180226,000000,7,7,7,7,0,0
GEM_MV,D,20180227,000000,7,7,7,7,0,0
GEM_MV,D,20180228,000000,7,7,7,7,0,0
GEM_MV,D,20180301,000000,6,6,6,6,0,0
GEM_MV,D,20180305,000000,6,7,6,7,0,0
GEM_MV,D,20180306,000000,7,7,6,7,0,0
GEM_MV,D,20180307,000000,7,7,7,7,0,0
GEM_MV,D,20180308,000000,7,7,7,7,0,0
GEM_MV,D,20180309,000000,7,7,7,7,0,0
GEM_MV,D,20180312,000000,7,7,7,7,0,0
GEM_MV,D,20180314,000000,7,7,7,7,0,0
GEM_MV,D,20180315,000000,7,7,7,7,0,0
GEM_MV,D,20180316,000000,7,7,7,7,0,0
GEM_MV,D,20180319,000000,7,7,7,7,0,0
GEM_MV,D,20180329,000000,7,7,7,7,0,0
GEM_MV,D,20180403,000000,7,7,7,7,0,0
GEM_MV,D,20180404,000000,6,6,6,6,0,0
GEM_MV,D,20180409,000000,6,6,6,6,0,0
GEM_MV,D,20180413,000000,6,6,6,6,0,0
GEM_MV,D,20180416,000000,6,6,6,6,0,0
GEM_MV,D,20180417,000000,6,6,6,6,0,0
GEM_MV,D,20180419,000000,6,6,6,6,0,0
GEM_MV,D,20180420,000000,6,6,6,6,0,0
GEM_MV,D,20180423,000000,6,6,6,6,0,0
GEM_MV,D,20180426,000000,6,6,6,6,0,0
GEM_MV,D,20180427,000000,6,6,6,6,0,0
GEM_MV,D,20180430,000000,6,6,6,6,0,0
GEM_MV,D,20180504,000000,6,6,6,6,0,0
GEM_MV,D,20180508,000000,6,6,6,6,0,0
GEM_MV,D,20180509,000000,6,6,6,6,0,0
GEM_MV,D,20180516,000000,6,6,6,6,0,0
GEM_MV,D,20180522,000000,6,6,6,6,0,0
GEM_MV,D,20180523,000000,6,6,6,6,0,0
GEM_MV,D,20180524,000000,6,6,6,6,0,0
GEM_MV,D,20180529,000000,6,6,6,6,0,0
GEM_MV,D,20180530,000000,6,6,6,6,0,0
GEM_MV,D,20180601,000000,6,6,6,6,0,0
GEM_MV,D,20180606,000000,6,6,6,6,0,0
GEM_MV,D,20180607,000000,5,6,5,6,0,0
GEM_MV,D,20180608,000000,6,6,6,6,0,0
GEM_MV,D,20180611,000000,6,6,6,6,0,0
GEM_MV,D,20180612,000000,6,6,6,6,0,0
GEM_MV,D,20180613,000000,6,6,6,6,0,0
GEM_MV,D,20180615,000000,6,6,6,6,0,0
GEM_MV,D,20180618,000000,6,6,6,6,0,0
GEM_MV,D,20180621,000000,6,6,6,6,0,0
GEM_MV,D,20180622,000000,6,6,6,6,0,0
GEM_MV,D,20180625,000000,6,6,6,6,0,0
GEM_MV,D,20180626,000000,6,6,6,6,0,0
GEM_MV,D,20180627,000000,6,6,6,6,0,0
GEM_MV,D,20180628,000000,6,6,6,6,0,0
GEM_MV,D,20180629,000000,6,6,6,6,0,0
GEM_MV,D,20180702,000000,6,6,6,6,0,0
GEM_MV,D,20180703,000000,6,6,6,6,0,0
GEM_MV,D,20180704,000000,6,6,6,6,0,0
GEM_MV,D,20180705,000000,6,6,6,6,0,0
GEM_MV,D,20180706,000000,6,6,5,6,0,0
GEM_MV,D,20180709,000000,6,6,6,6,0,0
GEM_MV,D,20180710,000000,6,6,6,6,0,0
GEM_MV,D,20180711,000000,6,6,6,6,0,0
GEM_MV,D,20180712,000000,6,6,6,6,0,0
GEM_MV,D,20180713,000000,6,6,6,6,0,0
GEM_MV,D,20180716,000000,6,6,6,6,0,0
GEM_MV,D,20180717,000000,6,6,6,6,0,0
GEM_MV,D,20180718,000000,6,6,6,6,0,0
GEM_MV,D,20180719,000000,6,6,6,6,0,0
GEM_MV,D,20180720,000000,6,6,6,6,0,0
GEM_MV,D,20180723,000000,6,6,6,6,0,0
GEM_MV,D,20180724,000000,6,6,6,6,0,0
GEM_MV,D,20180725,000000,6,6,6,6,0,0
GEM_MV,D,20180726,000000,6,6,6,6,0,0
GEM_MV,D,20180727,000000,6,6,6,6,0,0
GEM_MV,D,20180730,000000,6,6,6,6,0,0
GEM_MV,D,20180731,000000,6,6,6,6,0,0
GEM_MV,D,20180801,000000,6,6,6,6,0,0
GEM_MV,D,20180802,000000,6,6,6,6,0,0
GEM_MV,D,20180803,000000,6,6,6,6,0,0
GEM_MV,D,20180806,000000,6,6,6,6,0,0
GEM_MV,D,20180807,000000,6,6,6,6,0,0
GEM_MV,D,20180808,000000,6,6,6,6,0,0
GEM_MV,D,20180809,000000,6,6,6,6,0,0
GEM_MV,D,20180813,000000,6,6,6,6,0,0
GEM_MV,D,20180814,000000,6,6,6,6,0,0
GEM_MV,D,20180816,000000,6,6,6,6,0,0
GEM_MV,D,20180820,000000,6,6,6,6,0,0
GEM_MV,D,20180821,000000,6,6,6,6,0,0
GEM_MV,D,20180822,000000,6,6,6,6,0,0
GEM_MV,D,20180823,000000,6,6,6,6,0,0
GEM_MV,D,20180824,000000,6,6,6,6,0,0
GEM_MV,D,20180827,000000,6,6,6,6,0,0
GEM_MV,D,20180828,000000,6,6,6,6,0,0
GEM_MV,D,20180829,000000,6,6,6,6,0,0
GEM_MV,D,20180830,000000,6,6,6,6,0,0
GEM_MV,D,20180831,000000,6,6,6,6,0,0
GEM_MV,D,20180903,000000,6,6,6,6,0,0
GEM_MV,D,20180904,000000,6,6,6,6,0,0
GEM_MV,D,20180905,000000,6,6,6,6,0,0
GEM_MV,D,20180906,000000,6,6,6,6,0,0
GEM_MV,D,20180907,000000,6,6,6,6,0,0
GEM_MV,D,20180910,000000,6,6,6,6,0,0
GEM_MV,D,20180911,000000,5,5,5,5,0,0
GEM_MV,D,20180912,000000,5,5,5,5,0,0
GEM_MV,D,20180913,000000,5,5,5,5,0,0
GEM_MV,D,20180914,000000,5,5,5,5,0,0
GEM_MV,D,20180917,000000,5,5,5,5,0,0
GEM_MV,D,20180918,000000,5,5,5,5,0,0
GEM_MV,D,20180921,000000,5,5,5,5,0,0
GEM_MV,D,20180924,000000,5,5,5,5,0,0
GEM_MV,D,20180925,000000,5,5,5,5,0,0
GEM_MV,D,20180926,000000,5,5,5,5,0,0
GEM_MV,D,20181001,000000,5,5,5,5,0,0
GEM_MV,D,20181002,000000,5,5,5,5,0,0
GEM_MV,D,20181004,000000,5,5,5,5,0,0
GEM_MV,D,20181005,000000,5,5,5,5,0,0
GEM_MV,D,20181009,000000,5,5,5,5,0,0
GEM_MV,D,20181010,000000,5,5,5,5,0,0
GEM_MV,D,20181011,000000,5,5,5,5,0,0
GEM_MV,D,20181012,000000,5,5,5,5,0,0
GEM_MV,D,20181015,000000,5,5,5,5,0,0
GEM_MV,D,20181016,000000,5,5,5,5,0,0
GEM_MV,D,20181017,000000,5,5,5,5,0,0
GEM_MV,D,20181018,000000,5,5,5,5,0,0
GEM_MV,D,20181019,000000,5,5,5,5,0,0
GEM_MV,D,20181022,000000,5,5,5,5,0,0
GEM_MV,D,20181023,000000,5,5,5,5,0,0
GEM_MV,D,20181024,000000,5,5,5,5,0,0
GEM_MV,D,20181025,000000,5,5,5,5,0,0
GEM_MV,D,20181026,000000,5,5,5,5,0,0
GEM_MV,D,20181029,000000,5,5,5,5,0,0
GEM_MV,D,20181030,000000,5,5,5,5,0,0
GEM_MV,D,20181031,000000,5,5,5,5,0,0
GEM_MV,D,20181102,000000,5,6,5,6,0,0
GEM_MV,D,20181105,000000,6,6,6,6,0,0
GEM_MV,D,20181106,000000,6,6,6,6,0,0
GEM_MV,D,20181108,000000,6,6,6,6,0,0
GEM_MV,D,20181109,000000,6,6,4,4,0,0
GEM_MV,D,20181113,000000,5,5,5,5,0,0
GEM_MV,D,20181114,000000,5,5,5,5,0,0
GEM_MV,D,20181115,000000,5,5,5,5,0,0
GEM_MV,D,20181116,000000,5,5,5,5,0,0
GEM_MV,D,20181119,000000,5,5,5,5,0,0
GEM_MV,D,20181120,000000,6,6,6,6,0,0
GEM_MV,D,20181121,000000,6,6,6,6,0,0
GEM_MV,D,20181122,000000,6,6,6,6,0,0
GEM_MV,D,20181123,000000,6,6,6,6,0,0
GEM_MV,D,20181126,000000,6,6,6,6,0,0
GEM_MV,D,20181127,000000,6,6,6,6,0,0
GEM_MV,D,20181128,000000,6,6,6,6,0,0
GEM_MV,D,20181129,000000,6,6,6,6,0,0
GEM_MV,D,20181130,000000,6,6,6,6,0,0
GEM_MV,D,20181203,000000,6,6,6,6,0,0
GEM_MV,D,20181204,000000,6,6,6,6,0,0
GEM_MV,D,20181206,000000,6,6,6,6,0,0
GEM_MV,D,20181212,000000,6,6,6,6,0,0
GEM_MV,D,20181219,000000,5,5,5,5,0,0
GEM_MV,D,20181221,000000,5,5,5,5,0,0
GEM_MV,D,20181228,000000,6,6,6,6,0,0
GEM_MV,D,20190102,000000,6,6,6,6,0,0
GEM_MV,D,20190103,000000,6,6,6,6,0,0
GEM_MV,D,20190104,000000,6,6,6,6,0,0
GEM_MV,D,20190107,000000,6,6,6,6,0,0
GEM_MV,D,20190109,000000,6,6,6,6,0,0
GEM_MV,D,20190110,000000,6,6,6,6,0,0
GEM_MV,D,20190111,000000,6,6,6,6,0,0
GEM_MV,D,20190114,000000,6,6,6,6,0,0
GEM_MV,D,20190115,000000,6,6,6,6,0,0
GEM_MV,D,20190117,000000,6,6,6,6,0,0
GEM_MV,D,20190118,000000,6,6,6,6,0,0
GEM_MV,D,20190121,000000,6,6,6,6,0,0
GEM_MV,D,20190122,000000,6,6,6,6,0,0
GEM_MV,D,20190123,000000,6,6,6,6,0,0
GEM_MV,D,20190125,000000,6,6,6,6,0,0
GEM_MV,D,20190130,000000,6,6,6,6,0,0
GEM_MV,D,20190131,000000,6,6,6,6,0,0
GEM_MV,D,20190201,000000,6,6,6,6,0,0
GEM_MV,D,20190204,000000,6,6,6,6,0,0
GEM_MV,D,20190205,000000,6,6,6,6,0,0
GEM_MV,D,20190206,000000,6,6,6,6,0,0
GEM_MV,D,20190207,000000,6,6,6,6,0,0
GEM_MV,D,20190208,000000,6,6,6,6,0,0
GEM_MV,D,20190211,000000,6,6,6,6,0,0
GEM_MV,D,20190212,000000,6,6,6,6,0,0
GEM_MV,D,20190213,000000,6,6,6,6,0,0
GEM_MV,D,20190214,000000,6,6,6,6,0,0
GEM_MV,D,20190215,000000,6,6,6,6,0,0
GEM_MV,D,20190315,000000,6,6,6,6,0,0
GEM_MV,D,20190319,000000,6,6,6,6,0,0
GEM_MV,D,20190322,000000,6,6,6,6,0,0
GEM_MV,D,20190325,000000,6,6,6,6,0,0
GEM_MV,D,20190327,000000,6,6,6,6,0,0
GEM_MV,D,20190401,000000,7.75,7.75,7.75,7.75,0,0
GEM_MV,D,20190402,000000,7.6,7.6,7.6,7.6,0,0
GEM_MV,D,20190403,000000,7.6,7.6,7.6,7.6,0,0
GEM_MV,D,20190409,000000,7.55,7.55,7.55,7.55,0,0
GEM_MV,D,20190410,000000,7.55,7.55,7.55,7.55,0,0
GEM_MV,D,20190424,000000,5.3,6.75,5.3,6.75,0,0
GEM_MV,D,20190506,000000,6.5,6.5,6.5,6.5,0,0
GEM_MV,D,20190510,000000,7,7,7,7,0,0
GEM_MV,D,20190531,000000,7.9,7.9,7.9,7.9,0,0
GEM_MV,D,20190603,000000,7.15,7.15,7.15,7.15,0,0
GEM_MV,D,20190604,000000,5.05,6,5.05,6,0,0
GEM_MV,D,20190605,000000,7,7,7,7,0,0
GEM_MV,D,20190611,000000,7.85,7.85,7.8,7.8,0,0
GEM_MV,D,20190612,000000,7.95,7.95,5.6,5.6,0,0
GEM_MV,D,20190613,000000,5.6,5.9,5.6,5.9,0,0
GEM_MV,D,20190614,000000,5.9,5.9,5.9,5.9,0,0
GEM_MV,D,20190619,000000,5,6.5,5,6.5,0,0
GEM_MV,D,20190705,000000,5.95,5.95,5.95,5.95,0,0
GEM_MV,D,20190723,000000,6.05,6.05,6.05,6.05,0,0
GEM_MV,D,20190729,000000,6.5,6.5,5,5,0,0
GEM_MV,D,20190816,000000,5,6.5,5,6.5,0,0
GEM_MV,D,20190828,000000,6.25,6.25,6.25,6.25,0,0
GEM_MV,D,20190904,000000,6.45,6.5,6.45,6.5,0,0
GEM_MV,D,20190906,000000,6.05,6.05,6.05,6.05,0,0
GEM_MV,D,20190920,000000,6.4,6.4,6.4,6.4,0,0
GEM_MV,D,20190925,000000,6.95,7,6.95,7,0,0
GEM_MV,D,20190926,000000,6,6,5,5,0,0
GEM_MV,D,20190930,000000,4.5,5,4.5,5,0,0
GEM_MV,D,20191002,000000,3.5,4.55,3,4.55,0,0
GEM_MV,D,20191009,000000,5,5,5,5,0,0
GEM_MV,D,20191011,000000,5,6,5,6,0,0
GEM_MV,D,20191115,000000,5.7,5.7,5.7,5.7,0,0
GEM_MV,D,20191118,000000,5.7,5.7,5.7,5.7,0,0
GEM_MV,D,20191126,000000,4.5,4.5,4.5,4.5,0,0
GEM_MV,D,20191202,000000,4.95,4.95,4.95,4.95,0,0
GEM_MV,D,20191203,000000,3.5,3.5,3.5,3.5,0,0
GEM_MV,D,20191204,000000,4,4,4,4,0,0
GEM_MV,D,20191212,000000,3.5,3.5,3.5,3.5,0,0
GEM_MV,D,20191219,000000,4,4,4,4,0,0
GEM_MV,D,20200102,000000,4.5,4.5,4.5,4.5,0,0
GEM_MV,D,20200124,000000,4,4,4,4,0,0
GEM_MV,D,20200131,000000,4.5,5.8,4.5,5.8,0,0
GEM_MV,D,20200203,000000,5.8,5.8,5.8,5.8,0,0
GEM_MV,D,20200204,000000,5.8,6.8,5.8,6.8,0,0
GEM_MV,D,20200205,000000,6.8,6.8,6.8,6.8,0,0
GEM_MV,D,20200206,000000,6.7,6.7,6.7,6.7,0,0
GEM_MV,D,20200213,000000,6,6,6,6,0,0
GEM_MV,D,20200214,000000,6,6,6,6,0,0
GEM_MV,D,20200219,000000,5,5,5,5,0,0
GEM_MV,D,20200220,000000,3.5,4.55,3.5,4.55,0,0
GEM_MV,D,20200224,000000,3.65,4.5,3.65,3.65,0,0
GEM_MV,D,20200225,000000,3.65,3.65,3.65,3.65,0,0
GEM_MV,D,20200226,000000,3.65,3.65,3.55,3.55,0,0
GEM_MV,D,20200302,000000,4,4,4,4,0,0
GEM_MV,D,20200303,000000,3.55,3.55,3.55,3.55,0,0
GEM_MV,D,20200313,000000,3.5,3.5,3.5,3.5,0,0
GEM_MV,D,20200414,000000,4,4,4,4,0,0
GEM_MV,D,20200415,000000,4,4,4,4,0,0
GEM_MV,D,20200416,000000,3.05,3.05,3.05,3.05,0,0
GEM_MV,D,20200521,000000,3.1,3.1,3.1,3.1,0,0
GEM_MV,D,20200602,000000,4,4,4,4,0,0
GEM_MV,D,20200604,000000,5,5,5,5,0,0
GEM_MV,D,20200605,000000,6,6,6,6,0,0
GEM_MV,D,20200609,000000,6.45,6.45,6.45,6.45,0,0
GEM_MV,D,20200610,000000,6.45,6.45,6.45,6.45,0,0
GEM_MV,D,20200612,000000,6.4,6.4,6.4,6.4,0,0
GEM_MV,D,20200615,000000,6.3,6.3,6.3,6.3,0,0
GEM_MV,D,20200616,000000,6.4,6.4,6.4,6.4,0,0
GEM_MV,D,20200617,000000,6.3,6.3,6.3,6.3,0,0
GEM_MV,D,20200619,000000,6.3,6.3,6.3,6.3,0,0
GEM_MV,D,20200702,000000,6.1,6.1,6.1,6.1,0,0
GEM_MV,D,20200707,000000,6.1,6.1,6.1,6.1,0,0
GEM_MV,D,20200710,000000,6.1,6.1,6.1,6.1,0,0
GEM_MV,D,20200713,000000,6,6,6,6,0,0
GEM_MV,D,20200722,000000,6.6,6.6,6.6,6.6,0,0
GEM_MV,D,20200723,000000,6.9,6.9,6.9,6.9,0,0
GEM_MV,D,20200724,000000,6.9,6.9,6.9,6.9,0,0
GEM_MV,D,20200731,000000,7,7,7,7,0,0
GEM_MV,D,20200803,000000,7,7.2,7,7.2,0,0
GEM_MV,D,20200804,000000,9,9,9,9,0,0
