<TICKER>,<PER>,<DATE>,<TIME>,<OPEN>,<HIGH>,<LOW>,<CLOSE>,<VOL>,<OPENINT>
GTY_PE,D,20140220,000000,4.3,4.3,4.3,4.3,0,0
GTY_PE,D,20140324,000000,4.3,4.3,4.3,4.3,0,0
GTY_PE,D,20140325,000000,4.3,4.3,4.3,4.3,0,0
GTY_PE,D,20140326,000000,4.2,4.2,4.1,4.1,0,0
GTY_PE,D,20140401,000000,4.1,4.7,4.1,4.7,0,0
GTY_PE,D,20140402,000000,5.3,5.3,5.3,5.3,0,0
GTY_PE,D,20140407,000000,4.4,4.4,4.3,4.3,0,0
GTY_PE,D,20140423,000000,4.3,5.1,4.3,5.1,0,0
GTY_PE,D,20140424,000000,4.3,4.5,4.3,4.5,0,0
GTY_PE,D,20140425,000000,3.9,3.9,3.6,3.6,0,0
GTY_PE,D,20140506,000000,4.2,4.6,4.2,4.6,0,0
GTY_PE,D,20140509,000000,4.6,5.5,4.6,5.5,0,0
GTY_PE,D,20140512,000000,5.9,5.9,5.8,5.8,0,0
GTY_PE,D,20140513,000000,5.8,6.2,5.8,6.1,0,0
GTY_PE,D,20140514,000000,6.1,7.3,5.3,5.3,0,0
GTY_PE,D,20140516,000000,5.3,5.3,5.3,5.3,0,0
GTY_PE,D,20140520,000000,5.3,5.3,4.2,4.3,0,0
GTY_PE,D,20140521,000000,4.3,4.3,3.7,3.7,0,0
GTY_PE,D,20140522,000000,3.6,3.6,3.5,3.5,0,0
GTY_PE,D,20140526,000000,3.5,3.5,3.5,3.5,0,0
GTY_PE,D,20140617,000000,3.5,3.8,3.5,3.8,0,0
GTY_PE,D,20140625,000000,4,4,3.5,3.5,0,0
GTY_PE,D,20140626,000000,3.5,3.5,3.5,3.5,0,0
GTY_PE,D,20140702,000000,2.4,2.4,2.4,2.4,0,0
GTY_PE,D,20140716,000000,2.8,2.8,2.5,2.5,0,0
GTY_PE,D,20140722,000000,2.7,2.9,2.7,2.8,0,0
GTY_PE,D,20140806,000000,2.8,3.1,2.8,3.1,0,0
GTY_PE,D,20140807,000000,3.2,3.5,3.2,3.5,0,0
GTY_PE,D,20140808,000000,3.1,3.5,3.1,3.5,0,0
GTY_PE,D,20140819,000000,3.5,3.8,3.5,3.5,0,0
GTY_PE,D,20140820,000000,2.9,2.9,2.5,2.6,0,0
GTY_PE,D,20140821,000000,2.6,2.9,2.6,2.9,0,0
GTY_PE,D,20140825,000000,2.9,3.2,2.9,3.2,0,0
GTY_PE,D,20140827,000000,3.1,3.1,3.1,3.1,0,0
GTY_PE,D,20140902,000000,3.1,4.2,3.1,4.2,0,0
GTY_PE,D,20140903,000000,4.2,4.5,4.2,4.4,0,0
GTY_PE,D,20140905,000000,3.8,4.4,3.2,4.4,0,0
GTY_PE,D,20140908,000000,3.8,3.8,3.2,3.8,0,0
GTY_PE,D,20140911,000000,3.9,3.9,3.9,3.9,0,0
GTY_PE,D,20140912,000000,4.2,4.2,4.2,4.2,0,0
GTY_PE,D,20140915,000000,3.6,3.6,3.2,3.2,0,0
GTY_PE,D,20140919,000000,3.2,3.5,3.2,3.5,0,0
GTY_PE,D,20140922,000000,2.9,2.9,2.5,2.6,0,0
GTY_PE,D,20140926,000000,2.6,2.6,2.6,2.6,0,0
GTY_PE,D,20141015,000000,3.1,3.1,3.1,3.1,0,0
GTY_PE,D,20141021,000000,2.9,2.9,2.9,2.9,0,0
GTY_PE,D,20141119,000000,3.1,3.2,3.1,3.2,0,0
GTY_PE,D,20141124,000000,2.8,2.8,2.6,2.6,0,0
GTY_PE,D,20141212,000000,2.8,2.8,2.8,2.8,0,0
GTY_PE,D,20141216,000000,2.5,2.5,2.5,2.5,0,0
GTY_PE,D,20141218,000000,2.6,2.6,2.4,2.4,0,0
GTY_PE,D,20141222,000000,2.3,2.3,2.3,2.3,0,0
GTY_PE,D,20141223,000000,2,2,1.9,1.9,0,0
GTY_PE,D,20150102,000000,2.3,2.3,2.3,2.3,0,0
GTY_PE,D,20150109,000000,2.3,2.3,2.3,2.3,0,0
GTY_PE,D,20150113,000000,2.3,2.9,2.3,2.9,0,0
GTY_PE,D,20150114,000000,2.9,3.5,2.9,3.3,0,0
GTY_PE,D,20150116,000000,4,4,3.3,3.5,0,0
GTY_PE,D,20150119,000000,3.2,3.9,3.2,3.9,0,0
GTY_PE,D,20150120,000000,3.4,3.8,3.4,3.5,0,0
GTY_PE,D,20150121,000000,3.6,4.1,3.6,3.8,0,0
GTY_PE,D,20150122,000000,3.5,3.5,2.8,2.8,0,0
GTY_PE,D,20150123,000000,3.1,3.5,3,3.2,0,0
GTY_PE,D,20150126,000000,3.4,3.8,2.9,3.8,0,0
GTY_PE,D,20150127,000000,3.2,3.2,3.2,3.2,0,0
GTY_PE,D,20150128,000000,3.2,3.8,3.2,3.5,0,0
GTY_PE,D,20150130,000000,3.2,3.8,3.2,3.4,0,0
GTY_PE,D,20150203,000000,3.2,3.2,3.2,3.2,0,0
GTY_PE,D,20150210,000000,3.2,3.5,3.2,3.5,0,0
GTY_PE,D,20150211,000000,3.4,3.4,3.4,3.4,0,0
GTY_PE,D,20160215,000000,46.1,46.1,46.1,46.1,0,0
GTY_PE,D,20160216,000000,41.2,44.9,41.2,44.9,0,0
GTY_PE,D,20160217,000000,47.9,54.6,47.9,54.6,0,0
GTY_PE,D,20160218,000000,54.6,57.5,54.6,57.5,0,0
GTY_PE,D,20160219,000000,53.6,62.6,53.6,62.6,0,0
GTY_PE,D,20160222,000000,55,60.3,54.3,54.3,0,0
GTY_PE,D,20160223,000000,55,55,45.6,50.7,0,0
GTY_PE,D,20160224,000000,46.1,46.8,46.1,46.1,0,0
GTY_PE,D,20160225,000000,42.7,42.7,42.7,42.7,0,0
GTY_PE,D,20160226,000000,41.4,42.8,38.9,42.8,0,0
GTY_PE,D,20160229,000000,46.3,50.1,45.6,50.1,0,0
GTY_PE,D,20160303,000000,45.6,48.3,45.6,48.3,0,0
GTY_PE,D,20160304,000000,43.9,48.3,42.8,48.3,0,0
GTY_PE,D,20160311,000000,48.3,57,48.3,57,0,0
GTY_PE,D,20160314,000000,55.3,66.4,55.3,66.4,0,0
GTY_PE,D,20160315,000000,64.2,77,63.5,67,0,0
GTY_PE,D,20160316,000000,80.4,96.5,64.3,72.3,0,0
GTY_PE,D,20160317,000000,67,80.3,60.3,60.3,0,0
GTY_PE,D,20160318,000000,52.2,61.3,52.2,55.8,0,0
GTY_PE,D,20160321,000000,54.9,56.3,54.9,56.2,0,0
GTY_PE,D,20160322,000000,60.3,60.3,60.3,60.3,0,0
GTY_PE,D,20160323,000000,60.3,70.3,60.3,60.3,0,0
GTY_PE,D,20160324,000000,64.1,64.1,64.1,64.1,0,0
GTY_PE,D,20160329,000000,66.3,66.3,60.3,60.3,0,0
GTY_PE,D,20160330,000000,61.6,66.4,59.6,66.4,0,0
GTY_PE,D,20160401,000000,66.3,66.4,61.7,61.7,0,0
GTY_PE,D,20160404,000000,62,62.1,62,62.1,0,0
GTY_PE,D,20160405,000000,59.7,66.4,55.5,61,0,0
GTY_PE,D,20160406,000000,57,63.5,57,63.5,0,0
GTY_PE,D,20160407,000000,60.4,60.4,57.4,57.4,0,0
GTY_PE,D,20160408,000000,54.1,63.5,54.1,57.4,0,0
GTY_PE,D,20160411,000000,58.1,58.1,58.1,58.1,0,0
GTY_PE,D,20160412,000000,54.7,54.7,51,51,0,0
GTY_PE,D,20160413,000000,48.3,48.3,48.1,48.1,0,0
GTY_PE,D,20160415,000000,51.6,53.6,51.6,53.6,0,0
GTY_PE,D,20160418,000000,54,54,54,54,0,0
GTY_PE,D,20160419,000000,53.3,53.4,53.3,53.4,0,0
GTY_PE,D,20160421,000000,50.2,50.2,50.1,50.1,0,0
GTY_PE,D,20160422,000000,47.3,47.3,47.3,47.3,0,0
GTY_PE,D,20160425,000000,47.3,47.3,46.9,46.9,0,0
GTY_PE,D,20160427,000000,47.6,47.6,47.6,47.6,0,0
GTY_PE,D,20160428,000000,50.7,54,50.3,52,0,0
GTY_PE,D,20160502,000000,52.7,52.7,52.6,52.6,0,0
GTY_PE,D,20160504,000000,49.6,49.6,46.5,47.2,0,0
GTY_PE,D,20160506,000000,46.8,46.9,46.8,46.9,0,0
GTY_PE,D,20160509,000000,44.4,44.4,44.3,44.3,0,0
GTY_PE,D,20160510,000000,47.6,47.6,47.6,47.6,0,0
GTY_PE,D,20160517,000000,44.3,44.9,44.3,44.9,0,0
GTY_PE,D,20160518,000000,44.9,47.5,44.9,47.5,0,0
GTY_PE,D,20160519,000000,46.9,50.9,46.9,50.9,0,0
GTY_PE,D,20160520,000000,50.9,61,49.5,49.5,0,0
GTY_PE,D,20160531,000000,50.8,59.2,49.5,54.3,0,0
GTY_PE,D,20160606,000000,53.6,53.6,53.6,53.6,0,0
GTY_PE,D,20160607,000000,63.9,63.9,63.8,63.8,0,0
GTY_PE,D,20160608,000000,56.1,56.1,56.1,56.1,0,0
GTY_PE,D,20160616,000000,51.6,51.6,51.6,51.6,0,0
GTY_PE,D,20160617,000000,52.8,57.3,52.8,57.2,0,0
GTY_PE,D,20160623,000000,1.9,2,1.9,2,0,0
GTY_PE,D,20160624,000000,1.8,1.8,1.8,1.8,0,0
GTY_PE,D,20160629,000000,1.8,1.9,1.8,1.9,0,0
GTY_PE,D,20160701,000000,1.9,1.9,1.7,1.7,0,0
GTY_PE,D,20160704,000000,1.9,2.2,1.9,2.2,0,0
GTY_PE,D,20160706,000000,2,2.4,2,2.4,0,0
GTY_PE,D,20160707,000000,2.1,2.1,2,2,0,0
GTY_PE,D,20160708,000000,1.9,2,1.9,2,0,0
GTY_PE,D,20160711,000000,2,2.1,2,2.1,0,0
GTY_PE,D,20160712,000000,2,2,1.9,2,0,0
GTY_PE,D,20160718,000000,2,2,1.9,1.9,0,0
GTY_PE,D,20160719,000000,1.9,1.9,1.9,1.9,0,0
GTY_PE,D,20160720,000000,1.9,1.9,1.9,1.9,0,0
GTY_PE,D,20160721,000000,1.9,1.9,1.9,1.9,0,0
GTY_PE,D,20160722,000000,2,2,1.8,1.8,0,0
GTY_PE,D,20160726,000000,1.8,2.1,1.8,1.9,0,0
GTY_PE,D,20160727,000000,2,2.4,2,2.4,0,0
GTY_PE,D,20160728,000000,2.5,2.8,2.5,2.6,0,0
GTY_PE,D,20160729,000000,2.7,3.1,2.2,2.7,0,0
GTY_PE,D,20160801,000000,2.6,2.8,2.6,2.6,0,0
GTY_PE,D,20160802,000000,2.6,2.6,2.5,2.5,0,0
GTY_PE,D,20160803,000000,2.5,2.5,2.5,2.5,0,0
GTY_PE,D,20160804,000000,2.4,2.4,2.2,2.4,0,0
GTY_PE,D,20160810,000000,2.2,2.7,2.2,2.4,0,0
GTY_PE,D,20160816,000000,2.2,2.3,2,2.2,0,0
GTY_PE,D,20160817,000000,2.6,3,2.1,3,0,0
GTY_PE,D,20160818,000000,3,3,2.4,2.5,0,0
GTY_PE,D,20160819,000000,2.5,2.5,2.5,2.5,0,0
GTY_PE,D,20160822,000000,2.4,2.4,2.4,2.4,0,0
GTY_PE,D,20160824,000000,2.3,2.5,2.3,2.5,0,0
GTY_PE,D,20160825,000000,2.4,2.9,2.4,2.9,0,0
GTY_PE,D,20160830,000000,2.4,2.8,2.4,2.8,0,0
GTY_PE,D,20160831,000000,2.3,2.5,2.3,2.5,0,0
GTY_PE,D,20160902,000000,2.5,3,2.5,3,0,0
GTY_PE,D,20160905,000000,2.8,2.8,2.7,2.7,0,0
GTY_PE,D,20160906,000000,2.7,2.8,2.5,2.8,0,0
GTY_PE,D,20160912,000000,2.6,3,2.6,2.6,0,0
GTY_PE,D,20160913,000000,2.8,2.8,2.7,2.7,0,0
GTY_PE,D,20160915,000000,2.5,2.5,2.4,2.4,0,0
GTY_PE,D,20160923,000000,2.3,2.3,2.3,2.3,0,0
GTY_PE,D,20160930,000000,2.2,2.2,2.1,2.1,0,0
GTY_PE,D,20161003,000000,2.2,2.2,2.2,2.2,0,0
GTY_PE,D,20161004,000000,2.3,2.3,2.1,2.2,0,0
GTY_PE,D,20161005,000000,2.2,2.2,2.2,2.2,0,0
GTY_PE,D,20161006,000000,2.2,2.6,2.2,2.5,0,0
GTY_PE,D,20161010,000000,2.3,2.3,2.3,2.3,0,0
GTY_PE,D,20161011,000000,2.3,3.1,2.3,3.1,0,0
GTY_PE,D,20161012,000000,3.1,3.7,3.1,3.2,0,0
GTY_PE,D,20161013,000000,3.3,3.3,2.6,2.8,0,0
GTY_PE,D,20161018,000000,3,3.2,3,3.2,0,0
GTY_PE,D,20161019,000000,3.2,3.2,3.1,3.1,0,0
GTY_PE,D,20161020,000000,3,3.6,3,3.2,0,0
GTY_PE,D,20161021,000000,3,3.2,3,3,0,0
GTY_PE,D,20161024,000000,3,3.4,2.7,2.7,0,0
GTY_PE,D,20161025,000000,2.7,2.7,2.7,2.7,0,0
GTY_PE,D,20161026,000000,2.5,2.5,2.5,2.5,0,0
GTY_PE,D,20161027,000000,2.6,2.7,2.6,2.7,0,0
GTY_PE,D,20161028,000000,2.6,2.6,2.5,2.5,0,0
GTY_PE,D,20161031,000000,2.5,2.5,2.4,2.4,0,0
GTY_PE,D,20161102,000000,2.4,2.4,2.4,2.4,0,0
GTY_PE,D,20161104,000000,2.4,2.6,2.4,2.5,0,0
GTY_PE,D,20161107,000000,2.5,2.5,2.5,2.5,0,0
GTY_PE,D,20161108,000000,2.4,2.6,2.4,2.6,0,0
GTY_PE,D,20161114,000000,2.3,2.7,2.3,2.3,0,0
GTY_PE,D,20161116,000000,2.2,2.2,2.2,2.2,0,0
GTY_PE,D,20161117,000000,2.1,2.5,2.1,2.2,0,0
GTY_PE,D,20161122,000000,2.3,2.7,2.3,2.7,0,0
GTY_PE,D,20161123,000000,2.2,2.7,2.2,2.3,0,0
GTY_PE,D,20161128,000000,2.3,2.7,2.3,2.7,0,0
GTY_PE,D,20161129,000000,2.3,2.7,2.3,2.7,0,0
GTY_PE,D,20161130,000000,2.5,2.7,2.4,2.4,0,0
GTY_PE,D,20161201,000000,2.3,2.7,2.3,2.6,0,0
GTY_PE,D,20161202,000000,2.5,2.5,2.3,2.3,0,0
GTY_PE,D,20161212,000000,2.6,2.6,2.5,2.5,0,0
GTY_PE,D,20161213,000000,2.1,2.3,2.1,2.3,0,0
GTY_PE,D,20161215,000000,2.1,2.5,2.1,2.5,0,0
GTY_PE,D,20161216,000000,2.1,2.1,2.1,2.1,0,0
GTY_PE,D,20161220,000000,2,2.3,2,2.3,0,0
GTY_PE,D,20161221,000000,2.1,2.1,2.1,2.1,0,0
GTY_PE,D,20161222,000000,2.1,2.5,2.1,2.1,0,0
GTY_PE,D,20161223,000000,2.5,3,2.3,2.5,0,0
GTY_PE,D,20161227,000000,2.5,2.6,2.3,2.6,0,0
GTY_PE,D,20161230,000000,2.5,2.6,2.5,2.6,0,0
GTY_PE,D,20170105,000000,2.4,2.9,2.4,2.9,0,0
GTY_PE,D,20170110,000000,2.6,2.6,2.6,2.6,0,0
GTY_PE,D,20170111,000000,2.6,3.1,2.6,3.1,0,0
GTY_PE,D,20170112,000000,2.8,2.8,2.7,2.8,0,0
GTY_PE,D,20170113,000000,2.6,2.6,2.6,2.6,0,0
GTY_PE,D,20170116,000000,2.4,2.7,2.4,2.7,0,0
GTY_PE,D,20170117,000000,2.7,3,2.7,2.8,0,0
GTY_PE,D,20170118,000000,2.7,3.1,2.7,3,0,0
GTY_PE,D,20170119,000000,2.8,3.1,2.8,2.9,0,0
GTY_PE,D,20170120,000000,2.9,3.5,2.9,3.5,0,0
GTY_PE,D,20170123,000000,3.2,3.2,3,3,0,0
GTY_PE,D,20170125,000000,3,3.6,3,3.6,0,0
GTY_PE,D,20170126,000000,3,3.4,3,3,0,0
GTY_PE,D,20170127,000000,2.8,2.9,2.8,2.9,0,0
GTY_PE,D,20170130,000000,2.9,2.9,2.9,2.9,0,0
GTY_PE,D,20170201,000000,2.7,2.7,2.7,2.7,0,0
GTY_PE,D,20170209,000000,2.7,3,2.7,3,0,0
GTY_PE,D,20170210,000000,3,3.6,3,3.6,0,0
GTY_PE,D,20170213,000000,3,3,2.9,2.9,0,0
GTY_PE,D,20170215,000000,2.9,3.6,2.9,3.6,0,0
GTY_PE,D,20170216,000000,3,3,2.9,2.9,0,0
GTY_PE,D,20200214,000000,19.9,19.9,19.9,19.9,0,0
GTY_PE,D,20200217,000000,19.9,19.9,19.9,19.9,0,0
GTY_PE,D,20200218,000000,20,20,20,20,0,0
GTY_PE,D,20200219,000000,20.8,20.8,20.8,20.8,0,0
GTY_PE,D,20200220,000000,20.8,20.8,20.8,20.8,0,0
GTY_PE,D,20200221,000000,22.1,22.1,22.1,22.1,0,0
GTY_PE,D,20200227,000000,18.9,18.9,18.9,18.9,0,0
GTY_PE,D,20200228,000000,23.7,23.7,23.7,23.7,0,0
GTY_PE,D,20200310,000000,22.1,22.1,22.1,22.1,0,0
GTY_PE,D,20200311,000000,24.2,24.2,24.2,24.2,0,0
GTY_PE,D,20200312,000000,24.4,24.5,24.4,24.5,0,0
GTY_PE,D,20200313,000000,25.3,25.3,25.2,25.2,0,0
GTY_PE,D,20200316,000000,25.2,25.2,25.2,25.2,0,0
GTY_PE,D,20200323,000000,25.2,29.3,25.2,29.3,0,0
GTY_PE,D,20200324,000000,22.1,22.1,22.1,22.1,0,0
GTY_PE,D,20200325,000000,26.5,29.3,26.5,29.3,0,0
GTY_PE,D,20200326,000000,35.2,35.2,35.1,35.1,0,0
GTY_PE,D,20200327,000000,39,39,39,39,0,0
GTY_PE,D,20200508,000000,23.4,23.4,23.4,23.4,0,0
GTY_PE,D,20200519,000000,13.2,13.2,13.2,13.2,0,0
GTY_PE,D,20200603,000000,14.8,14.8,14.7,14.7,0,0
GTY_PE,D,20200618,000000,12.4,12.4,12.4,12.4,0,0
GTY_PE,D,20200625,000000,13.2,13.2,13.2,13.2,0,0
GTY_PE,D,20200702,000000,13.2,14.8,13.2,14.7,0,0
GTY_PE,D,20200715,000000,13.5,13.6,13.5,13.6,0,0
GTY_PE,D,20200716,000000,14.4,14.4,14.4,14.4,0,0
GTY_PE,D,20200717,000000,14.8,15.3,14.8,15.3,0,0
GTY_PE,D,20200720,000000,17.1,17.1,17.1,17.1,0,0
GTY_PE,D,20200721,000000,17.9,17.9,17.8,17.8,0,0
GTY_PE,D,20200722,000000,18.6,18.6,18.6,18.6,0,0
GTY_PE,D,20200723,000000,19.4,19.4,19.4,19.4,0,0
GTY_PE,D,20200727,000000,19.4,19.4,19.4,19.4,0,0
GTY_PE,D,20200729,000000,19.4,19.4,19.4,19.4,0,0
GTY_PE,D,20200730,000000,19.4,20.2,19.4,20.2,0,0
GTY_PE,D,20200731,000000,21.8,22.5,21.8,22.5,0,0
GTY_PE,D,20200803,000000,27,31,27,31,0,0
GTY_PE,D,20200804,000000,37.2,38.8,37.2,38.8,0,0
