<TICKER>,<PER>,<DATE>,<TIME>,<OPEN>,<HIGH>,<LOW>,<CLOSE>,<VOL>,<OPENINT>
LUK_MV,D,20160525,000000,50.42,50.42,50.42,50.42,0,0
LUK_MV,D,20160527,000000,59.14,59.14,48.88,53.15,0,0
LUK_MV,D,20160530,000000,53.01,76.32,47.42,76.32,0,0
LUK_MV,D,20160531,000000,90.58,108.56,79.92,107.09,0,0
LUK_MV,D,20160601,000000,105.23,109.89,94.97,108.23,0,0
LUK_MV,D,20160602,000000,103.9,105.43,93.24,103.1,0,0
LUK_MV,D,20160603,000000,101.9,106.56,99.9,99.9,0,0
LUK_MV,D,20160606,000000,100.57,106.43,86.58,95.57,0,0
LUK_MV,D,20160607,000000,95.57,102.23,92.57,100.57,0,0
LUK_MV,D,20160608,000000,100.7,101.5,96.57,100.77,0,0
LUK_MV,D,20160609,000000,96.57,101.17,96.57,101.1,0,0
LUK_MV,D,20160610,000000,97.24,103.16,97.24,103.16,0,0
LUK_MV,D,20160613,000000,98.9,103.16,98.9,103.1,0,0
LUK_MV,D,20160614,000000,99.9,105.23,99.9,103.23,0,0
LUK_MV,D,20160615,000000,97.3,99.9,96.04,96.57,0,0
LUK_MV,D,20160616,000000,96.5,98.57,96.5,98.57,0,0
LUK_MV,D,20160617,000000,91.71,101.17,89.91,101.17,0,0
LUK_MV,D,20160620,000000,97.24,97.24,87.91,87.91,0,0
LUK_MV,D,20160621,000000,87.85,89.91,73.26,78.59,0,0
LUK_MV,D,20160622,000000,75.26,90.31,75.26,83.98,0,0
LUK_MV,D,20160623,000000,81.25,87.91,66.6,69.53,0,0
LUK_MV,D,20160624,000000,61.27,73.53,59.94,64.54,0,0
LUK_MV,D,20160627,000000,63.27,75.26,55.21,60.27,0,0
LUK_MV,D,20160628,000000,56.61,56.61,45.29,49.15,0,0
LUK_MV,D,20160629,000000,47.95,47.95,37.96,37.96,0,0
LUK_MV,D,20160630,000000,37.96,41.23,37.96,37.96,0,0
LUK_MV,D,20160701,000000,38.96,39.49,36.76,37.96,0,0
LUK_MV,D,20160704,000000,36.3,38.49,33.97,38.49,0,0
LUK_MV,D,20160705,000000,34.43,38.63,34.43,38.63,0,0
LUK_MV,D,20160706,000000,35.96,38.16,34.7,37.3,0,0
LUK_MV,D,20160707,000000,34.1,37.23,34.1,35.16,0,0
LUK_MV,D,20160708,000000,35.36,35.36,33.77,35.23,0,0
LUK_MV,D,20160711,000000,35.16,35.5,32.77,34.83,0,0
LUK_MV,D,20160712,000000,35.23,35.3,33.5,35.03,0,0
LUK_MV,D,20160713,000000,33.37,34.63,33.37,34.63,0,0
LUK_MV,D,20160714,000000,33.43,39.96,33.43,39.96,0,0
LUK_MV,D,20160715,000000,47.55,47.55,41.96,47.35,0,0
LUK_MV,D,20160718,000000,49.62,54.61,43.29,51.28,0,0
LUK_MV,D,20160719,000000,51.22,51.22,41.43,47.89,0,0
LUK_MV,D,20160720,000000,50.62,52.61,44.62,47.95,0,0
LUK_MV,D,20160721,000000,48.02,48.02,45.29,46.62,0,0
LUK_MV,D,20160722,000000,46.62,49.88,46.62,49.82,0,0
LUK_MV,D,20160725,000000,49.75,49.82,48.62,48.62,0,0
LUK_MV,D,20160726,000000,47.29,47.29,38.3,41.89,0,0
LUK_MV,D,20160727,000000,39.96,42.22,37.96,41.56,0,0
LUK_MV,D,20160728,000000,39.96,41.29,39.96,41.23,0,0
LUK_MV,D,20160729,000000,39.29,41.03,34.7,36.63,0,0
LUK_MV,D,20160801,000000,34.03,39.96,33.17,39.96,0,0
LUK_MV,D,20160802,000000,37.96,39.89,37.96,39.76,0,0
LUK_MV,D,20160803,000000,39.63,39.76,33.97,35.83,0,0
LUK_MV,D,20160804,000000,32.63,35.63,30.97,33.97,0,0
LUK_MV,D,20160805,000000,34.63,35.63,29.17,29.17,0,0
LUK_MV,D,20160808,000000,29.17,30.64,29.17,29.24,0,0
LUK_MV,D,20160809,000000,28.97,29.64,26.11,28.17,0,0
LUK_MV,D,20160810,000000,28.17,29.64,28.17,29.1,0,0
LUK_MV,D,20160811,000000,26.64,29.24,22.18,22.18,0,0
LUK_MV,D,20160812,000000,24.51,26.64,23.31,24.64,0,0
LUK_MV,D,20160816,000000,23.98,24.64,19.98,22.44,0,0
LUK_MV,D,20160817,000000,19.65,22.38,18.65,21.51,0,0
LUK_MV,D,20160818,000000,21.51,22.38,19.91,21.51,0,0
LUK_MV,D,20160819,000000,22.44,22.44,19.98,21.31,0,0
LUK_MV,D,20160822,000000,22.44,26.31,21.65,24.18,0,0
LUK_MV,D,20160823,000000,23.58,23.58,23.31,23.31,0,0
LUK_MV,D,20160824,000000,22.64,23.31,20.78,21.98,0,0
LUK_MV,D,20160825,000000,20.91,23.31,19.91,20.71,0,0
LUK_MV,D,20160826,000000,20.85,22.04,20.85,21.65,0,0
LUK_MV,D,20160829,000000,21.05,23.24,21.05,22.84,0,0
LUK_MV,D,20160830,000000,22.18,22.78,20.71,21.31,0,0
LUK_MV,D,20160831,000000,19.98,21.18,19.98,19.98,0,0
LUK_MV,D,20160901,000000,18.71,20.25,17.58,19.25,0,0
LUK_MV,D,20160902,000000,18.98,21.71,18.98,21.71,0,0
LUK_MV,D,20160905,000000,19.78,21.58,19.78,21.58,0,0
LUK_MV,D,20160906,000000,20.78,22.91,20.78,22.91,0,0
LUK_MV,D,20160907,000000,21.31,22.84,21.31,21.65,0,0
LUK_MV,D,20160908,000000,21.65,22.51,21.65,22.51,0,0
LUK_MV,D,20160909,000000,22.38,22.44,22.38,22.44,0,0
LUK_MV,D,20160912,000000,21.05,22.44,20.98,22.31,0,0
LUK_MV,D,20160913,000000,20.71,22.31,20.71,21.91,0,0
LUK_MV,D,20160914,000000,21.91,22.31,21.91,22.24,0,0
LUK_MV,D,20160915,000000,22.11,22.24,18.78,22.04,0,0
LUK_MV,D,20160916,000000,21.31,22.04,20.65,21.84,0,0
LUK_MV,D,20160919,000000,21.84,21.91,20.51,21.84,0,0
LUK_MV,D,20160920,000000,20.11,22.04,20.11,22.04,0,0
LUK_MV,D,20160921,000000,21.65,23.04,21.65,23.04,0,0
LUK_MV,D,20160922,000000,23.04,25.91,23.04,25.91,0,0
LUK_MV,D,20160923,000000,25.31,25.77,25.31,25.77,0,0
LUK_MV,D,20160926,000000,25.31,25.57,25.31,25.57,0,0
LUK_MV,D,20160927,000000,23.58,25.84,23.58,25.77,0,0
LUK_MV,D,20160928,000000,25.77,25.91,25.77,25.91,0,0
LUK_MV,D,20160929,000000,25.84,29.77,25.84,28.64,0,0
LUK_MV,D,20160930,000000,28.64,29.9,28.64,29.9,0,0
LUK_MV,D,20161003,000000,29.17,29.17,27.31,29.1,0,0
LUK_MV,D,20161004,000000,25.91,29.24,23.64,29.24,0,0
LUK_MV,D,20161005,000000,27.84,29.24,27.31,29.17,0,0
LUK_MV,D,20161006,000000,27.31,29.24,27.31,29.24,0,0
LUK_MV,D,20161007,000000,28.97,29.24,26.97,27.51,0,0
LUK_MV,D,20161010,000000,25.64,27.51,25.64,27.51,0,0
LUK_MV,D,20161011,000000,25.64,25.64,22.98,24.44,0,0
LUK_MV,D,20161012,000000,23.98,25.71,23.98,25.71,0,0
LUK_MV,D,20161013,000000,25.77,29.24,25.77,27.51,0,0
LUK_MV,D,20161014,000000,25.97,25.97,24.51,24.51,0,0
LUK_MV,D,20161017,000000,24.64,29.24,24.64,28.11,0,0
LUK_MV,D,20161018,000000,23.11,28.11,23.11,28.11,0,0
LUK_MV,D,20161019,000000,28.11,29.17,28.11,29.17,0,0
LUK_MV,D,20161020,000000,28.97,28.97,25.77,26.11,0,0
LUK_MV,D,20161021,000000,27.71,28.97,25.77,25.77,0,0
LUK_MV,D,20161024,000000,26.44,26.44,26.44,26.44,0,0
LUK_MV,D,20161025,000000,26.37,26.37,24.44,24.44,0,0
LUK_MV,D,20161026,000000,25.51,25.51,25.51,25.51,0,0
LUK_MV,D,20161027,000000,23.91,28.11,23.91,25.31,0,0
LUK_MV,D,20161028,000000,26.84,26.84,22.18,22.98,0,0
LUK_MV,D,20161031,000000,23.31,23.31,23.31,23.31,0,0
LUK_MV,D,20161102,000000,23.58,23.58,23.58,23.58,0,0
LUK_MV,D,20161103,000000,22.04,23.11,22.04,23.11,0,0
LUK_MV,D,20161104,000000,22.64,23.51,22.64,23.44,0,0
LUK_MV,D,20161107,000000,23.31,23.51,23.31,23.51,0,0
LUK_MV,D,20161108,000000,23.31,27.31,23.31,27.31,0,0
LUK_MV,D,20161109,000000,23.51,23.51,23.18,23.38,0,0
LUK_MV,D,20161110,000000,23.64,27.31,23.64,27.31,0,0
LUK_MV,D,20161114,000000,27.17,27.37,23.71,27.37,0,0
LUK_MV,D,20161115,000000,24.31,25.97,19.45,19.85,0,0
LUK_MV,D,20161116,000000,21.31,21.31,13.45,13.45,0,0
LUK_MV,D,20161117,000000,13.99,14.65,11.19,12.25,0,0
LUK_MV,D,20161118,000000,11.59,12.99,11.06,11.32,0,0
LUK_MV,D,20161121,000000,11.12,12.05,11.06,11.59,0,0
LUK_MV,D,20161122,000000,10.86,11.52,8.59,8.59,0,0
LUK_MV,D,20161123,000000,8.46,9.86,8.46,9.86,0,0
LUK_MV,D,20161124,000000,9.32,10.99,7.46,7.86,0,0
LUK_MV,D,20161125,000000,7.73,7.93,6.33,6.33,0,0
LUK_MV,D,20161128,000000,6.66,7.46,6.46,7.13,0,0
LUK_MV,D,20161129,000000,6.66,6.93,5.33,5.39,0,0
LUK_MV,D,20161130,000000,5.46,5.46,4.2,4.6,0,0
LUK_MV,D,20161201,000000,4.4,5.19,4.4,4.93,0,0
LUK_MV,D,20161202,000000,5.19,5.59,4.86,4.93,0,0
LUK_MV,D,20161205,000000,4.93,6.99,4.93,6.99,0,0
LUK_MV,D,20161206,000000,7.13,9.32,7.13,8.59,0,0
LUK_MV,D,20161207,000000,7.79,8.26,6.26,6.93,0,0
LUK_MV,D,20161208,000000,6.66,6.86,5.19,5.19,0,0
LUK_MV,D,20161209,000000,5.46,6.13,5.33,5.73,0,0
LUK_MV,D,20161212,000000,5.73,6.86,5.19,6.86,0,0
LUK_MV,D,20161213,000000,7.46,8.86,7.33,8.86,0,0
LUK_MV,D,20161214,000000,9.66,10.99,7.73,7.99,0,0
LUK_MV,D,20161215,000000,7.99,8.59,6.66,7.39,0,0
LUK_MV,D,20161216,000000,7.39,8.59,6.66,8.52,0,0
LUK_MV,D,20161219,000000,8.39,8.72,7.66,8.19,0,0
LUK_MV,D,20161220,000000,7.73,7.79,6.46,6.73,0,0
LUK_MV,D,20161221,000000,6.79,6.93,6.53,6.79,0,0
LUK_MV,D,20161222,000000,6.79,6.93,6.53,6.86,0,0
LUK_MV,D,20161223,000000,6.86,6.86,6.53,6.73,0,0
LUK_MV,D,20161227,000000,6.66,6.66,5.33,5.33,0,0
LUK_MV,D,20161228,000000,5.33,5.59,5.19,5.39,0,0
LUK_MV,D,20161229,000000,5.33,6.79,5.33,6.79,0,0
LUK_MV,D,20161230,000000,6.66,6.99,5.93,6.46,0,0
LUK_MV,D,20170102,000000,6.46,6.53,5.19,5.39,0,0
LUK_MV,D,20170103,000000,5.46,5.46,5.13,5.33,0,0
LUK_MV,D,20170104,000000,5.33,5.59,5.06,5.46,0,0
LUK_MV,D,20170105,000000,5.53,7.86,5.53,7.26,0,0
LUK_MV,D,20170109,000000,7.26,7.86,6.39,6.66,0,0
LUK_MV,D,20170110,000000,6.53,6.66,6.19,6.33,0,0
LUK_MV,D,20170111,000000,6.33,7.33,6.33,6.73,0,0
LUK_MV,D,20170112,000000,6.99,7.06,6.39,6.73,0,0
LUK_MV,D,20170113,000000,6.33,6.73,6.19,6.19,0,0
LUK_MV,D,20170116,000000,6.26,6.53,5.86,5.99,0,0
LUK_MV,D,20170117,000000,5.99,5.99,5.59,5.73,0,0
LUK_MV,D,20170118,000000,5.73,5.93,5.33,5.39,0,0
LUK_MV,D,20170119,000000,5.33,5.46,5.13,5.39,0,0
LUK_MV,D,20170120,000000,5.39,5.46,5.19,5.26,0,0
LUK_MV,D,20170123,000000,5.19,5.46,5,5.33,0,0
LUK_MV,D,20170124,000000,5.13,5.39,5.13,5.39,0,0
LUK_MV,D,20170125,000000,5.33,6.06,5.13,5.53,0,0
LUK_MV,D,20170126,000000,5.53,5.86,5,5.39,0,0
LUK_MV,D,20170127,000000,5.19,5.46,5.06,5.46,0,0
LUK_MV,D,20170130,000000,5.33,5.86,5.33,5.66,0,0
LUK_MV,D,20170131,000000,5.73,8.26,5.73,8.19,0,0
LUK_MV,D,20170201,000000,8.59,11.66,8.59,11.52,0,0
LUK_MV,D,20170202,000000,11.46,16.45,11.46,16.45,0,0
LUK_MV,D,20170203,000000,18.98,19.98,14.39,15.18,0,0
LUK_MV,D,20170206,000000,14.65,17.38,14.65,16.12,0,0
LUK_MV,D,20170207,000000,16.85,21.84,16.85,21.84,0,0
LUK_MV,D,20170208,000000,23.38,25.44,22.38,23.84,0,0
LUK_MV,D,20170209,000000,23.44,24.31,20.45,23.24,0,0
LUK_MV,D,20170210,000000,21.91,22.64,15.52,15.72,0,0
LUK_MV,D,20170213,000000,14.59,18.98,12.32,18.25,0,0
LUK_MV,D,20170214,000000,19.05,19.05,14.65,14.99,0,0
LUK_MV,D,20170215,000000,16.18,16.18,13.32,13.65,0,0
LUK_MV,D,20170216,000000,12.52,12.52,11.32,11.79,0,0
LUK_MV,D,20170217,000000,11.99,15.58,11.99,15.38,0,0
LUK_MV,D,20170220,000000,15.38,15.45,12.99,12.99,0,0
LUK_MV,D,20170221,000000,13.05,13.92,13.05,13.12,0,0
LUK_MV,D,20170222,000000,13.32,13.92,13.05,13.32,0,0
LUK_MV,D,20170223,000000,13.32,13.32,11.99,12.25,0,0
LUK_MV,D,20170224,000000,12.05,12.05,10.72,11.59,0,0
LUK_MV,D,20170227,000000,11.59,11.59,10.72,11.26,0,0
LUK_MV,D,20170228,000000,11.32,12.59,11.32,12.39,0,0
LUK_MV,D,20170301,000000,12.45,14.92,12.45,13.32,0,0
LUK_MV,D,20170302,000000,14.25,14.25,12.92,13.25,0,0
LUK_MV,D,20170303,000000,13.05,13.19,11.66,12.65,0,0
LUK_MV,D,20170306,000000,12.65,12.65,11.39,11.39,0,0
LUK_MV,D,20170307,000000,11.39,11.39,9.86,9.86,0,0
LUK_MV,D,20170308,000000,10.59,10.92,10.19,10.72,0,0
LUK_MV,D,20170309,000000,12.32,13.99,11.99,12.65,0,0
LUK_MV,D,20170310,000000,12.99,13.65,12.32,12.72,0,0
LUK_MV,D,20170313,000000,12.32,12.45,11.79,11.79,0,0
LUK_MV,D,20170314,000000,11.59,12.12,11.19,12.12,0,0
LUK_MV,D,20170315,000000,11.59,11.85,11.26,11.79,0,0
LUK_MV,D,20170316,000000,11.32,11.99,11.32,11.92,0,0
LUK_MV,D,20170317,000000,11.32,11.79,11.19,11.79,0,0
LUK_MV,D,20170320,000000,11.66,11.66,10.72,11.26,0,0
LUK_MV,D,20170321,000000,10.92,10.92,10.92,10.92,0,0
LUK_MV,D,20170322,000000,10.39,10.99,10.39,10.92,0,0
LUK_MV,D,20170323,000000,10.39,10.99,10.06,10.99,0,0
LUK_MV,D,20170324,000000,10.32,10.72,10.12,10.19,0,0
LUK_MV,D,20170327,000000,10.12,10.66,10.12,10.66,0,0
LUK_MV,D,20170328,000000,10.19,10.86,10.19,10.86,0,0
LUK_MV,D,20170329,000000,10.72,10.72,9.99,10.66,0,0
LUK_MV,D,20170330,000000,10.06,10.06,9.26,9.99,0,0
LUK_MV,D,20170331,000000,9.99,10.06,9.39,9.99,0,0
LUK_MV,D,20170403,000000,9.32,9.66,8.99,9.59,0,0
LUK_MV,D,20170404,000000,9.12,9.32,9.06,9.32,0,0
LUK_MV,D,20170405,000000,9.06,10.32,9.06,9.99,0,0
LUK_MV,D,20170406,000000,9.99,10.26,9.66,9.86,0,0
LUK_MV,D,20170407,000000,9.92,10.12,8.99,9.39,0,0
LUK_MV,D,20170410,000000,9.32,9.32,7.93,9.12,0,0
LUK_MV,D,20170411,000000,8.66,8.66,7.93,7.93,0,0
LUK_MV,D,20170412,000000,7.86,8.39,7.86,8.39,0,0
LUK_MV,D,20170413,000000,8.39,9.12,8.39,8.72,0,0
LUK_MV,D,20170418,000000,9.12,9.59,8.66,8.79,0,0
LUK_MV,D,20170419,000000,8.86,8.86,7.46,7.66,0,0
LUK_MV,D,20170420,000000,8.19,8.46,7.59,7.79,0,0
LUK_MV,D,20170421,000000,7.86,7.86,7.19,7.59,0,0
LUK_MV,D,20170424,000000,7.19,7.33,6.73,6.99,0,0
LUK_MV,D,20170425,000000,6.79,7.13,6.66,6.73,0,0
LUK_MV,D,20170426,000000,6.86,7.19,6.26,7.19,0,0
LUK_MV,D,20170427,000000,6.39,7.19,6.39,6.66,0,0
LUK_MV,D,20170428,000000,7.19,7.19,7.19,7.19,0,0
LUK_MV,D,20170502,000000,6.99,6.99,6.59,6.66,0,0
LUK_MV,D,20170504,000000,6.66,7.06,6.59,6.99,0,0
LUK_MV,D,20170505,000000,6.99,7.79,6.99,7.79,0,0
LUK_MV,D,20170508,000000,7.99,8.39,7.99,8.39,0,0
LUK_MV,D,20170509,000000,7.99,8.39,7.99,8.33,0,0
LUK_MV,D,20170510,000000,8.26,8.26,7.06,7.86,0,0
LUK_MV,D,20170511,000000,7.93,7.93,7.93,7.93,0,0
LUK_MV,D,20170512,000000,7.93,8.52,7.93,8.39,0,0
LUK_MV,D,20170515,000000,8.39,9.19,8.39,9.12,0,0
LUK_MV,D,20170516,000000,9.19,9.19,8.79,9.19,0,0
LUK_MV,D,20170517,000000,8.79,9.19,8.46,9.19,0,0
LUK_MV,D,20170518,000000,9.12,9.12,8.52,9.06,0,0
LUK_MV,D,20170519,000000,9.12,9.12,8.46,8.99,0,0
LUK_MV,D,20170522,000000,9.06,9.06,8.39,9.06,0,0
LUK_MV,D,20170523,000000,8.66,8.99,8.66,8.99,0,0
LUK_MV,D,20170524,000000,8.99,8.99,8.92,8.99,0,0
LUK_MV,D,20170525,000000,8.92,8.92,8.06,8.52,0,0
LUK_MV,D,20170526,000000,8.06,8.46,8.06,8.46,0,0
LUK_MV,D,20170529,000000,7.99,8.52,7.99,7.99,0,0
LUK_MV,D,20170530,000000,8.52,8.86,7.53,8.66,0,0
LUK_MV,D,20170531,000000,8.66,9.06,8.52,9.06,0,0
LUK_MV,D,20170601,000000,8.59,9.06,8.19,8.79,0,0
LUK_MV,D,20170602,000000,8.72,8.72,8.72,8.72,0,0
LUK_MV,D,20170605,000000,7.93,8.79,7.93,8.46,0,0
LUK_MV,D,20170606,000000,8.33,8.33,8.33,8.33,0,0
LUK_MV,D,20170607,000000,7.99,8.46,7.99,8.46,0,0
LUK_MV,D,20170609,000000,7.86,8.13,7.86,8.13,0,0
LUK_MV,D,20170613,000000,7.99,8.33,7.66,8.33,0,0
LUK_MV,D,20170614,000000,8.33,8.33,7.99,7.99,0,0
LUK_MV,D,20170616,000000,8.46,8.46,7.99,7.99,0,0
LUK_MV,D,20170619,000000,8.26,8.26,8.26,8.26,0,0
LUK_MV,D,20170620,000000,8.26,8.26,8.19,8.19,0,0
LUK_MV,D,20170621,000000,7.99,7.99,7.66,7.93,0,0
LUK_MV,D,20170622,000000,7.86,7.86,7.66,7.66,0,0
LUK_MV,D,20170623,000000,7.13,7.73,7.13,7.73,0,0
LUK_MV,D,20170626,000000,7.73,7.73,7.73,7.73,0,0
LUK_MV,D,20170628,000000,7.19,7.73,7.13,7.73,0,0
LUK_MV,D,20170629,000000,7.46,7.86,7.46,7.86,0,0
LUK_MV,D,20170704,000000,7.93,7.93,7.19,7.86,0,0
LUK_MV,D,20170705,000000,7.26,7.86,7.06,7.79,0,0
LUK_MV,D,20170706,000000,7.06,7.59,7.06,7.59,0,0
LUK_MV,D,20170707,000000,7.66,7.66,7.66,7.66,0,0
LUK_MV,D,20170710,000000,7.66,7.73,7.66,7.73,0,0
LUK_MV,D,20170711,000000,7.73,7.99,7.73,7.93,0,0
LUK_MV,D,20170712,000000,7.33,7.93,7.33,7.93,0,0
LUK_MV,D,20170713,000000,7.86,7.86,7.33,7.33,0,0
LUK_MV,D,20170714,000000,7.86,7.86,7.86,7.86,0,0
LUK_MV,D,20170718,000000,7.86,7.86,7.86,7.86,0,0
LUK_MV,D,20170720,000000,7.59,7.59,7.39,7.39,0,0
LUK_MV,D,20170721,000000,7.79,7.79,7.19,7.39,0,0
LUK_MV,D,20170724,000000,7.39,7.39,6.66,7.19,0,0
LUK_MV,D,20170725,000000,6.66,7.19,6.46,6.73,0,0
LUK_MV,D,20170726,000000,6.13,7.06,6.13,6.99,0,0
LUK_MV,D,20170727,000000,6.53,6.93,6.53,6.93,0,0
LUK_MV,D,20170728,000000,6.86,6.93,6.46,6.93,0,0
LUK_MV,D,20170731,000000,6.66,6.79,6.26,6.79,0,0
LUK_MV,D,20170801,000000,6.46,6.93,6.46,6.93,0,0
LUK_MV,D,20170802,000000,6.59,6.79,6.46,6.59,0,0
LUK_MV,D,20170803,000000,6.33,6.59,6.33,6.59,0,0
LUK_MV,D,20170804,000000,6.59,6.59,6.46,6.46,0,0
LUK_MV,D,20170808,000000,6.26,6.46,6.26,6.46,0,0
LUK_MV,D,20170809,000000,6.53,6.53,6.46,6.46,0,0
LUK_MV,D,20170810,000000,6.26,6.59,6.26,6.59,0,0
LUK_MV,D,20170811,000000,6.53,6.53,6.06,6.33,0,0
LUK_MV,D,20170814,000000,6.13,6.59,6.13,6.59,0,0
LUK_MV,D,20170816,000000,6.33,6.33,5.99,6.19,0,0
LUK_MV,D,20170817,000000,6.53,6.79,6.53,6.59,0,0
LUK_MV,D,20170818,000000,6.46,6.46,6.06,6.19,0,0
LUK_MV,D,20170821,000000,6.19,6.59,6.19,6.33,0,0
LUK_MV,D,20170822,000000,6.53,6.53,6.13,6.46,0,0
LUK_MV,D,20170823,000000,6.06,6.59,6.06,6.59,0,0
LUK_MV,D,20170824,000000,6.53,6.53,6.53,6.53,0,0
LUK_MV,D,20170825,000000,6.33,6.46,6.26,6.46,0,0
LUK_MV,D,20170828,000000,6.19,6.66,6.19,6.66,0,0
LUK_MV,D,20170829,000000,6.26,6.33,6.26,6.33,0,0
LUK_MV,D,20170830,000000,6.26,6.66,6.26,6.66,0,0
LUK_MV,D,20170831,000000,6.46,6.46,6.13,6.13,0,0
LUK_MV,D,20170901,000000,6.13,7.26,6.13,6.93,0,0
LUK_MV,D,20170904,000000,6.59,6.86,6.59,6.86,0,0
LUK_MV,D,20170905,000000,6.33,6.59,6.06,6.53,0,0
LUK_MV,D,20170906,000000,6.53,6.53,6.53,6.53,0,0
LUK_MV,D,20170907,000000,6.73,6.73,6.73,6.73,0,0
LUK_MV,D,20170911,000000,6.33,6.59,6.19,6.59,0,0
LUK_MV,D,20170913,000000,6.06,6.53,6.06,6.33,0,0
LUK_MV,D,20170914,000000,6.06,6.59,6.06,6.53,0,0
LUK_MV,D,20170915,000000,6.46,6.46,5.99,6.46,0,0
LUK_MV,D,20170918,000000,6.06,6.53,5.99,5.99,0,0
LUK_MV,D,20170919,000000,5.99,6.33,5.99,6.33,0,0
LUK_MV,D,20170920,000000,6.39,6.53,6.33,6.39,0,0
LUK_MV,D,20170921,000000,5.99,6.39,5.99,6.33,0,0
LUK_MV,D,20170922,000000,5.93,6.33,5.86,6.33,0,0
LUK_MV,D,20170925,000000,6.19,6.33,5.93,6.33,0,0
LUK_MV,D,20170927,000000,5.86,6.26,5.86,6.26,0,0
LUK_MV,D,20170928,000000,6.26,6.26,6.26,6.26,0,0
LUK_MV,D,20170929,000000,6.13,6.13,6.13,6.13,0,0
LUK_MV,D,20171002,000000,6.19,6.19,5.86,5.86,0,0
LUK_MV,D,20171003,000000,5.66,5.93,5.66,5.86,0,0
LUK_MV,D,20171004,000000,5.93,6.19,5.93,6.19,0,0
LUK_MV,D,20171005,000000,5.86,6.13,5.59,6.13,0,0
LUK_MV,D,20171006,000000,5.99,5.99,5.99,5.99,0,0
LUK_MV,D,20171009,000000,5.46,5.99,5.46,5.99,0,0
LUK_MV,D,20171011,000000,5.59,5.86,5.59,5.86,0,0
LUK_MV,D,20171012,000000,5.93,5.93,5.59,5.86,0,0
LUK_MV,D,20171013,000000,5.86,5.86,5.86,5.86,0,0
LUK_MV,D,20171016,000000,5.66,5.66,5.39,5.53,0,0
LUK_MV,D,20171017,000000,5.39,5.39,5.19,5.39,0,0
LUK_MV,D,20171018,000000,5.66,5.79,5.39,5.53,0,0
LUK_MV,D,20171020,000000,5.39,5.73,5.39,5.73,0,0
LUK_MV,D,20171023,000000,5.73,5.73,5.39,5.73,0,0
LUK_MV,D,20171027,000000,5.33,5.66,5.33,5.66,0,0
LUK_MV,D,20171030,000000,5.46,5.66,5.46,5.66,0,0
LUK_MV,D,20171031,000000,5.33,5.73,5.33,5.73,0,0
LUK_MV,D,20171103,000000,5.19,5.66,5.19,5.66,0,0
LUK_MV,D,20171107,000000,5.59,5.59,5.59,5.59,0,0
LUK_MV,D,20171108,000000,5.39,5.39,5.33,5.33,0,0
LUK_MV,D,20171109,000000,5.59,5.59,5.26,5.26,0,0
LUK_MV,D,20171110,000000,5.26,5.59,5,5.59,0,0
LUK_MV,D,20171113,000000,5.59,5.66,5.59,5.66,0,0
LUK_MV,D,20171114,000000,5.19,5.66,5.19,5.66,0,0
LUK_MV,D,20171115,000000,5.33,5.66,5.33,5.66,0,0
LUK_MV,D,20171116,000000,5.33,5.59,5.33,5.33,0,0
LUK_MV,D,20171117,000000,5.59,5.59,5.59,5.59,0,0
LUK_MV,D,20171120,000000,5.19,5.33,4.93,5.33,0,0
LUK_MV,D,20171121,000000,5,5.66,5,5.66,0,0
LUK_MV,D,20171123,000000,5.59,5.59,5.59,5.59,0,0
LUK_MV,D,20171124,000000,5.66,5.66,5.66,5.66,0,0
LUK_MV,D,20171127,000000,5.33,5.59,5.33,5.59,0,0
LUK_MV,D,20171129,000000,5.26,5.59,5.26,5.59,0,0
LUK_MV,D,20171130,000000,5.19,5.53,5.19,5.53,0,0
LUK_MV,D,20171201,000000,5.19,5.19,5.19,5.19,0,0
LUK_MV,D,20171204,000000,5.53,5.53,5.53,5.53,0,0
LUK_MV,D,20171206,000000,5.53,5.53,5.53,5.53,0,0
LUK_MV,D,20171207,000000,5.39,5.53,5.33,5.53,0,0
LUK_MV,D,20171213,000000,5.19,5.19,5.19,5.19,0,0
LUK_MV,D,20171214,000000,5.46,5.46,5.46,5.46,0,0
LUK_MV,D,20171215,000000,5.46,5.46,5.13,5.26,0,0
LUK_MV,D,20171218,000000,5.19,5.19,5.19,5.19,0,0
LUK_MV,D,20171219,000000,5.13,5.26,4.86,5.26,0,0
LUK_MV,D,20171220,000000,5,5,5,5,0,0
LUK_MV,D,20171221,000000,4.86,5,4.86,5,0,0
LUK_MV,D,20171222,000000,4.8,4.8,4.66,4.8,0,0
LUK_MV,D,20171227,000000,4.66,4.8,4.33,4.53,0,0
LUK_MV,D,20171228,000000,4.66,4.66,4.33,4.66,0,0
LUK_MV,D,20171229,000000,4.66,4.66,4.66,4.66,0,0
LUK_MV,D,20180104,000000,4.46,5.33,4.46,5.33,0,0
LUK_MV,D,20180108,000000,7.46,7.53,5.99,6.73,0,0
LUK_MV,D,20180109,000000,6.73,8.06,6.73,7.59,0,0
LUK_MV,D,20180110,000000,7.79,8.99,7.79,8.19,0,0
LUK_MV,D,20180111,000000,8.19,8.33,7.53,8.13,0,0
LUK_MV,D,20180112,000000,7.73,9.26,7.73,8.79,0,0
LUK_MV,D,20180115,000000,8.33,9.26,8.13,8.99,0,0
LUK_MV,D,20180116,000000,8.26,8.59,7.66,8.46,0,0
LUK_MV,D,20180117,000000,8.33,8.59,8.33,8.59,0,0
LUK_MV,D,20180118,000000,8.59,8.59,7.93,8.52,0,0
LUK_MV,D,20180119,000000,7.79,8.52,7.79,8.52,0,0
LUK_MV,D,20180122,000000,8.52,8.52,8.52,8.52,0,0
LUK_MV,D,20180124,000000,8.39,8.39,8.39,8.39,0,0
LUK_MV,D,20180126,000000,7.59,7.66,7.26,7.66,0,0
LUK_MV,D,20180129,000000,6.93,7.59,6.93,7.59,0,0
LUK_MV,D,20180130,000000,6.99,7.59,6.99,7.59,0,0
LUK_MV,D,20180131,000000,7.59,7.59,7.46,7.46,0,0
LUK_MV,D,20180201,000000,7.66,7.66,7.66,7.66,0,0
LUK_MV,D,20180205,000000,6.93,7.39,6.73,7.39,0,0
LUK_MV,D,20180206,000000,6.33,7.13,5.53,7.06,0,0
LUK_MV,D,20180207,000000,6.86,6.86,6.86,6.86,0,0
LUK_MV,D,20180208,000000,6.66,6.99,6.66,6.99,0,0
LUK_MV,D,20180209,000000,6.59,6.86,6.59,6.86,0,0
LUK_MV,D,20180212,000000,6.73,7.13,6.39,7.13,0,0
LUK_MV,D,20180214,000000,6.79,7.13,6.79,7.13,0,0
LUK_MV,D,20180215,000000,6.46,7.13,6.46,7.13,0,0
LUK_MV,D,20180216,000000,6.99,7.73,6.99,7.19,0,0
LUK_MV,D,20180219,000000,7.19,7.46,6.46,7.33,0,0
LUK_MV,D,20180221,000000,7.06,7.06,7.06,7.06,0,0
LUK_MV,D,20180226,000000,6.26,6.79,6.26,6.79,0,0
LUK_MV,D,20180228,000000,6.79,6.79,6.79,6.79,0,0
LUK_MV,D,20180301,000000,5.86,6.93,5.86,6.79,0,0
LUK_MV,D,20180302,000000,7.19,7.19,6.66,7.06,0,0
LUK_MV,D,20180305,000000,6.53,6.93,6.53,6.93,0,0
LUK_MV,D,20180306,000000,6.86,6.86,6.86,6.86,0,0
LUK_MV,D,20180309,000000,6.93,6.93,6.93,6.93,0,0
LUK_MV,D,20180319,000000,5.93,6.86,5.93,6.86,0,0
LUK_MV,D,20180321,000000,6.86,6.93,6.86,6.93,0,0
LUK_MV,D,20180328,000000,5.93,7.06,5.93,7.06,0,0
LUK_MV,D,20180329,000000,7.53,7.53,7.06,7.06,0,0
LUK_MV,D,20180403,000000,7.26,7.26,7.26,7.26,0,0
LUK_MV,D,20180404,000000,6.66,6.66,6.66,6.66,0,0
LUK_MV,D,20180405,000000,7.06,7.06,7.06,7.06,0,0
LUK_MV,D,20180406,000000,7.26,7.26,5.93,6.66,0,0
LUK_MV,D,20180409,000000,6.26,6.26,6.26,6.26,0,0
LUK_MV,D,20180410,000000,6.46,6.46,6.46,6.46,0,0
LUK_MV,D,20180412,000000,6.33,6.46,6.33,6.46,0,0
LUK_MV,D,20180413,000000,5.93,6.06,5.93,6.06,0,0
LUK_MV,D,20180416,000000,5.59,6.46,5.59,6.46,0,0
LUK_MV,D,20180419,000000,6.39,6.46,6.39,6.46,0,0
LUK_MV,D,20180420,000000,7.19,7.19,7.19,7.19,0,0
LUK_MV,D,20180426,000000,6.06,6.46,5.99,6.46,0,0
LUK_MV,D,20180427,000000,6.26,6.53,5.99,6.53,0,0
LUK_MV,D,20180430,000000,5.99,6.46,5.99,6.46,0,0
LUK_MV,D,20180504,000000,5.93,6.59,5.93,6.59,0,0
LUK_MV,D,20180507,000000,6.46,6.46,5.33,6.26,0,0
LUK_MV,D,20180508,000000,6.46,7.19,5.73,5.86,0,0
LUK_MV,D,20180509,000000,6.59,6.59,6.59,6.59,0,0
LUK_MV,D,20180510,000000,6.46,6.99,6.46,6.99,0,0
LUK_MV,D,20180511,000000,6.99,7.13,6.66,7.13,0,0
LUK_MV,D,20180514,000000,6.59,6.59,6.59,6.59,0,0
LUK_MV,D,20180516,000000,6.19,6.86,6.19,6.86,0,0
LUK_MV,D,20180517,000000,6.99,6.99,6.99,6.99,0,0
LUK_MV,D,20180518,000000,6.79,7.13,6.46,6.46,0,0
LUK_MV,D,20180521,000000,6.46,6.79,6.33,6.79,0,0
LUK_MV,D,20180522,000000,6.26,6.26,6.26,6.26,0,0
LUK_MV,D,20180523,000000,6.39,6.39,6.39,6.39,0,0
LUK_MV,D,20180524,000000,5.86,6.33,5.86,6.33,0,0
LUK_MV,D,20180525,000000,5.86,6.19,5.39,5.73,0,0
LUK_MV,D,20180528,000000,5.33,5.33,5.33,5.33,0,0
LUK_MV,D,20180529,000000,5.86,6.59,5.86,6.59,0,0
LUK_MV,D,20180530,000000,6.13,6.26,5.73,5.73,0,0
LUK_MV,D,20180601,000000,5.86,6.53,5.79,6.53,0,0
LUK_MV,D,20180604,000000,6.66,6.66,6.66,6.66,0,0
LUK_MV,D,20180611,000000,6.13,6.26,5.33,5.99,0,0
LUK_MV,D,20180613,000000,5.99,6.33,5.99,6.33,0,0
LUK_MV,D,20180614,000000,6.39,6.39,6.39,6.39,0,0
LUK_MV,D,20180615,000000,6.39,6.39,6.39,6.39,0,0
LUK_MV,D,20180618,000000,5.86,6.73,5.86,6.73,0,0
LUK_MV,D,20180619,000000,6.73,6.73,6.73,6.73,0,0
LUK_MV,D,20180622,000000,6.19,6.33,5.99,5.99,0,0
LUK_MV,D,20180625,000000,5.99,6.33,5.99,6.33,0,0
LUK_MV,D,20180626,000000,5.86,6.33,5.86,6.33,0,0
LUK_MV,D,20180627,000000,6.59,6.59,6.59,6.59,0,0
LUK_MV,D,20180628,000000,6.33,6.33,6.33,6.33,0,0
LUK_MV,D,20180705,000000,6.33,6.73,6.33,6.73,0,0
LUK_MV,D,20180706,000000,6.33,6.66,6.33,6.66,0,0
LUK_MV,D,20180710,000000,6.19,6.39,6.19,6.39,0,0
LUK_MV,D,20180711,000000,6.39,6.39,6.39,6.39,0,0
LUK_MV,D,20180712,000000,6.39,6.39,6.39,6.39,0,0
LUK_MV,D,20180713,000000,5.86,6.39,5.86,6.39,0,0
LUK_MV,D,20180716,000000,5.99,6.39,5.99,6.33,0,0
LUK_MV,D,20180717,000000,5.86,6.26,5.73,6.26,0,0
LUK_MV,D,20180718,000000,6.33,6.33,5.86,5.86,0,0
LUK_MV,D,20180719,000000,6.33,6.33,6.33,6.33,0,0
LUK_MV,D,20180723,000000,5.73,5.99,5.19,5.53,0,0
LUK_MV,D,20180724,000000,5.19,5.99,4.86,5.99,0,0
LUK_MV,D,20180725,000000,5.53,5.73,5.53,5.73,0,0
LUK_MV,D,20180727,000000,5.73,5.73,5.66,5.66,0,0
LUK_MV,D,20180731,000000,5.46,5.73,5.46,5.53,0,0
LUK_MV,D,20180801,000000,5.73,5.73,5.73,5.73,0,0
LUK_MV,D,20180802,000000,5.73,5.93,5.73,5.93,0,0
LUK_MV,D,20180806,000000,5.93,5.93,5.93,5.93,0,0
LUK_MV,D,20180808,000000,5.66,5.73,4.73,5.26,0,0
LUK_MV,D,20180810,000000,4.8,5.33,4.8,5.33,0,0
LUK_MV,D,20180813,000000,5,5.39,5,5.39,0,0
LUK_MV,D,20180814,000000,5.73,5.73,5.73,5.73,0,0
LUK_MV,D,20180816,000000,4.93,5.73,4.93,5.73,0,0
LUK_MV,D,20180820,000000,5.39,5.39,4.33,5.33,0,0
LUK_MV,D,20180821,000000,5.19,5.73,4.8,5.66,0,0
LUK_MV,D,20180822,000000,5.13,5.93,5.13,5.93,0,0
LUK_MV,D,20180823,000000,5.93,5.93,5.93,5.93,0,0
LUK_MV,D,20180824,000000,5.46,5.46,5.19,5.19,0,0
LUK_MV,D,20180827,000000,5.86,5.86,5.86,5.86,0,0
LUK_MV,D,20180830,000000,5.13,5.19,5.13,5.19,0,0
LUK_MV,D,20180903,000000,5.19,5.59,5.19,5.59,0,0
LUK_MV,D,20180904,000000,5.19,5.73,5.19,5.73,0,0
LUK_MV,D,20180905,000000,5.79,5.79,5.46,5.66,0,0
LUK_MV,D,20180907,000000,5.66,5.79,5.66,5.79,0,0
LUK_MV,D,20180911,000000,5.79,5.79,5.79,5.79,0,0
LUK_MV,D,20180912,000000,5.79,5.86,5.79,5.86,0,0
LUK_MV,D,20180913,000000,5.86,5.86,5.86,5.86,0,0
LUK_MV,D,20180914,000000,5.33,5.86,5.33,5.86,0,0
LUK_MV,D,20180918,000000,5.86,5.93,5.86,5.93,0,0
LUK_MV,D,20180919,000000,5.66,5.79,5.53,5.79,0,0
LUK_MV,D,20180920,000000,5.66,5.79,5.33,5.79,0,0
LUK_MV,D,20180925,000000,5.33,5.79,5.33,5.79,0,0
LUK_MV,D,20180927,000000,5.26,5.33,4.93,5.33,0,0
LUK_MV,D,20181003,000000,5.26,5.26,5.26,5.26,0,0
LUK_MV,D,20181004,000000,5.33,5.33,5.33,5.33,0,0
LUK_MV,D,20181005,000000,5.33,5.66,5.33,5.66,0,0
LUK_MV,D,20181008,000000,5.33,5.33,5.33,5.33,0,0
LUK_MV,D,20181009,000000,5.66,5.79,5.66,5.79,0,0
LUK_MV,D,20181011,000000,5.79,5.79,5.26,5.26,0,0
LUK_MV,D,20181012,000000,5.33,5.46,5.33,5.46,0,0
LUK_MV,D,20181016,000000,5.39,5.79,5.39,5.79,0,0
LUK_MV,D,20181017,000000,5.79,6.33,5.79,6.33,0,0
LUK_MV,D,20181018,000000,5.99,6.53,5.99,6.19,0,0
LUK_MV,D,20181019,000000,6.33,6.46,6.33,6.46,0,0
LUK_MV,D,20181023,000000,5.93,6.39,5.93,6.39,0,0
LUK_MV,D,20181024,000000,5.93,5.99,5.93,5.99,0,0
LUK_MV,D,20181025,000000,5.99,5.99,5.99,5.99,0,0
LUK_MV,D,20181026,000000,6.46,6.46,6.46,6.46,0,0
LUK_MV,D,20181031,000000,5.46,6.19,5.46,6.19,0,0
LUK_MV,D,20181102,000000,6.19,6.53,6.19,6.53,0,0
LUK_MV,D,20181105,000000,6.53,6.53,6.53,6.53,0,0
LUK_MV,D,20181106,000000,6.06,6.53,6.06,6.53,0,0
LUK_MV,D,20181107,000000,6.53,6.53,6.53,6.53,0,0
LUK_MV,D,20181108,000000,6.06,6.53,6.06,6.53,0,0
LUK_MV,D,20181115,000000,5.66,6.06,5.66,6.06,0,0
LUK_MV,D,20181116,000000,5.66,5.99,5.66,5.93,0,0
LUK_MV,D,20181121,000000,5.39,5.53,5.39,5.53,0,0
LUK_MV,D,20181123,000000,5.53,5.53,5.46,5.46,0,0
LUK_MV,D,20181126,000000,5.53,5.53,5.53,5.53,0,0
LUK_MV,D,20181130,000000,5.33,5.53,5.33,5.53,0,0
LUK_MV,D,20181204,000000,5.33,5.53,5.33,5.53,0,0
LUK_MV,D,20181205,000000,5.53,5.53,5.53,5.53,0,0
LUK_MV,D,20181206,000000,5.53,5.99,5.53,5.99,0,0
LUK_MV,D,20181210,000000,5.46,5.59,5.46,5.59,0,0
LUK_MV,D,20181211,000000,5.26,5.59,5.26,5.59,0,0
LUK_MV,D,20181212,000000,5.13,5.59,5.13,5.59,0,0
LUK_MV,D,20181213,000000,5.19,5.59,5.19,5.59,0,0
LUK_MV,D,20181214,000000,5.06,5.26,4.8,5.19,0,0
LUK_MV,D,20181217,000000,4.73,5.59,4.73,5.59,0,0
LUK_MV,D,20181218,000000,5.06,5.46,5.06,5.46,0,0
LUK_MV,D,20181219,000000,4.93,5.39,4.93,5.39,0,0
LUK_MV,D,20181227,000000,4.86,5.33,4.86,5.33,0,0
LUK_MV,D,20181228,000000,5.19,5.19,5.19,5.19,0,0
LUK_MV,D,20190102,000000,5.33,5.33,5.33,5.33,0,0
LUK_MV,D,20190103,000000,5.33,5.99,5.33,5.99,0,0
LUK_MV,D,20190104,000000,5.59,5.93,5.59,5.93,0,0
LUK_MV,D,20190111,000000,5.33,5.79,4.93,5.33,0,0
LUK_MV,D,20190114,000000,5.66,5.66,5.13,5.66,0,0
LUK_MV,D,20190117,000000,5.13,5.59,5.13,5.59,0,0
LUK_MV,D,20190130,000000,5.06,5.06,4.46,4.93,0,0
LUK_MV,D,20190204,000000,5,5,5,5,0,0
LUK_MV,D,20190218,000000,5.26,5.26,5.26,5.26,0,0
LUK_MV,D,20190311,000000,5,5,5,5,0,0
LUK_MV,D,20190314,000000,4.46,4.6,4,4.46,0,0
LUK_MV,D,20190315,000000,4.46,4.6,4,4.6,0,0
LUK_MV,D,20190318,000000,4.6,5.06,4.6,5.06,0,0
LUK_MV,D,20190320,000000,4.53,4.6,4.46,4.6,0,0
LUK_MV,D,20190321,000000,5.46,5.46,5.46,5.46,0,0
LUK_MV,D,20190326,000000,4.6,5.46,4.6,5.46,0,0
LUK_MV,D,20190328,000000,4.53,5.06,4.53,5.06,0,0
LUK_MV,D,20190329,000000,4.53,4.53,4.06,4.53,0,0
LUK_MV,D,20190401,000000,4.6,4.6,4.6,4.6,0,0
LUK_MV,D,20190402,000000,4.06,4.06,3.93,3.93,0,0
LUK_MV,D,20190403,000000,4.06,4.06,4.06,4.06,0,0
LUK_MV,D,20190404,000000,4.8,4.8,4.8,4.8,0,0
LUK_MV,D,20190409,000000,4,4,4,4,0,0
LUK_MV,D,20190410,000000,3.66,4.13,3.66,4.13,0,0
LUK_MV,D,20190412,000000,4.2,4.2,4.2,4.2,0,0
LUK_MV,D,20190509,000000,4.8,4.8,4.8,4.8,0,0
LUK_MV,D,20190520,000000,4.8,4.8,4.8,4.8,0,0
LUK_MV,D,20190613,000000,4.13,4.46,4.13,4.46,0,0
LUK_MV,D,20190703,000000,3.86,4.33,3.33,4.33,0,0
LUK_MV,D,20190704,000000,3.86,3.86,3.33,3.86,0,0
LUK_MV,D,20190705,000000,3.46,3.6,3.46,3.6,0,0
LUK_MV,D,20190708,000000,3.06,3.46,3.06,3.46,0,0
LUK_MV,D,20190709,000000,3.6,3.6,3.6,3.6,0,0
LUK_MV,D,20190710,000000,3.06,3.2,2.8,3.2,0,0
LUK_MV,D,20190715,000000,2.66,3.2,2.66,2.66,0,0
LUK_MV,D,20190717,000000,2.26,2.53,2.26,2.53,0,0
LUK_MV,D,20190718,000000,2.93,3.06,2.8,3.06,0,0
LUK_MV,D,20190719,000000,3.06,3.26,3.06,3.26,0,0
LUK_MV,D,20190722,000000,2.73,2.73,2.73,2.73,0,0
LUK_MV,D,20190724,000000,2.26,2.66,2.26,2.66,0,0
LUK_MV,D,20190812,000000,2.73,2.73,2.73,2.73,0,0
LUK_MV,D,20190813,000000,2.73,2.8,2.66,2.8,0,0
LUK_MV,D,20190814,000000,2.8,2.8,2.8,2.8,0,0
LUK_MV,D,20190816,000000,2.8,3,2.8,3,0,0
LUK_MV,D,20190820,000000,3,3,3,3,0,0
LUK_MV,D,20190823,000000,2.73,2.73,2.73,2.73,0,0
LUK_MV,D,20190826,000000,2.86,3,2.86,3,0,0
LUK_MV,D,20190827,000000,3.06,3.26,2.8,3.06,0,0
LUK_MV,D,20190829,000000,2.73,3.06,2.73,3.06,0,0
LUK_MV,D,20190906,000000,3.06,3.53,3.06,3.46,0,0
LUK_MV,D,20190909,000000,3.53,3.53,3.53,3.53,0,0
LUK_MV,D,20190910,000000,3.53,3.53,3.53,3.53,0,0
LUK_MV,D,20190912,000000,3.53,4,3.46,3.93,0,0
LUK_MV,D,20190917,000000,3.53,3.93,3.46,3.93,0,0
LUK_MV,D,20190920,000000,4,4,4,4,0,0
LUK_MV,D,20190927,000000,4,4.06,4,4.06,0,0
LUK_MV,D,20190930,000000,4.86,5.26,4.86,5.26,0,0
LUK_MV,D,20191003,000000,4.06,4.06,4.06,4.06,0,0
LUK_MV,D,20191004,000000,3.6,4.13,3.6,4.13,0,0
LUK_MV,D,20191007,000000,3.8,4.13,3.8,4.13,0,0
LUK_MV,D,20191008,000000,4.13,4.93,4.13,4.93,0,0
LUK_MV,D,20191009,000000,4.4,4.4,4.4,4.4,0,0
LUK_MV,D,20191014,000000,5.26,5.26,5.26,5.26,0,0
LUK_MV,D,20191016,000000,4.46,5.26,4.26,5.26,0,0
LUK_MV,D,20191108,000000,4.26,4.66,4.26,4.53,0,0
LUK_MV,D,20191112,000000,3.8,4.26,3.8,3.86,0,0
LUK_MV,D,20191113,000000,4.4,4.4,4.4,4.4,0,0
LUK_MV,D,20191115,000000,3.93,4.66,3.86,4,0,0
LUK_MV,D,20191125,000000,4.13,4.13,4.13,4.13,0,0
LUK_MV,D,20191127,000000,4,4,4,4,0,0
LUK_MV,D,20191128,000000,3.66,4.13,3.66,4.13,0,0
LUK_MV,D,20191129,000000,3.6,3.6,3.33,3.33,0,0
LUK_MV,D,20191202,000000,3.73,3.73,3.73,3.73,0,0
LUK_MV,D,20191203,000000,4.43,4.43,4.43,4.43,0,0
LUK_MV,D,20191204,000000,5.03,5.03,3.73,4.33,0,0
LUK_MV,D,20191205,000000,3.46,3.86,3.02,3.66,0,0
LUK_MV,D,20191206,000000,3.33,4.33,3.33,4.33,0,0
LUK_MV,D,20191211,000000,3.46,3.46,3.46,3.46,0,0
LUK_MV,D,20191213,000000,3.01,3.46,3.01,3.46,0,0
LUK_MV,D,20191217,000000,3,3.33,3,3.33,0,0
LUK_MV,D,20191218,000000,3,3.46,2.93,3.46,0,0
LUK_MV,D,20191219,000000,3.06,3.46,3.06,3.06,0,0
LUK_MV,D,20191220,000000,3.06,3.46,3.06,3.46,0,0
LUK_MV,D,20191223,000000,3.06,3.06,3.06,3.06,0,0
LUK_MV,D,20191230,000000,3.46,3.46,3.4,3.4,0,0
LUK_MV,D,20200103,000000,3,3.46,3,3.46,0,0
LUK_MV,D,20200107,000000,3,3.46,3,3.46,0,0
LUK_MV,D,20200113,000000,3,3.6,3,3.6,0,0
LUK_MV,D,20200114,000000,4.3,4.3,4.3,4.3,0,0
LUK_MV,D,20200122,000000,3.33,3.33,3.33,3.33,0,0
LUK_MV,D,20200127,000000,3.4,3.4,3.4,3.4,0,0
LUK_MV,D,20200130,000000,3.46,3.46,3.46,3.46,0,0
LUK_MV,D,20200204,000000,3.4,3.4,3.4,3.4,0,0
LUK_MV,D,20200213,000000,2.93,3.66,2.93,3.66,0,0
LUK_MV,D,20200214,000000,3.46,4.1,3.46,3.86,0,0
LUK_MV,D,20200217,000000,3.93,4.13,3.93,4.13,0,0
LUK_MV,D,20200218,000000,3.93,3.93,3.8,3.8,0,0
LUK_MV,D,20200219,000000,3.7,3.7,3.7,3.7,0,0
LUK_MV,D,20200220,000000,3.53,3.53,2.82,3.4,0,0
LUK_MV,D,20200225,000000,3.06,3.56,3.06,3.56,0,0
LUK_MV,D,20200226,000000,3.06,3.33,3.06,3.33,0,0
LUK_MV,D,20200228,000000,2.8,2.8,2.69,2.69,0,0
LUK_MV,D,20200302,000000,2.69,2.73,2.66,2.73,0,0
LUK_MV,D,20200303,000000,2.98,3.02,2.98,3.02,0,0
LUK_MV,D,20200306,000000,2.74,2.93,2.66,2.93,0,0
LUK_MV,D,20200309,000000,2.46,2.46,2.46,2.46,0,0
LUK_MV,D,20200311,000000,2.46,2.46,2.33,2.33,0,0
LUK_MV,D,20200312,000000,2,2,2,2,0,0
LUK_MV,D,20200316,000000,2.13,2.13,2.13,2.13,0,0
LUK_MV,D,20200317,000000,2.13,2.13,2.13,2.13,0,0
LUK_MV,D,20200318,000000,2.2,2.2,2.2,2.2,0,0
LUK_MV,D,20200323,000000,2.2,2.2,2.2,2.2,0,0
LUK_MV,D,20200325,000000,2.13,2.13,2.13,2.13,0,0
LUK_MV,D,20200331,000000,2.06,2.06,2,2,0,0
LUK_MV,D,20200401,000000,2.06,2.06,2.06,2.06,0,0
LUK_MV,D,20200406,000000,2.06,2.32,2.06,2.32,0,0
LUK_MV,D,20200407,000000,1.86,2.3,1.86,2.3,0,0
LUK_MV,D,20200408,000000,2.3,2.3,2.3,2.3,0,0
LUK_MV,D,20200409,000000,2.3,2.73,2.3,2.73,0,0
LUK_MV,D,20200414,000000,2.72,3.17,2.72,3.17,0,0
LUK_MV,D,20200415,000000,3.17,3.18,2.66,3.18,0,0
LUK_MV,D,20200417,000000,3.06,3.06,3.06,3.06,0,0
LUK_MV,D,20200423,000000,3.12,3.12,3.12,3.12,0,0
LUK_MV,D,20200427,000000,3,3,3,3,0,0
LUK_MV,D,20200428,000000,2.66,3.06,2.66,3.06,0,0
LUK_MV,D,20200506,000000,3.06,3.13,3.06,3.13,0,0
LUK_MV,D,20200508,000000,3.06,4.4,3.06,4.4,0,0
LUK_MV,D,20200511,000000,5.26,6.26,4.73,5.89,0,0
LUK_MV,D,20200512,000000,5.33,6.26,4.93,5.39,0,0
LUK_MV,D,20200513,000000,5.13,5.13,5,5,0,0
LUK_MV,D,20200514,000000,5.46,5.99,5,5,0,0
LUK_MV,D,20200515,000000,4.8,4.8,4.8,4.8,0,0
LUK_MV,D,20200518,000000,4.33,4.33,3.93,4.33,0,0
LUK_MV,D,20200519,000000,3.86,4.4,3.86,4.13,0,0
LUK_MV,D,20200520,000000,4.13,4.13,4.13,4.13,0,0
LUK_MV,D,20200525,000000,3.66,3.93,3.66,3.93,0,0
LUK_MV,D,20200526,000000,4,4,3.6,3.6,0,0
LUK_MV,D,20200602,000000,3.2,3.2,3.2,3.2,0,0
LUK_MV,D,20200603,000000,3.33,3.33,3.33,3.33,0,0
LUK_MV,D,20200604,000000,3.33,3.33,3.06,3.06,0,0
LUK_MV,D,20200605,000000,3,3,3,3,0,0
LUK_MV,D,20200608,000000,3,3,3,3,0,0
LUK_MV,D,20200609,000000,3.25,4,3.25,3.66,0,0
LUK_MV,D,20200610,000000,3.6,3.66,3.36,3.36,0,0
LUK_MV,D,20200612,000000,3.8,4.53,3.8,3.83,0,0
LUK_MV,D,20200615,000000,3.8,4.3,3.8,3.96,0,0
LUK_MV,D,20200616,000000,3.96,4,3.96,4,0,0
LUK_MV,D,20200619,000000,3.8,3.8,3.8,3.8,0,0
LUK_MV,D,20200622,000000,3.8,4.3,3.43,4.26,0,0
LUK_MV,D,20200623,000000,3.8,4,3.33,4,0,0
LUK_MV,D,20200624,000000,3.66,3.66,3.66,3.66,0,0
LUK_MV,D,20200626,000000,3.6,4.06,3.6,4.06,0,0
LUK_MV,D,20200629,000000,4.06,4.06,3.6,4.06,0,0
LUK_MV,D,20200630,000000,3.73,3.8,3.73,3.8,0,0
LUK_MV,D,20200701,000000,3.8,4.23,3.8,4.23,0,0
LUK_MV,D,20200702,000000,3.73,27.86,3.73,27.86,0,0
LUK_MV,D,20200703,000000,24.79,27.86,24.79,27.86,0,0
LUK_MV,D,20200706,000000,24.79,24.79,21.94,24.57,0,0
LUK_MV,D,20200707,000000,22.38,24.57,22.38,22.38,0,0
LUK_MV,D,20200708,000000,23.26,32.91,22.82,31.37,0,0
LUK_MV,D,20200709,000000,31.37,31.59,29.84,29.84,0,0
LUK_MV,D,20200710,000000,31.15,31.59,25.89,30.71,0,0
LUK_MV,D,20200713,000000,30.71,30.71,30.71,30.71,0,0
LUK_MV,D,20200714,000000,29.84,30.49,29.84,30.49,0,0
LUK_MV,D,20200715,000000,27.64,27.64,27.2,27.2,0,0
LUK_MV,D,20200716,000000,28.08,28.52,25.45,28.52,0,0
LUK_MV,D,20200717,000000,28.3,28.52,25.89,25.89,0,0
LUK_MV,D,20200721,000000,25.45,28.96,24.57,26.77,0,0
LUK_MV,D,20200722,000000,27.2,27.2,27.2,27.2,0,0
LUK_MV,D,20200723,000000,25.89,27.64,25.89,27.64,0,0
LUK_MV,D,20200724,000000,27.64,27.64,25.45,26.33,0,0
LUK_MV,D,20200727,000000,28.52,29.4,26.77,28.96,0,0
LUK_MV,D,20200728,000000,27.42,32.69,27.42,32.69,0,0
LUK_MV,D,20200729,000000,28.96,31.59,28.08,31.59,0,0
LUK_MV,D,20200730,000000,28.08,31.37,26.77,26.77,0,0
LUK_MV,D,20200731,000000,28.52,28.52,28.52,28.52,0,0
LUK_MV,D,20200803,000000,28.52,30.71,27.2,27.2,0,0
LUK_MV,D,20200804,000000,28.52,31.15,28.52,30.71,0,0
LUK_MV,D,20200805,000000,30.93,31.15,30.06,31.15,0,0
LUK_MV,D,20200806,000000,30.71,30.93,27.64,30.28,0,0
LUK_MV,D,20200807,000000,30.28,30.28,30.28,30.28,0,0
LUK_MV,D,20200810,000000,28.96,28.96,27.42,27.42,0,0
LUK_MV,D,20200811,000000,26.98,26.98,26.98,26.98,0,0
LUK_MV,D,20200812,000000,30.06,30.06,30.06,30.06,0,0
LUK_MV,D,20200813,000000,28.52,30.06,28.52,30.06,0,0
LUK_MV,D,20200814,000000,30.06,30.06,30.06,30.06,0,0
LUK_MV,D,20200817,000000,30.06,30.06,26.33,30.06,0,0
LUK_MV,D,20200818,000000,26.77,31.15,26.77,30.93,0,0
LUK_MV,D,20200819,000000,31.15,31.15,27.64,28.52,0,0
LUK_MV,D,20200820,000000,26.33,28.52,26.33,28.52,0,0
LUK_MV,D,20200821,000000,25.45,28.3,25.45,28.3,0,0
LUK_MV,D,20200824,000000,25.01,28.3,25.01,28.3,0,0
LUK_MV,D,20200825,000000,28.08,28.08,28.08,28.08,0,0
LUK_MV,D,20200827,000000,25.01,28.3,25.01,28.3,0,0
LUK_MV,D,20200828,000000,28.3,28.3,25.01,25.01,0,0
LUK_MV,D,20200831,000000,27.2,27.2,27.2,27.2,0,0
LUK_MV,D,20200901,000000,23.69,23.69,23.69,23.69,0,0
LUK_MV,D,20200902,000000,27.2,27.2,27.2,27.2,0,0
LUK_MV,D,20200903,000000,24.13,27.64,24.13,27.64,0,0
LUK_MV,D,20200904,000000,27.64,27.64,27.2,27.2,0,0
LUK_MV,D,20200907,000000,27.2,27.2,27.2,27.2,0,0
LUK_MV,D,20200908,000000,24.13,24.13,23.26,23.26,0,0
LUK_MV,D,20200909,000000,25.45,25.45,25.45,25.45,0,0
LUK_MV,D,20200910,000000,24.13,25.45,24.13,25.45,0,0
LUK_MV,D,20200917,000000,25.45,25.45,25.45,25.45,0,0
LUK_MV,D,20200921,000000,25.45,25.45,25.45,25.45,0,0
LUK_MV,D,20200922,000000,25.45,25.45,25.45,25.45,0,0
LUK_MV,D,20200923,000000,22.6,24.57,22.6,24.57,0,0
LUK_MV,D,20200925,000000,24.57,29.84,24.57,29.84,0,0
LUK_MV,D,20200928,000000,29.4,29.4,26.33,26.33,0,0
LUK_MV,D,20200929,000000,26.77,26.77,23.26,26.33,0,0
LUK_MV,D,20201005,000000,24.13,26.33,24.13,26.33,0,0
LUK_MV,D,20201006,000000,26.33,26.33,25.89,25.89,0,0
LUK_MV,D,20201008,000000,28.52,28.52,28.52,28.52,0,0
LUK_MV,D,20201009,000000,24.35,24.35,24.35,24.35,0,0
LUK_MV,D,20201012,000000,24.35,24.35,24.35,24.35,0,0
LUK_MV,D,20201013,000000,24.13,24.13,24.13,24.13,0,0
LUK_MV,D,20201014,000000,23.04,26.33,23.04,26.33,0,0
LUK_MV,D,20201016,000000,22.82,22.82,22.82,22.82,0,0
