<TICKER>,<PER>,<DATE>,<TIME>,<OPEN>,<HIGH>,<LOW>,<CLOSE>,<VOL>,<OPENINT>
MOV_PE,D,20181218,000000,116.86,116.86,116.86,116.86,0,0
MOV_PE,D,20181219,000000,114.17,114.17,98.84,106.31,0,0
MOV_PE,D,20181220,000000,106.31,106.31,96.451,104.02,0,0
MOV_PE,D,20181221,000000,99.338,113.67,99.338,113.67,0,0
MOV_PE,D,20181227,000000,116.36,116.36,105.81,107.8,0,0
MOV_PE,D,20181228,000000,107.3,110.49,104.02,109.89,0,0
MOV_PE,D,20190102,000000,111.88,111.88,105.21,110.49,0,0
MOV_PE,D,20190103,000000,110.39,110.39,105.21,109.19,0,0
MOV_PE,D,20190104,000000,109.19,109.19,105.11,105.21,0,0
MOV_PE,D,20190107,000000,105.21,108,105.21,107.9,0,0
MOV_PE,D,20190108,000000,107.9,107.9,104.02,107.8,0,0
MOV_PE,D,20190109,000000,107.5,109.19,105.21,109.19,0,0
MOV_PE,D,20190110,000000,107.8,109.19,107.8,109.19,0,0
MOV_PE,D,20190111,000000,105.41,108.89,104.61,108.89,0,0
MOV_PE,D,20190114,000000,105.81,108.4,105.41,108.4,0,0
MOV_PE,D,20190115,000000,108.5,110.39,107,110.09,0,0
MOV_PE,D,20190116,000000,110.09,110.49,108.1,110.49,0,0
MOV_PE,D,20190117,000000,109.29,111.08,109.29,111.08,0,0
MOV_PE,D,20190118,000000,111.08,121.53,111.08,119.34,0,0
MOV_PE,D,20190121,000000,119.74,125.62,119.34,124.32,0,0
MOV_PE,D,20190122,000000,123.23,124.42,119.74,121.53,0,0
MOV_PE,D,20190123,000000,121.53,123.13,111.88,122.73,0,0
MOV_PE,D,20190124,000000,123.03,131.49,123.03,129.7,0,0
MOV_PE,D,20190125,000000,128.5,154.18,128.5,145.52,0,0
MOV_PE,D,20190128,000000,145.42,158.96,139.95,151.4,0,0
MOV_PE,D,20190129,000000,151.89,163.64,151.89,163.64,0,0
MOV_PE,D,20190130,000000,162.44,166.62,155.78,157.77,0,0
MOV_PE,D,20190131,000000,155.78,156.37,146.12,154.88,0,0
MOV_PE,D,20190201,000000,154.88,154.88,149.01,151.89,0,0
MOV_PE,D,20190204,000000,151.99,157.27,151.89,151.89,0,0
MOV_PE,D,20190205,000000,150.2,156.67,149.01,156.57,0,0
MOV_PE,D,20190206,000000,159.26,159.56,154.58,159.26,0,0
MOV_PE,D,20190207,000000,159.26,159.26,149.01,157.77,0,0
MOV_PE,D,20190208,000000,148.71,153.69,148.41,153.69,0,0
MOV_PE,D,20190211,000000,153.69,153.69,148.71,151.99,0,0
MOV_PE,D,20190212,000000,148.41,155.97,146.12,155.87,0,0
MOV_PE,D,20190213,000000,155.87,155.87,151.3,153.09,0,0
MOV_PE,D,20190214,000000,155.38,165.63,152.89,155.48,0,0
MOV_PE,D,20190215,000000,155.48,164.93,155.48,164.93,0,0
MOV_PE,D,20190218,000000,167.32,167.32,114.87,114.87,0,0
MOV_PE,D,20190219,000000,115.86,117.95,111.78,117.95,0,0
MOV_PE,D,20190220,000000,116.76,122.53,116.76,120.04,0,0
MOV_PE,D,20190221,000000,119.34,119.34,116.16,119.34,0,0
MOV_PE,D,20190222,000000,116.76,120.04,116.76,120.04,0,0
MOV_PE,D,20190225,000000,119.94,120.04,117.95,120.04,0,0
MOV_PE,D,20190226,000000,119.94,119.94,115.96,117.55,0,0
MOV_PE,D,20190227,000000,116.36,117.16,113.07,115.86,0,0
MOV_PE,D,20190228,000000,115.86,115.86,112.58,112.58,0,0
MOV_PE,D,20190301,000000,115.86,117.45,114.27,117.45,0,0
MOV_PE,D,20190304,000000,117.45,124.12,115.86,115.86,0,0
MOV_PE,D,20190305,000000,117.55,117.95,115.86,117.95,0,0
MOV_PE,D,20190306,000000,117.95,118.65,116.46,118.35,0,0
MOV_PE,D,20190307,000000,117.55,117.55,114.07,115.86,0,0
MOV_PE,D,20190308,000000,116.46,116.46,113.77,115.86,0,0
MOV_PE,D,20190311,000000,115.86,127.91,115.86,124.12,0,0
MOV_PE,D,20190312,000000,125.81,137.96,125.81,135.77,0,0
MOV_PE,D,20190313,000000,138.66,138.66,128.3,129.7,0,0
MOV_PE,D,20190314,000000,130,132.88,126.71,128.3,0,0
MOV_PE,D,20190315,000000,131.59,137.36,130.39,136.47,0,0
MOV_PE,D,20190318,000000,134.47,136.07,132.48,136.07,0,0
MOV_PE,D,20190319,000000,136.07,136.07,126.41,134.08,0,0
MOV_PE,D,20190320,000000,132.48,132.48,125.12,128.2,0,0
MOV_PE,D,20190321,000000,128.2,130,128.2,130,0,0
MOV_PE,D,20190322,000000,127.61,127.61,122.13,127.11,0,0
MOV_PE,D,20190325,000000,128.3,128.3,120.74,124.22,0,0
MOV_PE,D,20190326,000000,124.22,130.79,120.94,130.79,0,0
MOV_PE,D,20190327,000000,129.5,129.5,121.93,124.12,0,0
MOV_PE,D,20190328,000000,123.72,127.41,122.13,125.02,0,0
MOV_PE,D,20190329,000000,125.42,129.2,123.33,125.02,0,0
MOV_PE,D,20190401,000000,125.02,125.02,119.25,121.34,0,0
MOV_PE,D,20190402,000000,122.53,122.53,116.36,117.95,0,0
MOV_PE,D,20190403,000000,128.3,137.06,111.78,137.06,0,0
MOV_PE,D,20190404,000000,139.05,139.05,133.68,137.56,0,0
MOV_PE,D,20190405,000000,137.56,137.56,133.68,137.56,0,0
MOV_PE,D,20190408,000000,135.67,138.56,133.68,137.06,0,0
MOV_PE,D,20190409,000000,134.67,144.83,134.67,140.45,0,0
MOV_PE,D,20190410,000000,142.94,142.94,140.45,141.44,0,0
MOV_PE,D,20190411,000000,142.44,142.44,138.06,138.06,0,0
MOV_PE,D,20190412,000000,138.56,139.45,130.79,136.56,0,0
MOV_PE,D,20190415,000000,134.18,136.56,134.18,136.56,0,0
MOV_PE,D,20190416,000000,134.67,136.07,133.68,136.07,0,0
MOV_PE,D,20190417,000000,135.57,135.57,133.58,133.68,0,0
MOV_PE,D,20190418,000000,134.18,135.67,132.19,135.67,0,0
MOV_PE,D,20190423,000000,135.67,139.55,135.67,139.55,0,0
MOV_PE,D,20190424,000000,138.16,138.56,137.66,138.56,0,0
MOV_PE,D,20190425,000000,139.05,142.94,133.18,133.18,0,0
MOV_PE,D,20190426,000000,142.44,145.32,138.06,141.94,0,0
MOV_PE,D,20190429,000000,142.94,143.33,140.45,143.33,0,0
MOV_PE,D,20190430,000000,143.33,148.71,140.45,148.71,0,0
MOV_PE,D,20190502,000000,145.32,148.71,145.32,145.32,0,0
MOV_PE,D,20190506,000000,145.32,151.1,140.45,151.1,0,0
MOV_PE,D,20190507,000000,151.1,153.98,144.83,146.32,0,0
MOV_PE,D,20190508,000000,146.32,151.69,145.82,150.2,0,0
MOV_PE,D,20190509,000000,152.69,152.69,147.81,151.59,0,0
MOV_PE,D,20190510,000000,152.59,153.98,147.22,147.22,0,0
MOV_PE,D,20190513,000000,150.2,151.59,150.2,150.2,0,0
MOV_PE,D,20190514,000000,146.32,152.69,145.42,149.7,0,0
MOV_PE,D,20190515,000000,149.7,149.7,139.45,146.32,0,0
MOV_PE,D,20190516,000000,150.2,150.2,140.55,145.82,0,0
MOV_PE,D,20190517,000000,144.33,144.33,140.45,143.83,0,0
MOV_PE,D,20190520,000000,145.32,145.32,66.789,66.789,0,0
MOV_PE,D,20190521,000000,66.988,66.988,63.306,66.093,0,0
MOV_PE,D,20190522,000000,65.595,67.287,63.803,67.187,0,0
MOV_PE,D,20190523,000000,64.201,65.097,62.808,64.699,0,0
MOV_PE,D,20190524,000000,62.609,67.685,61.713,66.491,0,0
MOV_PE,D,20190527,000000,66.491,66.491,63.903,65.097,0,0
MOV_PE,D,20190528,000000,65.097,65.097,62.808,64.699,0,0
MOV_PE,D,20190529,000000,62.609,64.5,62.609,64.4,0,0
MOV_PE,D,20190530,000000,64.201,64.898,62.808,64.898,0,0
MOV_PE,D,20190531,000000,64.898,64.898,62.808,64.201,0,0
MOV_PE,D,20190603,000000,63.306,63.306,62.609,62.609,0,0
MOV_PE,D,20190604,000000,62.808,62.808,61.912,62.808,0,0
MOV_PE,D,20190605,000000,62.31,62.808,61.912,62.808,0,0
MOV_PE,D,20190606,000000,62.111,62.111,60.917,61.613,0,0
MOV_PE,D,20190607,000000,60.718,62.509,60.22,62.31,0,0
MOV_PE,D,20190610,000000,61.116,62.509,60.021,61.116,0,0
MOV_PE,D,20190611,000000,60.419,61.613,56.238,61.414,0,0
MOV_PE,D,20190612,000000,61.414,61.414,56.736,56.736,0,0
MOV_PE,D,20190613,000000,58.13,61.812,56.238,60.021,0,0
MOV_PE,D,20190614,000000,56.537,59.722,56.537,58.826,0,0
MOV_PE,D,20190617,000000,58.826,60.021,58.13,59.324,0,0
MOV_PE,D,20190618,000000,59.324,60.22,58.13,60.22,0,0
MOV_PE,D,20190619,000000,59.324,60.419,58.329,58.428,0,0
MOV_PE,D,20190621,000000,61.713,61.713,58.229,59.324,0,0
MOV_PE,D,20190624,000000,58.13,58.13,57.035,58.13,0,0
MOV_PE,D,20190625,000000,57.931,57.931,56.736,57.731,0,0
MOV_PE,D,20190626,000000,56.836,58.926,56.338,57.731,0,0
MOV_PE,D,20190627,000000,56.537,58.229,56.537,58.13,0,0
MOV_PE,D,20190628,000000,58.13,60.917,58.13,59.822,0,0
MOV_PE,D,20190701,000000,60.021,62.111,59.822,61.912,0,0
MOV_PE,D,20190702,000000,61.912,62.111,60.519,60.519,0,0
MOV_PE,D,20190703,000000,60.519,62.111,60.021,62.111,0,0
MOV_PE,D,20190704,000000,61.414,62.808,60.519,62.808,0,0
MOV_PE,D,20190705,000000,62.808,66.292,62.808,64.002,0,0
MOV_PE,D,20190708,000000,66.292,67.287,65.197,66.292,0,0
MOV_PE,D,20190709,000000,64.898,67.486,64.201,64.699,0,0
MOV_PE,D,20190710,000000,64.201,65.197,60.718,64.699,0,0
MOV_PE,D,20190711,000000,64.898,64.898,62.111,62.808,0,0
MOV_PE,D,20190712,000000,62.808,62.808,61.613,62.808,0,0
MOV_PE,D,20190715,000000,65.097,65.097,62.808,63.704,0,0
MOV_PE,D,20190716,000000,62.808,62.808,61.812,62.808,0,0
MOV_PE,D,20190717,000000,62.808,63.704,62.808,63.704,0,0
MOV_PE,D,20190718,000000,63.704,63.704,62.808,62.808,0,0
MOV_PE,D,20190719,000000,62.808,66.292,61.613,65.097,0,0
MOV_PE,D,20190722,000000,63.903,65.396,62.808,65.396,0,0
MOV_PE,D,20190723,000000,65.396,65.595,64.898,65.595,0,0
MOV_PE,D,20190724,000000,66.093,67.486,66.093,67.486,0,0
MOV_PE,D,20190725,000000,67.486,69.079,67.486,69.079,0,0
MOV_PE,D,20190726,000000,69.079,69.079,66.093,69.079,0,0
MOV_PE,D,20190729,000000,67.486,68.88,66.491,68.382,0,0
MOV_PE,D,20190730,000000,67.486,68.88,66.988,68.183,0,0
MOV_PE,D,20190731,000000,68.681,68.681,68.183,68.581,0,0
MOV_PE,D,20190801,000000,68.581,68.581,66.69,67.486,0,0
MOV_PE,D,20190802,000000,67.486,67.486,66.093,67.486,0,0
MOV_PE,D,20190805,000000,66.093,67.486,65.396,67.486,0,0
MOV_PE,D,20190806,000000,67.486,67.486,66.988,67.187,0,0
MOV_PE,D,20190807,000000,67.187,67.187,64.898,66.491,0,0
MOV_PE,D,20190808,000000,65.296,65.296,62.808,64.002,0,0
MOV_PE,D,20190809,000000,64.002,64.002,61.713,64.002,0,0
MOV_PE,D,20190812,000000,64.002,64.002,61.912,62.808,0,0
MOV_PE,D,20190813,000000,63.704,63.704,61.215,63.704,0,0
MOV_PE,D,20190814,000000,63.704,63.704,61.613,63.704,0,0
MOV_PE,D,20190816,000000,62.808,86.597,62.31,86.597,0,0
MOV_PE,D,20190819,000000,86.597,86.597,82.218,86,0,0
MOV_PE,D,20190820,000000,86,86.597,86,86.299,0,0
MOV_PE,D,20190821,000000,86.597,88.787,85.701,86.995,0,0
MOV_PE,D,20190822,000000,87.991,91.076,87.294,90.081,0,0
MOV_PE,D,20190823,000000,90.081,91.076,88.787,91.076,0,0
MOV_PE,D,20190826,000000,88.887,91.076,88.887,91.076,0,0
MOV_PE,D,20190827,000000,91.674,93.863,91.674,93.266,0,0
MOV_PE,D,20190828,000000,93.863,97.745,93.565,96.451,0,0
MOV_PE,D,20190829,000000,96.75,97.049,92.968,96.451,0,0
MOV_PE,D,20190830,000000,93.863,96.451,93.863,96.451,0,0
MOV_PE,D,20190902,000000,96.451,110.69,96.451,101.83,0,0
MOV_PE,D,20190903,000000,104.31,105.01,101.23,101.23,0,0
MOV_PE,D,20190904,000000,103.12,103.72,99.64,103.72,0,0
MOV_PE,D,20190905,000000,110.98,110.98,103.72,105.91,0,0
MOV_PE,D,20190906,000000,106.21,109.09,103.72,105.91,0,0
MOV_PE,D,20190909,000000,103.12,105.01,101.23,105.01,0,0
MOV_PE,D,20190910,000000,105.01,105.01,101.23,101.53,0,0
MOV_PE,D,20190911,000000,101.23,113.87,98.343,110.09,0,0
MOV_PE,D,20190912,000000,107.6,113.27,107.6,110.69,0,0
MOV_PE,D,20190913,000000,110.69,112.58,107.5,111.98,0,0
MOV_PE,D,20190916,000000,118.65,122.13,118.65,118.85,0,0
MOV_PE,D,20190917,000000,125.81,126.11,121.34,124.62,0,0
MOV_PE,D,20190918,000000,124.62,124.62,121.73,123.92,0,0
MOV_PE,D,20190919,000000,126.41,126.41,120.14,123.03,0,0
MOV_PE,D,20190920,000000,123.03,125.22,118.95,122.33,0,0
MOV_PE,D,20190923,000000,122.63,123.23,120.14,121.73,0,0
MOV_PE,D,20190924,000000,123.33,123.33,117.35,122.03,0,0
MOV_PE,D,20190925,000000,124.22,124.92,121.73,124.62,0,0
MOV_PE,D,20190926,000000,123.03,124.92,121.73,121.73,0,0
MOV_PE,D,20190927,000000,121.73,121.73,114.47,117.65,0,0
MOV_PE,D,20190930,000000,117.65,117.65,110.69,113.47,0,0
MOV_PE,D,20191001,000000,113.77,118.85,112.18,116.36,0,0
MOV_PE,D,20191002,000000,112.87,113.47,105.91,109.69,0,0
MOV_PE,D,20191003,000000,113.77,113.77,105.61,109.09,0,0
MOV_PE,D,20191004,000000,109.09,109.09,105.01,106.21,0,0
MOV_PE,D,20191007,000000,107.5,107.5,104.02,105.91,0,0
MOV_PE,D,20191008,000000,109.09,109.09,105.31,107.5,0,0
MOV_PE,D,20191009,000000,109.69,109.69,102.12,105.91,0,0
MOV_PE,D,20191010,000000,105.01,106.6,101.83,106.6,0,0
MOV_PE,D,20191011,000000,106.6,110.69,106.6,110.69,0,0
MOV_PE,D,20191014,000000,112.28,112.28,105.61,110.39,0,0
MOV_PE,D,20191015,000000,110.39,117.06,110.39,112.58,0,0
MOV_PE,D,20191016,000000,110.69,110.98,106.21,109.69,0,0
MOV_PE,D,20191017,000000,107.5,110.59,104.31,105.91,0,0
MOV_PE,D,20191018,000000,99.64,99.64,91.076,94.56,0,0
MOV_PE,D,20191021,000000,91.773,99.64,91.773,97.745,0,0
MOV_PE,D,20191022,000000,95.157,102.52,95.157,99.64,0,0
MOV_PE,D,20191023,000000,99.338,103.42,99.338,103.42,0,0
MOV_PE,D,20191024,000000,104.41,104.41,96.451,100.53,0,0
MOV_PE,D,20191025,000000,95.157,98.343,92.968,97.347,0,0
MOV_PE,D,20191028,000000,97.347,97.347,92.271,94.859,0,0
MOV_PE,D,20191029,000000,94.262,94.262,89.484,91.674,0,0
MOV_PE,D,20191030,000000,92.968,92.968,85.701,87.891,0,0
MOV_PE,D,20191031,000000,87.294,87.294,83.113,85.403,0,0
MOV_PE,D,20191104,000000,83.81,87.891,83.81,87.891,0,0
MOV_PE,D,20191105,000000,87.891,94.859,87.891,93.565,0,0
MOV_PE,D,20191106,000000,95.157,95.456,88.787,93.266,0,0
MOV_PE,D,20191107,000000,93.266,93.266,90.778,91.674,0,0
MOV_PE,D,20191108,000000,90.678,91.674,90.678,91.674,0,0
MOV_PE,D,20191112,000000,91.674,91.674,87.593,91.076,0,0
MOV_PE,D,20191113,000000,91.674,91.674,87.593,91.674,0,0
MOV_PE,D,20191114,000000,91.674,94.56,91.674,94.56,0,0
MOV_PE,D,20191115,000000,94.56,94.56,94.56,94.56,0,0
MOV_PE,D,20191118,000000,94.56,151.1,91.076,151.1,0,0
MOV_PE,D,20191119,000000,150.1,150.1,138.95,148.11,0,0
MOV_PE,D,20191120,000000,148.11,151.69,143.03,147.02,0,0
MOV_PE,D,20191121,000000,146.52,149.01,143.03,146.52,0,0
MOV_PE,D,20191122,000000,141.94,146.02,141.94,146.02,0,0
MOV_PE,D,20191125,000000,144.03,146.52,139.95,144.03,0,0
MOV_PE,D,20191126,000000,141.44,145.03,141.44,144.03,0,0
MOV_PE,D,20191127,000000,141.94,146.52,141.94,146.02,0,0
MOV_PE,D,20191128,000000,146.02,146.02,146.02,146.02,0,0
MOV_PE,D,20191129,000000,146.02,146.52,143.03,146.52,0,0
MOV_PE,D,20191202,000000,146.52,146.52,143.03,146.52,0,0
MOV_PE,D,20191203,000000,146.52,158.66,146.52,156.17,0,0
MOV_PE,D,20191204,000000,152.69,154.18,149.6,151.59,0,0
MOV_PE,D,20191205,000000,148.51,151.59,143.03,148.61,0,0
MOV_PE,D,20191206,000000,144.63,149.11,144.63,149.11,0,0
MOV_PE,D,20191209,000000,150.6,151.2,145.03,145.03,0,0
MOV_PE,D,20191210,000000,146.02,151.59,146.02,151.59,0,0
MOV_PE,D,20191211,000000,151.59,151.59,145.03,148.61,0,0
MOV_PE,D,20191212,000000,151.69,151.69,144.03,148.11,0,0
MOV_PE,D,20191213,000000,150.1,151.69,146.12,149.11,0,0
MOV_PE,D,20191216,000000,148.61,148.61,145.12,147.51,0,0
MOV_PE,D,20191217,000000,149.01,151.1,148.51,149.6,0,0
MOV_PE,D,20191218,000000,146.62,147.61,145.62,147.51,0,0
MOV_PE,D,20191219,000000,146.52,151.59,146.52,150.6,0,0
MOV_PE,D,20191220,000000,147.51,149.01,146.52,148.11,0,0
MOV_PE,D,20191223,000000,146.12,149.11,146.12,149.11,0,0
MOV_PE,D,20191227,000000,153.69,156.67,147.61,156.67,0,0
MOV_PE,D,20191230,000000,156.67,169.81,154.58,167.82,0,0
MOV_PE,D,20200102,000000,169.81,175.88,162.25,172.8,0,0
MOV_PE,D,20200103,000000,172.8,173.79,166.72,171.8,0,0
MOV_PE,D,20200107,000000,170.81,170.81,164.24,169.31,0,0
MOV_PE,D,20200108,000000,165.83,167.32,159.76,166.23,0,0
MOV_PE,D,20200109,000000,163.74,176.88,162.74,176.88,0,0
MOV_PE,D,20200110,000000,176.38,184.44,174.29,176.88,0,0
MOV_PE,D,20200113,000000,178.87,178.87,173.29,176.88,0,0
MOV_PE,D,20200114,000000,176.38,176.38,167.72,171.8,0,0
MOV_PE,D,20200115,000000,168.22,169.31,166.72,169.31,0,0
MOV_PE,D,20200116,000000,176.98,176.98,166.82,168.32,0,0
MOV_PE,D,20200117,000000,171.4,171.4,161.75,166.72,0,0
MOV_PE,D,20200120,000000,162.74,165.73,159.66,163.74,0,0
MOV_PE,D,20200121,000000,165.73,165.73,161.15,162.25,0,0
MOV_PE,D,20200122,000000,161.75,161.75,156.17,160.16,0,0
MOV_PE,D,20200123,000000,159.16,161.65,152.59,154.08,0,0
MOV_PE,D,20200124,000000,156.17,160.16,153.59,156.67,0,0
MOV_PE,D,20200127,000000,154.08,155.58,152.59,155.18,0,0
MOV_PE,D,20200128,000000,154.68,155.18,153.69,154.08,0,0
MOV_PE,D,20200129,000000,154.08,156.17,150.6,156.17,0,0
MOV_PE,D,20200130,000000,156.67,156.67,149.6,155.18,0,0
MOV_PE,D,20200131,000000,155.18,155.18,148.61,151.59,0,0
MOV_PE,D,20200203,000000,154.08,158.66,153.59,158.16,0,0
MOV_PE,D,20200204,000000,155.08,164.24,155.08,161.75,0,0
MOV_PE,D,20200205,000000,164.34,171.4,162.25,170.31,0,0
MOV_PE,D,20200206,000000,169.81,169.81,166.72,169.81,0,0
MOV_PE,D,20200207,000000,169.81,169.81,164.24,168.81,0,0
MOV_PE,D,20200210,000000,168.81,170.41,162.25,169.31,0,0
MOV_PE,D,20200211,000000,169.31,173.39,169.31,173.29,0,0
MOV_PE,D,20200212,000000,173.79,173.79,169.81,171.8,0,0
MOV_PE,D,20200213,000000,171.8,172.8,169.31,172.3,0,0
MOV_PE,D,20200214,000000,169.81,172.3,169.31,172.3,0,0
MOV_PE,D,20200217,000000,173.79,185.44,171.8,181.95,0,0
MOV_PE,D,20200218,000000,181.46,186.03,179.47,184.44,0,0
MOV_PE,D,20200219,000000,186.93,191.01,184.44,190.02,0,0
MOV_PE,D,20200220,000000,192.5,192.5,186.43,188.52,0,0
MOV_PE,D,20200221,000000,189.62,189.62,185.04,186.43,0,0
MOV_PE,D,20200224,000000,184.94,184.94,173.79,177.37,0,0
MOV_PE,D,20200225,000000,178.37,178.37,157.67,166.72,0,0
MOV_PE,D,20200226,000000,158.16,174.29,157.67,173.79,0,0
MOV_PE,D,20200227,000000,169.31,172.8,160.16,161.75,0,0
MOV_PE,D,20200228,000000,154.18,154.18,133.98,140.45,0,0
MOV_PE,D,20200302,000000,154.58,154.58,141.44,151.59,0,0
MOV_PE,D,20200303,000000,156.67,159.66,147.51,159.16,0,0
MOV_PE,D,20200304,000000,155.58,157.67,151.59,157.67,0,0
MOV_PE,D,20200305,000000,157.67,161.65,150.1,150.6,0,0
MOV_PE,D,20200306,000000,146.02,148.51,143.03,147.51,0,0
MOV_PE,D,20200309,000000,138.46,139.95,111.68,132.38,0,0
MOV_PE,D,20200310,000000,132.38,137.96,127.81,134.97,0,0
MOV_PE,D,20200311,000000,135.97,135.97,116.26,120.24,0,0
MOV_PE,D,20200312,000000,106.11,106.11,84.905,84.905,0,0
MOV_PE,D,20200313,000000,90.977,106.11,88.389,95.556,0,0
MOV_PE,D,20200316,000000,91.972,109.19,77.838,108.69,0,0
MOV_PE,D,20200317,000000,111.68,122.83,111.18,121.83,0,0
MOV_PE,D,20200318,000000,121.83,128.9,116.26,123.82,0,0
MOV_PE,D,20200319,000000,125.42,136.47,123.33,135.47,0,0
MOV_PE,D,20200320,000000,137.46,144.03,131.39,135.97,0,0
MOV_PE,D,20200323,000000,123.82,129.4,76.245,76.245,0,0
MOV_PE,D,20200324,000000,79.63,81.123,75.648,81.123,0,0
MOV_PE,D,20200325,000000,88.787,91.873,82.317,85.701,0,0
MOV_PE,D,20200326,000000,85.403,90.877,84.507,90.579,0,0
MOV_PE,D,20200327,000000,92.669,92.669,84.109,87.891,0,0
MOV_PE,D,20200330,000000,83.312,88.19,83.014,83.611,0,0
MOV_PE,D,20200331,000000,83.611,88.19,83.611,88.19,0,0
MOV_PE,D,20200401,000000,83.014,90.579,83.014,90.28,0,0
MOV_PE,D,20200402,000000,90.579,90.877,87.194,90.579,0,0
MOV_PE,D,20200403,000000,90.579,100.73,90.579,100.73,0,0
MOV_PE,D,20200406,000000,105.01,114.47,105.01,110.19,0,0
MOV_PE,D,20200407,000000,115.96,117.25,101.03,101.33,0,0
MOV_PE,D,20200408,000000,104.71,113.27,104.71,112.97,0,0
MOV_PE,D,20200409,000000,113.57,124.02,113.57,123.62,0,0
MOV_PE,D,20200414,000000,131.29,150,131.29,150,0,0
MOV_PE,D,20200415,000000,152.49,155.58,134.67,146.92,0,0
MOV_PE,D,20200416,000000,150.6,164.04,145.42,164.04,0,0
MOV_PE,D,20200417,000000,198.97,207.53,188.52,202.06,0,0
MOV_PE,D,20200420,000000,206.94,206.94,174.49,183.65,0,0
MOV_PE,D,20200421,000000,183.65,183.65,165.93,173.89,0,0
MOV_PE,D,20200422,000000,175.09,198.97,175.09,192.9,0,0
MOV_PE,D,20200423,000000,192.9,195.99,186.13,186.73,0,0
MOV_PE,D,20200424,000000,184.24,184.24,175.68,180.56,0,0
MOV_PE,D,20200427,000000,179.96,179.96,174.49,177.57,0,0
MOV_PE,D,20200428,000000,183.75,183.75,175.09,177.57,0,0
MOV_PE,D,20200429,000000,177.57,178.17,171.5,176.98,0,0
MOV_PE,D,20200430,000000,175.09,176.38,170.81,176.28,0,0
MOV_PE,D,20200504,000000,176.88,181.85,168.32,179.37,0,0
MOV_PE,D,20200505,000000,179.96,179.96,174.49,177.57,0,0
MOV_PE,D,20200506,000000,175.78,178.77,170.21,172,0,0
MOV_PE,D,20200507,000000,177.57,193.5,172,193.5,0,0
MOV_PE,D,20200508,000000,196.59,196.59,185.54,189.22,0,0
MOV_PE,D,20200511,000000,189.82,195.99,189.82,193.5,0,0
MOV_PE,D,20200512,000000,194.69,195.99,188.62,194.1,0,0
MOV_PE,D,20200513,000000,193.5,193.5,186.73,192.21,0,0
MOV_PE,D,20200514,000000,192.8,192.8,171.4,179.37,0,0
MOV_PE,D,20200515,000000,180.56,186.73,180.56,183.65,0,0
MOV_PE,D,20200518,000000,183.05,299.71,178.77,299.71,0,0
MOV_PE,D,20200519,000000,311.65,311.65,296.72,298.71,0,0
MOV_PE,D,20200520,000000,292.74,312.65,287.76,302.69,0,0
MOV_PE,D,20200521,000000,307.67,307.67,300.7,307.57,0,0
MOV_PE,D,20200522,000000,306.67,312.65,302.69,312.55,0,0
MOV_PE,D,20200525,000000,312.65,315.53,307.67,314.54,0,0
MOV_PE,D,20200526,000000,315.53,350.27,313.64,345.29,0,0
MOV_PE,D,20200527,000000,351.27,367.19,332.45,342.31,0,0
MOV_PE,D,20200528,000000,346.39,356.24,336.44,356.24,0,0
MOV_PE,D,20200529,000000,357.24,357.24,347.38,354.25,0,0
MOV_PE,D,20200601,000000,354.25,355.25,347.38,352.26,0,0
MOV_PE,D,20200602,000000,352.26,360.22,344.4,352.26,0,0
MOV_PE,D,20200603,000000,356.24,356.24,346.39,351.27,0,0
MOV_PE,D,20200604,000000,355.25,355.25,349.28,351.27,0,0
MOV_PE,D,20200605,000000,346.39,350.27,332.45,350.27,0,0
MOV_PE,D,20200608,000000,349.28,349.28,340.42,345.29,0,0
MOV_PE,D,20200609,000000,342.41,348.38,339.42,348.28,0,0
MOV_PE,D,20200610,000000,347.38,402.93,344.4,396.95,0,0
MOV_PE,D,20200612,000000,375.16,444.63,375.16,441.55,0,0
MOV_PE,D,20200615,000000,446.62,456.48,420.74,430.7,0,0
MOV_PE,D,20200616,000000,431.69,433.58,419.75,433.58,0,0
MOV_PE,D,20200617,000000,432.69,444.63,421.74,436.57,0,0
MOV_PE,D,20200618,000000,437.66,437.66,419.75,432.69,0,0
MOV_PE,D,20200619,000000,426.72,433.68,416.76,416.76,0,0
MOV_PE,D,20200622,000000,421.74,435.67,420.74,431.59,0,0
MOV_PE,D,20200623,000000,437.66,456.48,432.69,451.5,0,0
MOV_PE,D,20200624,000000,456.48,490.22,446.62,482.26,0,0
MOV_PE,D,20200625,000000,480.37,513.61,480.37,496.09,0,0
MOV_PE,D,20200626,000000,511.12,520.98,481.26,481.26,0,0
MOV_PE,D,20200629,000000,471.41,496.19,471.41,495.1,0,0
MOV_PE,D,20200630,000000,498.68,498.68,472.4,476.28,0,0
MOV_PE,D,20200701,000000,481.26,488.23,471.41,488.23,0,0
MOV_PE,D,20200702,000000,482.26,516,481.26,506.05,0,0
MOV_PE,D,20200703,000000,511.12,511.12,491.22,503.56,0,0
MOV_PE,D,20200706,000000,503.66,523.47,486.24,511.02,0,0
MOV_PE,D,20200707,000000,520.98,520.98,496.19,511.02,0,0
MOV_PE,D,20200708,000000,506.15,516,501.17,516,0,0
MOV_PE,D,20200709,000000,520.98,523.47,511.12,520.98,0,0
MOV_PE,D,20200710,000000,520.98,520.98,506.15,520.98,0,0
MOV_PE,D,20200713,000000,520.98,610.36,520.98,610.26,0,0
MOV_PE,D,20200714,000000,615.24,640.12,570.65,575.52,0,0
MOV_PE,D,20200715,000000,590.45,605.38,587.97,595.33,0,0
MOV_PE,D,20200716,000000,602.9,620.22,592.84,592.84,0,0
MOV_PE,D,20200717,000000,595.43,595.43,575.62,592.84,0,0
MOV_PE,D,20200720,000000,595.43,595.43,558.2,570.55,0,0
MOV_PE,D,20200721,000000,570.65,578.11,535.91,575.52,0,0
MOV_PE,D,20200722,000000,585.48,587.97,560.69,582.99,0,0
MOV_PE,D,20200723,000000,573.13,610.36,563.18,585.48,0,0
MOV_PE,D,20200724,000000,580.6,595.43,563.18,580.5,0,0
MOV_PE,D,20200727,000000,568.16,580.6,563.18,570.55,0,0
MOV_PE,D,20200728,000000,563.18,563.18,540.88,543.27,0,0
MOV_PE,D,20200729,000000,543.37,580.6,525.95,573.03,0,0
MOV_PE,D,20200730,000000,585.48,590.45,474.39,496.09,0,0
MOV_PE,D,20200731,000000,498.68,540.88,498.68,540.78,0,0
MOV_PE,D,20200803,000000,548.25,587.97,548.25,587.97,0,0
MOV_PE,D,20200804,000000,605.38,679.84,605.38,674.76,0,0
MOV_PE,D,20200805,000000,679.84,679.84,587.97,595.33,0,0
MOV_PE,D,20200806,000000,612.85,731.9,590.45,684.72,0,0
MOV_PE,D,20200807,000000,724.43,724.43,620.22,674.76,0,0
MOV_PE,D,20200810,000000,682.23,682.23,630.17,649.98,0,0
MOV_PE,D,20200811,000000,652.47,652.47,620.22,630.07,0,0
MOV_PE,D,20200812,000000,635.15,635.15,535.91,573.03,0,0
MOV_PE,D,20200813,000000,558.2,615.24,555.72,600.31,0,0
MOV_PE,D,20200814,000000,607.87,610.36,580.6,585.48,0,0
MOV_PE,D,20200817,000000,575.62,625.19,575.62,620.22,0,0
MOV_PE,D,20200818,000000,630.17,649.98,620.22,627.58,0,0
MOV_PE,D,20200819,000000,640.12,669.88,82.317,82.317,0,0
MOV_PE,D,20200820,000000,82.019,89.384,81.421,85.303,0,0
MOV_PE,D,20200821,000000,87.394,90.778,85.303,85.602,0,0
MOV_PE,D,20200824,000000,87.394,87.394,82.516,82.616,0,0
MOV_PE,D,20200825,000000,83.213,85.701,82.019,82.019,0,0
MOV_PE,D,20200826,000000,82.317,86.896,82.317,83.512,0,0
MOV_PE,D,20200827,000000,84.706,85.303,83.512,84.407,0,0
MOV_PE,D,20200828,000000,83.81,84.407,81.62,84.407,0,0
MOV_PE,D,20200831,000000,85.005,85.005,81.919,82.317,0,0
MOV_PE,D,20200901,000000,82.019,82.616,78.336,81.322,0,0
MOV_PE,D,20200902,000000,81.322,81.919,78.236,80.127,0,0
MOV_PE,D,20200903,000000,79.53,79.829,77.042,77.042,0,0
MOV_PE,D,20200904,000000,73.956,78.236,73.359,74.653,0,0
MOV_PE,D,20200907,000000,74.354,76.444,70.97,72.463,0,0
MOV_PE,D,20200908,000000,71.567,73.359,61.812,69.178,0,0
MOV_PE,D,20200909,000000,68.581,72.264,67.685,70.671,0,0
MOV_PE,D,20200910,000000,71.567,73.16,66.988,71.866,0,0
MOV_PE,D,20200911,000000,70.373,71.567,69.377,70.97,0,0
MOV_PE,D,20200914,000000,69.477,71.269,69.477,70.671,0,0
MOV_PE,D,20200915,000000,69.178,71.269,66.69,69.775,0,0
MOV_PE,D,20200916,000000,70.074,70.074,67.287,68.282,0,0
MOV_PE,D,20200917,000000,67.287,67.984,64.301,67.287,0,0
MOV_PE,D,20200918,000000,67.287,69.775,65.794,68.78,0,0
MOV_PE,D,20200921,000000,69.676,69.975,65.396,67.287,0,0
MOV_PE,D,20200922,000000,67.287,69.775,65.794,68.183,0,0
MOV_PE,D,20200923,000000,67.287,68.78,64.799,66.69,0,0
MOV_PE,D,20200924,000000,66.69,66.69,61.812,63.604,0,0
MOV_PE,D,20200925,000000,63.903,67.884,60.22,67.586,0,0
MOV_PE,D,20200928,000000,66.69,67.884,65.794,66.093,0,0
MOV_PE,D,20200929,000000,67.9,67.9,63.6,65.1,0,0
MOV_PE,D,20200930,000000,64.8,66.3,62,65.1,0,0
MOV_PE,D,20201001,000000,65.1,67.6,65.1,67.6,0,0
MOV_PE,D,20201002,000000,66.1,67,63,64.5,0,0
MOV_PE,D,20201005,000000,63.9,65.7,62.7,65.1,0,0
MOV_PE,D,20201006,000000,65.1,65.4,62.6,64.5,0,0
MOV_PE,D,20201007,000000,63,65.1,62.7,63.9,0,0
MOV_PE,D,20201008,000000,63.9,65.1,62.4,63.6,0,0
MOV_PE,D,20201009,000000,63.9,63.9,61.4,62.1,0,0
MOV_PE,D,20201012,000000,60.9,61.5,58.5,60.7,0,0
MOV_PE,D,20201013,000000,59,60.7,56.9,57.8,0,0
MOV_PE,D,20201014,000000,56.6,57.2,56,57,0,0
MOV_PE,D,20201015,000000,55.5,56.4,53.4,54.7,0,0
MOV_PE,D,20201016,000000,53.3,60.1,53.3,60,0,0
