<TICKER>,<PER>,<DATE>,<TIME>,<OPEN>,<HIGH>,<LOW>,<CLOSE>,<VOL>,<OPENINT>
PME_PE,D,20160927,000000,19.1,19.1,19.1,19.1,0,0
PME_PE,D,20160928,000000,17.5,22.9,17.5,22.9,0,0
PME_PE,D,20160929,000000,25.7,30.9,25.7,30.9,0,0
PME_PE,D,20160930,000000,37.1,42.5,37.1,42.5,0,0
PME_PE,D,20161003,000000,51,61.2,40.8,46.7,0,0
PME_PE,D,20161004,000000,54.8,65.6,54.8,65.6,0,0
PME_PE,D,20161005,000000,78.7,94.5,78.7,93.4,0,0
PME_PE,D,20161006,000000,106.1,122.9,94.5,98.5,0,0
PME_PE,D,20161007,000000,104,104,85,91.5,0,0
PME_PE,D,20161010,000000,91.3,91.3,73.2,73.3,0,0
PME_PE,D,20161011,000000,81.8,82.9,53.1,61.6,0,0
PME_PE,D,20161012,000000,59.5,74.3,53.1,74.3,0,0
PME_PE,D,20161013,000000,76.4,76.4,63.7,72.9,0,0
PME_PE,D,20161014,000000,63.7,68,57.3,57.3,0,0
PME_PE,D,20161017,000000,61.5,73.9,61.5,66.7,0,0
PME_PE,D,20161018,000000,65.8,65.8,61.7,61.7,0,0
PME_PE,D,20161019,000000,61.7,61.7,61.7,61.7,0,0
PME_PE,D,20161021,000000,61.9,61.9,61.1,61.2,0,0
PME_PE,D,20161025,000000,61.6,68,61.6,64.4,0,0
PME_PE,D,20161103,000000,64.4,64.4,63.7,63.7,0,0
PME_PE,D,20161104,000000,63.7,63.7,63.7,63.7,0,0
PME_PE,D,20161107,000000,64.5,66.9,61.6,65.8,0,0
PME_PE,D,20161115,000000,63.7,63.7,62.6,62.6,0,0
PME_PE,D,20161122,000000,61.1,61.1,61.1,61.1,0,0
PME_PE,D,20161123,000000,61.1,61.1,59.4,59.5,0,0
PME_PE,D,20161124,000000,59.5,59.5,59.5,59.5,0,0
PME_PE,D,20161125,000000,57.4,57.4,57.3,57.3,0,0
PME_PE,D,20161130,000000,66.6,66.6,65.1,65.1,0,0
PME_PE,D,20161202,000000,66.7,66.7,66.7,66.7,0,0
PME_PE,D,20161205,000000,63.8,63.8,63.8,63.8,0,0
PME_PE,D,20161206,000000,63.8,63.8,59.2,59.3,0,0
PME_PE,D,20161208,000000,59.3,59.3,59.3,59.3,0,0
PME_PE,D,20161212,000000,59.3,59.3,57.3,57.3,0,0
PME_PE,D,20161213,000000,57.3,57.3,57.3,57.3,0,0
PME_PE,D,20161214,000000,57.3,57.3,57.3,57.3,0,0
PME_PE,D,20161215,000000,54.7,54.7,44.3,44.3,0,0
PME_PE,D,20161221,000000,43.7,43.7,41.9,41.9,0,0
PME_PE,D,20170117,000000,41.9,41.9,41.9,41.9,0,0
PME_PE,D,20170118,000000,41.9,41.9,41.9,41.9,0,0
PME_PE,D,20170119,000000,41.9,41.9,41.9,41.9,0,0
PME_PE,D,20170213,000000,42,42,42,42,0,0
PME_PE,D,20170403,000000,21.8,21.8,21.8,21.8,0,0
PME_PE,D,20170406,000000,21.8,21.8,21.8,21.8,0,0
PME_PE,D,20170410,000000,21.8,23,21.8,23,0,0
PME_PE,D,20170411,000000,23.1,23.1,23.1,23.1,0,0
PME_PE,D,20170413,000000,23,23.5,23,23.5,0,0
PME_PE,D,20170419,000000,23,23,22.9,22.9,0,0
PME_PE,D,20170420,000000,22.8,22.8,22.8,22.8,0,0
PME_PE,D,20170421,000000,22.8,22.8,22.8,22.8,0,0
PME_PE,D,20170424,000000,22.8,22.8,22.4,22.4,0,0
PME_PE,D,20170509,000000,21.8,21.8,21.3,21.3,0,0
PME_PE,D,20170510,000000,21.4,21.4,20.4,20.4,0,0
PME_PE,D,20170512,000000,20.1,20.1,20.1,20.1,0,0
PME_PE,D,20170516,000000,25.2,25.2,24.4,24.4,0,0
PME_PE,D,20170627,000000,41.9,41.9,41.9,41.9,0,0
PME_PE,D,20170804,000000,42.1,42.1,42.1,42.1,0,0
PME_PE,D,20170807,000000,41.3,41.3,41.3,41.3,0,0
PME_PE,D,20170809,000000,41.6,41.6,41.6,41.6,0,0
PME_PE,D,20170810,000000,41.6,41.6,41.6,41.6,0,0
PME_PE,D,20170811,000000,41.6,41.6,41.6,41.6,0,0
PME_PE,D,20170823,000000,37.3,37.3,36.4,36.4,0,0
PME_PE,D,20170824,000000,35.9,35.9,33.1,33.1,0,0
PME_PE,D,20170828,000000,31.9,31.9,31.9,31.9,0,0
PME_PE,D,20170905,000000,30.4,30.4,30.4,30.4,0,0
PME_PE,D,20170925,000000,29.6,29.6,29.5,29.5,0,0
PME_PE,D,20170927,000000,28.4,28.4,28.4,28.4,0,0
PME_PE,D,20171016,000000,25.4,27.6,25.4,27.6,0,0
PME_PE,D,20171017,000000,27.6,27.6,27.6,27.6,0,0
PME_PE,D,20171114,000000,27.8,33.1,27.8,33.1,0,0
PME_PE,D,20171116,000000,34.5,41.4,31.4,31.5,0,0
PME_PE,D,20171212,000000,14.5,14.6,14.5,14.6,0,0
PME_PE,D,20171227,000000,14.6,14.6,14.6,14.6,0,0
PME_PE,D,20180109,000000,14.6,14.6,14.6,14.6,0,0
PME_PE,D,20180110,000000,14.6,14.6,14.6,14.6,0,0
PME_PE,D,20180111,000000,14.6,14.6,14.6,14.6,0,0
PME_PE,D,20180112,000000,14.7,14.7,14.7,14.7,0,0
PME_PE,D,20180118,000000,14.7,17.5,14.4,14.4,0,0
PME_PE,D,20180125,000000,14.5,14.6,14.5,14.6,0,0
PME_PE,D,20180126,000000,14.6,14.6,14.6,14.6,0,0
PME_PE,D,20180129,000000,14.6,14.6,14.6,14.6,0,0
PME_PE,D,20180214,000000,14.9,19.4,14.9,19.4,0,0
PME_PE,D,20180228,000000,19.4,19.4,19.4,19.4,0,0
PME_PE,D,20180301,000000,19.4,19.4,19.4,19.4,0,0
PME_PE,D,20180302,000000,19.4,19.4,19.4,19.4,0,0
PME_PE,D,20180305,000000,19.4,19.4,19.4,19.4,0,0
PME_PE,D,20180306,000000,19.4,19.4,19.4,19.4,0,0
PME_PE,D,20180307,000000,19.6,19.6,19.5,19.5,0,0
PME_PE,D,20180309,000000,19.7,19.7,19.7,19.7,0,0
PME_PE,D,20180312,000000,20,20.2,20,20.2,0,0
PME_PE,D,20180313,000000,20.4,20.4,20.4,20.4,0,0
PME_PE,D,20180322,000000,20.6,20.6,20.5,20.5,0,0
PME_PE,D,20180326,000000,20.5,20.5,20.5,20.5,0,0
PME_PE,D,20180327,000000,20.5,20.5,20.5,20.5,0,0
PME_PE,D,20180329,000000,20.5,20.5,20.5,20.5,0,0
PME_PE,D,20180425,000000,20.5,20.5,20.5,20.5,0,0
