<TICKER>,<PER>,<DATE>,<TIME>,<OPEN>,<HIGH>,<LOW>,<CLOSE>,<VOL>,<OPENINT>
PST_PE,D,20130208,000000,13.696,13.696,13.696,13.696,0,0
PST_PE,D,20130211,000000,14.385,14.385,13.696,13.696,0,0
PST_PE,D,20130212,000000,13.006,13.006,11.725,13.006,0,0
PST_PE,D,20130213,000000,12.316,13.006,12.316,13.006,0,0
PST_PE,D,20130214,000000,12.316,13.696,12.316,13.696,0,0
PST_PE,D,20130215,000000,13.696,14.385,13.006,14.385,0,0
PST_PE,D,20130218,000000,14.385,14.385,13.006,13.006,0,0
PST_PE,D,20130219,000000,13.006,13.006,12.316,13.006,0,0
PST_PE,D,20130220,000000,13.006,13.006,13.006,13.006,0,0
PST_PE,D,20130221,000000,13.006,13.006,13.006,13.006,0,0
PST_PE,D,20130222,000000,13.006,13.006,13.006,13.006,0,0
PST_PE,D,20130225,000000,13.006,13.006,12.316,12.415,0,0
PST_PE,D,20130226,000000,11.725,11.725,9.754,9.754,0,0
PST_PE,D,20130227,000000,9.754,11.035,9.754,11.035,0,0
PST_PE,D,20130301,000000,11.035,11.725,11.035,11.725,0,0
PST_PE,D,20130304,000000,11.725,11.725,11.725,11.725,0,0
PST_PE,D,20130305,000000,11.725,11.725,11.725,11.725,0,0
PST_PE,D,20130306,000000,11.134,11.134,11.035,11.035,0,0
PST_PE,D,20130307,000000,11.035,11.035,11.035,11.035,0,0
PST_PE,D,20130308,000000,10.346,10.444,9.0647,10.444,0,0
PST_PE,D,20130311,000000,10.444,10.444,10.444,10.444,0,0
PST_PE,D,20130312,000000,10.444,10.444,5.2221,5.2221,0,0
PST_PE,D,20130313,000000,4.9265,5.5176,4.9265,5.5176,0,0
PST_PE,D,20130314,000000,5.2221,5.2221,5.2221,5.2221,0,0
PST_PE,D,20130315,000000,5.2221,5.2221,5.2221,5.2221,0,0
PST_PE,D,20130318,000000,5.2221,5.9118,4.9265,5.8132,0,0
PST_PE,D,20130319,000000,5.5176,5.5176,5.1235,5.2221,0,0
PST_PE,D,20130320,000000,5.2221,5.9118,5.2221,5.5176,0,0
PST_PE,D,20130321,000000,5.5176,5.8132,5.2221,5.2221,0,0
PST_PE,D,20130325,000000,5.2221,5.5176,5.2221,5.5176,0,0
PST_PE,D,20130326,000000,5.5176,5.5176,5.2221,5.5176,0,0
PST_PE,D,20130327,000000,5.5176,6.5029,5.2221,5.5176,0,0
PST_PE,D,20130328,000000,5.5176,5.5176,5.2221,5.5176,0,0
PST_PE,D,20130402,000000,5.8132,5.8132,5.2221,5.2221,0,0
PST_PE,D,20130404,000000,4.9265,4.9265,4.9265,4.9265,0,0
PST_PE,D,20130405,000000,5.2221,5.2221,5.2221,5.2221,0,0
PST_PE,D,20130408,000000,5.2221,5.2221,5.2221,5.2221,0,0
PST_PE,D,20130409,000000,5.2221,5.2221,5.2221,5.2221,0,0
PST_PE,D,20130410,000000,5.2221,5.2221,5.2221,5.2221,0,0
PST_PE,D,20130411,000000,5.2221,5.9118,5.2221,5.2221,0,0
PST_PE,D,20130412,000000,5.9118,5.9118,4.9265,5.5176,0,0
PST_PE,D,20130415,000000,5.8132,5.8132,5.8132,5.8132,0,0
PST_PE,D,20130417,000000,5.5176,5.5176,5.1235,5.1235,0,0
PST_PE,D,20130418,000000,5.1235,5.2221,5.1235,5.2221,0,0
PST_PE,D,20130419,000000,5.2221,5.5176,5.2221,5.5176,0,0
PST_PE,D,20130422,000000,5.5176,5.5176,5.5176,5.5176,0,0
PST_PE,D,20130423,000000,5.5176,5.5176,5.5176,5.5176,0,0
PST_PE,D,20130424,000000,5.5176,5.5176,5.2221,5.2221,0,0
PST_PE,D,20130429,000000,5.2221,5.2221,5.2221,5.2221,0,0
PST_PE,D,20130430,000000,5.2221,5.2221,5.2221,5.2221,0,0
PST_PE,D,20130502,000000,5.2221,5.2221,5.2221,5.2221,0,0
PST_PE,D,20130506,000000,5.2221,5.2221,4.2368,4.2368,0,0
PST_PE,D,20130507,000000,3.9412,4.5324,3.9412,4.2368,0,0
PST_PE,D,20130508,000000,4.2368,4.5324,4.2368,4.5324,0,0
PST_PE,D,20130510,000000,4.2368,4.2368,3.5471,3.5471,0,0
PST_PE,D,20130513,000000,3.8426,4.2368,3.8426,4.2368,0,0
PST_PE,D,20130515,000000,3.5471,3.5471,3.5471,3.5471,0,0
PST_PE,D,20130516,000000,3.5471,3.5471,3.5471,3.5471,0,0
PST_PE,D,20130517,000000,3.5471,3.5471,3.5471,3.5471,0,0
PST_PE,D,20130520,000000,3.8426,3.9412,3.8426,3.9412,0,0
PST_PE,D,20130521,000000,3.6456,3.9412,3.6456,3.9412,0,0
PST_PE,D,20130523,000000,3.6456,3.6456,3.5471,3.5471,0,0
PST_PE,D,20130524,000000,3.2515,3.5471,3.2515,3.5471,0,0
PST_PE,D,20130527,000000,3.2515,3.9412,3.2515,3.9412,0,0
PST_PE,D,20130528,000000,3.6456,3.9412,3.2515,3.5471,0,0
PST_PE,D,20130531,000000,3.5471,3.9412,3.5471,3.9412,0,0
PST_PE,D,20130603,000000,3.9412,4.6309,3.2515,4.5324,0,0
PST_PE,D,20130604,000000,3.8426,3.8426,3.2515,3.2515,0,0
PST_PE,D,20130605,000000,3.2515,3.2515,2.5618,2.9559,0,0
PST_PE,D,20130606,000000,2.9559,3.7441,2.9559,3.7441,0,0
PST_PE,D,20130607,000000,3.7441,3.7441,3.7441,3.7441,0,0
PST_PE,D,20130610,000000,3.7441,3.7441,3.35,3.7441,0,0
PST_PE,D,20130613,000000,3.7441,3.7441,3.7441,3.7441,0,0
PST_PE,D,20130614,000000,3.7441,5.025,3.7441,5.025,0,0
PST_PE,D,20130618,000000,4.6309,4.6309,4.6309,4.6309,0,0
PST_PE,D,20130619,000000,4.2368,4.2368,4.2368,4.2368,0,0
PST_PE,D,20130620,000000,4.6309,5.5176,4.6309,5.4191,0,0
PST_PE,D,20130621,000000,5.8132,6.7,5.025,5.025,0,0
PST_PE,D,20130624,000000,5.025,5.4191,4.6309,5.4191,0,0
PST_PE,D,20130625,000000,5.4191,6.7,5.4191,6.3059,0,0
PST_PE,D,20130626,000000,6.7,6.7,6.3059,6.3059,0,0
PST_PE,D,20130627,000000,6.7,6.7,5.9118,5.9118,0,0
PST_PE,D,20130628,000000,5.9118,5.9118,5.4191,5.4191,0,0
PST_PE,D,20130701,000000,5.4191,5.4191,5.025,5.025,0,0
PST_PE,D,20130703,000000,5.4191,5.4191,5.4191,5.4191,0,0
PST_PE,D,20130704,000000,5.025,5.025,4.6309,4.6309,0,0
PST_PE,D,20130705,000000,5.025,5.025,5.025,5.025,0,0
PST_PE,D,20130708,000000,5.025,5.4191,5.025,5.4191,0,0
PST_PE,D,20130709,000000,5.025,5.025,4.1382,5.025,0,0
PST_PE,D,20130710,000000,4.2368,4.6309,3.7441,4.6309,0,0
PST_PE,D,20130712,000000,4.6309,4.6309,4.6309,4.6309,0,0
PST_PE,D,20130722,000000,4.9265,4.9265,4.9265,4.9265,0,0
PST_PE,D,20130723,000000,4.9265,4.9265,4.9265,4.9265,0,0
PST_PE,D,20130724,000000,4.9265,4.9265,4.5324,4.5324,0,0
PST_PE,D,20130725,000000,4.9265,4.9265,4.9265,4.9265,0,0
PST_PE,D,20130726,000000,4.9265,4.9265,4.9265,4.9265,0,0
PST_PE,D,20130729,000000,4.9265,4.9265,4.9265,4.9265,0,0
PST_PE,D,20130730,000000,4.9265,4.9265,4.9265,4.9265,0,0
PST_PE,D,20130731,000000,4.5324,4.9265,3.7441,4.9265,0,0
PST_PE,D,20130801,000000,4.9265,4.9265,4.9265,4.9265,0,0
PST_PE,D,20130802,000000,4.9265,4.9265,4.9265,4.9265,0,0
PST_PE,D,20130805,000000,4.9265,4.9265,4.9265,4.9265,0,0
PST_PE,D,20130806,000000,4.9265,4.9265,4.9265,4.9265,0,0
PST_PE,D,20130807,000000,4.9265,4.9265,4.9265,4.9265,0,0
PST_PE,D,20130808,000000,4.9265,4.9265,4.9265,4.9265,0,0
PST_PE,D,20130809,000000,4.9265,4.9265,4.9265,4.9265,0,0
PST_PE,D,20130812,000000,4.9265,4.9265,4.9265,4.9265,0,0
PST_PE,D,20130813,000000,4.9265,5.3206,4.9265,5.3206,0,0
PST_PE,D,20130814,000000,4.9265,4.9265,4.9265,4.9265,0,0
PST_PE,D,20130816,000000,5.3206,5.7147,5.3206,5.7147,0,0
PST_PE,D,20130819,000000,4.9265,5.3206,4.9265,5.3206,0,0
PST_PE,D,20130821,000000,5.3206,5.3206,5.3206,5.3206,0,0
PST_PE,D,20130822,000000,4.9265,4.9265,4.5324,4.9265,0,0
PST_PE,D,20130827,000000,4.9265,5.7147,4.9265,5.7147,0,0
PST_PE,D,20130828,000000,4.9265,4.9265,4.9265,4.9265,0,0
PST_PE,D,20130830,000000,4.9265,5.7147,4.5324,5.7147,0,0
PST_PE,D,20130903,000000,5.3206,5.3206,5.3206,5.3206,0,0
PST_PE,D,20130904,000000,5.3206,5.3206,5.3206,5.3206,0,0
PST_PE,D,20130905,000000,5.3206,5.7147,4.9265,4.9265,0,0
PST_PE,D,20130906,000000,4.5324,5.3206,4.1382,5.3206,0,0
PST_PE,D,20130910,000000,4.9265,4.9265,4.9265,4.9265,0,0
PST_PE,D,20130912,000000,5.3206,5.3206,4.9265,4.9265,0,0
PST_PE,D,20130917,000000,3.8426,3.8426,3.1529,3.2515,0,0
PST_PE,D,20130918,000000,3.2515,4.5324,3.2515,4.2368,0,0
PST_PE,D,20130919,000000,4.5324,5.5176,4.2368,4.8279,0,0
PST_PE,D,20130920,000000,5.1235,5.1235,4.1382,4.5324,0,0
PST_PE,D,20130923,000000,4.5324,4.5324,4.2368,4.5324,0,0
PST_PE,D,20130924,000000,4.5324,4.5324,4.2368,4.5324,0,0
PST_PE,D,20130925,000000,4.2368,4.5324,3.8426,4.2368,0,0
PST_PE,D,20130926,000000,4.2368,4.5324,3.9412,4.5324,0,0
PST_PE,D,20130927,000000,4.5324,4.8279,4.5324,4.8279,0,0
PST_PE,D,20130930,000000,5.1235,5.1235,4.1382,4.2368,0,0
PST_PE,D,20131001,000000,4.2368,4.5324,4.2368,4.5324,0,0
PST_PE,D,20131002,000000,4.5324,4.8279,3.8426,4.2368,0,0
PST_PE,D,20131003,000000,4.2368,4.2368,4.2368,4.2368,0,0
PST_PE,D,20131004,000000,3.9412,4.2368,3.9412,4.2368,0,0
PST_PE,D,20131009,000000,4.2368,4.2368,4.2368,4.2368,0,0
PST_PE,D,20131010,000000,4.2368,4.2368,3.8426,3.8426,0,0
PST_PE,D,20131011,000000,3.8426,4.2368,3.8426,4.2368,0,0
PST_PE,D,20131014,000000,4.2368,4.2368,4.2368,4.2368,0,0
PST_PE,D,20131015,000000,4.2368,4.2368,4.2368,4.2368,0,0
PST_PE,D,20131016,000000,4.2368,4.2368,3.8426,3.8426,0,0
PST_PE,D,20131017,000000,4.1382,4.4338,4.1382,4.2368,0,0
PST_PE,D,20131021,000000,4.2368,4.2368,4.2368,4.2368,0,0
PST_PE,D,20131022,000000,4.2368,4.2368,4.2368,4.2368,0,0
PST_PE,D,20131023,000000,4.2368,4.2368,4.2368,4.2368,0,0
PST_PE,D,20131024,000000,4.2368,4.2368,4.2368,4.2368,0,0
PST_PE,D,20131028,000000,4.2368,4.2368,3.8426,3.8426,0,0
PST_PE,D,20131029,000000,3.8426,4.2368,3.8426,4.2368,0,0
PST_PE,D,20131031,000000,4.2368,4.2368,4.2368,4.2368,0,0
PST_PE,D,20131104,000000,4.2368,4.2368,4.2368,4.2368,0,0
PST_PE,D,20131105,000000,4.2368,4.2368,4.2368,4.2368,0,0
PST_PE,D,20131106,000000,4.5324,4.5324,4.5324,4.5324,0,0
PST_PE,D,20131107,000000,4.8279,4.8279,4.8279,4.8279,0,0
PST_PE,D,20131108,000000,4.5324,4.5324,4.5324,4.5324,0,0
PST_PE,D,20131113,000000,4.2368,4.2368,4.2368,4.2368,0,0
PST_PE,D,20131114,000000,4.2368,4.2368,4.2368,4.2368,0,0
PST_PE,D,20131115,000000,4.2368,4.5324,4.2368,4.5324,0,0
PST_PE,D,20131118,000000,4.5324,4.5324,4.5324,4.5324,0,0
PST_PE,D,20131119,000000,4.5324,4.5324,3.8426,3.8426,0,0
PST_PE,D,20131120,000000,4.1382,4.4338,4.1382,4.2368,0,0
PST_PE,D,20131121,000000,4.2368,4.2368,3.9412,3.9412,0,0
PST_PE,D,20131122,000000,3.9412,3.9412,3.8426,3.8426,0,0
PST_PE,D,20131125,000000,3.8426,3.8426,3.8426,3.8426,0,0
PST_PE,D,20131126,000000,3.8426,3.8426,3.5471,3.8426,0,0
PST_PE,D,20131127,000000,3.8426,3.8426,3.8426,3.8426,0,0
PST_PE,D,20131128,000000,3.8426,3.8426,3.8426,3.8426,0,0
PST_PE,D,20131129,000000,4.1382,4.1382,3.8426,3.8426,0,0
PST_PE,D,20131202,000000,3.8426,3.8426,3.8426,3.8426,0,0
PST_PE,D,20131203,000000,3.8426,3.8426,3.8426,3.8426,0,0
PST_PE,D,20131204,000000,3.8426,4.1382,3.8426,3.8426,0,0
PST_PE,D,20131205,000000,3.8426,3.8426,3.8426,3.8426,0,0
PST_PE,D,20131206,000000,3.8426,3.8426,3.8426,3.8426,0,0
PST_PE,D,20131209,000000,3.8426,3.8426,3.5471,3.8426,0,0
PST_PE,D,20131210,000000,3.8426,4.2368,3.8426,4.2368,0,0
PST_PE,D,20131211,000000,4.2368,4.5324,4.2368,4.2368,0,0
PST_PE,D,20131212,000000,4.2368,4.2368,4.2368,4.2368,0,0
PST_PE,D,20131213,000000,4.2368,4.2368,3.8426,3.8426,0,0
PST_PE,D,20131216,000000,4.1382,4.1382,3.8426,3.8426,0,0
PST_PE,D,20131217,000000,4.1382,4.2368,4.1382,4.2368,0,0
PST_PE,D,20131218,000000,4.2368,4.2368,3.9412,4.2368,0,0
PST_PE,D,20131219,000000,3.9412,3.9412,3.5471,3.5471,0,0
PST_PE,D,20131220,000000,3.5471,3.8426,3.5471,3.5471,0,0
PST_PE,D,20131223,000000,3.5471,3.5471,3.5471,3.5471,0,0
PST_PE,D,20131227,000000,3.5471,3.5471,3.5471,3.5471,0,0
PST_PE,D,20131230,000000,3.5471,3.5471,3.5471,3.5471,0,0
PST_PE,D,20140102,000000,3.8426,3.8426,3.8426,3.8426,0,0
PST_PE,D,20140103,000000,3.8426,3.8426,3.8426,3.8426,0,0
PST_PE,D,20140107,000000,3.8426,3.8426,3.5471,3.5471,0,0
PST_PE,D,20140108,000000,3.2515,3.2515,3.2515,3.2515,0,0
PST_PE,D,20140109,000000,3.5471,3.5471,3.5471,3.5471,0,0
PST_PE,D,20140114,000000,3.5471,4.2368,3.5471,4.2368,0,0
PST_PE,D,20140115,000000,3.9412,4.2368,3.9412,4.2368,0,0
PST_PE,D,20140116,000000,3.9412,3.9412,3.8426,3.8426,0,0
PST_PE,D,20140120,000000,3.8426,3.8426,3.8426,3.8426,0,0
PST_PE,D,20140121,000000,4.1382,4.2368,4.1382,4.2368,0,0
PST_PE,D,20140122,000000,4.2368,4.2368,4.2368,4.2368,0,0
PST_PE,D,20140123,000000,4.2368,4.2368,4.2368,4.2368,0,0
PST_PE,D,20140124,000000,4.2368,4.2368,4.2368,4.2368,0,0
PST_PE,D,20140127,000000,4.2368,4.2368,3.8426,3.8426,0,0
PST_PE,D,20140128,000000,3.8426,3.8426,3.5471,3.8426,0,0
PST_PE,D,20140129,000000,3.5471,3.5471,3.5471,3.5471,0,0
PST_PE,D,20140130,000000,3.5471,3.5471,3.5471,3.5471,0,0
PST_PE,D,20140131,000000,3.8426,3.8426,3.8426,3.8426,0,0
PST_PE,D,20140318,000000,8.4735,8.4735,8.4735,8.4735,0,0
PST_PE,D,20140319,000000,9.1632,9.1632,9.1632,9.1632,0,0
PST_PE,D,20140320,000000,9.1632,9.1632,9.1632,9.1632,0,0
PST_PE,D,20140321,000000,9.1632,9.1632,9.1632,9.1632,0,0
PST_PE,D,20140324,000000,9.1632,9.1632,9.1632,9.1632,0,0
PST_PE,D,20140325,000000,9.1632,9.1632,9.1632,9.1632,0,0
PST_PE,D,20140326,000000,9.1632,9.1632,9.1632,9.1632,0,0
PST_PE,D,20140327,000000,9.1632,9.1632,9.1632,9.1632,0,0
PST_PE,D,20140328,000000,9.1632,9.1632,9.1632,9.1632,0,0
PST_PE,D,20140331,000000,9.1632,9.1632,9.1632,9.1632,0,0
PST_PE,D,20140401,000000,9.1632,9.1632,9.1632,9.1632,0,0
PST_PE,D,20140402,000000,9.1632,9.1632,9.1632,9.1632,0,0
PST_PE,D,20140403,000000,8.4735,8.4735,8.4735,8.4735,0,0
PST_PE,D,20140404,000000,8.4735,8.4735,8.4735,8.4735,0,0
PST_PE,D,20140407,000000,8.4735,8.4735,7.7838,7.7838,0,0
PST_PE,D,20140408,000000,7.7838,7.7838,7.7838,7.7838,0,0
PST_PE,D,20140409,000000,7.7838,7.7838,7.7838,7.7838,0,0
PST_PE,D,20140410,000000,7.7838,9.2618,7.7838,9.1632,0,0
PST_PE,D,20140411,000000,9.1632,9.853,9.1632,9.853,0,0
PST_PE,D,20140414,000000,9.853,9.853,8.4735,8.4735,0,0
PST_PE,D,20140415,000000,7.7838,7.7838,7.7838,7.7838,0,0
PST_PE,D,20140416,000000,7.7838,7.7838,7.7838,7.7838,0,0
PST_PE,D,20140417,000000,7.7838,7.7838,7.7838,7.7838,0,0
PST_PE,D,20140422,000000,7.7838,7.7838,7.7838,7.7838,0,0
PST_PE,D,20140423,000000,7.7838,7.7838,7.7838,7.7838,0,0
PST_PE,D,20140424,000000,7.7838,7.7838,7.7838,7.7838,0,0
PST_PE,D,20140425,000000,7.7838,7.7838,7.7838,7.7838,0,0
PST_PE,D,20140428,000000,7.7838,7.7838,7.7838,7.7838,0,0
PST_PE,D,20140429,000000,7.7838,7.7838,7.7838,7.7838,0,0
PST_PE,D,20140430,000000,7.7838,9.2618,7.7838,9.1632,0,0
PST_PE,D,20140507,000000,9.1632,9.1632,9.1632,9.1632,0,0
PST_PE,D,20140508,000000,9.1632,9.853,9.1632,9.1632,0,0
PST_PE,D,20140509,000000,9.1632,11.331,9.1632,11.331,0,0
PST_PE,D,20140512,000000,12.021,12.021,10.641,11.331,0,0
PST_PE,D,20140513,000000,11.331,11.331,9.951,11.331,0,0
PST_PE,D,20140514,000000,11.331,11.331,10.641,10.641,0,0
PST_PE,D,20140515,000000,9.951,9.951,9.853,9.853,0,0
PST_PE,D,20140516,000000,9.853,9.853,9.853,9.853,0,0
PST_PE,D,20140519,000000,9.853,9.853,9.853,9.853,0,0
PST_PE,D,20140520,000000,9.853,9.853,9.1632,9.853,0,0
PST_PE,D,20140521,000000,9.853,10.641,9.853,10.641,0,0
PST_PE,D,20140526,000000,9.951,9.951,9.853,9.853,0,0
PST_PE,D,20140527,000000,9.1632,9.1632,8.4735,9.1632,0,0
PST_PE,D,20140528,000000,9.1632,9.1632,9.1632,9.1632,0,0
PST_PE,D,20140529,000000,9.1632,9.1632,9.1632,9.1632,0,0
PST_PE,D,20140530,000000,9.1632,9.1632,9.1632,9.1632,0,0
PST_PE,D,20140602,000000,9.1632,9.1632,9.1632,9.1632,0,0
PST_PE,D,20140603,000000,9.1632,9.1632,9.1632,9.1632,0,0
PST_PE,D,20140604,000000,9.1632,9.1632,9.1632,9.1632,0,0
PST_PE,D,20140605,000000,9.1632,10.641,9.1632,10.641,0,0
PST_PE,D,20140606,000000,11.331,11.331,11.331,11.331,0,0
PST_PE,D,20140609,000000,11.331,11.331,11.331,11.331,0,0
PST_PE,D,20140610,000000,11.331,11.331,11.331,11.331,0,0
PST_PE,D,20140611,000000,10.641,10.641,10.641,10.641,0,0
PST_PE,D,20140612,000000,10.641,10.641,9.2618,10.641,0,0
PST_PE,D,20140613,000000,10.641,10.641,9.1632,9.1632,0,0
PST_PE,D,20140616,000000,9.853,9.853,9.853,9.853,0,0
PST_PE,D,20140617,000000,9.853,9.853,9.853,9.853,0,0
PST_PE,D,20140618,000000,9.1632,9.1632,6.3059,7.7838,0,0
PST_PE,D,20140620,000000,7.7838,9.2618,7.7838,8.4735,0,0
PST_PE,D,20140623,000000,8.4735,9.1632,8.4735,8.4735,0,0
PST_PE,D,20140624,000000,8.4735,8.4735,8.4735,8.4735,0,0
PST_PE,D,20140625,000000,8.4735,8.4735,7.7838,7.7838,0,0
PST_PE,D,20140626,000000,8.4735,8.4735,7.7838,7.7838,0,0
PST_PE,D,20140627,000000,7.7838,21.479,7.7838,21.479,0,0
PST_PE,D,20140630,000000,23.253,23.253,23.253,23.253,0,0
PST_PE,D,20140701,000000,23.253,23.253,23.253,23.253,0,0
PST_PE,D,20140702,000000,23.253,23.253,21.479,21.479,0,0
PST_PE,D,20140704,000000,21.479,21.479,19.706,21.479,0,0
PST_PE,D,20140707,000000,21.479,21.479,21.479,21.479,0,0
PST_PE,D,20140708,000000,21.479,21.479,21.479,21.479,0,0
PST_PE,D,20140714,000000,21.479,21.479,21.479,21.479,0,0
PST_PE,D,20140716,000000,21.479,21.479,21.479,21.479,0,0
PST_PE,D,20140721,000000,19.706,19.706,19.706,19.706,0,0
PST_PE,D,20140722,000000,19.706,19.706,19.706,19.706,0,0
PST_PE,D,20140723,000000,19.706,19.706,17.932,17.932,0,0
PST_PE,D,20140725,000000,17.932,19.706,17.932,19.706,0,0
PST_PE,D,20140728,000000,17.932,17.932,17.932,17.932,0,0
PST_PE,D,20140729,000000,17.932,17.932,17.932,17.932,0,0
PST_PE,D,20140730,000000,17.932,19.706,17.932,19.706,0,0
PST_PE,D,20140731,000000,19.706,19.706,17.932,17.932,0,0
PST_PE,D,20140801,000000,17.932,21.479,17.932,21.479,0,0
PST_PE,D,20140806,000000,19.706,19.706,19.706,19.706,0,0
PST_PE,D,20140807,000000,19.706,19.706,19.706,19.706,0,0
PST_PE,D,20140808,000000,19.706,19.706,19.706,19.706,0,0
PST_PE,D,20140811,000000,19.706,19.706,19.706,19.706,0,0
PST_PE,D,20140812,000000,19.706,19.706,19.706,19.706,0,0
PST_PE,D,20140813,000000,19.706,19.706,19.706,19.706,0,0
PST_PE,D,20140814,000000,19.706,19.706,19.706,19.706,0,0
PST_PE,D,20140818,000000,19.706,19.706,19.706,19.706,0,0
PST_PE,D,20140819,000000,19.706,19.706,19.706,19.706,0,0
PST_PE,D,20140820,000000,19.706,19.706,19.706,19.706,0,0
PST_PE,D,20140821,000000,19.706,19.706,19.706,19.706,0,0
PST_PE,D,20140822,000000,19.706,23.253,19.706,23.253,0,0
PST_PE,D,20140825,000000,23.253,23.253,23.253,23.253,0,0
PST_PE,D,20140826,000000,23.253,23.253,19.706,19.706,0,0
PST_PE,D,20140827,000000,19.706,19.706,19.706,19.706,0,0
PST_PE,D,20140828,000000,19.706,19.706,19.706,19.706,0,0
PST_PE,D,20140829,000000,19.706,21.479,19.706,21.479,0,0
PST_PE,D,20140901,000000,21.479,21.479,21.479,21.479,0,0
PST_PE,D,20140902,000000,19.706,19.706,19.706,19.706,0,0
PST_PE,D,20140903,000000,19.706,19.706,19.706,19.706,0,0
PST_PE,D,20140904,000000,19.706,19.706,17.932,17.932,0,0
PST_PE,D,20140905,000000,17.932,19.706,17.932,19.706,0,0
PST_PE,D,20140908,000000,19.706,19.706,19.706,19.706,0,0
PST_PE,D,20140909,000000,19.706,19.706,19.706,19.706,0,0
PST_PE,D,20140910,000000,19.706,19.706,19.706,19.706,0,0
PST_PE,D,20140912,000000,21.479,21.479,21.479,21.479,0,0
PST_PE,D,20140922,000000,12.021,12.021,12.021,12.021,0,0
PST_PE,D,20140923,000000,12.021,12.021,12.021,12.021,0,0
PST_PE,D,20140924,000000,12.021,14.188,12.021,14.188,0,0
PST_PE,D,20140925,000000,14.188,14.188,13.104,13.104,0,0
PST_PE,D,20140926,000000,13.104,14.188,13.104,14.188,0,0
PST_PE,D,20140929,000000,14.188,14.188,14.188,14.188,0,0
PST_PE,D,20140930,000000,14.188,14.188,14.188,14.188,0,0
PST_PE,D,20141001,000000,14.188,15.371,14.188,15.371,0,0
PST_PE,D,20141003,000000,15.371,15.371,15.371,15.371,0,0
PST_PE,D,20141006,000000,15.371,15.371,14.188,14.188,0,0
PST_PE,D,20141010,000000,14.188,14.188,14.188,14.188,0,0
PST_PE,D,20141014,000000,13.104,13.104,13.104,13.104,0,0
PST_PE,D,20141015,000000,13.104,13.104,13.104,13.104,0,0
PST_PE,D,20141017,000000,13.104,13.104,13.104,13.104,0,0
PST_PE,D,20141022,000000,14.188,14.188,14.188,14.188,0,0
PST_PE,D,20141023,000000,13.104,13.104,12.021,12.021,0,0
PST_PE,D,20141024,000000,12.021,13.104,12.021,13.104,0,0
PST_PE,D,20141027,000000,13.104,13.104,13.104,13.104,0,0
PST_PE,D,20141028,000000,13.104,13.104,13.104,13.104,0,0
PST_PE,D,20141029,000000,13.104,13.104,13.104,13.104,0,0
PST_PE,D,20141030,000000,13.104,29.756,12.021,29.756,0,0
PST_PE,D,20141031,000000,32.81,35.569,30.15,35.175,0,0
PST_PE,D,20141114,000000,35.569,35.569,35.175,35.175,0,0
PST_PE,D,20141117,000000,32.81,32.81,32.416,32.416,0,0
PST_PE,D,20141118,000000,32.81,32.81,32.416,32.416,0,0
PST_PE,D,20141119,000000,32.81,32.81,32.416,32.416,0,0
PST_PE,D,20141120,000000,32.81,32.81,32.416,32.416,0,0
PST_PE,D,20141121,000000,32.81,32.81,30.15,32.416,0,0
PST_PE,D,20141124,000000,30.15,30.15,29.756,29.756,0,0
PST_PE,D,20141125,000000,30.15,32.81,30.15,32.416,0,0
PST_PE,D,20141126,000000,30.15,30.15,29.756,29.756,0,0
PST_PE,D,20141201,000000,30.15,30.15,29.756,29.756,0,0
PST_PE,D,20141202,000000,30.15,30.15,29.756,29.756,0,0
PST_PE,D,20141203,000000,30.15,30.15,29.756,29.756,0,0
PST_PE,D,20141205,000000,30.15,30.15,29.756,29.756,0,0
PST_PE,D,20141208,000000,30.15,30.15,29.756,29.756,0,0
PST_PE,D,20141209,000000,30.15,40.594,30.15,40.594,0,0
PST_PE,D,20141217,000000,36.949,37.441,36.949,37.441,0,0
PST_PE,D,20141218,000000,36.949,37.441,36.949,37.441,0,0
PST_PE,D,20141219,000000,33.894,34.387,33.894,34.387,0,0
PST_PE,D,20141222,000000,33.894,34.387,33.894,34.387,0,0
PST_PE,D,20141223,000000,33.894,37.441,33.894,37.441,0,0
PST_PE,D,20141229,000000,36.949,37.441,36.949,37.441,0,0
PST_PE,D,20141230,000000,36.949,37.441,33.894,37.441,0,0
PST_PE,D,20150102,000000,36.949,37.441,36.949,37.441,0,0
PST_PE,D,20150105,000000,36.949,37.441,36.949,37.441,0,0
PST_PE,D,20150107,000000,36.949,40.594,36.949,40.594,0,0
PST_PE,D,20150108,000000,40.003,40.594,40.003,40.594,0,0
PST_PE,D,20150109,000000,40.003,40.594,40.003,40.594,0,0
PST_PE,D,20150112,000000,40.003,40.594,40.003,40.594,0,0
PST_PE,D,20150113,000000,40.003,59.315,40.003,59.315,0,0
PST_PE,D,20150114,000000,61.581,83.159,61.581,81.188,0,0
PST_PE,D,20150115,000000,83.159,83.159,67.788,68.675,0,0
PST_PE,D,20150116,000000,70.843,73.897,67.788,71.828,0,0
PST_PE,D,20150119,000000,70.843,70.843,67.788,68.675,0,0
PST_PE,D,20150120,000000,70.843,70.843,64.635,65.621,0,0
PST_PE,D,20150121,000000,67.788,67.788,64.635,65.621,0,0
PST_PE,D,20150122,000000,70.843,70.843,67.788,68.675,0,0
PST_PE,D,20150123,000000,70.843,71.828,64.635,71.828,0,0
PST_PE,D,20150126,000000,70.843,71.828,70.843,71.828,0,0
PST_PE,D,20150127,000000,70.843,70.843,67.788,68.675,0,0
PST_PE,D,20150128,000000,64.635,65.621,64.635,65.621,0,0
PST_PE,D,20150129,000000,64.635,65.621,64.635,65.621,0,0
PST_PE,D,20150130,000000,67.788,68.675,67.788,68.675,0,0
PST_PE,D,20150202,000000,73.897,74.981,73.897,74.981,0,0
PST_PE,D,20150203,000000,73.897,74.981,73.897,74.981,0,0
PST_PE,D,20150204,000000,73.897,74.981,73.897,74.981,0,0
PST_PE,D,20150205,000000,73.897,73.897,61.581,62.468,0,0
PST_PE,D,20150206,000000,61.581,62.468,61.581,62.468,0,0
PST_PE,D,20150209,000000,61.581,62.468,61.581,62.468,0,0
PST_PE,D,20150210,000000,64.635,68.675,64.635,68.675,0,0
PST_PE,D,20150211,000000,67.788,68.675,67.788,68.675,0,0
PST_PE,D,20150212,000000,67.788,68.675,67.788,68.675,0,0
PST_PE,D,20150213,000000,67.788,68.675,67.788,68.675,0,0
PST_PE,D,20150216,000000,64.635,68.675,64.635,68.675,0,0
PST_PE,D,20150220,000000,70.843,71.828,70.843,71.828,0,0
PST_PE,D,20150302,000000,12.809,12.809,12.218,12.218,0,0
PST_PE,D,20150303,000000,12.809,12.809,12.218,12.809,0,0
PST_PE,D,20150304,000000,12.809,12.809,12.809,12.809,0,0
PST_PE,D,20150305,000000,12.809,13.301,12.809,13.301,0,0
PST_PE,D,20150306,000000,12.809,13.301,12.809,13.301,0,0
PST_PE,D,20150309,000000,13.301,13.301,13.301,13.301,0,0
PST_PE,D,20150310,000000,13.301,13.301,13.301,13.301,0,0
PST_PE,D,20150311,000000,13.301,13.301,13.301,13.301,0,0
PST_PE,D,20150312,000000,13.301,13.301,13.301,13.301,0,0
PST_PE,D,20150313,000000,13.301,13.301,12.809,12.809,0,0
PST_PE,D,20150316,000000,13.301,13.301,13.301,13.301,0,0
PST_PE,D,20150317,000000,13.301,13.301,13.301,13.301,0,0
PST_PE,D,20150318,000000,13.301,13.301,12.218,13.301,0,0
PST_PE,D,20150319,000000,13.301,13.301,13.301,13.301,0,0
PST_PE,D,20150320,000000,13.301,13.301,12.809,12.809,0,0
PST_PE,D,20150323,000000,13.301,13.301,13.301,13.301,0,0
PST_PE,D,20150324,000000,13.301,13.301,13.301,13.301,0,0
PST_PE,D,20150325,000000,13.301,13.301,13.301,13.301,0,0
PST_PE,D,20150326,000000,13.301,13.301,13.301,13.301,0,0
PST_PE,D,20150327,000000,13.301,13.301,13.301,13.301,0,0
PST_PE,D,20150330,000000,13.301,13.301,11.725,11.725,0,0
PST_PE,D,20150331,000000,11.725,11.725,11.725,11.725,0,0
PST_PE,D,20150402,000000,11.232,11.232,10.641,10.641,0,0
PST_PE,D,20150408,000000,11.232,11.725,11.232,11.725,0,0
PST_PE,D,20150410,000000,11.725,11.725,11.725,11.725,0,0
PST_PE,D,20150413,000000,11.725,11.725,11.725,11.725,0,0
PST_PE,D,20150414,000000,11.725,11.725,11.725,11.725,0,0
PST_PE,D,20150415,000000,11.725,11.725,11.725,11.725,0,0
PST_PE,D,20150416,000000,11.725,11.725,11.725,11.725,0,0
PST_PE,D,20150417,000000,11.232,11.232,9.0647,9.0647,0,0
PST_PE,D,20150420,000000,9.0647,10.149,9.0647,10.149,0,0
PST_PE,D,20150424,000000,10.149,10.149,10.149,10.149,0,0
PST_PE,D,20150428,000000,10.149,10.149,10.149,10.149,0,0
PST_PE,D,20150429,000000,10.74,10.74,10.641,10.641,0,0
PST_PE,D,20150504,000000,10.641,10.641,10.641,10.641,0,0
PST_PE,D,20150505,000000,10.641,12.809,10.641,12.809,0,0
PST_PE,D,20150506,000000,12.809,12.809,12.218,12.218,0,0
PST_PE,D,20150507,000000,12.809,12.809,11.725,12.809,0,0
PST_PE,D,20150508,000000,12.218,12.809,12.218,12.218,0,0
PST_PE,D,20150511,000000,11.725,12.218,11.725,12.218,0,0
PST_PE,D,20150512,000000,12.809,12.809,10.641,12.218,0,0
PST_PE,D,20150513,000000,12.809,12.809,11.725,11.725,0,0
PST_PE,D,20150514,000000,12.809,12.809,11.725,12.218,0,0
PST_PE,D,20150515,000000,12.809,12.809,12.218,12.809,0,0
PST_PE,D,20150518,000000,12.809,12.809,11.232,11.725,0,0
PST_PE,D,20150519,000000,12.218,12.218,11.725,12.218,0,0
PST_PE,D,20150520,000000,12.218,18.129,12.218,18.129,0,0
PST_PE,D,20150521,000000,20.79,29.263,20.79,29.263,0,0
PST_PE,D,20150525,000000,34.091,34.584,28.179,28.179,0,0
PST_PE,D,20150526,000000,28.771,28.771,21.282,21.282,0,0
PST_PE,D,20150527,000000,22.366,22.366,18.622,20.199,0,0
PST_PE,D,20150528,000000,21.282,21.282,14.385,14.385,0,0
PST_PE,D,20150529,000000,13.499,16.159,11.331,11.331,0,0
PST_PE,D,20150601,000000,13.499,16.159,13.499,14.385,0,0
PST_PE,D,20150602,000000,14.385,17.046,14.385,17.046,0,0
PST_PE,D,20150603,000000,17.046,20.593,17.046,18.819,0,0
PST_PE,D,20150605,000000,18.819,19.312,17.538,18.819,0,0
PST_PE,D,20150608,000000,19.312,20.987,17.932,19.213,0,0
PST_PE,D,20150609,000000,18.721,18.819,18.326,18.819,0,0
PST_PE,D,20150610,000000,18.819,18.819,17.046,17.932,0,0
PST_PE,D,20150611,000000,18.819,18.819,15.765,16.159,0,0
PST_PE,D,20150612,000000,16.159,16.159,15.666,15.765,0,0
PST_PE,D,20150615,000000,15.765,16.651,15.765,16.651,0,0
PST_PE,D,20150616,000000,16.651,16.651,15.272,15.272,0,0
PST_PE,D,20150617,000000,17.046,17.046,17.046,17.046,0,0
PST_PE,D,20150618,000000,17.046,17.046,14.484,16.651,0,0
PST_PE,D,20150619,000000,15.765,16.651,15.765,16.651,0,0
PST_PE,D,20150622,000000,16.651,17.538,16.651,17.538,0,0
PST_PE,D,20150623,000000,17.538,18.425,17.538,18.326,0,0
PST_PE,D,20150624,000000,18.326,19.213,18.326,19.213,0,0
PST_PE,D,20150625,000000,19.213,26.997,19.213,23.154,0,0
PST_PE,D,20150626,000000,21.381,21.381,19.213,20.1,0,0
PST_PE,D,20150629,000000,18.819,19.706,18.819,19.706,0,0
PST_PE,D,20150630,000000,19.706,20.1,18.425,20.1,0,0
PST_PE,D,20150701,000000,18.819,19.706,18.425,19.706,0,0
PST_PE,D,20150703,000000,18.425,20.1,17.046,20.1,0,0
PST_PE,D,20150706,000000,19.312,20.1,17.538,19.213,0,0
PST_PE,D,20150707,000000,19.213,19.213,19.213,19.213,0,0
PST_PE,D,20150708,000000,19.607,20.1,19.607,20.1,0,0
PST_PE,D,20150709,000000,20.1,20.1,20.1,20.1,0,0
PST_PE,D,20150710,000000,18.819,20.1,18.819,20.1,0,0
PST_PE,D,20150713,000000,20.1,20.1,18.819,18.819,0,0
PST_PE,D,20150714,000000,19.312,19.312,17.932,17.932,0,0
PST_PE,D,20150715,000000,19.312,19.312,18.819,18.819,0,0
PST_PE,D,20150716,000000,19.312,19.312,19.213,19.213,0,0
PST_PE,D,20150717,000000,19.213,20.1,19.213,20.1,0,0
PST_PE,D,20150720,000000,20.1,20.1,20.1,20.1,0,0
PST_PE,D,20150721,000000,20.1,20.1,18.326,18.326,0,0
PST_PE,D,20150722,000000,20.1,20.1,20.1,20.1,0,0
PST_PE,D,20150724,000000,19.706,20.593,19.706,20.593,0,0
PST_PE,D,20150728,000000,20.593,20.593,20.593,20.593,0,0
PST_PE,D,20150729,000000,20.593,20.593,20.593,20.593,0,0
PST_PE,D,20150730,000000,20.593,20.593,20.593,20.593,0,0
PST_PE,D,20150731,000000,20.987,24.928,20.987,24.928,0,0
PST_PE,D,20150803,000000,25.421,27.588,22.366,27.096,0,0
PST_PE,D,20150804,000000,26.701,26.701,24.041,24.041,0,0
PST_PE,D,20150805,000000,23.253,24.041,22.76,22.76,0,0
PST_PE,D,20150806,000000,23.253,25.421,23.253,24.041,0,0
PST_PE,D,20150807,000000,25.421,25.421,23.253,25.322,0,0
PST_PE,D,20150810,000000,25.322,26.701,23.943,26.701,0,0
PST_PE,D,20150811,000000,26.701,26.701,26.307,26.701,0,0
PST_PE,D,20150812,000000,26.701,27.194,26.701,27.096,0,0
PST_PE,D,20150813,000000,27.194,30.249,26.307,29.756,0,0
PST_PE,D,20150814,000000,27.6,31.1,24.4,25.7,0,0
PST_PE,D,20150817,000000,25.7,27.1,25.7,27.1,0,0
PST_PE,D,20150818,000000,27.1,28,26.2,28,0,0
PST_PE,D,20150819,000000,28.4,31.1,25.7,25.7,0,0
PST_PE,D,20150820,000000,25.7,30.1,25.7,28,0,0
PST_PE,D,20150821,000000,28,29.8,28,28,0,0
PST_PE,D,20150824,000000,28,28,23.5,23.5,0,0
PST_PE,D,20150825,000000,25.7,28.8,23.5,23.5,0,0
PST_PE,D,20150826,000000,27.4,27.4,24.8,25.7,0,0
PST_PE,D,20150827,000000,25.7,28.8,25.7,28.8,0,0
PST_PE,D,20150828,000000,28.8,36,28.8,36,0,0
PST_PE,D,20150831,000000,36.1,38.7,36.1,38.6,0,0
PST_PE,D,20150901,000000,38.7,39.2,37.5,37.5,0,0
PST_PE,D,20150902,000000,37.4,39.1,36.9,39.1,0,0
PST_PE,D,20150903,000000,38.7,38.7,36.1,38.6,0,0
PST_PE,D,20150904,000000,37.6,37.6,36,36,0,0
PST_PE,D,20150907,000000,36.6,38.7,36.6,38.6,0,0
PST_PE,D,20150908,000000,38.7,41.2,38.7,41.1,0,0
PST_PE,D,20150909,000000,40.5,40.5,38.5,38.6,0,0
PST_PE,D,20150910,000000,39.2,39.2,35.6,36,0,0
PST_PE,D,20150911,000000,36.1,37.1,36,36,0,0
PST_PE,D,20150914,000000,35.6,38.7,35.6,38.1,0,0
PST_PE,D,20150915,000000,38.1,40.7,38.1,40.1,0,0
PST_PE,D,20150916,000000,40,42.2,40,42.2,0,0
PST_PE,D,20150917,000000,42.3,43.3,42.3,43.3,0,0
PST_PE,D,20150918,000000,43.3,43.8,43.3,43.7,0,0
PST_PE,D,20150921,000000,44.6,46.2,43.6,43.7,0,0
PST_PE,D,20150922,000000,43.6,45.1,41,41.1,0,0
PST_PE,D,20150923,000000,41,43.2,41,43.2,0,0
PST_PE,D,20150924,000000,43.3,43.3,41.2,42.2,0,0
PST_PE,D,20150925,000000,42.8,43.8,42.8,43.7,0,0
PST_PE,D,20150928,000000,43.1,43.2,42.1,43.2,0,0
PST_PE,D,20150929,000000,42.8,42.8,42.2,42.2,0,0
PST_PE,D,20150930,000000,42.3,44.8,42.3,44.2,0,0
PST_PE,D,20151001,000000,44.1,44.1,40.5,40.6,0,0
PST_PE,D,20151002,000000,40.5,42.1,39,39.1,0,0
PST_PE,D,20151005,000000,38.7,39.7,38.7,39.1,0,0
PST_PE,D,20151006,000000,39.2,39.7,38.7,39.6,0,0
PST_PE,D,20151007,000000,39.7,40.2,38.6,38.6,0,0
PST_PE,D,20151008,000000,38.7,38.7,38.6,38.6,0,0
PST_PE,D,20151009,000000,38.7,38.7,38.6,38.6,0,0
PST_PE,D,20151012,000000,38.7,38.7,38.6,38.6,0,0
PST_PE,D,20151013,000000,38.7,38.7,38.6,38.6,0,0
PST_PE,D,20151014,000000,38.7,38.7,30.9,36,0,0
PST_PE,D,20151015,000000,36.1,36.1,30.9,30.9,0,0
PST_PE,D,20151016,000000,32.5,33.5,32.5,33.4,0,0
PST_PE,D,20151019,000000,33.3,36,33.3,36,0,0
PST_PE,D,20151020,000000,36.1,36.1,36,36,0,0
PST_PE,D,20151021,000000,36.1,36.6,36.1,36.5,0,0
PST_PE,D,20151022,000000,36.4,36.5,36.4,36.5,0,0
PST_PE,D,20151023,000000,36.4,36.5,36.4,36.5,0,0
PST_PE,D,20151026,000000,36.4,37.5,36.4,37.5,0,0
PST_PE,D,20151027,000000,36.9,38.6,36.9,38.6,0,0
PST_PE,D,20151028,000000,38.7,39.7,38.7,39.6,0,0
PST_PE,D,20151029,000000,40.2,40.7,40.2,40.6,0,0
PST_PE,D,20151030,000000,41,41.5,41,41.1,0,0
PST_PE,D,20151102,000000,41,43.2,41,43.2,0,0
PST_PE,D,20151103,000000,43.3,43.3,42.3,43.2,0,0
PST_PE,D,20151104,000000,43.3,43.8,42.8,43.7,0,0
PST_PE,D,20151105,000000,43.6,44.6,43.6,44.2,0,0
PST_PE,D,20151106,000000,44.6,45.8,44.6,45.8,0,0
PST_PE,D,20151109,000000,45.9,45.9,44.2,44.2,0,0
PST_PE,D,20151110,000000,44.1,44.1,41.5,41.6,0,0
PST_PE,D,20151112,000000,42.1,42.1,40,40.1,0,0
PST_PE,D,20151113,000000,40,40.6,40,40.6,0,0
PST_PE,D,20151116,000000,40.5,42.7,40.5,42.7,0,0
PST_PE,D,20151117,000000,42.8,44.3,42.8,44.2,0,0
PST_PE,D,20151118,000000,44.1,45.8,44.1,45.8,0,0
PST_PE,D,20151119,000000,45.9,47.9,45.9,47.8,0,0
PST_PE,D,20151120,000000,47.7,49.9,47.7,49.9,0,0
PST_PE,D,20151123,000000,50,53.1,50,53,0,0
PST_PE,D,20151124,000000,53.1,53.1,51.4,51.4,0,0
PST_PE,D,20151125,000000,51.3,51.3,46.2,46.3,0,0
PST_PE,D,20151126,000000,46.4,46.4,44.2,44.2,0,0
PST_PE,D,20151127,000000,44.1,54.1,40,54.1,0,0
PST_PE,D,20151130,000000,52.7,54.7,52.7,53.4,0,0
PST_PE,D,20151201,000000,53.4,56.8,53.4,56.8,0,0
PST_PE,D,20151202,000000,57.4,58.1,57.4,57.5,0,0
PST_PE,D,20151203,000000,56.8,57.5,56.8,57.5,0,0
PST_PE,D,20151204,000000,57.4,58.8,56.8,56.8,0,0
PST_PE,D,20151207,000000,56.8,57.4,56.1,56.1,0,0
PST_PE,D,20151208,000000,56.1,56.1,54.1,54.1,0,0
PST_PE,D,20151209,000000,52.7,54.1,52.7,54.1,0,0
PST_PE,D,20151210,000000,54.1,55.5,54.1,55.5,0,0
PST_PE,D,20151211,000000,55.4,56.8,54.1,54.1,0,0
PST_PE,D,20151214,000000,54.1,55.5,54.1,55.5,0,0
PST_PE,D,20151215,000000,55.4,58.8,55.4,57.5,0,0
PST_PE,D,20151216,000000,57.4,58.8,57.4,58.8,0,0
PST_PE,D,20151217,000000,58.8,62.2,58.8,61.5,0,0
PST_PE,D,20151218,000000,60.8,64.2,60.8,64.2,0,0
PST_PE,D,20151221,000000,64.2,66.9,64.2,66.9,0,0
PST_PE,D,20151222,000000,66.9,66.9,63.5,64.2,0,0
PST_PE,D,20151223,000000,64.2,67.6,64.2,67.6,0,0
PST_PE,D,20151228,000000,68.9,69,67.6,69,0,0
PST_PE,D,20151229,000000,68.9,68.9,67.6,67.6,0,0
PST_PE,D,20151230,000000,68.2,69,67.6,69,0,0
PST_PE,D,20160104,000000,68.9,74.4,68.9,74.4,0,0
PST_PE,D,20160105,000000,74.3,98.7,74.3,98.7,0,0
PST_PE,D,20160107,000000,101.4,101.4,83.1,92,0,0
PST_PE,D,20160108,000000,89.2,98,87.2,91.3,0,0
PST_PE,D,20160111,000000,91.2,93.9,89.2,92,0,0
PST_PE,D,20160112,000000,91.9,94.7,91.2,94.7,0,0
PST_PE,D,20160113,000000,94.6,95.3,91.2,91.3,0,0
PST_PE,D,20160114,000000,91.2,93.2,88.5,89.3,0,0
PST_PE,D,20160115,000000,89.2,89.9,87.8,89.9,0,0
PST_PE,D,20160118,000000,90.5,91.2,88.5,88.6,0,0
PST_PE,D,20160119,000000,89.2,91.2,88.5,88.6,0,0
PST_PE,D,20160120,000000,88.5,90.5,87.8,87.9,0,0
PST_PE,D,20160121,000000,87.8,88.5,85.8,87.9,0,0
PST_PE,D,20160122,000000,87.8,91.3,87.8,91.3,0,0
PST_PE,D,20160125,000000,91.2,91.2,89.2,90.5,0,0
PST_PE,D,20160126,000000,89.2,91.2,87.8,89.3,0,0
PST_PE,D,20160127,000000,89.9,89.9,84.5,84.5,0,0
PST_PE,D,20160128,000000,84.5,87.9,84.5,87.9,0,0
PST_PE,D,20160129,000000,87.8,89.9,84.5,84.5,0,0
PST_PE,D,20160201,000000,84.5,88.6,84.5,88.6,0,0
PST_PE,D,20160202,000000,89.2,92,88.5,92,0,0
PST_PE,D,20160203,000000,91.9,94,91.9,94,0,0
PST_PE,D,20160204,000000,93.9,95.3,93.9,95.3,0,0
PST_PE,D,20160205,000000,95.9,98.1,95.9,98.1,0,0
PST_PE,D,20160208,000000,107.4,154.2,107.4,154.2,0,0
PST_PE,D,20160209,000000,148.6,162.3,141.9,162.3,0,0
PST_PE,D,20160210,000000,162.2,182.4,136.5,163.6,0,0
PST_PE,D,20160211,000000,163.5,163.5,138.5,138.6,0,0
PST_PE,D,20160212,000000,138.5,148,138.5,144,0,0
PST_PE,D,20160215,000000,148.6,156.8,148.6,150.8,0,0
PST_PE,D,20160216,000000,158.8,158.8,102,102.1,0,0
PST_PE,D,20160217,000000,102,105.4,74.3,74.4,0,0
PST_PE,D,20160218,000000,73.6,87.8,73.6,83.9,0,0
PST_PE,D,20160219,000000,83.1,85.8,66.9,66.9,0,0
PST_PE,D,20160222,000000,69.6,69.6,55.4,55.5,0,0
PST_PE,D,20160223,000000,56.1,66.9,56.1,61.5,0,0
PST_PE,D,20160224,000000,64.2,64.2,58.8,59.5,0,0
PST_PE,D,20160225,000000,59.5,59.5,38.2,38.2,0,0
PST_PE,D,20160226,000000,38.3,40.4,28.1,28.1,0,0
PST_PE,D,20160229,000000,29.1,37,29.1,35.1,0,0
PST_PE,D,20160301,000000,35.1,39.4,32.4,39.3,0,0
PST_PE,D,20160302,000000,41.5,41.5,29.3,31.3,0,0
PST_PE,D,20160303,000000,30.9,35.6,23.4,23.4,0,0
PST_PE,D,20160304,000000,25,25,16.5,17,0,0
PST_PE,D,20160307,000000,17,19.1,17,18.6,0,0
PST_PE,D,20160308,000000,19.1,20.7,18.6,20.7,0,0
PST_PE,D,20160309,000000,21.8,22.9,13.3,13.3,0,0
PST_PE,D,20160310,000000,12.8,14.4,11.2,13.3,0,0
PST_PE,D,20160311,000000,13.8,13.8,7.4,7.4,0,0
PST_PE,D,20160314,000000,7.9,9.5,7.9,8.5,0,0
PST_PE,D,20160315,000000,8.5,9,5.8,5.8,0,0
PST_PE,D,20160316,000000,5.8,6.8,5.8,6.4,0,0
PST_PE,D,20160317,000000,6.9,6.9,5.3,6.4,0,0
PST_PE,D,20160318,000000,6.4,6.4,5.9,6.4,0,0
PST_PE,D,20160321,000000,6.9,6.9,6.4,6.4,0,0
PST_PE,D,20160322,000000,6.4,8,6.4,7.4,0,0
PST_PE,D,20160323,000000,7.4,7.4,6.4,6.9,0,0
PST_PE,D,20160324,000000,6.9,7.4,6.4,6.9,0,0
PST_PE,D,20160329,000000,6.9,7.4,6.4,7.4,0,0
PST_PE,D,20160330,000000,7.4,7.4,6.3,6.9,0,0
PST_PE,D,20160331,000000,7.4,9,6.9,9,0,0
PST_PE,D,20160401,000000,9,9,7.9,8.5,0,0
PST_PE,D,20160404,000000,9,10.1,8.5,9.6,0,0
PST_PE,D,20160405,000000,9.6,10.6,9.6,10.1,0,0
PST_PE,D,20160406,000000,10.6,10.6,9,9.6,0,0
PST_PE,D,20160407,000000,9.6,9.6,8,8.5,0,0
PST_PE,D,20160408,000000,8.5,9,8,8.5,0,0
PST_PE,D,20160411,000000,8.5,9,8,8.5,0,0
PST_PE,D,20160412,000000,8.5,9.6,8.5,9,0,0
PST_PE,D,20160413,000000,9.5,9.5,8.5,8.5,0,0
PST_PE,D,20160414,000000,8.5,9,8.5,8.5,0,0
PST_PE,D,20160415,000000,8.5,8.5,8,8.5,0,0
PST_PE,D,20160418,000000,8.5,9,8,8.5,0,0
PST_PE,D,20160419,000000,8.5,8.5,8,8.5,0,0
PST_PE,D,20160420,000000,8.5,10.1,8.5,9.6,0,0
PST_PE,D,20160421,000000,9.6,9.6,9,9.6,0,0
PST_PE,D,20160422,000000,9,10.1,8.5,9,0,0
PST_PE,D,20160425,000000,8.5,9.5,8.5,8.5,0,0
PST_PE,D,20160426,000000,9,9,8.5,8.5,0,0
PST_PE,D,20160427,000000,9,9,8,9,0,0
PST_PE,D,20160428,000000,9,9.6,8.5,9.6,0,0
PST_PE,D,20160429,000000,8.5,9.6,8.5,9,0,0
PST_PE,D,20160502,000000,9.5,9.5,8.5,9,0,0
PST_PE,D,20160504,000000,8.5,8.5,7.4,8,0,0
PST_PE,D,20160505,000000,8.5,8.5,7.4,8,0,0
PST_PE,D,20160506,000000,8,8.5,8,8,0,0
PST_PE,D,20160509,000000,8,8.5,7.4,8,0,0
PST_PE,D,20160510,000000,7.4,8.5,7.4,8,0,0
PST_PE,D,20160511,000000,8.5,8.5,8,8.5,0,0
PST_PE,D,20160512,000000,8.5,8.5,8,8.5,0,0
PST_PE,D,20160513,000000,8,8.5,7.4,8,0,0
PST_PE,D,20160516,000000,8,8.5,7.4,8,0,0
PST_PE,D,20160517,000000,8,8,7.4,7.4,0,0
PST_PE,D,20160518,000000,7.4,8,7.4,8,0,0
PST_PE,D,20160519,000000,7.4,8,7.4,8,0,0
PST_PE,D,20160520,000000,8,13.1,7.4,13.1,0,0
PST_PE,D,20160523,000000,13.1,14,12.1,13.1,0,0
PST_PE,D,20160524,000000,12.1,14,12.1,13.1,0,0
PST_PE,D,20160525,000000,14,14,12.1,12.2,0,0
PST_PE,D,20160527,000000,12.1,12.1,11.2,11.3,0,0
PST_PE,D,20160530,000000,11.3,12.3,11.3,12.2,0,0
PST_PE,D,20160531,000000,12.1,12.1,11.2,11.3,0,0
PST_PE,D,20160601,000000,12.3,13.2,11.3,12.2,0,0
PST_PE,D,20160602,000000,11.2,13.1,11.2,12.2,0,0
PST_PE,D,20160603,000000,12.1,13.1,11.2,12.2,0,0
PST_PE,D,20160606,000000,13.1,13.1,11.2,12.3,0,0
PST_PE,D,20160607,000000,11.3,12.3,10.4,11.4,0,0
PST_PE,D,20160608,000000,10.5,11.4,10.5,11.4,0,0
PST_PE,D,20160609,000000,10.5,11.4,10.5,11.4,0,0
PST_PE,D,20160610,000000,11.4,12.4,10.4,10.4,0,0
PST_PE,D,20160613,000000,10.4,11.4,9.4,11.4,0,0
PST_PE,D,20160614,000000,10.5,11.4,10.5,11.4,0,0
PST_PE,D,20160615,000000,11.4,11.4,10.4,10.4,0,0
PST_PE,D,20160616,000000,10.4,11.4,9.4,11.4,0,0
PST_PE,D,20160617,000000,11.4,11.4,9.5,10.4,0,0
PST_PE,D,20160620,000000,10.4,11.4,10.4,11.4,0,0
PST_PE,D,20160621,000000,10.5,11.4,10.4,10.4,0,0
PST_PE,D,20160622,000000,11.3,12.3,11.3,11.4,0,0
PST_PE,D,20160623,000000,12.4,12.4,12.3,12.3,0,0
PST_PE,D,20160624,000000,11.3,12.3,10.4,10.4,0,0
PST_PE,D,20160627,000000,11.3,12.3,11.3,12.3,0,0
PST_PE,D,20160628,000000,12.3,12.3,11.3,11.4,0,0
PST_PE,D,20160629,000000,12.4,12.4,10.5,11.4,0,0
PST_PE,D,20160630,000000,11.4,11.4,11.4,11.4,0,0
PST_PE,D,20160701,000000,11.4,11.4,10.5,11.4,0,0
PST_PE,D,20160704,000000,10.5,10.5,9.5,10.4,0,0
PST_PE,D,20160705,000000,10.4,10.4,9.4,10.4,0,0
PST_PE,D,20160706,000000,10.4,11.3,10.4,10.4,0,0
PST_PE,D,20160707,000000,10.4,10.4,9.4,9.5,0,0
PST_PE,D,20160708,000000,9.5,11.4,9.5,11.4,0,0
PST_PE,D,20160711,000000,11.4,11.4,9.5,10.4,0,0
PST_PE,D,20160712,000000,10.4,11.3,9.4,10.4,0,0
PST_PE,D,20160713,000000,10.4,10.4,10.4,10.4,0,0
PST_PE,D,20160714,000000,10.4,11.4,10.4,11.4,0,0
PST_PE,D,20160715,000000,11.4,11.4,9.5,10.4,0,0
PST_PE,D,20160718,000000,10.4,11.4,10.4,11.4,0,0
PST_PE,D,20160719,000000,10.5,11.4,10.5,11.4,0,0
PST_PE,D,20160720,000000,10.5,11.4,9.5,10.4,0,0
PST_PE,D,20160721,000000,10.4,11.3,9.4,10.4,0,0
PST_PE,D,20160722,000000,9.4,10.4,9.4,9.5,0,0
PST_PE,D,20160725,000000,9.5,10.5,8.6,9.5,0,0
PST_PE,D,20160726,000000,9.5,10.5,8.6,9.5,0,0
PST_PE,D,20160727,000000,9.5,9.5,8.6,9.5,0,0
PST_PE,D,20160728,000000,9.5,9.5,9.5,9.5,0,0
PST_PE,D,20160729,000000,9.5,9.5,8.6,9.5,0,0
PST_PE,D,20160801,000000,9.5,9.5,8.6,9.5,0,0
PST_PE,D,20160802,000000,9.5,10.5,8.6,10.4,0,0
PST_PE,D,20160803,000000,9.4,10.4,9.4,9.5,0,0
PST_PE,D,20160804,000000,9.5,9.5,8.6,9.5,0,0
PST_PE,D,20160805,000000,8.6,9.5,8.6,9.5,0,0
PST_PE,D,20160808,000000,9.5,9.5,8.6,9.5,0,0
PST_PE,D,20160809,000000,9.5,10.5,8.6,10.4,0,0
PST_PE,D,20160810,000000,9.4,10.4,9.4,10.4,0,0
PST_PE,D,20160811,000000,9.4,10.4,9.4,10.4,0,0
PST_PE,D,20160812,000000,9.4,9.5,8.5,9.5,0,0
PST_PE,D,20160816,000000,9.5,9.5,9.1,9.1,0,0
PST_PE,D,20160817,000000,9.1,9.1,8.2,8.2,0,0
PST_PE,D,20160818,000000,9.1,9.1,9.1,9.1,0,0
PST_PE,D,20160819,000000,9.1,9.1,8.2,9.1,0,0
PST_PE,D,20160822,000000,9.1,9.1,8.2,9.1,0,0
PST_PE,D,20160823,000000,9.1,9.1,8.2,9.1,0,0
PST_PE,D,20160824,000000,9.1,9.1,8.2,9.1,0,0
PST_PE,D,20160825,000000,9.1,9.1,8.2,9.1,0,0
PST_PE,D,20160826,000000,8.2,9.1,7.3,9.1,0,0
PST_PE,D,20160829,000000,9.1,9.1,8.2,8.2,0,0
PST_PE,D,20160830,000000,8.2,9.1,7.3,8.2,0,0
PST_PE,D,20160831,000000,8.2,9.1,7.3,9.1,0,0
PST_PE,D,20160901,000000,10,13.6,9.1,11.8,0,0
PST_PE,D,20160902,000000,11.8,11.8,10,10.9,0,0
PST_PE,D,20160905,000000,10,10.9,9.1,10,0,0
PST_PE,D,20160906,000000,10,10,10,10,0,0
PST_PE,D,20160907,000000,10,10,9.1,10,0,0
PST_PE,D,20160908,000000,10,10,9.1,10,0,0
PST_PE,D,20160909,000000,9.1,10,9.1,9.1,0,0
PST_PE,D,20160912,000000,10,10,9.1,9.1,0,0
PST_PE,D,20160913,000000,9.1,10,9.1,10,0,0
PST_PE,D,20160914,000000,9.1,10,9.1,10,0,0
PST_PE,D,20160915,000000,10,10,8.2,10,0,0
PST_PE,D,20160916,000000,9.1,10,9.1,10,0,0
PST_PE,D,20160919,000000,9.1,10.1,9.1,10.1,0,0
PST_PE,D,20160920,000000,9.2,10.1,9.2,9.2,0,0
PST_PE,D,20160921,000000,10.1,10.1,9.2,10.1,0,0
PST_PE,D,20160922,000000,10.1,10.1,8.3,8.3,0,0
PST_PE,D,20160923,000000,8.3,9.3,8.3,9.2,0,0
PST_PE,D,20160926,000000,8.3,9.2,8.3,9.2,0,0
PST_PE,D,20160927,000000,8.3,9.2,8.3,9.2,0,0
PST_PE,D,20160928,000000,8.3,9.2,8.3,9.2,0,0
PST_PE,D,20160929,000000,9.2,9.2,8.3,8.3,0,0
PST_PE,D,20160930,000000,8.3,9.2,8.3,9.2,0,0
PST_PE,D,20161003,000000,8.3,9.2,8.3,9.2,0,0
PST_PE,D,20161004,000000,8.3,9.2,8.3,9.2,0,0
PST_PE,D,20161005,000000,9.2,9.2,9.2,9.2,0,0
PST_PE,D,20161006,000000,9.2,9.2,8.3,9.2,0,0
PST_PE,D,20161007,000000,9.2,9.2,8.3,9.2,0,0
PST_PE,D,20161010,000000,8.3,9.2,8.3,9.2,0,0
PST_PE,D,20161011,000000,8.3,9.2,7.3,8.3,0,0
PST_PE,D,20161012,000000,8.3,8.3,8.3,8.3,0,0
PST_PE,D,20161013,000000,8.3,9.3,7.4,9.2,0,0
PST_PE,D,20161014,000000,9.2,9.2,9.2,9.2,0,0
PST_PE,D,20161017,000000,9.2,9.2,8.3,9.2,0,0
PST_PE,D,20161018,000000,8.3,8.3,8.3,8.3,0,0
PST_PE,D,20161019,000000,8.3,9.3,8.3,9.2,0,0
PST_PE,D,20161020,000000,8.3,9.2,7.3,8.3,0,0
PST_PE,D,20161021,000000,8.3,8.3,8.3,8.3,0,0
PST_PE,D,20161024,000000,8.3,8.3,8.3,8.3,0,0
PST_PE,D,20161025,000000,8.3,9.3,8.3,8.3,0,0
PST_PE,D,20161026,000000,8.3,9.3,8.3,8.3,0,0
PST_PE,D,20161027,000000,8.3,9.3,8.3,8.3,0,0
PST_PE,D,20161028,000000,8.3,8.3,8.3,8.3,0,0
PST_PE,D,20161031,000000,8.3,8.3,8.3,8.3,0,0
PST_PE,D,20161102,000000,8.3,9.3,8.3,9.2,0,0
PST_PE,D,20161103,000000,8.3,8.3,7.3,8.3,0,0
PST_PE,D,20161104,000000,8.3,8.3,8.3,8.3,0,0
PST_PE,D,20161107,000000,8.3,8.3,8.3,8.3,0,0
PST_PE,D,20161108,000000,8.3,8.3,7.4,8.3,0,0
PST_PE,D,20161109,000000,8.3,8.3,8.3,8.3,0,0
PST_PE,D,20161110,000000,8.3,8.3,8.3,8.3,0,0
PST_PE,D,20161114,000000,8.3,8.3,8.3,8.3,0,0
PST_PE,D,20161115,000000,9.3,9.3,7.4,8.3,0,0
PST_PE,D,20161116,000000,7.4,8.3,7.4,7.4,0,0
PST_PE,D,20161117,000000,7.4,7.4,7.4,7.4,0,0
PST_PE,D,20161118,000000,7.4,7.4,4.5,4.5,0,0
PST_PE,D,20161121,000000,4.5,4.5,4.5,4.5,0,0
PST_PE,D,20161122,000000,4.5,4.5,4.5,4.5,0,0
PST_PE,D,20161123,000000,4.5,5.1,4.5,5.1,0,0
PST_PE,D,20161124,000000,5.1,5.1,5.1,5.1,0,0
PST_PE,D,20161125,000000,5.1,5.1,4.5,5.1,0,0
PST_PE,D,20161128,000000,5.1,5.1,4.5,5.1,0,0
PST_PE,D,20161129,000000,5.1,5.1,5.1,5.1,0,0
PST_PE,D,20161130,000000,5.1,5.1,5.1,5.1,0,0
PST_PE,D,20161201,000000,4.5,5.1,4.5,4.5,0,0
PST_PE,D,20161202,000000,4.5,5.1,4.5,4.5,0,0
PST_PE,D,20161205,000000,4.5,5.1,3.9,3.9,0,0
PST_PE,D,20161206,000000,3.9,4.5,3.9,4.5,0,0
PST_PE,D,20161207,000000,4.5,4.5,4.5,4.5,0,0
PST_PE,D,20161208,000000,4.5,5.1,4.5,4.6,0,0
PST_PE,D,20161209,000000,4.6,5.2,4.6,4.6,0,0
PST_PE,D,20161212,000000,4.6,4.6,4.6,4.6,0,0
PST_PE,D,20161213,000000,4.6,5.2,4.6,5.2,0,0
PST_PE,D,20161214,000000,4.6,5.2,4.6,5.2,0,0
PST_PE,D,20161215,000000,5.2,5.2,4.6,4.6,0,0
PST_PE,D,20161216,000000,4.6,4.6,4.6,4.6,0,0
PST_PE,D,20161219,000000,4.6,5.2,4.6,5.2,0,0
PST_PE,D,20161220,000000,4.6,4.6,4.6,4.6,0,0
PST_PE,D,20161221,000000,4.6,4.6,4.6,4.6,0,0
PST_PE,D,20161222,000000,4.6,5.2,4.6,5.2,0,0
PST_PE,D,20161223,000000,5.2,5.2,4.6,5.2,0,0
PST_PE,D,20161227,000000,4.6,5.2,4.6,5.2,0,0
PST_PE,D,20161228,000000,5.2,5.2,4.6,4.6,0,0
PST_PE,D,20161229,000000,4.6,4.6,4,4.6,0,0
PST_PE,D,20161230,000000,4.6,5.2,4.6,4.6,0,0
PST_PE,D,20170102,000000,4.6,4.6,4,4.6,0,0
PST_PE,D,20170103,000000,4.6,4.6,4.6,4.6,0,0
PST_PE,D,20170104,000000,4.6,4.6,4.6,4.6,0,0
PST_PE,D,20170105,000000,4.6,5.2,4,4.6,0,0
PST_PE,D,20170109,000000,4.6,5.2,4,5.2,0,0
PST_PE,D,20170110,000000,5.2,5.2,5.2,5.2,0,0
PST_PE,D,20170111,000000,5.2,5.2,5.2,5.2,0,0
PST_PE,D,20170112,000000,4.6,5.2,4,5.2,0,0
PST_PE,D,20170113,000000,4.6,5.2,4.6,5.2,0,0
PST_PE,D,20170116,000000,4.6,5.2,4,5.2,0,0
PST_PE,D,20170117,000000,5.2,5.2,4.6,5.2,0,0
PST_PE,D,20170118,000000,5.2,5.2,4.6,4.6,0,0
PST_PE,D,20170119,000000,4.6,5.2,4.6,5.2,0,0
PST_PE,D,20170120,000000,5.2,5.2,4.6,4.6,0,0
PST_PE,D,20170123,000000,5.2,5.2,4.6,4.6,0,0
PST_PE,D,20170124,000000,4.6,5.2,4,4.6,0,0
PST_PE,D,20170125,000000,4.6,5.2,4,5.2,0,0
PST_PE,D,20170126,000000,4.6,4.6,4,4.6,0,0
PST_PE,D,20170127,000000,4.6,4.6,4.6,4.6,0,0
PST_PE,D,20170130,000000,4.6,5.2,4.6,5.2,0,0
PST_PE,D,20170131,000000,4.6,5.2,4.6,5.2,0,0
PST_PE,D,20170201,000000,4.6,5.2,4,5.2,0,0
PST_PE,D,20170202,000000,4.6,5.2,4.6,5.2,0,0
PST_PE,D,20170203,000000,4.6,5.2,4.6,5.2,0,0
PST_PE,D,20170206,000000,5.2,5.2,4.6,5.2,0,0
PST_PE,D,20170207,000000,5.2,5.2,5.2,5.2,0,0
PST_PE,D,20170208,000000,5.2,5.2,4.6,4.6,0,0
PST_PE,D,20170209,000000,4.6,4.6,4.6,4.6,0,0
PST_PE,D,20170210,000000,4.6,5.2,4.6,5.2,0,0
PST_PE,D,20170213,000000,5.2,5.2,4.6,4.6,0,0
PST_PE,D,20170214,000000,5.2,5.2,5.2,5.2,0,0
PST_PE,D,20170215,000000,4.6,4.6,4,4.6,0,0
PST_PE,D,20170216,000000,4.6,4.6,4,4.6,0,0
PST_PE,D,20170217,000000,4.6,4.6,4.6,4.6,0,0
PST_PE,D,20170220,000000,4.6,74,4.6,74,0,0
PST_PE,D,20170221,000000,72.7,74,72.7,74,0,0
PST_PE,D,20170222,000000,72.7,74,72.7,74,0,0
PST_PE,D,20170223,000000,72.7,81.8,72.7,74,0,0
PST_PE,D,20170224,000000,72.7,90.9,72.7,83.3,0,0
PST_PE,D,20170227,000000,90.9,92.5,72.7,92.5,0,0
PST_PE,D,20170228,000000,81.8,83.3,81.8,83.3,0,0
PST_PE,D,20170301,000000,81.8,83.3,72.7,83.3,0,0
PST_PE,D,20170302,000000,72.7,83.3,72.7,83.3,0,0
PST_PE,D,20170303,000000,81.8,81.8,72.7,74,0,0
PST_PE,D,20170306,000000,81.8,90.9,81.8,83.3,0,0
PST_PE,D,20170307,000000,81.8,83.3,72.7,83.3,0,0
PST_PE,D,20170308,000000,81.8,83.3,81.8,83.3,0,0
PST_PE,D,20170309,000000,81.8,83.3,81.8,83.3,0,0
PST_PE,D,20170310,000000,81.8,83.3,81.8,83.3,0,0
PST_PE,D,20170313,000000,81.8,83.3,72.7,83.3,0,0
PST_PE,D,20170314,000000,81.8,83.3,81.8,83.3,0,0
PST_PE,D,20170315,000000,81.8,81.8,72.7,74,0,0
PST_PE,D,20170316,000000,81.8,83.3,81.8,83.3,0,0
PST_PE,D,20170317,000000,81.8,83.3,81.8,83.3,0,0
PST_PE,D,20170320,000000,81.8,83.3,72.7,83.3,0,0
PST_PE,D,20170321,000000,81.8,81.8,72.7,74,0,0
PST_PE,D,20170322,000000,72.7,83.3,72.7,83.3,0,0
PST_PE,D,20170323,000000,81.8,83.3,81.8,83.3,0,0
PST_PE,D,20170324,000000,81.8,83.3,72.7,83.3,0,0
PST_PE,D,20170327,000000,72.7,81.8,72.7,81.8,0,0
PST_PE,D,20170328,000000,81.8,81.8,72.7,74,0,0
PST_PE,D,20170329,000000,72.7,83.3,72.7,83.3,0,0
PST_PE,D,20170330,000000,81.8,83.3,81.8,83.3,0,0
PST_PE,D,20170331,000000,81.8,81.8,72.7,74,0,0
PST_PE,D,20170403,000000,72.7,74,72.7,74,0,0
PST_PE,D,20170404,000000,72.7,83.3,72.7,83.3,0,0
PST_PE,D,20170405,000000,81.8,83.3,72.7,83.3,0,0
PST_PE,D,20170406,000000,81.8,83.3,72.7,83.3,0,0
PST_PE,D,20170407,000000,81.8,83.3,72.7,83.3,0,0
PST_PE,D,20170410,000000,81.8,81.8,72.7,74,0,0
PST_PE,D,20170411,000000,72.7,74,72.7,74,0,0
PST_PE,D,20170412,000000,81.8,81.8,72.7,74,0,0
PST_PE,D,20170413,000000,72.7,81.8,72.7,74,0,0
PST_PE,D,20170418,000000,72.7,74,72.7,74,0,0
PST_PE,D,20170419,000000,72.7,81.8,72.7,74,0,0
PST_PE,D,20170420,000000,72.7,81.8,72.7,74,0,0
PST_PE,D,20170421,000000,72.7,72.7,63.6,64.8,0,0
PST_PE,D,20170424,000000,72.7,74,72.7,74,0,0
PST_PE,D,20170425,000000,81.8,81.8,72.7,74,0,0
PST_PE,D,20170426,000000,63.6,74,63.6,74,0,0
PST_PE,D,20170427,000000,72.7,74,72.7,74,0,0
PST_PE,D,20170428,000000,63.6,74,63.6,74,0,0
PST_PE,D,20170502,000000,63.6,74,63.6,74,0,0
PST_PE,D,20170504,000000,72.7,74,72.7,74,0,0
PST_PE,D,20170505,000000,72.7,74,72.7,74,0,0
PST_PE,D,20170508,000000,63.6,74,63.6,74,0,0
PST_PE,D,20170509,000000,72.7,72.7,63.6,64.8,0,0
PST_PE,D,20170510,000000,72.7,72.7,63.6,64.8,0,0
PST_PE,D,20170511,000000,63.6,64.8,63.6,64.8,0,0
PST_PE,D,20170512,000000,63.6,74,63.6,74,0,0
PST_PE,D,20170515,000000,72.7,74,72.7,74,0,0
PST_PE,D,20170516,000000,72.7,74,63.6,74,0,0
PST_PE,D,20170517,000000,72.7,74,63.6,74,0,0
PST_PE,D,20170518,000000,72.7,74,63.6,74,0,0
PST_PE,D,20170519,000000,72.7,74,72.7,74,0,0
PST_PE,D,20170522,000000,72.7,74,72.7,74,0,0
PST_PE,D,20170523,000000,63.6,64.8,63.6,64.8,0,0
PST_PE,D,20170524,000000,72.7,74,63.6,74,0,0
PST_PE,D,20170525,000000,63.6,64.8,63.6,64.8,0,0
PST_PE,D,20170526,000000,54.5,64.8,54.5,64.8,0,0
PST_PE,D,20170529,000000,63.6,63.6,63.6,63.6,0,0
PST_PE,D,20170530,000000,63.6,63.6,63.6,63.6,0,0
PST_PE,D,20180219,000000,43.5,43.5,43.5,43.5,0,0
PST_PE,D,20180220,000000,36.4,54.4,27.3,54.4,0,0
PST_PE,D,20180221,000000,44.4,55.6,43.5,43.5,0,0
PST_PE,D,20180222,000000,44.4,55.6,32.6,32.6,0,0
PST_PE,D,20180223,000000,44.4,44.4,33.3,43.5,0,0
PST_PE,D,20180226,000000,44.4,44.4,33.3,43.5,0,0
PST_PE,D,20180227,000000,44.4,44.4,33.3,43.5,0,0
PST_PE,D,20180228,000000,44.4,44.4,33.3,43.5,0,0
PST_PE,D,20180301,000000,44.4,55.6,32.6,32.6,0,0
PST_PE,D,20180302,000000,44.4,55.6,33.3,43.5,0,0
PST_PE,D,20180305,000000,44.4,44.4,32.6,32.6,0,0
PST_PE,D,20180306,000000,44.4,44.4,32.6,32.6,0,0
PST_PE,D,20180307,000000,44.4,44.4,32.6,32.6,0,0
PST_PE,D,20180308,000000,44.4,44.4,43.5,43.5,0,0
PST_PE,D,20180309,000000,44.4,44.4,32.6,32.6,0,0
PST_PE,D,20180312,000000,33.3,44.4,32.6,32.6,0,0
PST_PE,D,20180313,000000,33.3,33.3,32.6,32.6,0,0
PST_PE,D,20180314,000000,33.3,44.4,33.3,43.5,0,0
PST_PE,D,20180315,000000,33.3,33.3,32.6,32.6,0,0
PST_PE,D,20180316,000000,33.3,33.3,32.6,32.6,0,0
PST_PE,D,20180319,000000,33.3,44.4,22.2,43.5,0,0
PST_PE,D,20180320,000000,33.3,33.3,32.6,32.6,0,0
PST_PE,D,20180321,000000,44.4,44.4,32.6,32.6,0,0
PST_PE,D,20180322,000000,33.3,33.3,32.6,32.6,0,0
PST_PE,D,20180323,000000,33.3,33.3,21.8,21.8,0,0
PST_PE,D,20180326,000000,33.3,44.4,32.6,32.6,0,0
PST_PE,D,20180327,000000,44.4,44.4,33.3,43.5,0,0
PST_PE,D,20180328,000000,33.3,44.4,32.6,32.6,0,0
PST_PE,D,20180329,000000,33.3,33.3,21.8,21.8,0,0
PST_PE,D,20180403,000000,44.4,44.4,32.6,32.6,0,0
PST_PE,D,20180404,000000,33.3,33.3,32.6,32.6,0,0
PST_PE,D,20180405,000000,33.3,33.3,32.6,32.6,0,0
PST_PE,D,20180406,000000,33.3,33.3,21.8,21.8,0,0
PST_PE,D,20180409,000000,21.4,32.6,21.4,32.6,0,0
PST_PE,D,20180410,000000,33.3,33.3,32.6,32.6,0,0
PST_PE,D,20180411,000000,22.2,22.2,21.8,21.8,0,0
PST_PE,D,20180412,000000,22.2,22.2,21.8,21.8,0,0
PST_PE,D,20180413,000000,33.3,33.3,32.6,32.6,0,0
PST_PE,D,20180416,000000,33.3,33.3,32.6,32.6,0,0
PST_PE,D,20180417,000000,33.3,33.3,21.8,21.8,0,0
PST_PE,D,20180418,000000,33.3,33.3,32.6,32.6,0,0
PST_PE,D,20180419,000000,33.3,44.4,33.3,43.5,0,0
PST_PE,D,20180420,000000,33.3,33.3,32.6,32.6,0,0
PST_PE,D,20180424,000000,33.3,33.3,32.6,32.6,0,0
PST_PE,D,20180425,000000,33.3,33.3,32.6,32.6,0,0
PST_PE,D,20180426,000000,33.3,33.3,32.6,32.6,0,0
PST_PE,D,20180427,000000,33.3,33.3,21.8,21.8,0,0
PST_PE,D,20180601,000000,22.2,22.2,21.8,21.8,0,0
PST_PE,D,20180604,000000,21.4,21.8,21.4,21.8,0,0
PST_PE,D,20180605,000000,21.4,21.8,21.4,21.8,0,0
PST_PE,D,20180606,000000,21.4,25.4,21.4,25.4,0,0
PST_PE,D,20180607,000000,25,25,21.4,21.8,0,0
PST_PE,D,20180608,000000,25,25.4,25,25.4,0,0
PST_PE,D,20180611,000000,25,25.4,25,25.4,0,0
PST_PE,D,20180612,000000,25,25.4,25,25.4,0,0
PST_PE,D,20180613,000000,25,25,6.3,6.3,0,0
PST_PE,D,20180614,000000,6.3,6.3,6.3,6.3,0,0
PST_PE,D,20180615,000000,6.3,6.3,6.3,6.3,0,0
PST_PE,D,20180618,000000,6.3,6.3,6.3,6.3,0,0
PST_PE,D,20180619,000000,6.3,6.3,5.4,5.4,0,0
PST_PE,D,20180620,000000,5.4,6.3,5.4,6.3,0,0
PST_PE,D,20180621,000000,6.3,6.3,5.4,5.4,0,0
PST_PE,D,20180622,000000,6.3,6.3,6.3,6.3,0,0
PST_PE,D,20180625,000000,5.4,5.4,5.4,5.4,0,0
PST_PE,D,20180626,000000,5.4,5.4,5.4,5.4,0,0
PST_PE,D,20180627,000000,4.5,4.5,4.5,4.5,0,0
PST_PE,D,20180628,000000,4.5,4.5,4.5,4.5,0,0
PST_PE,D,20180629,000000,4.5,4.5,4.5,4.5,0,0
PST_PE,D,20180702,000000,4.5,5.4,3.6,5.4,0,0
PST_PE,D,20180703,000000,5.4,6.3,5.4,5.4,0,0
PST_PE,D,20180704,000000,5.4,6.3,5.4,6.3,0,0
PST_PE,D,20180705,000000,5.4,5.4,5.4,5.4,0,0
PST_PE,D,20180706,000000,5.4,5.4,4.5,4.5,0,0
PST_PE,D,20180709,000000,4.5,5.4,4.5,5.4,0,0
PST_PE,D,20180710,000000,4.5,5.4,4.5,5.4,0,0
PST_PE,D,20180711,000000,5.4,5.4,4.5,5.4,0,0
PST_PE,D,20180712,000000,4.5,5.4,4.5,4.5,0,0
PST_PE,D,20180713,000000,4.5,5.4,4.5,5.4,0,0
PST_PE,D,20180716,000000,4.5,4.5,4.5,4.5,0,0
PST_PE,D,20180717,000000,5.4,5.4,5.4,5.4,0,0
PST_PE,D,20180718,000000,4.5,5.4,3.6,5.4,0,0
PST_PE,D,20180720,000000,4.5,5.4,4.5,4.5,0,0
PST_PE,D,20180723,000000,4.5,4.5,4.5,4.5,0,0
PST_PE,D,20180724,000000,4.5,4.5,4.5,4.5,0,0
PST_PE,D,20180725,000000,4.5,4.5,4.5,4.5,0,0
PST_PE,D,20180726,000000,4.5,5.4,3.6,5.4,0,0
PST_PE,D,20180727,000000,4.5,5.4,4.5,5.4,0,0
PST_PE,D,20180730,000000,4.5,5.4,4.5,5.4,0,0
PST_PE,D,20180731,000000,4.5,4.5,3.6,4.5,0,0
PST_PE,D,20180801,000000,5.4,5.4,4.5,4.5,0,0
PST_PE,D,20180802,000000,5.4,5.4,5.4,5.4,0,0
PST_PE,D,20180803,000000,5.4,5.4,4.5,5.4,0,0
PST_PE,D,20180806,000000,5.4,5.4,4.5,5.4,0,0
PST_PE,D,20180807,000000,4.5,4.5,4.5,4.5,0,0
PST_PE,D,20180809,000000,5.4,5.4,4.5,5.4,0,0
PST_PE,D,20180810,000000,4.5,4.5,4.5,4.5,0,0
PST_PE,D,20180813,000000,4.5,4.5,4.5,4.5,0,0
PST_PE,D,20180814,000000,5.4,5.4,4.5,4.5,0,0
PST_PE,D,20180816,000000,4.5,5.4,4.5,5.4,0,0
PST_PE,D,20180817,000000,5.4,5.4,4.5,5.4,0,0
PST_PE,D,20180820,000000,5.4,5.4,4.5,4.5,0,0
PST_PE,D,20180821,000000,5.4,5.4,5.4,5.4,0,0
PST_PE,D,20180822,000000,5.4,5.4,1.1,1.1,0,0
PST_PE,D,20180823,000000,1.1,1.1,0.9,1.1,0,0
PST_PE,D,20180824,000000,1.1,1.1,1.1,1.1,0,0
PST_PE,D,20180827,000000,1.1,1.1,0.9,1.1,0,0
PST_PE,D,20180828,000000,1.1,1.1,0.9,1.1,0,0
PST_PE,D,20180829,000000,1.1,1.1,0.9,0.9,0,0
PST_PE,D,20180830,000000,0.9,1.1,0.9,1.1,0,0
PST_PE,D,20180831,000000,0.9,1.1,0.9,0.9,0,0
PST_PE,D,20180903,000000,1.1,1.1,0.9,1.1,0,0
PST_PE,D,20180910,000000,0.9,1.1,0.9,1.1,0,0
PST_PE,D,20180912,000000,0.9,1.1,0.9,0.9,0,0
PST_PE,D,20180913,000000,1.1,1.1,1.1,1.1,0,0
PST_PE,D,20180914,000000,0.9,1.1,0.9,1.1,0,0
PST_PE,D,20180920,000000,0.9,1.1,0.9,0.9,0,0
PST_PE,D,20180921,000000,1.1,1.1,1.1,1.1,0,0
PST_PE,D,20180924,000000,1.1,1.1,1.1,1.1,0,0
PST_PE,D,20180925,000000,0.9,1.1,0.9,1.1,0,0
PST_PE,D,20180926,000000,1.1,1.1,0.7,0.7,0,0
PST_PE,D,20180927,000000,0.9,0.9,0.9,0.9,0,0
PST_PE,D,20180928,000000,0.7,0.9,0.7,0.9,0,0
PST_PE,D,20181001,000000,0.9,0.9,0.9,0.9,0,0
PST_PE,D,20181003,000000,0.9,0.9,0.9,0.9,0,0
PST_PE,D,20181008,000000,0.7,0.9,0.7,0.9,0,0
PST_PE,D,20181009,000000,1.1,1.1,0.9,0.9,0,0
PST_PE,D,20181010,000000,0.7,0.9,0.7,0.9,0,0
PST_PE,D,20181011,000000,0.9,0.9,0.9,0.9,0,0
PST_PE,D,20181012,000000,1.1,1.1,1.1,1.1,0,0
PST_PE,D,20181017,000000,1.1,1.1,0.9,1.1,0,0
PST_PE,D,20181018,000000,0.9,1.1,0.9,0.9,0,0
PST_PE,D,20181019,000000,1.1,1.1,1.1,1.1,0,0
PST_PE,D,20181022,000000,1.1,1.1,1.1,1.1,0,0
PST_PE,D,20181024,000000,0.9,1.1,0.9,1.1,0,0
PST_PE,D,20181025,000000,1.3,1.3,1.1,1.1,0,0
PST_PE,D,20181026,000000,0.9,1.1,0.9,1.1,0,0
PST_PE,D,20181029,000000,0.9,1.1,0.9,1.1,0,0
PST_PE,D,20181102,000000,0.9,1.1,0.9,1.1,0,0
PST_PE,D,20181105,000000,0.9,1.1,0.9,1.1,0,0
PST_PE,D,20181108,000000,1.1,1.1,0.9,1.1,0,0
PST_PE,D,20181109,000000,0.9,1.1,0.9,1.1,0,0
PST_PE,D,20181113,000000,1.1,1.1,1.1,1.1,0,0
PST_PE,D,20181115,000000,0.7,0.9,0.7,0.9,0,0
PST_PE,D,20181116,000000,0.7,0.9,0.7,0.9,0,0
PST_PE,D,20181121,000000,0.7,0.9,0.7,0.9,0,0
PST_PE,D,20181122,000000,0.9,0.9,0.7,0.9,0,0
PST_PE,D,20181123,000000,0.9,0.9,0.9,0.9,0,0
PST_PE,D,20181126,000000,0.7,0.9,0.7,0.9,0,0
PST_PE,D,20181127,000000,0.7,0.9,0.7,0.9,0,0
PST_PE,D,20181204,000000,1.3,1.6,1.3,1.6,0,0
PST_PE,D,20181205,000000,1.3,1.6,1.3,1.6,0,0
PST_PE,D,20181206,000000,1.3,1.6,1.3,1.6,0,0
PST_PE,D,20181210,000000,1.3,1.6,1.3,1.6,0,0
PST_PE,D,20181211,000000,1.3,1.6,1.3,1.6,0,0
PST_PE,D,20181213,000000,1.3,1.6,1,1.6,0,0
PST_PE,D,20181217,000000,1,1.3,1,1.2,0,0
PST_PE,D,20181219,000000,1.2,1.6,1.2,1.6,0,0
PST_PE,D,20181220,000000,1.3,1.6,1.3,1.6,0,0
PST_PE,D,20181221,000000,1.6,1.6,1.3,1.6,0,0
PST_PE,D,20190102,000000,1.3,1.6,1.3,1.6,0,0
PST_PE,D,20190108,000000,1.6,1.6,1.6,1.6,0,0
PST_PE,D,20190109,000000,1.6,1.6,1.6,1.6,0,0
PST_PE,D,20190110,000000,1.3,1.6,1.3,1.6,0,0
PST_PE,D,20190114,000000,1.6,1.6,1.6,1.6,0,0
PST_PE,D,20190115,000000,1,1.3,0.6,1.2,0,0
PST_PE,D,20190116,000000,0.9,1.2,0.9,0.9,0,0
PST_PE,D,20190117,000000,0.9,1.2,0.9,1.2,0,0
