<TICKER>,<PER>,<DATE>,<TIME>,<OPEN>,<HIGH>,<LOW>,<CLOSE>,<VOL>,<OPENINT>
REV_MV,D,20120905,000000,2.4003,2.4003,2.4003,2.4003,0,0
REV_MV,D,20120906,000000,2.4087,2.6866,2.0718,2.6445,0,0
REV_MV,D,20120907,000000,2.3666,2.375,2.1223,2.375,0,0
REV_MV,D,20120910,000000,1.9034,1.9034,1.9034,1.9034,0,0
REV_MV,D,20120911,000000,1.5243,1.5243,1.5243,1.5243,0,0
REV_MV,D,20120912,000000,1.4823,1.7433,1.2296,1.7433,0,0
REV_MV,D,20120913,000000,1.7855,1.7855,1.7433,1.7433,0,0
REV_MV,D,20120914,000000,1.4738,1.4738,1.4738,1.4738,0,0
REV_MV,D,20120918,000000,1.0864,1.4065,1.0864,1.4065,0,0
REV_MV,D,20120919,000000,1.1369,1.1369,1.1369,1.1369,0,0
REV_MV,D,20120920,000000,1.1454,1.1454,1.1454,1.1454,0,0
REV_MV,D,20120921,000000,1.457,1.5581,1.2127,1.2127,0,0
REV_MV,D,20120924,000000,1.1538,1.1538,1.1117,1.1117,0,0
REV_MV,D,20121012,000000,1.1201,1.1201,1.078,1.078,0,0
REV_MV,D,20121015,000000,1.1454,1.1454,1.1454,1.1454,0,0
REV_MV,D,20121018,000000,1.4233,1.4233,1.4149,1.4149,0,0
REV_MV,D,20121128,000000,1.2717,1.4149,1.2717,1.2717,0,0
REV_MV,D,20121129,000000,1.1201,1.1201,1.078,1.078,0,0
REV_MV,D,20121130,000000,1.078,1.078,1.078,1.078,0,0
REV_MV,D,20121206,000000,1.1201,1.1201,1.1201,1.1201,0,0
REV_MV,D,20121207,000000,1.1201,1.1201,1.1201,1.1201,0,0
REV_MV,D,20121211,000000,1.0864,1.0864,1.0444,1.0444,0,0
REV_MV,D,20121212,000000,1.0864,1.0864,1.0864,1.0864,0,0
REV_MV,D,20130104,000000,1.1875,1.1875,1.1875,1.1875,0,0
REV_MV,D,20130107,000000,1.1875,1.1875,1.1875,1.1875,0,0
REV_MV,D,20130116,000000,1.5243,1.5243,1.5243,1.5243,0,0
REV_MV,D,20130117,000000,1.5243,1.6844,1.5243,1.5243,0,0
REV_MV,D,20130118,000000,1.4233,1.4233,1.4233,1.4233,0,0
REV_MV,D,20130121,000000,1.6255,1.7939,1.6255,1.7433,0,0
REV_MV,D,20130122,000000,1.6338,1.6338,1.6338,1.6338,0,0
REV_MV,D,20130124,000000,1.4149,1.4149,1.3054,1.3054,0,0
REV_MV,D,20130125,000000,1.4738,1.4738,1.4738,1.4738,0,0
REV_MV,D,20130128,000000,1.6338,1.7433,1.6338,1.7433,0,0
REV_MV,D,20130205,000000,1.5833,1.5833,1.3981,1.3981,0,0
REV_MV,D,20130207,000000,1.5243,1.5243,1.5243,1.5243,0,0
REV_MV,D,20130212,000000,1.6255,1.6255,1.6255,1.6255,0,0
REV_MV,D,20130215,000000,1.6255,1.7349,1.6255,1.7349,0,0
REV_MV,D,20130218,000000,1.7433,1.9539,1.7433,1.9539,0,0
REV_MV,D,20130219,000000,1.6844,1.6844,1.6338,1.6338,0,0
REV_MV,D,20130220,000000,1.718,1.718,1.718,1.718,0,0
REV_MV,D,20130222,000000,1.5581,1.5581,1.5581,1.5581,0,0
REV_MV,D,20130225,000000,1.718,1.718,1.718,1.718,0,0
REV_MV,D,20130226,000000,1.718,1.718,1.718,1.718,0,0
REV_MV,D,20130301,000000,1.6338,1.6338,1.6338,1.6338,0,0
REV_MV,D,20130305,000000,1.7097,1.7097,1.7097,1.7097,0,0
REV_MV,D,20130308,000000,1.7097,1.7433,1.7097,1.7433,0,0
REV_MV,D,20130318,000000,1.7518,1.7518,1.7518,1.7518,0,0
REV_MV,D,20130405,000000,1.7433,1.7433,1.7433,1.7433,0,0
REV_MV,D,20130408,000000,1.7433,1.7433,1.7433,1.7433,0,0
REV_MV,D,20130409,000000,1.7855,1.7939,1.7855,1.7939,0,0
REV_MV,D,20130410,000000,1.8528,1.9034,1.4486,1.6844,0,0
REV_MV,D,20130423,000000,1.7939,1.7939,1.7939,1.7939,0,0
REV_MV,D,20130502,000000,1.9686,1.9686,1.9593,1.9593,0,0
REV_MV,D,20130506,000000,1.9624,1.9624,1.9624,1.9624,0,0
REV_MV,D,20130507,000000,1.8571,1.8571,1.8293,1.8293,0,0
REV_MV,D,20130515,000000,1.9034,2.2908,1.9034,2.2908,0,0
REV_MV,D,20130516,000000,2.4929,2.4929,2.4929,2.4929,0,0
REV_MV,D,20130517,000000,2.4886,2.7021,2.4886,2.7021,0,0
REV_MV,D,20130521,000000,2.5071,2.5071,2.5071,2.5071,0,0
REV_MV,D,20130524,000000,2.5071,2.5071,2.34,2.34,0,0
REV_MV,D,20130529,000000,2.405,2.4607,2.405,2.4607,0,0
REV_MV,D,20130531,000000,2.4607,2.4607,2.4607,2.4607,0,0
REV_MV,D,20130603,000000,2.4607,2.4607,2.4607,2.4607,0,0
REV_MV,D,20130604,000000,2.4607,2.4607,2.4607,2.4607,0,0
REV_MV,D,20130606,000000,2.5257,3.0179,2.5257,3.0179,0,0
REV_MV,D,20130607,000000,3.0643,3.5936,3.0643,3.5936,0,0
REV_MV,D,20130610,000000,3.6029,4.3271,3.6029,3.6121,0,0
REV_MV,D,20130611,000000,3.6121,3.6121,2.8971,3.6029,0,0
REV_MV,D,20130612,000000,3.3521,3.3521,3.3057,3.3057,0,0
REV_MV,D,20130617,000000,3.2407,3.2407,3.2407,3.2407,0,0
REV_MV,D,20130618,000000,3.5471,3.5471,3.5471,3.5471,0,0
REV_MV,D,20130621,000000,3.6029,3.6029,3.6029,3.6029,0,0
REV_MV,D,20130625,000000,3.3057,3.3057,2.8229,2.9993,0,0
REV_MV,D,20130626,000000,2.665,2.9993,2.6557,2.9993,0,0
REV_MV,D,20130703,000000,2.7671,2.7671,2.4143,2.4143,0,0
REV_MV,D,20130711,000000,2.9993,2.9993,2.9993,2.9993,0,0
REV_MV,D,20130715,000000,3.0643,3.0643,3.0643,3.0643,0,0
REV_MV,D,20130718,000000,2.665,2.665,2.6464,2.6464,0,0
REV_MV,D,20130722,000000,2.6464,2.8786,2.6464,2.8786,0,0
REV_MV,D,20130726,000000,3.055,3.0643,3.055,3.0643,0,0
REV_MV,D,20130729,000000,3.0643,3.0643,3.0643,3.0643,0,0
REV_MV,D,20130731,000000,3.185,3.4821,3.185,3.4821,0,0
REV_MV,D,20130801,000000,3.4821,3.4821,3.4821,3.4821,0,0
REV_MV,D,20130805,000000,3.3057,3.3057,3.3057,3.3057,0,0
REV_MV,D,20130807,000000,3.185,3.4729,3.185,3.4729,0,0
REV_MV,D,20130809,000000,3.185,3.185,3.0643,3.0643,0,0
REV_MV,D,20130812,000000,2.7857,3.3429,2.7857,3.3429,0,0
REV_MV,D,20130813,000000,3.12,3.12,3.12,3.12,0,0
REV_MV,D,20130814,000000,3.3429,3.3429,3.3429,3.3429,0,0
REV_MV,D,20130816,000000,3.3429,3.3429,3.3429,3.3429,0,0
REV_MV,D,20130819,000000,3.3429,3.3429,3.3429,3.3429,0,0
REV_MV,D,20130820,000000,3.3429,3.3429,3.3429,3.3429,0,0
REV_MV,D,20130821,000000,3.0179,3.0179,2.8786,2.8786,0,0
REV_MV,D,20130828,000000,3.185,3.185,2.7486,2.7486,0,0
REV_MV,D,20130902,000000,2.6464,2.7486,2.4143,2.7486,0,0
REV_MV,D,20130916,000000,2.7671,3.0643,2.7671,3.0643,0,0
REV_MV,D,20130923,000000,2.9993,2.9993,2.4143,2.4143,0,0
REV_MV,D,20130925,000000,2.4607,2.4607,2.4607,2.4607,0,0
REV_MV,D,20130927,000000,2.4143,2.4236,2.4143,2.4236,0,0
REV_MV,D,20130930,000000,2.7671,3.055,2.34,2.34,0,0
REV_MV,D,20131002,000000,2.21,2.21,2.21,2.21,0,0
REV_MV,D,20131008,000000,2.4886,2.4886,2.4886,2.4886,0,0
REV_MV,D,20131009,000000,2.2843,2.2843,2.1636,2.1636,0,0
REV_MV,D,20131011,000000,2.2936,2.2936,2.2843,2.2843,0,0
REV_MV,D,20131014,000000,2.5071,2.5071,2.5071,2.5071,0,0
REV_MV,D,20131015,000000,2.5071,2.6929,2.405,2.6464,0,0
REV_MV,D,20131016,000000,2.4607,2.4607,2.405,2.4236,0,0
REV_MV,D,20131017,000000,2.4236,2.4236,2.4236,2.4236,0,0
REV_MV,D,20131021,000000,2.6093,2.6093,2.6093,2.6093,0,0
REV_MV,D,20131022,000000,2.6186,2.6279,2.6186,2.6279,0,0
REV_MV,D,20131023,000000,2.6279,2.6279,2.6279,2.6279,0,0
REV_MV,D,20131025,000000,2.6186,2.6279,2.6186,2.6279,0,0
REV_MV,D,20131028,000000,2.6464,2.6464,2.6464,2.6464,0,0
REV_MV,D,20131029,000000,2.6464,2.6464,2.6464,2.6464,0,0
REV_MV,D,20131030,000000,2.6464,2.6464,2.6464,2.6464,0,0
REV_MV,D,20131031,000000,2.6743,2.7021,2.6743,2.7021,0,0
REV_MV,D,20131104,000000,2.7671,3.12,2.7671,3.12,0,0
REV_MV,D,20131105,000000,3.12,3.2314,3.12,3.2314,0,0
REV_MV,D,20131106,000000,3.185,3.2036,3.185,3.2036,0,0
REV_MV,D,20131107,000000,3.2036,3.2036,3.2036,3.2036,0,0
REV_MV,D,20131108,000000,3.0736,3.12,3.0736,3.12,0,0
REV_MV,D,20131112,000000,3.12,3.12,2.8229,2.8971,0,0
REV_MV,D,20131113,000000,3.2221,3.2314,3.2036,3.2036,0,0
REV_MV,D,20131114,000000,3.2036,3.2871,3.185,3.185,0,0
REV_MV,D,20131115,000000,3.185,3.185,2.8786,2.8971,0,0
REV_MV,D,20131118,000000,3.185,3.185,3.185,3.185,0,0
REV_MV,D,20131119,000000,3.185,3.2221,2.8971,3.2221,0,0
REV_MV,D,20131122,000000,3.2314,3.2779,2.8786,3.2779,0,0
REV_MV,D,20131125,000000,2.9436,3.2686,2.9436,3.1107,0,0
REV_MV,D,20131127,000000,3.2593,3.2593,3.2593,3.2593,0,0
REV_MV,D,20131128,000000,3.2593,3.2593,3.2593,3.2593,0,0
REV_MV,D,20131129,000000,3.2593,3.2593,3.2593,3.2593,0,0
REV_MV,D,20131202,000000,3.2779,3.2779,3.2779,3.2779,0,0
REV_MV,D,20131203,000000,3.2407,3.2407,3.1107,3.1107,0,0
REV_MV,D,20131204,000000,3.1107,3.1107,2.5257,3.1014,0,0
REV_MV,D,20131205,000000,3.12,3.3057,3.12,3.3057,0,0
REV_MV,D,20131206,000000,3.2871,3.3243,3.2871,3.2871,0,0
REV_MV,D,20131211,000000,3.3243,3.3243,3.3243,3.3243,0,0
REV_MV,D,20131212,000000,3.3243,3.3243,3.3243,3.3243,0,0
REV_MV,D,20131213,000000,3.3243,3.3243,3.3243,3.3243,0,0
REV_MV,D,20131216,000000,3.3429,3.3521,3.3429,3.3521,0,0
REV_MV,D,20131217,000000,3.3521,3.3521,3.3521,3.3521,0,0
REV_MV,D,20131218,000000,3.3614,3.5936,3.3614,3.5936,0,0
REV_MV,D,20131219,000000,3.4914,3.4914,3.4914,3.4914,0,0
REV_MV,D,20131220,000000,3.4357,3.5657,3.4357,3.5657,0,0
REV_MV,D,20131223,000000,3.5657,3.5657,3.5657,3.5657,0,0
REV_MV,D,20131227,000000,3.5657,3.5657,3.5657,3.5657,0,0
REV_MV,D,20131230,000000,3.575,3.575,3.575,3.575,0,0
REV_MV,D,20140102,000000,3.575,3.575,3.575,3.575,0,0
REV_MV,D,20140103,000000,3.575,3.575,3.575,3.575,0,0
REV_MV,D,20140107,000000,3.575,3.575,3.575,3.575,0,0
REV_MV,D,20140108,000000,3.5657,3.5657,3.5471,3.5471,0,0
REV_MV,D,20140109,000000,3.5471,4.0579,3.5471,4.0579,0,0
REV_MV,D,20140113,000000,3.8443,3.8443,3.8443,3.8443,0,0
REV_MV,D,20140114,000000,3.8536,4.0486,3.8536,4.0486,0,0
REV_MV,D,20140115,000000,4.0579,4.0579,4.0579,4.0579,0,0
REV_MV,D,20140117,000000,3.8536,3.8536,3.6864,3.7793,0,0
REV_MV,D,20140120,000000,3.5286,3.5286,3.5286,3.5286,0,0
REV_MV,D,20140129,000000,3.5286,3.5286,3.5286,3.5286,0,0
REV_MV,D,20140130,000000,3.6029,3.6029,3.6029,3.6029,0,0
REV_MV,D,20140204,000000,3.7236,3.7236,3.6029,3.6029,0,0
REV_MV,D,20140205,000000,3.4821,3.4821,3.4821,3.4821,0,0
REV_MV,D,20140207,000000,3.4821,3.4821,3.2779,3.2779,0,0
REV_MV,D,20140210,000000,3.3057,3.3057,3.3057,3.3057,0,0
REV_MV,D,20140213,000000,3.3614,3.3614,3.3614,3.3614,0,0
REV_MV,D,20140214,000000,3.3614,3.3614,3.3614,3.3614,0,0
REV_MV,D,20140219,000000,3.3707,3.3707,3.3614,3.3614,0,0
REV_MV,D,20140221,000000,3.2221,3.3521,3.2036,3.3521,0,0
REV_MV,D,20140224,000000,3.2779,3.2779,3.1386,3.2314,0,0
REV_MV,D,20140225,000000,3.1386,3.1386,3.1386,3.1386,0,0
REV_MV,D,20140226,000000,3.1386,3.1386,2.9993,2.9993,0,0
REV_MV,D,20140227,000000,3.1107,3.1107,3.1107,3.1107,0,0
REV_MV,D,20140303,000000,2.9993,2.9993,2.9343,2.9343,0,0
REV_MV,D,20140304,000000,2.6464,3.0736,2.6464,3.0736,0,0
REV_MV,D,20140306,000000,3.0736,3.0829,2.7764,2.7764,0,0
REV_MV,D,20140310,000000,2.8971,2.8971,2.8971,2.8971,0,0
REV_MV,D,20140311,000000,2.8971,2.8971,2.8971,2.8971,0,0
REV_MV,D,20140314,000000,2.8786,2.8786,2.8229,2.8229,0,0
REV_MV,D,20140317,000000,2.8229,3.0643,2.8229,3.0643,0,0
REV_MV,D,20140319,000000,2.9436,2.9436,2.9436,2.9436,0,0
REV_MV,D,20140321,000000,2.9436,2.9436,2.9436,2.9436,0,0
REV_MV,D,20140324,000000,2.9436,2.9436,2.9436,2.9436,0,0
REV_MV,D,20140325,000000,2.9436,2.9436,2.9436,2.9436,0,0
REV_MV,D,20140327,000000,2.7671,2.9436,2.5814,2.5814,0,0
REV_MV,D,20140403,000000,2.7671,2.9436,2.7671,2.9436,0,0
REV_MV,D,20140422,000000,2.8786,2.9343,2.7671,2.9343,0,0
REV_MV,D,20140428,000000,2.9064,2.9064,2.7764,2.7764,0,0
REV_MV,D,20140429,000000,2.8786,2.8786,2.8786,2.8786,0,0
REV_MV,D,20140502,000000,2.8786,2.8786,2.8786,2.8786,0,0
REV_MV,D,20140505,000000,2.8786,2.8786,2.8786,2.8786,0,0
REV_MV,D,20140506,000000,2.8786,2.8786,2.8786,2.8786,0,0
REV_MV,D,20140508,000000,2.7764,2.7764,2.6464,2.6464,0,0
REV_MV,D,20140513,000000,2.6464,2.6464,2.6464,2.6464,0,0
REV_MV,D,20140515,000000,2.4607,2.4607,2.4143,2.4143,0,0
REV_MV,D,20140516,000000,2.2843,2.2843,2.2843,2.2843,0,0
REV_MV,D,20140522,000000,2.2843,2.2843,2.2843,2.2843,0,0
REV_MV,D,20140527,000000,2.2843,2.2843,2.2843,2.2843,0,0
REV_MV,D,20140528,000000,2.2843,2.2843,2.2843,2.2843,0,0
REV_MV,D,20140529,000000,2.4607,2.4607,2.4607,2.4607,0,0
REV_MV,D,20140602,000000,2.2843,2.2843,2.2843,2.2843,0,0
REV_MV,D,20140610,000000,2.5443,2.5443,2.5443,2.5443,0,0
REV_MV,D,20140627,000000,2.405,2.405,2.405,2.405,0,0
REV_MV,D,20140703,000000,2.405,2.405,2.405,2.405,0,0
REV_MV,D,20140704,000000,2.405,2.405,2.405,2.405,0,0
REV_MV,D,20140707,000000,2.405,2.405,2.405,2.405,0,0
REV_MV,D,20140710,000000,2.405,2.405,2.405,2.405,0,0
REV_MV,D,20140715,000000,2.3771,2.3771,2.3771,2.3771,0,0
REV_MV,D,20140716,000000,2.3586,2.3586,2.3586,2.3586,0,0
REV_MV,D,20140717,000000,2.3586,2.3586,2.3586,2.3586,0,0
REV_MV,D,20140718,000000,2.3586,2.3586,2.3586,2.3586,0,0
REV_MV,D,20140722,000000,2.3771,2.3771,2.3771,2.3771,0,0
REV_MV,D,20140804,000000,2.3679,2.3679,2.3679,2.3679,0,0
REV_MV,D,20140805,000000,2.3679,2.3679,2.3679,2.3679,0,0
REV_MV,D,20140806,000000,2.3679,2.3679,2.3679,2.3679,0,0
REV_MV,D,20140807,000000,2.3679,2.3679,2.3679,2.3679,0,0
REV_MV,D,20140808,000000,2.3679,2.3679,2.3679,2.3679,0,0
REV_MV,D,20140813,000000,2.3679,2.3679,2.3679,2.3679,0,0
REV_MV,D,20140818,000000,2.1821,2.1821,2.1821,2.1821,0,0
REV_MV,D,20140819,000000,1.9964,1.9964,1.8014,1.8293,0,0
REV_MV,D,20140820,000000,1.8293,1.8293,1.8293,1.8293,0,0
REV_MV,D,20140827,000000,1.8107,1.8107,1.8107,1.8107,0,0
REV_MV,D,20140909,000000,1.8014,1.8014,1.8014,1.8014,0,0
REV_MV,D,20140910,000000,1.8014,1.8014,1.8014,1.8014,0,0
REV_MV,D,20140911,000000,1.8107,1.8107,1.8107,1.8107,0,0
REV_MV,D,20140912,000000,1.8107,1.8107,1.8107,1.8107,0,0
REV_MV,D,20140929,000000,1.4671,1.56,1.4671,1.56,0,0
REV_MV,D,20141002,000000,1.6064,1.7179,1.6064,1.7179,0,0
REV_MV,D,20141003,000000,1.6343,1.6343,1.6343,1.6343,0,0
REV_MV,D,20141008,000000,1.6343,1.6343,1.6343,1.6343,0,0
REV_MV,D,20141009,000000,1.6343,1.6343,1.6343,1.6343,0,0
REV_MV,D,20141027,000000,1.7179,1.7179,1.7179,1.7179,0,0
REV_MV,D,20141103,000000,1.69,1.69,1.69,1.69,0,0
REV_MV,D,20141117,000000,1.7179,1.7179,1.7179,1.7179,0,0
REV_MV,D,20141119,000000,1.5693,1.5693,1.5693,1.5693,0,0
REV_MV,D,20141125,000000,1.56,1.56,1.56,1.56,0,0
REV_MV,D,20141223,000000,1.56,1.56,1.56,1.56,0,0
REV_MV,D,20150105,000000,1.6064,1.8014,1.6064,1.7086,0,0
REV_MV,D,20150112,000000,1.6621,1.6621,1.6621,1.6621,0,0
REV_MV,D,20150213,000000,1.6621,1.6621,1.6621,1.6621,0,0
REV_MV,D,20150217,000000,1.7271,1.7271,1.7271,1.7271,0,0
REV_MV,D,20150224,000000,1.7271,1.7271,1.6343,1.6343,0,0
REV_MV,D,20150225,000000,1.625,1.625,1.625,1.625,0,0
REV_MV,D,20150306,000000,1.5043,1.5043,1.3186,1.3929,0,0
REV_MV,D,20150309,000000,1.3929,1.3929,1.235,1.235,0,0
REV_MV,D,20150312,000000,1.235,1.235,1.235,1.235,0,0
REV_MV,D,20150317,000000,1.2629,1.2629,1.2629,1.2629,0,0
REV_MV,D,20150318,000000,1.3186,1.3186,1.0586,1.0957,0,0
REV_MV,D,20150320,000000,1.1979,1.3093,1.1979,1.3093,0,0
REV_MV,D,20150323,000000,1.1514,1.1514,1.1421,1.1421,0,0
REV_MV,D,20150324,000000,1.0771,1.1793,1.0586,1.0586,0,0
REV_MV,D,20150326,000000,1.0771,1.0957,1.0771,1.0957,0,0
REV_MV,D,20150327,000000,1.0493,1.0493,1.0307,1.0307,0,0
REV_MV,D,20150330,000000,1.0307,1.0307,1.0307,1.0307,0,0
REV_MV,D,20150408,000000,0.975,0.9936,0.8636,0.9936,0,0
REV_MV,D,20150414,000000,0.91,0.91,0.8636,0.8636,0,0
REV_MV,D,20150416,000000,0.8543,0.9564,0.8543,0.9564,0,0
REV_MV,D,20150417,000000,0.9564,1.0307,0.9564,1.0307,0,0
REV_MV,D,20150420,000000,0.9564,0.9564,0.9564,0.9564,0,0
REV_MV,D,20150427,000000,0.9843,1.1514,0.9843,1.1514,0,0
REV_MV,D,20150429,000000,1.0957,1.0957,1.0957,1.0957,0,0
REV_MV,D,20150430,000000,1.0957,1.0957,1.0957,1.0957,0,0
REV_MV,D,20150504,000000,1.0214,1.0214,1.0214,1.0214,0,0
REV_MV,D,20150508,000000,1.1143,1.2164,1.1143,1.2164,0,0
REV_MV,D,20150511,000000,1.2164,1.3464,1.2164,1.3464,0,0
REV_MV,D,20150518,000000,1.1514,1.1514,1.1421,1.1421,0,0
REV_MV,D,20150522,000000,1.1421,1.1421,1.1421,1.1421,0,0
REV_MV,D,20150528,000000,1.1329,1.1979,1.1329,1.1979,0,0
REV_MV,D,20150610,000000,1.1886,1.1886,1.1886,1.1886,0,0
REV_MV,D,20150611,000000,1.1793,1.1793,1.1793,1.1793,0,0
REV_MV,D,20150612,000000,1.1793,1.3557,1.1793,1.3557,0,0
REV_MV,D,20150615,000000,1.5507,1.56,1.5507,1.5507,0,0
REV_MV,D,20150616,000000,1.3557,1.3557,1.3557,1.3557,0,0
REV_MV,D,20150618,000000,1.3557,1.3557,1.2629,1.2629,0,0
REV_MV,D,20150619,000000,1.2629,1.2629,1.2629,1.2629,0,0
REV_MV,D,20150622,000000,1.2814,1.3186,1.2814,1.3186,0,0
REV_MV,D,20150623,000000,1.3186,1.3186,1.2629,1.3,0,0
REV_MV,D,20150625,000000,1.3,1.3,1.3,1.3,0,0
REV_MV,D,20150706,000000,1.235,1.235,1.1607,1.1607,0,0
REV_MV,D,20150714,000000,1.1607,1.1607,1.1607,1.1607,0,0
REV_MV,D,20150717,000000,1.1607,1.1607,1.1607,1.1607,0,0
REV_MV,D,20150720,000000,1.1607,1.1607,1.1607,1.1607,0,0
REV_MV,D,20150722,000000,1.1607,1.1607,1.1607,1.1607,0,0
REV_MV,D,20150724,000000,1.1607,1.1607,1.1607,1.1607,0,0
REV_MV,D,20150727,000000,1.1607,1.1607,1.1607,1.1607,0,0
REV_MV,D,20150728,000000,1.1607,1.1607,1.1607,1.1607,0,0
REV_MV,D,20150806,000000,1.1514,1.1514,0.9564,0.9564,0,0
REV_MV,D,20150807,000000,0.9286,0.9286,0.9286,0.9286,0,0
REV_MV,D,20150811,000000,0.9471,0.9564,0.9471,0.9564,0,0
REV_MV,D,20150813,000000,0.9007,0.9564,0.9007,0.9564,0,0
REV_MV,D,20150817,000000,0.9007,0.9564,0.9007,0.9564,0,0
REV_MV,D,20150818,000000,0.9007,0.9007,0.9007,0.9007,0,0
REV_MV,D,20150827,000000,0.8543,0.8543,0.78,0.78,0,0
REV_MV,D,20150916,000000,0.845,0.845,0.845,0.845,0,0
REV_MV,D,20150921,000000,0.9007,0.9007,0.9007,0.9007,0,0
REV_MV,D,20150922,000000,0.9379,0.9379,0.9379,0.9379,0,0
REV_MV,D,20151014,000000,0.845,0.845,0.845,0.845,0,0
REV_MV,D,20151023,000000,0.845,0.845,0.845,0.845,0,0
REV_MV,D,20151028,000000,0.845,0.9564,0.845,0.9564,0,0
REV_MV,D,20151030,000000,0.9564,1.0679,0.9564,1.0679,0,0
REV_MV,D,20151102,000000,0.9379,0.9379,0.9379,0.9379,0,0
REV_MV,D,20151104,000000,1.0121,1.0679,1.0121,1.0679,0,0
REV_MV,D,20151109,000000,1.0679,1.1886,1.0679,1.1886,0,0
REV_MV,D,20151113,000000,1.1886,1.2814,1.1886,1.2814,0,0
REV_MV,D,20151120,000000,1.0586,1.0586,1.0586,1.0586,0,0
REV_MV,D,20151125,000000,0.9564,0.9564,0.8543,0.8543,0,0
REV_MV,D,20151126,000000,0.8729,0.8729,0.8729,0.8729,0,0
REV_MV,D,20151130,000000,0.8729,0.8729,0.8729,0.8729,0,0
REV_MV,D,20151208,000000,0.8914,0.8914,0.8914,0.8914,0,0
REV_MV,D,20151209,000000,0.8636,0.8636,0.8636,0.8636,0,0
REV_MV,D,20151214,000000,0.845,0.845,0.845,0.845,0,0
REV_MV,D,20151221,000000,0.845,0.845,0.845,0.845,0,0
REV_MV,D,20151222,000000,0.8543,0.9286,0.8543,0.9286,0,0
REV_MV,D,20151229,000000,0.8914,0.8914,0.8914,0.8914,0,0
REV_MV,D,20160104,000000,0.8914,0.8914,0.8914,0.8914,0,0
REV_MV,D,20160112,000000,0.8636,0.8636,0.8636,0.8636,0,0
REV_MV,D,20160114,000000,0.8543,0.8543,0.8543,0.8543,0,0
REV_MV,D,20160118,000000,0.9007,0.9843,0.9007,0.9843,0,0
REV_MV,D,20160121,000000,0.9286,0.9286,0.9286,0.9286,0,0
REV_MV,D,20160202,000000,0.9564,0.9564,0.9471,0.9471,0,0
REV_MV,D,20160217,000000,0.8914,0.8914,0.7336,0.7336,0,0
REV_MV,D,20160218,000000,0.8264,0.9471,0.8264,0.9007,0,0
REV_MV,D,20160219,000000,0.9843,0.9843,0.8636,0.91,0,0
REV_MV,D,20160302,000000,0.91,0.91,0.91,0.91,0,0
REV_MV,D,20160303,000000,0.91,0.91,0.91,0.91,0,0
REV_MV,D,20160314,000000,0.9286,0.9286,0.9286,0.9286,0,0
REV_MV,D,20160322,000000,0.9286,0.9286,0.9286,0.9286,0,0
REV_MV,D,20160329,000000,0.9564,0.9564,0.9564,0.9564,0,0
REV_MV,D,20160406,000000,0.9379,0.9379,0.9379,0.9379,0,0
REV_MV,D,20160420,000000,0.975,1.0307,0.975,1.0307,0,0
REV_MV,D,20160422,000000,0.9286,0.9843,0.8636,0.9843,0,0
REV_MV,D,20160425,000000,0.9379,0.9379,0.9379,0.9379,0,0
REV_MV,D,20160427,000000,0.91,0.91,0.8636,0.8636,0,0
REV_MV,D,20160428,000000,0.9564,1.0307,0.9379,0.9379,0,0
REV_MV,D,20160429,000000,0.9471,0.9471,0.9471,0.9471,0,0
REV_MV,D,20160512,000000,1.0493,1.0493,1.0493,1.0493,0,0
REV_MV,D,20160513,000000,0.9379,0.9379,0.9379,0.9379,0,0
REV_MV,D,20160519,000000,1.0121,1.0121,1.0121,1.0121,0,0
REV_MV,D,20160520,000000,1.0121,1.0121,0.9843,0.9843,0,0
REV_MV,D,20160608,000000,0.91,0.91,0.8543,0.8543,0,0
REV_MV,D,20160609,000000,0.8729,0.8729,0.7521,0.7893,0,0
REV_MV,D,20160615,000000,0.7893,0.9007,0.7893,0.9007,0,0
REV_MV,D,20160616,000000,0.9379,0.9936,0.9379,0.9936,0,0
REV_MV,D,20160620,000000,1.0121,1.0121,1.0121,1.0121,0,0
REV_MV,D,20160624,000000,1.0121,1.0121,1.0121,1.0121,0,0
REV_MV,D,20160627,000000,1.0121,1.0121,1.0121,1.0121,0,0
REV_MV,D,20160628,000000,0.9936,0.9936,0.8264,0.8264,0,0
REV_MV,D,20160630,000000,0.9007,0.91,0.8729,0.91,0,0
REV_MV,D,20160705,000000,0.9564,0.9936,0.9564,0.9936,0,0
REV_MV,D,20160706,000000,0.9936,0.9936,0.9936,0.9936,0,0
REV_MV,D,20160707,000000,1.0121,1.0121,1.0121,1.0121,0,0
REV_MV,D,20160708,000000,1,1.03,1,1.03,0,0
REV_MV,D,20160711,000000,1.03,1.03,1.03,1.03,0,0
REV_MV,D,20160713,000000,1.03,1.03,0.92,0.92,0,0
REV_MV,D,20160714,000000,0.93,0.93,0.93,0.93,0,0
REV_MV,D,20160718,000000,0.93,0.93,0.93,0.93,0,0
REV_MV,D,20160719,000000,0.93,0.93,0.93,0.93,0,0
REV_MV,D,20160721,000000,0.91,0.91,0.91,0.91,0,0
REV_MV,D,20160722,000000,0.91,0.91,0.91,0.91,0,0
REV_MV,D,20160725,000000,0.91,0.91,0.91,0.91,0,0
REV_MV,D,20160726,000000,0.91,0.91,0.91,0.91,0,0
REV_MV,D,20160727,000000,0.91,0.91,0.91,0.91,0,0
REV_MV,D,20160728,000000,0.91,0.91,0.91,0.91,0,0
REV_MV,D,20160729,000000,1,1,1,1,0,0
REV_MV,D,20160801,000000,1,1,1,1,0,0
REV_MV,D,20160802,000000,1,1,1,1,0,0
REV_MV,D,20160803,000000,1,1,1,1,0,0
REV_MV,D,20160804,000000,1,1,0.91,0.91,0,0
REV_MV,D,20160805,000000,0.91,0.91,0.91,0.91,0,0
REV_MV,D,20160808,000000,1,1,1,1,0,0
REV_MV,D,20160809,000000,1,1,1,1,0,0
REV_MV,D,20160810,000000,1,1,1,1,0,0
REV_MV,D,20160811,000000,1,1,1,1,0,0
REV_MV,D,20160812,000000,1,1,0.91,0.91,0,0
REV_MV,D,20160816,000000,0.89,0.89,0.89,0.89,0,0
REV_MV,D,20160817,000000,0.89,0.89,0.89,0.89,0,0
REV_MV,D,20160818,000000,0.89,0.89,0.89,0.89,0,0
REV_MV,D,20160819,000000,0.89,0.89,0.89,0.89,0,0
REV_MV,D,20160822,000000,0.89,0.89,0.89,0.89,0,0
REV_MV,D,20160823,000000,0.89,0.89,0.89,0.89,0,0
REV_MV,D,20160824,000000,0.89,0.89,0.89,0.89,0,0
REV_MV,D,20160825,000000,0.96,0.96,0.96,0.96,0,0
REV_MV,D,20160826,000000,0.96,0.96,0.96,0.96,0,0
REV_MV,D,20160830,000000,0.96,0.96,0.96,0.96,0,0
REV_MV,D,20160905,000000,0.96,0.96,0.84,0.84,0,0
REV_MV,D,20160921,000000,0.96,0.96,0.96,0.96,0,0
REV_MV,D,20160922,000000,0.96,0.96,0.96,0.96,0,0
REV_MV,D,20160923,000000,0.96,0.96,0.83,0.83,0,0
REV_MV,D,20160926,000000,0.83,0.83,0.83,0.83,0,0
REV_MV,D,20160930,000000,0.83,0.83,0.83,0.83,0,0
REV_MV,D,20161020,000000,0.8,0.8,0.69,0.69,0,0
REV_MV,D,20161021,000000,0.78,0.78,0.78,0.78,0,0
REV_MV,D,20161024,000000,0.78,0.78,0.78,0.78,0,0
REV_MV,D,20161025,000000,0.78,0.78,0.78,0.78,0,0
REV_MV,D,20161027,000000,0.78,0.78,0.78,0.78,0,0
REV_MV,D,20161028,000000,0.78,0.78,0.78,0.78,0,0
REV_MV,D,20161102,000000,0.78,0.78,0.78,0.78,0,0
REV_MV,D,20161104,000000,0.78,0.78,0.78,0.78,0,0
REV_MV,D,20161107,000000,0.78,0.78,0.78,0.78,0,0
REV_MV,D,20161108,000000,0.78,0.78,0.76,0.76,0,0
REV_MV,D,20161114,000000,0.76,0.76,0.75,0.75,0,0
REV_MV,D,20161115,000000,0.74,0.74,0.74,0.74,0,0
REV_MV,D,20161117,000000,0.67,0.67,0.65,0.65,0,0
REV_MV,D,20161118,000000,0.71,0.71,0.58,0.58,0,0
REV_MV,D,20161121,000000,0.53,0.53,0.53,0.53,0,0
REV_MV,D,20161123,000000,0.62,0.65,0.62,0.65,0,0
REV_MV,D,20161124,000000,0.7,0.7,0.7,0.7,0,0
REV_MV,D,20161125,000000,0.74,0.74,0.63,0.71,0,0
REV_MV,D,20161219,000000,0.71,0.71,0.71,0.71,0,0
REV_MV,D,20161223,000000,0.67,0.67,0.67,0.67,0,0
REV_MV,D,20161227,000000,0.67,0.67,0.67,0.67,0,0
REV_MV,D,20161230,000000,0.67,0.67,0.65,0.67,0,0
REV_MV,D,20170102,000000,0.65,0.65,0.65,0.65,0,0
REV_MV,D,20170103,000000,0.65,0.65,0.65,0.65,0,0
REV_MV,D,20170104,000000,0.65,0.65,0.65,0.65,0,0
REV_MV,D,20170105,000000,0.65,0.65,0.65,0.65,0,0
REV_MV,D,20170109,000000,0.65,0.65,0.65,0.65,0,0
REV_MV,D,20170110,000000,0.66,0.66,0.66,0.66,0,0
REV_MV,D,20170112,000000,0.66,0.66,0.66,0.66,0,0
REV_MV,D,20170113,000000,0.67,0.79,0.67,0.79,0,0
REV_MV,D,20170116,000000,0.8,0.85,0.8,0.85,0,0
REV_MV,D,20170117,000000,0.87,0.87,0.87,0.87,0,0
REV_MV,D,20170118,000000,0.79,0.79,0.79,0.79,0,0
REV_MV,D,20170123,000000,0.79,0.88,0.79,0.88,0,0
REV_MV,D,20170124,000000,0.93,0.93,0.93,0.93,0,0
REV_MV,D,20170125,000000,0.93,0.93,0.93,0.93,0,0
REV_MV,D,20170126,000000,0.93,0.93,0.93,0.93,0,0
REV_MV,D,20170127,000000,0.84,0.84,0.79,0.79,0,0
REV_MV,D,20170130,000000,0.79,0.79,0.71,0.71,0,0
REV_MV,D,20170201,000000,0.74,0.74,0.74,0.74,0,0
REV_MV,D,20170202,000000,0.74,0.74,0.74,0.74,0,0
REV_MV,D,20170203,000000,0.75,0.75,0.75,0.75,0,0
REV_MV,D,20170206,000000,0.75,1.03,0.75,1.02,0,0
REV_MV,D,20170207,000000,0.98,0.98,0.87,0.87,0,0
REV_MV,D,20170208,000000,0.83,0.84,0.83,0.84,0,0
REV_MV,D,20170209,000000,0.83,0.83,0.81,0.81,0,0
REV_MV,D,20170213,000000,0.84,0.85,0.84,0.85,0,0
REV_MV,D,20170214,000000,0.76,0.76,0.76,0.76,0,0
REV_MV,D,20170215,000000,0.84,0.84,0.84,0.84,0,0
REV_MV,D,20170301,000000,0.78,0.78,0.78,0.78,0,0
REV_MV,D,20170302,000000,0.85,0.91,0.8,0.8,0,0
REV_MV,D,20170307,000000,0.78,0.78,0.78,0.78,0,0
REV_MV,D,20170313,000000,0.76,0.76,0.76,0.76,0,0
REV_MV,D,20170314,000000,0.75,0.75,0.75,0.75,0,0
REV_MV,D,20170317,000000,0.74,0.79,0.74,0.79,0,0
REV_MV,D,20170323,000000,0.72,0.72,0.66,0.66,0,0
REV_MV,D,20170411,000000,0.69,0.69,0.69,0.69,0,0
REV_MV,D,20170504,000000,0.76,0.76,0.76,0.76,0,0
REV_MV,D,20170505,000000,0.75,0.75,0.75,0.75,0,0
REV_MV,D,20170512,000000,0.69,0.69,0.69,0.69,0,0
REV_MV,D,20170523,000000,0.66,0.66,0.66,0.66,0,0
REV_MV,D,20170524,000000,0.7,0.7,0.7,0.7,0,0
REV_MV,D,20170601,000000,0.7,0.7,0.7,0.7,0,0
REV_MV,D,20170605,000000,0.7,0.7,0.7,0.7,0,0
REV_MV,D,20170606,000000,0.62,0.62,0.62,0.62,0,0
REV_MV,D,20170622,000000,0.65,0.72,0.65,0.72,0,0
REV_MV,D,20170705,000000,0.78,0.78,0.78,0.78,0,0
REV_MV,D,20170809,000000,0.65,0.65,0.65,0.65,0,0
REV_MV,D,20170922,000000,0.65,0.65,0.65,0.65,0,0
REV_MV,D,20170928,000000,0.65,0.65,0.65,0.65,0,0
REV_MV,D,20170929,000000,0.66,0.66,0.66,0.66,0,0
REV_MV,D,20171002,000000,0.65,0.67,0.65,0.67,0,0
REV_MV,D,20171003,000000,0.67,0.67,0.67,0.67,0,0
REV_MV,D,20171018,000000,0.71,0.72,0.71,0.72,0,0
REV_MV,D,20171031,000000,0.71,0.71,0.71,0.71,0,0
REV_MV,D,20171107,000000,0.63,0.63,0.63,0.63,0,0
REV_MV,D,20171113,000000,0.69,0.7,0.69,0.7,0,0
REV_MV,D,20171116,000000,0.69,0.69,0.69,0.69,0,0
REV_MV,D,20171206,000000,0.6,0.69,0.6,0.69,0,0
REV_MV,D,20171220,000000,0.6,0.6,0.53,0.53,0,0
REV_MV,D,20171222,000000,0.53,0.54,0.53,0.54,0,0
REV_MV,D,20180108,000000,0.52,0.52,0.52,0.52,0,0
REV_MV,D,20180110,000000,0.47,0.47,0.41,0.41,0,0
REV_MV,D,20180111,000000,0.43,0.43,0.41,0.41,0,0
REV_MV,D,20180115,000000,0.41,0.49,0.41,0.49,0,0
REV_MV,D,20180116,000000,0.52,0.58,0.52,0.58,0,0
REV_MV,D,20180122,000000,0.58,0.58,0.48,0.49,0,0
REV_MV,D,20180131,000000,0.58,0.58,0.58,0.58,0,0
REV_MV,D,20180201,000000,0.54,0.54,0.52,0.52,0,0
REV_MV,D,20180202,000000,0.56,0.65,0.56,0.58,0,0
REV_MV,D,20180205,000000,0.6,0.71,0.52,0.67,0,0
REV_MV,D,20180207,000000,0.62,0.91,0.62,0.91,0,0
REV_MV,D,20180208,000000,1.1,1.32,1.1,1.32,0,0
REV_MV,D,20180212,000000,1.59,1.81,1.55,1.62,0,0
REV_MV,D,20180213,000000,1.71,2.04,1.55,1.99,0,0
REV_MV,D,20180214,000000,2.04,2.9,1.76,2.52,0,0
REV_MV,D,20180215,000000,2.85,3.41,2.52,3.21,0,0
REV_MV,D,20180216,000000,3.23,3.34,2.59,2.85,0,0
REV_MV,D,20180219,000000,2.64,3.36,2.64,3.21,0,0
REV_MV,D,20180220,000000,3.21,3.34,2.9,3.08,0,0
REV_MV,D,20180221,000000,3.08,3.21,2.69,2.69,0,0
REV_MV,D,20180222,000000,2.72,3.1,2.19,3.1,0,0
REV_MV,D,20180223,000000,2.59,3.08,2.52,3,0,0
REV_MV,D,20180226,000000,2.61,2.87,2.52,2.85,0,0
REV_MV,D,20180227,000000,2.39,2.98,2.39,2.98,0,0
REV_MV,D,20180228,000000,2.69,2.95,2.69,2.95,0,0
REV_MV,D,20180301,000000,2.72,2.72,2.29,2.55,0,0
REV_MV,D,20180302,000000,2.5,2.79,2.5,2.79,0,0
REV_MV,D,20180305,000000,2.87,2.98,2.59,2.98,0,0
REV_MV,D,20180306,000000,2.95,3,2.95,3,0,0
REV_MV,D,20180307,000000,2.74,2.74,2.54,2.54,0,0
REV_MV,D,20180309,000000,3.05,3.34,3.05,3.34,0,0
REV_MV,D,20180312,000000,3.47,3.47,2.79,3.08,0,0
REV_MV,D,20180313,000000,3.13,3.34,2.61,2.77,0,0
REV_MV,D,20180314,000000,3.03,3.03,2.98,2.98,0,0
REV_MV,D,20180315,000000,2.9,2.92,2.87,2.87,0,0
REV_MV,D,20180316,000000,2.64,2.79,2.64,2.79,0,0
REV_MV,D,20180319,000000,2.64,2.64,2.46,2.46,0,0
REV_MV,D,20180321,000000,2.48,2.64,2.48,2.64,0,0
REV_MV,D,20180322,000000,2.51,2.51,2.43,2.43,0,0
REV_MV,D,20180403,000000,2.26,2.26,2.26,2.26,0,0
REV_MV,D,20180409,000000,1.81,1.81,1.81,1.81,0,0
REV_MV,D,20180410,000000,1.81,1.81,1.81,1.81,0,0
REV_MV,D,20180412,000000,1.94,1.94,1.94,1.94,0,0
REV_MV,D,20180413,000000,1.94,1.94,1.94,1.94,0,0
REV_MV,D,20180417,000000,1.93,1.93,1.93,1.93,0,0
REV_MV,D,20180504,000000,1.4,1.4,1.4,1.4,0,0
REV_MV,D,20180516,000000,1.68,1.68,1.68,1.68,0,0
REV_MV,D,20180518,000000,2.17,2.17,2.17,2.17,0,0
REV_MV,D,20180521,000000,2.32,2.32,2.32,2.32,0,0
REV_MV,D,20180522,000000,2.32,2.32,2.32,2.32,0,0
REV_MV,D,20180604,000000,2.2,2.2,2.2,2.2,0,0
REV_MV,D,20180620,000000,1.94,1.94,1.94,1.94,0,0
REV_MV,D,20180621,000000,1.55,1.55,1.55,1.55,0,0
REV_MV,D,20180702,000000,1.55,1.55,1.55,1.55,0,0
REV_MV,D,20180705,000000,1.41,1.41,1.41,1.41,0,0
REV_MV,D,20180713,000000,1.55,1.55,1.55,1.55,0,0
REV_MV,D,20180717,000000,1.55,1.55,1.55,1.55,0,0
REV_MV,D,20180718,000000,1.93,1.93,1.93,1.93,0,0
REV_MV,D,20180726,000000,1.55,1.55,1.55,1.55,0,0
REV_MV,D,20180809,000000,1.33,1.33,1.33,1.33,0,0
REV_MV,D,20180813,000000,1.29,1.29,1.29,1.29,0,0
REV_MV,D,20180829,000000,1.05,1.05,1.05,1.05,0,0
REV_MV,D,20190123,000000,1.03,1.03,1.03,1.03,0,0
