<TICKER>,<PER>,<DATE>,<TIME>,<OPEN>,<HIGH>,<LOW>,<CLOSE>,<VOL>,<OPENINT>
SKN_MV,D,20080509,000000,70.7,70.7,70.7,70.7,0,0
SKN_MV,D,20080512,000000,69.35,69.35,57.9,57.9,0,0
SKN_MV,D,20080513,000000,53.86,63.15,53.86,57.57,0,0
SKN_MV,D,20080514,000000,60.4,60.6,60.4,60.46,0,0
SKN_MV,D,20080515,000000,55.88,60.6,53.86,60.6,0,0
SKN_MV,D,20080516,000000,63.23,63.97,63.23,63.96,0,0
SKN_MV,D,20080519,000000,59.92,63.96,59.25,63.96,0,0
SKN_MV,D,20080520,000000,57.9,63.96,57.9,63.96,0,0
SKN_MV,D,20080521,000000,55.95,63.96,55.88,63.96,0,0
SKN_MV,D,20080523,000000,63.96,63.96,63.96,63.96,0,0
SKN_MV,D,20080526,000000,50.49,63.96,50.49,63.96,0,0
SKN_MV,D,20080527,000000,63.96,63.96,63.96,63.96,0,0
SKN_MV,D,20080528,000000,51.17,61.61,51.17,61.61,0,0
SKN_MV,D,20080529,000000,50.5,59.93,50.5,59.92,0,0
SKN_MV,D,20080530,000000,50.9,59.45,50.9,59.45,0,0
SKN_MV,D,20080603,000000,50.5,59.92,50.5,59.92,0,0
SKN_MV,D,20080604,000000,51.23,57.9,51.17,57.9,0,0
SKN_MV,D,20080605,000000,51.57,57.56,51.57,57.23,0,0
SKN_MV,D,20080606,000000,51.31,57.9,51.31,57.16,0,0
SKN_MV,D,20080609,000000,50.63,54.53,50.49,54.2,0,0
SKN_MV,D,20080611,000000,43.76,54.07,43.76,54.07,0,0
SKN_MV,D,20080612,000000,53.8,53.8,53.8,53.8,0,0
SKN_MV,D,20080613,000000,53.8,53.8,53.8,53.8,0,0
SKN_MV,D,20080616,000000,43.23,47.13,43.02,43.02,0,0
SKN_MV,D,20080623,000000,34.47,43.02,34.47,43.02,0,0
SKN_MV,D,20080624,000000,34.67,40.26,34.67,40.26,0,0
SKN_MV,D,20080627,000000,32.25,39.72,32.25,39.72,0,0
SKN_MV,D,20080630,000000,40.06,40.06,40.06,40.06,0,0
SKN_MV,D,20080710,000000,36.96,41.74,36.96,41.68,0,0
SKN_MV,D,20080714,000000,34.07,41.75,34.07,41.74,0,0
SKN_MV,D,20080716,000000,34.27,41.61,33.73,41.07,0,0
SKN_MV,D,20080717,000000,34.4,40.67,34.4,40.67,0,0
SKN_MV,D,20080721,000000,34,39.05,34,39.05,0,0
SKN_MV,D,20080722,000000,40.4,46.46,40.4,46.46,0,0
SKN_MV,D,20080723,000000,43.16,46.8,43.16,46.46,0,0
SKN_MV,D,20080724,000000,46.8,53.19,46.8,53.19,0,0
SKN_MV,D,20080725,000000,53.19,53.19,53.19,53.19,0,0
SKN_MV,D,20080728,000000,53.8,53.8,53.8,53.8,0,0
SKN_MV,D,20080730,000000,53.8,56.56,53.8,56.56,0,0
SKN_MV,D,20080731,000000,56.63,57.91,56.63,57.9,0,0
SKN_MV,D,20080801,000000,57.9,59.25,57.9,59.25,0,0
SKN_MV,D,20080804,000000,59.25,59.25,59.25,59.25,0,0
SKN_MV,D,20080805,000000,59.25,63.63,59.25,63.63,0,0
SKN_MV,D,20080806,000000,63.63,63.97,63.63,63.96,0,0
SKN_MV,D,20080808,000000,63.96,67.39,63.96,63.96,0,0
SKN_MV,D,20080811,000000,67.33,67.4,67.33,67.4,0,0
SKN_MV,D,20080812,000000,67.4,67.4,67.4,67.4,0,0
SKN_MV,D,20080814,000000,67.33,67.33,67.33,67.33,0,0
SKN_MV,D,20080819,000000,67.4,67.4,67.4,67.4,0,0
SKN_MV,D,20080822,000000,60.67,60.67,60.66,60.66,0,0
SKN_MV,D,20080825,000000,67.19,67.2,67.19,67.2,0,0
SKN_MV,D,20080826,000000,60.6,60.6,60.6,60.6,0,0
SKN_MV,D,20080827,000000,55.21,60.47,55.21,60.46,0,0
SKN_MV,D,20080828,000000,66.45,66.45,66.45,66.45,0,0
SKN_MV,D,20080901,000000,53.93,65.31,53.93,65.31,0,0
SKN_MV,D,20080902,000000,53,53.93,53,53.93,0,0
SKN_MV,D,20080903,000000,60.6,60.6,60.6,60.6,0,0
SKN_MV,D,20080904,000000,54.27,54.27,54.2,54.2,0,0
SKN_MV,D,20080905,000000,50.5,60.46,47.13,47.13,0,0
SKN_MV,D,20080908,000000,56.49,56.49,56.49,56.49,0,0
SKN_MV,D,20080909,000000,57.9,57.9,57.9,57.9,0,0
SKN_MV,D,20080912,000000,47.2,53.19,47.13,53.19,0,0
SKN_MV,D,20080919,000000,53.19,60.53,53.19,60.53,0,0
SKN_MV,D,20080922,000000,60.33,60.33,60.33,60.33,0,0
SKN_MV,D,20080929,000000,53.87,59.79,53.87,59.79,0,0
SKN_MV,D,20080930,000000,47.87,59.18,47.87,59.18,0,0
SKN_MV,D,20081013,000000,47.4,57.23,47.4,57.23,0,0
SKN_MV,D,20081014,000000,45.78,57.16,45.78,57.16,0,0
SKN_MV,D,20081015,000000,45.78,55.81,33.66,33.67,0,0
SKN_MV,D,20081016,000000,40.4,47.14,39.73,47.13,0,0
SKN_MV,D,20081017,000000,50.5,50.5,43.76,50.16,0,0
SKN_MV,D,20081020,000000,49.96,50.03,49.96,50.03,0,0
SKN_MV,D,20081028,000000,40.06,40.06,40.06,40.06,0,0
SKN_MV,D,20081029,000000,47.13,47.13,47.13,47.13,0,0
SKN_MV,D,20081030,000000,49.82,49.82,49.82,49.82,0,0
SKN_MV,D,20081113,000000,39.86,45.65,39.86,45.65,0,0
SKN_MV,D,20081120,000000,50.16,50.16,50.16,50.16,0,0
SKN_MV,D,20081124,000000,49.76,49.76,40.13,47.13,0,0
SKN_MV,D,20081125,000000,47.13,47.13,47.13,47.13,0,0
SKN_MV,D,20081201,000000,47.13,47.13,37.7,47.13,0,0
SKN_MV,D,20081202,000000,37.7,37.7,37.7,37.7,0,0
SKN_MV,D,20081203,000000,40.39,40.4,40.39,40.4,0,0
SKN_MV,D,20081216,000000,40.4,47.13,40.4,47.13,0,0
SKN_MV,D,20081217,000000,38.04,38.04,33.66,33.67,0,0
SKN_MV,D,20081218,000000,32.46,47.14,32.32,45.65,0,0
SKN_MV,D,20081219,000000,46.73,46.73,33.67,33.67,0,0
SKN_MV,D,20081222,000000,33.74,40.4,29.97,40.4,0,0
SKN_MV,D,20081223,000000,32.99,37.37,32.99,37.37,0,0
SKN_MV,D,20081231,000000,40.33,48.41,40.33,48.41,0,0
SKN_MV,D,20090105,000000,43.43,43.43,38.78,38.78,0,0
SKN_MV,D,20090112,000000,33.73,34,31.04,31.38,0,0
SKN_MV,D,20090113,000000,33.67,33.67,31.38,31.44,0,0
SKN_MV,D,20090114,000000,31.57,31.58,31.57,31.58,0,0
SKN_MV,D,20090119,000000,31.78,31.78,31.78,31.78,0,0
SKN_MV,D,20090128,000000,25.45,31.78,25.45,31.78,0,0
SKN_MV,D,20090129,000000,31.65,31.65,31.65,31.65,0,0
SKN_MV,D,20090204,000000,25.32,25.32,25.32,25.32,0,0
SKN_MV,D,20090205,000000,29.63,29.63,29.63,29.63,0,0
SKN_MV,D,20090211,000000,27.95,27.95,27.94,27.94,0,0
SKN_MV,D,20090216,000000,28.28,28.28,28.28,28.28,0,0
SKN_MV,D,20090303,000000,26.26,26.26,26.26,26.26,0,0
SKN_MV,D,20090304,000000,23.57,23.57,23.57,23.57,0,0
SKN_MV,D,20090311,000000,26.74,26.8,24.24,24.24,0,0
SKN_MV,D,20090324,000000,24.37,24.37,23.43,23.43,0,0
SKN_MV,D,20090326,000000,19.52,26.12,19.52,26.12,0,0
SKN_MV,D,20090402,000000,20.94,20.94,15.89,15.89,0,0
SKN_MV,D,20090403,000000,15.22,18.79,13.47,13.47,0,0
SKN_MV,D,20090406,000000,14.81,14.81,13.47,14.14,0,0
SKN_MV,D,20090407,000000,14.14,14.14,13.47,14.14,0,0
SKN_MV,D,20090408,000000,15.35,15.49,14.27,14.27,0,0
SKN_MV,D,20090409,000000,14.21,17.1,14.21,17.1,0,0
SKN_MV,D,20090414,000000,17.37,19.59,17.37,19.39,0,0
SKN_MV,D,20090415,000000,19.12,19.26,18.52,19.26,0,0
SKN_MV,D,20090416,000000,19.53,20.87,19.53,20.87,0,0
SKN_MV,D,20090417,000000,23.5,23.5,19.53,22.89,0,0
SKN_MV,D,20090427,000000,19.53,21.88,19.53,19.53,0,0
SKN_MV,D,20090428,000000,18.18,21.48,18.18,21.48,0,0
SKN_MV,D,20090430,000000,17.57,21.14,17.51,21.14,0,0
SKN_MV,D,20090504,000000,20.8,20.87,18.31,20.87,0,0
SKN_MV,D,20090514,000000,20.87,20.94,20.87,20.94,0,0
SKN_MV,D,20090515,000000,20.87,21.01,20.87,21.01,0,0
SKN_MV,D,20090518,000000,20.94,23.16,16.83,21.75,0,0
SKN_MV,D,20090519,000000,21.34,21.34,21.34,21.34,0,0
SKN_MV,D,20090520,000000,20.8,20.8,20.8,20.8,0,0
SKN_MV,D,20090525,000000,20.74,20.74,20.2,20.2,0,0
SKN_MV,D,20090526,000000,20.13,20.13,20.13,20.13,0,0
SKN_MV,D,20090527,000000,18.92,18.92,16.16,16.7,0,0
SKN_MV,D,20090528,000000,15.15,15.15,15.15,15.15,0,0
SKN_MV,D,20090601,000000,15.22,15.22,15.22,15.22,0,0
SKN_MV,D,20090602,000000,16.83,16.83,15.35,16.83,0,0
SKN_MV,D,20090603,000000,15.35,16.83,15.35,16.83,0,0
SKN_MV,D,20090604,000000,15.15,15.15,14.81,14.81,0,0
SKN_MV,D,20090605,000000,14.68,15.49,14.48,15.49,0,0
SKN_MV,D,20090608,000000,14.27,15.49,13.6,15.49,0,0
SKN_MV,D,20090609,000000,15.49,15.49,15.49,15.49,0,0
SKN_MV,D,20090610,000000,16.5,16.5,16.5,16.5,0,0
SKN_MV,D,20090612,000000,16.7,16.7,16.7,16.7,0,0
SKN_MV,D,20090616,000000,16.77,20,16.77,20,0,0
SKN_MV,D,20090617,000000,20.74,20.74,19.46,19.46,0,0
SKN_MV,D,20090618,000000,18.04,20.4,18.04,20.4,0,0
SKN_MV,D,20090619,000000,20.47,20.47,20.47,20.47,0,0
SKN_MV,D,20090623,000000,16.9,18.52,16.83,18.52,0,0
SKN_MV,D,20090629,000000,18.52,21.55,18.52,21.55,0,0
SKN_MV,D,20090630,000000,20.8,26.06,19.19,19.19,0,0
SKN_MV,D,20090701,000000,18.99,22.15,16.9,17.64,0,0
SKN_MV,D,20090702,000000,20.6,20.6,20.6,20.6,0,0
SKN_MV,D,20090706,000000,20.2,20.2,20.2,20.2,0,0
SKN_MV,D,20090707,000000,20.2,20.2,20.2,20.2,0,0
SKN_MV,D,20090710,000000,17.51,19.86,16.83,19.86,0,0
SKN_MV,D,20090716,000000,19.93,20.2,19.93,20.2,0,0
SKN_MV,D,20090717,000000,20.2,20.2,20.2,20.2,0,0
SKN_MV,D,20090721,000000,18.79,18.85,18.79,18.85,0,0
SKN_MV,D,20090723,000000,18.85,18.85,18.85,18.85,0,0
SKN_MV,D,20090724,000000,20.13,20.2,20.13,20.2,0,0
SKN_MV,D,20090727,000000,20.13,20.2,20.13,20.2,0,0
SKN_MV,D,20090728,000000,22.08,22.08,19.53,19.86,0,0
SKN_MV,D,20090729,000000,19.86,19.86,19.8,19.8,0,0
SKN_MV,D,20090730,000000,19.8,19.86,19.8,19.86,0,0
SKN_MV,D,20090806,000000,17.24,19.8,17.24,19.8,0,0
SKN_MV,D,20090810,000000,19.53,19.86,16.9,19.53,0,0
SKN_MV,D,20090811,000000,19.46,20.2,19.46,20.2,0,0
SKN_MV,D,20090812,000000,20.2,20.2,20.2,20.2,0,0
SKN_MV,D,20090813,000000,20.2,21.41,20.2,21.41,0,0
SKN_MV,D,20090820,000000,18.85,18.85,18.85,18.85,0,0
SKN_MV,D,20090821,000000,18.85,18.85,18.85,18.85,0,0
SKN_MV,D,20090824,000000,21.01,21.48,21.01,21.48,0,0
SKN_MV,D,20090826,000000,20.2,20.2,20.2,20.2,0,0
SKN_MV,D,20090831,000000,19.86,19.86,19.86,19.86,0,0
SKN_MV,D,20090901,000000,20.13,20.13,20.13,20.13,0,0
SKN_MV,D,20090907,000000,19.59,19.59,19.53,19.53,0,0
SKN_MV,D,20090910,000000,19.53,19.53,19.53,19.53,0,0
SKN_MV,D,20090911,000000,19.53,19.53,18.85,18.85,0,0
SKN_MV,D,20090914,000000,18.85,18.85,18.85,18.85,0,0
SKN_MV,D,20091006,000000,18.45,18.85,18.45,18.85,0,0
SKN_MV,D,20091007,000000,18.85,18.85,18.85,18.85,0,0
SKN_MV,D,20091014,000000,18.85,18.85,17.44,18.52,0,0
SKN_MV,D,20091016,000000,18.52,18.52,18.52,18.52,0,0
SKN_MV,D,20091021,000000,18.18,18.18,18.18,18.18,0,0
SKN_MV,D,20091027,000000,18.18,18.18,18.18,18.18,0,0
SKN_MV,D,20091105,000000,19.26,23.5,19.26,23.5,0,0
SKN_MV,D,20091106,000000,21.55,24.17,18.85,18.85,0,0
SKN_MV,D,20091109,000000,22.62,22.82,22.62,22.76,0,0
SKN_MV,D,20091112,000000,18.92,22.35,18.92,22.35,0,0
SKN_MV,D,20091113,000000,22.22,22.22,20.2,20.2,0,0
SKN_MV,D,20091116,000000,22.08,22.08,19.53,20.2,0,0
SKN_MV,D,20091117,000000,20.87,20.87,20.2,20.2,0,0
SKN_MV,D,20091124,000000,20.2,20.2,19.86,19.86,0,0
SKN_MV,D,20091127,000000,20.54,20.54,20.54,20.54,0,0
SKN_MV,D,20091130,000000,20.47,20.54,20.47,20.54,0,0
SKN_MV,D,20091202,000000,21.01,21.01,16.9,20.2,0,0
SKN_MV,D,20091203,000000,17.24,20.13,17.24,20.13,0,0
SKN_MV,D,20091204,000000,17.51,17.51,17.51,17.51,0,0
SKN_MV,D,20091207,000000,18.85,18.85,18.18,18.18,0,0
SKN_MV,D,20091208,000000,17.71,17.71,17.71,17.71,0,0
SKN_MV,D,20091209,000000,17.64,17.64,17.64,17.64,0,0
SKN_MV,D,20091211,000000,17.64,17.64,17.44,17.44,0,0
SKN_MV,D,20091215,000000,17.78,17.78,17.78,17.78,0,0
SKN_MV,D,20091216,000000,17.37,17.37,17.37,17.37,0,0
SKN_MV,D,20091217,000000,15.49,16.77,14,16.77,0,0
SKN_MV,D,20091218,000000,15.42,15.49,14.54,14.54,0,0
SKN_MV,D,20091221,000000,16.83,16.83,16.83,16.83,0,0
SKN_MV,D,20091223,000000,14.14,17.44,14.14,17.44,0,0
SKN_MV,D,20091228,000000,16.83,17.44,14.48,17.44,0,0
SKN_MV,D,20091229,000000,16.83,16.83,16.83,16.83,0,0
SKN_MV,D,20091230,000000,14.54,15.42,13.6,14.81,0,0
SKN_MV,D,20091231,000000,14.75,15.15,14.75,15.15,0,0
SKN_MV,D,20100104,000000,15.49,15.49,15.49,15.49,0,0
SKN_MV,D,20100105,000000,15.49,15.49,15.49,15.49,0,0
SKN_MV,D,20100106,000000,13.6,13.6,13.6,13.6,0,0
SKN_MV,D,20100107,000000,13.8,14.61,13.8,14.61,0,0
SKN_MV,D,20100108,000000,14.27,14.27,13.53,13.53,0,0
SKN_MV,D,20100111,000000,13.53,13.53,13.47,13.47,0,0
SKN_MV,D,20100112,000000,13.47,13.47,13.47,13.47,0,0
SKN_MV,D,20100115,000000,14.27,14.27,14.27,14.27,0,0
SKN_MV,D,20100118,000000,14.27,16.63,14.27,15.69,0,0
SKN_MV,D,20100119,000000,15.22,18.25,14.68,17.98,0,0
SKN_MV,D,20100120,000000,19.05,19.73,16.7,18.38,0,0
SKN_MV,D,20100121,000000,18.38,18.38,18.38,18.38,0,0
SKN_MV,D,20100122,000000,16.83,17.3,16.83,17.3,0,0
SKN_MV,D,20100125,000000,17.98,17.98,17.98,17.98,0,0
SKN_MV,D,20100126,000000,16.16,17.84,16.16,17.84,0,0
SKN_MV,D,20100127,000000,15.01,16.16,14.68,15.69,0,0
SKN_MV,D,20100128,000000,17.57,17.57,15.15,16.9,0,0
SKN_MV,D,20100129,000000,15.82,16.77,15.22,16.63,0,0
SKN_MV,D,20100201,000000,16.5,16.56,14,15.69,0,0
SKN_MV,D,20100202,000000,15.49,16.29,14.34,15.69,0,0
SKN_MV,D,20100203,000000,14.61,15.42,14.61,14.68,0,0
SKN_MV,D,20100204,000000,14.75,16.16,14.75,16.16,0,0
SKN_MV,D,20100205,000000,14.48,15.89,14.41,15.89,0,0
SKN_MV,D,20100208,000000,14.95,15.82,14.95,15.82,0,0
SKN_MV,D,20100209,000000,15.15,15.62,15.15,15.62,0,0
SKN_MV,D,20100210,000000,15.82,15.82,15.55,15.62,0,0
SKN_MV,D,20100211,000000,15.76,16.02,15.76,16.02,0,0
SKN_MV,D,20100212,000000,15.89,16.29,15.82,15.82,0,0
SKN_MV,D,20100215,000000,16.29,16.29,16.29,16.29,0,0
SKN_MV,D,20100216,000000,16.36,16.36,16.36,16.36,0,0
SKN_MV,D,20100217,000000,16.09,16.43,15.49,15.49,0,0
SKN_MV,D,20100218,000000,16.16,16.16,13.47,13.47,0,0
SKN_MV,D,20100219,000000,14,16.02,14,16.02,0,0
SKN_MV,D,20100222,000000,15.35,15.76,15.35,15.76,0,0
SKN_MV,D,20100223,000000,14.14,15.42,13.47,15.42,0,0
SKN_MV,D,20100224,000000,14.34,15.35,14.34,15.35,0,0
SKN_MV,D,20100225,000000,14.07,15.01,14.07,15.01,0,0
SKN_MV,D,20100301,000000,15.01,15.15,15.01,15.15,0,0
SKN_MV,D,20100302,000000,15.15,15.15,15.15,15.15,0,0
SKN_MV,D,20100303,000000,15.15,15.15,15.15,15.15,0,0
SKN_MV,D,20100304,000000,15.15,15.49,15.15,15.49,0,0
SKN_MV,D,20100305,000000,14.41,15.42,13.87,15.35,0,0
SKN_MV,D,20100308,000000,14.48,15.15,14.48,15.15,0,0
SKN_MV,D,20100309,000000,14.14,14.81,14.14,14.81,0,0
SKN_MV,D,20100310,000000,14.07,14.81,13.8,14.81,0,0
SKN_MV,D,20100311,000000,13.87,14.41,13.8,14.41,0,0
SKN_MV,D,20100312,000000,13.8,13.87,13.74,13.87,0,0
SKN_MV,D,20100315,000000,14.34,14.41,14.34,14.41,0,0
SKN_MV,D,20100316,000000,13.87,13.87,13.87,13.87,0,0
SKN_MV,D,20100317,000000,13.94,14.14,13.47,14.14,0,0
SKN_MV,D,20100319,000000,13.8,13.8,13.47,13.47,0,0
SKN_MV,D,20100322,000000,13.6,14.07,13.47,14.07,0,0
SKN_MV,D,20100323,000000,14.14,14.14,14.14,14.14,0,0
SKN_MV,D,20100324,000000,14,14,14,14,0,0
SKN_MV,D,20100325,000000,14.07,14.07,13.8,13.8,0,0
SKN_MV,D,20100326,000000,13.87,13.87,13.87,13.87,0,0
SKN_MV,D,20100329,000000,13.87,14.54,13.87,14.54,0,0
SKN_MV,D,20100330,000000,14.61,15.08,14.61,15.08,0,0
SKN_MV,D,20100401,000000,13.87,13.94,13.87,13.94,0,0
SKN_MV,D,20100406,000000,13.87,13.94,13.87,13.94,0,0
SKN_MV,D,20100408,000000,14,14,14,14,0,0
SKN_MV,D,20100409,000000,14,14,14,14,0,0
SKN_MV,D,20100413,000000,14,14.07,13.47,13.47,0,0
SKN_MV,D,20100414,000000,13.47,13.47,13.47,13.47,0,0
SKN_MV,D,20100415,000000,13.47,13.47,12.79,12.79,0,0
SKN_MV,D,20100416,000000,12.99,13.4,12.79,13.4,0,0
SKN_MV,D,20100419,000000,13.47,13.47,13.47,13.47,0,0
SKN_MV,D,20100420,000000,13.33,13.47,13.33,13.47,0,0
SKN_MV,D,20100421,000000,13.47,13.47,12.99,12.99,0,0
SKN_MV,D,20100422,000000,13.4,13.4,13.4,13.4,0,0
SKN_MV,D,20100423,000000,13.33,13.33,12.79,12.79,0,0
SKN_MV,D,20100426,000000,12.86,13.13,12.46,13.13,0,0
SKN_MV,D,20100429,000000,13.06,13.06,13.06,13.06,0,0
SKN_MV,D,20100430,000000,13.06,13.06,13.06,13.06,0,0
SKN_MV,D,20100505,000000,12.52,12.52,12.46,12.46,0,0
SKN_MV,D,20100506,000000,12.19,13.13,12.12,13.13,0,0
SKN_MV,D,20100507,000000,12.25,12.93,12.25,12.93,0,0
SKN_MV,D,20100512,000000,12.46,12.46,12.19,12.19,0,0
SKN_MV,D,20100513,000000,12.99,12.99,12.99,12.99,0,0
SKN_MV,D,20100517,000000,12.19,12.19,12.12,12.12,0,0
SKN_MV,D,20100518,000000,12.93,12.93,12.12,12.12,0,0
SKN_MV,D,20100519,000000,12.12,12.12,10.84,10.84,0,0
SKN_MV,D,20100520,000000,12.05,12.05,12.05,12.05,0,0
SKN_MV,D,20100521,000000,10.77,10.77,10.77,10.77,0,0
SKN_MV,D,20100524,000000,12.59,12.59,10.77,10.77,0,0
SKN_MV,D,20100525,000000,10.77,10.77,10.17,10.5,0,0
SKN_MV,D,20100526,000000,10.57,11.24,10.57,11.24,0,0
SKN_MV,D,20100527,000000,11.31,12.46,11.31,11.38,0,0
SKN_MV,D,20100528,000000,11.58,11.58,11.58,11.58,0,0
SKN_MV,D,20100601,000000,11.65,11.65,11.65,11.65,0,0
SKN_MV,D,20100602,000000,11.51,11.51,11.51,11.51,0,0
SKN_MV,D,20100604,000000,11.11,11.18,9.43,10.1,0,0
SKN_MV,D,20100607,000000,10.71,10.71,10.44,10.44,0,0
SKN_MV,D,20100609,000000,11.11,11.11,11.11,11.11,0,0
SKN_MV,D,20100610,000000,10.77,10.77,10.77,10.77,0,0
SKN_MV,D,20100611,000000,10.71,12.19,10.71,12.19,0,0
SKN_MV,D,20100614,000000,12.12,12.12,12.12,12.12,0,0
SKN_MV,D,20100617,000000,10.91,10.91,10.91,10.91,0,0
SKN_MV,D,20100623,000000,10.77,10.77,10.77,10.77,0,0
SKN_MV,D,20100624,000000,10.44,10.44,10.23,10.23,0,0
SKN_MV,D,20100625,000000,10.84,10.97,10.84,10.97,0,0
SKN_MV,D,20100628,000000,10.23,10.23,10.23,10.23,0,0
SKN_MV,D,20100702,000000,10.23,10.23,8.21,8.95,0,0
SKN_MV,D,20100708,000000,9.43,9.43,9.43,9.43,0,0
SKN_MV,D,20100712,000000,9.49,9.49,9.02,9.02,0,0
SKN_MV,D,20100713,000000,9.02,9.02,9.02,9.02,0,0
SKN_MV,D,20100715,000000,7.74,8.95,7.74,8.95,0,0
SKN_MV,D,20100719,000000,9.02,9.02,9.02,9.02,0,0
SKN_MV,D,20100720,000000,9.02,9.02,9.02,9.02,0,0
SKN_MV,D,20100721,000000,9.02,9.83,7.81,9.56,0,0
SKN_MV,D,20100722,000000,7.88,9.49,7.81,9.49,0,0
SKN_MV,D,20100723,000000,8.42,9.7,8.01,8.01,0,0
SKN_MV,D,20100726,000000,9.56,9.56,9.56,9.56,0,0
SKN_MV,D,20100727,000000,8.08,8.08,8.08,8.08,0,0
SKN_MV,D,20100730,000000,9.7,9.7,9.7,9.7,0,0
SKN_MV,D,20100802,000000,8.08,8.08,8.08,8.08,0,0
SKN_MV,D,20100803,000000,8.08,8.75,7.81,8.08,0,0
SKN_MV,D,20100804,000000,8.62,8.62,8.42,8.48,0,0
SKN_MV,D,20100805,000000,8.48,8.89,8.48,8.89,0,0
SKN_MV,D,20100806,000000,8.82,8.89,7.88,7.88,0,0
SKN_MV,D,20100809,000000,8.42,9.43,8.42,9.43,0,0
SKN_MV,D,20100813,000000,9.22,9.22,9.22,9.22,0,0
SKN_MV,D,20100819,000000,8.08,8.08,8.08,8.08,0,0
SKN_MV,D,20100825,000000,8.35,8.42,8.35,8.42,0,0
SKN_MV,D,20100826,000000,8.42,9.43,6.8,6.8,0,0
SKN_MV,D,20100827,000000,8.01,8.15,8.01,8.15,0,0
SKN_MV,D,20100830,000000,7.41,7.41,7.41,7.41,0,0
SKN_MV,D,20100901,000000,7.74,7.74,7.74,7.74,0,0
SKN_MV,D,20100906,000000,7.94,7.94,7.94,7.94,0,0
SKN_MV,D,20100907,000000,8.75,9.02,8.75,8.89,0,0
SKN_MV,D,20100908,000000,8.89,8.95,8.89,8.95,0,0
SKN_MV,D,20100914,000000,8.95,8.95,8.95,8.95,0,0
SKN_MV,D,20100916,000000,8.21,8.95,8.21,8.95,0,0
SKN_MV,D,20100921,000000,8.28,8.28,8.28,8.28,0,0
SKN_MV,D,20100922,000000,8.42,8.42,8.42,8.42,0,0
SKN_MV,D,20100927,000000,8.42,8.48,6.73,7.68,0,0
SKN_MV,D,20100928,000000,7.47,8.15,7.41,7.41,0,0
SKN_MV,D,20100929,000000,7.47,7.88,7.2,7.88,0,0
SKN_MV,D,20101005,000000,7.2,7.2,7.2,7.2,0,0
SKN_MV,D,20101006,000000,7.27,7.27,7.2,7.2,0,0
SKN_MV,D,20101007,000000,7.27,7.27,7.27,7.27,0,0
SKN_MV,D,20101008,000000,7.41,7.41,7.41,7.41,0,0
SKN_MV,D,20101011,000000,7.94,8.01,7.88,7.88,0,0
SKN_MV,D,20101012,000000,7.88,7.88,7.41,7.41,0,0
SKN_MV,D,20101013,000000,7.74,7.74,7.34,7.34,0,0
SKN_MV,D,20101014,000000,7.54,7.61,7.34,7.34,0,0
SKN_MV,D,20101018,000000,7.41,7.41,7.34,7.34,0,0
SKN_MV,D,20101019,000000,7.41,7.41,7.41,7.41,0,0
SKN_MV,D,20101020,000000,7.34,7.54,7.34,7.54,0,0
SKN_MV,D,20101021,000000,7.34,7.34,7.34,7.34,0,0
SKN_MV,D,20101022,000000,7.07,7.07,6.73,6.87,0,0
SKN_MV,D,20101025,000000,6.93,6.93,6.87,6.87,0,0
SKN_MV,D,20101027,000000,7.27,7.54,7.27,7.54,0,0
SKN_MV,D,20101029,000000,7.07,7.2,6.73,7.2,0,0
SKN_MV,D,20101102,000000,6.6,6.6,6.6,6.6,0,0
SKN_MV,D,20101103,000000,7.07,7.07,6.67,6.93,0,0
SKN_MV,D,20101104,000000,6.67,6.67,6.4,6.4,0,0
SKN_MV,D,20101105,000000,6.4,6.53,6.19,6.19,0,0
SKN_MV,D,20101108,000000,6.4,6.4,6.33,6.33,0,0
SKN_MV,D,20101109,000000,6.53,6.53,6.26,6.26,0,0
SKN_MV,D,20101110,000000,6.26,6.93,6.19,6.73,0,0
SKN_MV,D,20101112,000000,6.73,6.73,6.26,6.67,0,0
SKN_MV,D,20101115,000000,6.46,6.46,6.06,6.06,0,0
SKN_MV,D,20101116,000000,6.13,6.13,5.72,5.72,0,0
SKN_MV,D,20101117,000000,5.72,5.72,4.78,5.66,0,0
SKN_MV,D,20101118,000000,5.45,5.45,5.25,5.25,0,0
SKN_MV,D,20101119,000000,5.18,5.66,5.18,5.45,0,0
SKN_MV,D,20101122,000000,5.86,6.33,5.66,6.33,0,0
SKN_MV,D,20101123,000000,6.06,6.06,5.79,6.06,0,0
SKN_MV,D,20101124,000000,6.06,6.06,5.99,5.99,0,0
SKN_MV,D,20101125,000000,5.99,5.99,5.93,5.93,0,0
SKN_MV,D,20101126,000000,5.93,6.19,5.93,6.19,0,0
SKN_MV,D,20101129,000000,6.19,6.19,6.19,6.19,0,0
SKN_MV,D,20101130,000000,5.86,5.86,5.79,5.79,0,0
SKN_MV,D,20101202,000000,5.72,5.72,5.72,5.72,0,0
SKN_MV,D,20101203,000000,5.72,5.72,5.39,5.72,0,0
SKN_MV,D,20101206,000000,5.72,5.72,5.39,5.39,0,0
SKN_MV,D,20101207,000000,5.25,5.25,4.98,4.98,0,0
SKN_MV,D,20101208,000000,5.05,5.39,5.05,5.39,0,0
SKN_MV,D,20101209,000000,5.39,5.39,5.32,5.32,0,0
SKN_MV,D,20101210,000000,5.05,5.32,5.05,5.32,0,0
SKN_MV,D,20101213,000000,5.05,5.32,5.05,5.25,0,0
SKN_MV,D,20101214,000000,5.12,5.39,5.05,5.05,0,0
SKN_MV,D,20101215,000000,5.05,5.05,4.65,5.05,0,0
SKN_MV,D,20101216,000000,5.05,5.05,4.78,5.05,0,0
SKN_MV,D,20101217,000000,4.98,4.98,4.85,4.85,0,0
SKN_MV,D,20101220,000000,4.85,4.85,4.85,4.85,0,0
SKN_MV,D,20101221,000000,4.85,4.85,4.51,4.71,0,0
SKN_MV,D,20101222,000000,4.51,4.85,4.44,4.85,0,0
SKN_MV,D,20101223,000000,4.78,5.66,4.78,5.66,0,0
SKN_MV,D,20101227,000000,5.25,5.25,4.71,5.25,0,0
SKN_MV,D,20101228,000000,5.18,5.18,4.71,4.78,0,0
SKN_MV,D,20101229,000000,4.78,5.05,4.78,5.05,0,0
SKN_MV,D,20101230,000000,4.85,5.45,4.85,5.12,0,0
SKN_MV,D,20101231,000000,5.18,5.25,5.12,5.12,0,0
SKN_MV,D,20110103,000000,5.18,5.39,5.05,5.25,0,0
SKN_MV,D,20110104,000000,5.59,5.86,5.52,5.86,0,0
SKN_MV,D,20110105,000000,5.52,5.52,5.39,5.39,0,0
SKN_MV,D,20110107,000000,5.59,5.59,5.59,5.59,0,0
SKN_MV,D,20110110,000000,5.66,5.86,5.66,5.86,0,0
SKN_MV,D,20110111,000000,5.79,5.79,5.39,5.39,0,0
SKN_MV,D,20110112,000000,5.59,6.06,5.59,6.06,0,0
SKN_MV,D,20110113,000000,5.93,7.34,5.93,7.34,0,0
SKN_MV,D,20110114,000000,7.41,8.35,6.87,7,0,0
SKN_MV,D,20110117,000000,7.14,7.94,7.14,7.41,0,0
SKN_MV,D,20110118,000000,7.54,7.54,7.54,7.54,0,0
SKN_MV,D,20110119,000000,7.14,7.14,6.67,7,0,0
SKN_MV,D,20110120,000000,6.67,6.67,6.13,6.13,0,0
SKN_MV,D,20110121,000000,6.13,6.73,6.13,6.73,0,0
SKN_MV,D,20110124,000000,6.73,6.73,6.19,6.73,0,0
SKN_MV,D,20110125,000000,6.4,6.53,6.26,6.53,0,0
SKN_MV,D,20110126,000000,6.13,6.46,6.13,6.46,0,0
SKN_MV,D,20110127,000000,6.33,6.4,6.33,6.4,0,0
SKN_MV,D,20110128,000000,6.13,6.13,6.13,6.13,0,0
SKN_MV,D,20110131,000000,6.46,6.46,6.46,6.46,0,0
SKN_MV,D,20110201,000000,6.19,7.2,6.06,7.2,0,0
SKN_MV,D,20110202,000000,6.67,7.27,6.67,7.14,0,0
SKN_MV,D,20110204,000000,7.14,7.14,7.14,7.14,0,0
SKN_MV,D,20110207,000000,7.14,7.2,7.14,7.2,0,0
SKN_MV,D,20110208,000000,6.87,7.14,6.87,7.14,0,0
SKN_MV,D,20110211,000000,6.87,7.07,6.73,7.07,0,0
SKN_MV,D,20110214,000000,6.73,6.73,6.4,6.4,0,0
SKN_MV,D,20110215,000000,6.26,6.6,6.13,6.4,0,0
SKN_MV,D,20110216,000000,6.26,6.33,6.06,6.33,0,0
SKN_MV,D,20110217,000000,6.06,6.13,6.06,6.13,0,0
SKN_MV,D,20110218,000000,6.06,6.06,5.72,5.72,0,0
SKN_MV,D,20110221,000000,5.72,5.86,5.59,5.86,0,0
SKN_MV,D,20110223,000000,5.45,5.72,5.12,5.59,0,0
SKN_MV,D,20110224,000000,5.32,5.32,5.18,5.18,0,0
SKN_MV,D,20110225,000000,5.18,5.18,4.85,5.18,0,0
SKN_MV,D,20110228,000000,4.98,5.66,4.98,5.66,0,0
SKN_MV,D,20110301,000000,5.59,5.86,5.45,5.86,0,0
SKN_MV,D,20110302,000000,5.59,5.99,5.59,5.99,0,0
SKN_MV,D,20110303,000000,5.99,6.26,5.99,5.99,0,0
SKN_MV,D,20110307,000000,5.86,5.86,5.45,5.45,0,0
SKN_MV,D,20110308,000000,5.45,5.45,5.45,5.45,0,0
SKN_MV,D,20110311,000000,5.45,5.45,5.25,5.25,0,0
SKN_MV,D,20110314,000000,5.25,5.52,5.18,5.18,0,0
SKN_MV,D,20110315,000000,5.12,5.32,4.98,5.32,0,0
SKN_MV,D,20110317,000000,5.32,5.32,5.32,5.32,0,0
SKN_MV,D,20110324,000000,5.18,5.52,5.18,5.52,0,0
SKN_MV,D,20110325,000000,5.12,5.72,5.12,5.72,0,0
SKN_MV,D,20110405,000000,5.66,5.66,5.66,5.66,0,0
SKN_MV,D,20110408,000000,5.25,5.39,5.12,5.39,0,0
SKN_MV,D,20110412,000000,5.12,5.12,4.44,4.71,0,0
SKN_MV,D,20110413,000000,4.65,4.78,4.65,4.78,0,0
SKN_MV,D,20110414,000000,4.92,5.18,4.78,4.78,0,0
SKN_MV,D,20110415,000000,4.98,5.18,4.98,5.18,0,0
SKN_MV,D,20110419,000000,5.12,5.12,5.12,5.12,0,0
SKN_MV,D,20110420,000000,4.92,4.92,4.78,4.78,0,0
SKN_MV,D,20110421,000000,4.78,4.78,4.78,4.78,0,0
SKN_MV,D,20110426,000000,4.98,5.18,4.98,5.18,0,0
SKN_MV,D,20110427,000000,4.92,5.25,4.92,5.25,0,0
SKN_MV,D,20110428,000000,5.32,5.32,5.18,5.18,0,0
SKN_MV,D,20110504,000000,5.18,7.41,5.18,6.67,0,0
SKN_MV,D,20110505,000000,6.73,7,6.33,6.67,0,0
SKN_MV,D,20110506,000000,6.33,8.55,6.19,8.55,0,0
SKN_MV,D,20110509,000000,9.36,12.05,7.88,7.88,0,0
SKN_MV,D,20110510,000000,8.01,8.42,7,7.68,0,0
SKN_MV,D,20110511,000000,7.2,8.08,6.73,7.27,0,0
SKN_MV,D,20110512,000000,6.93,7.27,6.33,6.8,0,0
SKN_MV,D,20110513,000000,6.4,7.41,6.19,7.41,0,0
SKN_MV,D,20110516,000000,7.07,7.2,6.13,6.73,0,0
SKN_MV,D,20110517,000000,6.53,6.53,6.06,6.4,0,0
SKN_MV,D,20110518,000000,6.06,6.87,6.06,6.6,0,0
SKN_MV,D,20110519,000000,6.73,6.93,5.99,6.26,0,0
SKN_MV,D,20110520,000000,6.33,6.33,6.19,6.26,0,0
SKN_MV,D,20110523,000000,5.99,6.67,5.93,6.4,0,0
SKN_MV,D,20110524,000000,6.73,6.93,6.26,6.53,0,0
SKN_MV,D,20110525,000000,6.26,6.33,6.19,6.33,0,0
SKN_MV,D,20110526,000000,6.4,6.4,5.39,5.86,0,0
SKN_MV,D,20110527,000000,5.52,5.72,5.39,5.45,0,0
SKN_MV,D,20110530,000000,5.66,5.86,5.52,5.66,0,0
SKN_MV,D,20110531,000000,5.79,6.6,5.59,6.4,0,0
SKN_MV,D,20110601,000000,6.06,6.26,5.52,5.66,0,0
SKN_MV,D,20110602,000000,5.66,7.41,5.39,6.8,0,0
SKN_MV,D,20110603,000000,6.73,7.07,5.93,6.26,0,0
SKN_MV,D,20110606,000000,5.93,6.6,5.93,6.46,0,0
SKN_MV,D,20110607,000000,6.19,6.26,6.06,6.26,0,0
SKN_MV,D,20110608,000000,5.99,5.99,5.93,5.93,0,0
SKN_MV,D,20110609,000000,6.19,6.19,5.72,5.72,0,0
SKN_MV,D,20110610,000000,5.93,6.06,5.86,6.06,0,0
SKN_MV,D,20110613,000000,5.72,5.99,5.72,5.99,0,0
SKN_MV,D,20110614,000000,5.72,6.06,5.72,6.06,0,0
SKN_MV,D,20110615,000000,6.06,6.19,6.06,6.19,0,0
SKN_MV,D,20110616,000000,5.93,5.93,5.79,5.79,0,0
SKN_MV,D,20110617,000000,5.99,6.26,5.99,6.19,0,0
SKN_MV,D,20110620,000000,6.33,6.33,5.59,5.72,0,0
SKN_MV,D,20110621,000000,5.45,5.66,5.45,5.45,0,0
SKN_MV,D,20110622,000000,5.45,5.45,5.39,5.45,0,0
SKN_MV,D,20110624,000000,5.66,5.66,5.66,5.66,0,0
SKN_MV,D,20110627,000000,5.45,5.45,5.12,5.12,0,0
SKN_MV,D,20110628,000000,5.05,5.45,5.05,5.45,0,0
SKN_MV,D,20110701,000000,5.18,5.59,5.18,5.59,0,0
SKN_MV,D,20110704,000000,5.32,5.32,5.18,5.32,0,0
SKN_MV,D,20110705,000000,5.12,5.39,5.05,5.39,0,0
SKN_MV,D,20110706,000000,5.05,5.05,4.98,5.05,0,0
SKN_MV,D,20110708,000000,5.32,5.39,5.18,5.18,0,0
SKN_MV,D,20110711,000000,5.32,5.39,5.32,5.39,0,0
SKN_MV,D,20110713,000000,5.05,5.05,4.98,4.98,0,0
SKN_MV,D,20110714,000000,5.05,5.32,4.92,5.32,0,0
SKN_MV,D,20110715,000000,5.32,5.45,5.32,5.45,0,0
SKN_MV,D,20110718,000000,5.12,5.25,4.92,5.25,0,0
SKN_MV,D,20110719,000000,5.25,5.25,4.85,4.85,0,0
SKN_MV,D,20110720,000000,4.85,5.25,4.78,4.85,0,0
SKN_MV,D,20110721,000000,5.12,5.12,5.12,5.12,0,0
SKN_MV,D,20110722,000000,4.85,4.85,4.85,4.85,0,0
SKN_MV,D,20110725,000000,4.85,5.12,4.71,5.05,0,0
SKN_MV,D,20110726,000000,5.05,5.05,5.05,5.05,0,0
SKN_MV,D,20110727,000000,4.65,4.92,4.65,4.92,0,0
SKN_MV,D,20110728,000000,4.92,4.98,4.92,4.98,0,0
SKN_MV,D,20110729,000000,4.98,4.98,4.71,4.98,0,0
SKN_MV,D,20110801,000000,4.85,4.98,4.71,4.98,0,0
SKN_MV,D,20110804,000000,4.71,4.71,4.24,4.24,0,0
SKN_MV,D,20110805,000000,4.65,4.65,4.38,4.38,0,0
SKN_MV,D,20110808,000000,4.38,4.65,4.38,4.58,0,0
SKN_MV,D,20110809,000000,4.38,4.38,3.77,4.17,0,0
SKN_MV,D,20110810,000000,4.31,4.65,4.31,4.65,0,0
SKN_MV,D,20110811,000000,4.65,4.65,4.11,4.38,0,0
SKN_MV,D,20110812,000000,4.38,4.78,4.38,4.58,0,0
SKN_MV,D,20110817,000000,4.38,4.38,3.91,4.38,0,0
SKN_MV,D,20110818,000000,4.11,4.11,4.11,4.11,0,0
SKN_MV,D,20110819,000000,4.38,4.38,4.38,4.38,0,0
SKN_MV,D,20110822,000000,4.04,4.04,3.57,3.57,0,0
SKN_MV,D,20110823,000000,3.77,4.24,3.77,4.24,0,0
SKN_MV,D,20110824,000000,4.17,4.31,4.17,4.31,0,0
SKN_MV,D,20110825,000000,4.38,4.58,3.91,4.38,0,0
SKN_MV,D,20110829,000000,4.11,4.11,3.84,3.84,0,0
SKN_MV,D,20110830,000000,3.64,3.64,3.64,3.64,0,0
SKN_MV,D,20110831,000000,3.57,3.77,3.57,3.77,0,0
SKN_MV,D,20110906,000000,3.97,4.24,3.91,4.24,0,0
SKN_MV,D,20110907,000000,4.31,4.58,4.31,4.44,0,0
SKN_MV,D,20110908,000000,4.44,4.44,4.11,4.44,0,0
SKN_MV,D,20110912,000000,4.04,4.04,3.84,3.84,0,0
SKN_MV,D,20110913,000000,4.04,4.04,4.04,4.04,0,0
SKN_MV,D,20110915,000000,4.04,4.38,4.04,4.24,0,0
SKN_MV,D,20110916,000000,4.24,4.65,4.17,4.44,0,0
SKN_MV,D,20110920,000000,4.44,4.92,4.44,4.92,0,0
SKN_MV,D,20110921,000000,4.92,4.98,4.92,4.98,0,0
SKN_MV,D,20110922,000000,4.58,4.78,4.44,4.44,0,0
SKN_MV,D,20110923,000000,4.44,4.44,4.04,4.11,0,0
SKN_MV,D,20110926,000000,4.11,4.58,4.11,4.58,0,0
SKN_MV,D,20110928,000000,4.24,4.51,4.24,4.51,0,0
SKN_MV,D,20110930,000000,3.84,3.84,3.84,3.84,0,0
SKN_MV,D,20111003,000000,4.31,4.31,4.31,4.31,0,0
SKN_MV,D,20111010,000000,3.84,4.04,3.84,4.04,0,0
SKN_MV,D,20111012,000000,4.04,4.31,4.04,4.31,0,0
SKN_MV,D,20111017,000000,3.91,4.04,3.84,4.04,0,0
SKN_MV,D,20111018,000000,3.84,4.04,3.84,4.04,0,0
SKN_MV,D,20111024,000000,3.97,4.71,3.97,4.51,0,0
SKN_MV,D,20111025,000000,4.38,4.38,4.38,4.38,0,0
SKN_MV,D,20111026,000000,4.65,4.65,4.65,4.65,0,0
SKN_MV,D,20111031,000000,4.44,4.58,4.44,4.58,0,0
SKN_MV,D,20111103,000000,4.65,4.65,4.65,4.65,0,0
SKN_MV,D,20111104,000000,4.24,4.24,4.11,4.11,0,0
SKN_MV,D,20111107,000000,4.11,4.11,4.11,4.11,0,0
SKN_MV,D,20111108,000000,4.44,4.44,4.44,4.44,0,0
SKN_MV,D,20111109,000000,4.44,4.44,4.44,4.44,0,0
SKN_MV,D,20111110,000000,4.24,4.24,3.91,4.24,0,0
SKN_MV,D,20111114,000000,4.24,4.44,3.84,4.17,0,0
SKN_MV,D,20111115,000000,3.84,3.84,3.57,3.64,0,0
SKN_MV,D,20111118,000000,3.64,3.64,3.64,3.64,0,0
SKN_MV,D,20111121,000000,3.57,3.57,3.37,3.37,0,0
SKN_MV,D,20111122,000000,3.3,3.3,3.23,3.23,0,0
SKN_MV,D,20111123,000000,3.23,3.43,2.69,2.69,0,0
SKN_MV,D,20111124,000000,2.83,2.83,2.83,2.83,0,0
SKN_MV,D,20111125,000000,3.16,3.16,2.83,2.9,0,0
SKN_MV,D,20111128,000000,2.96,2.96,2.96,2.96,0,0
SKN_MV,D,20111129,000000,3.03,3.03,3.03,3.03,0,0
SKN_MV,D,20111205,000000,3.1,3.1,3.1,3.1,0,0
SKN_MV,D,20111208,000000,3.1,3.1,3.1,3.1,0,0
SKN_MV,D,20111220,000000,2.76,2.76,2.49,2.76,0,0
SKN_MV,D,20111222,000000,2.76,2.76,2.76,2.76,0,0
SKN_MV,D,20111223,000000,2.49,2.83,2.49,2.69,0,0
SKN_MV,D,20111227,000000,2.69,2.69,2.36,2.36,0,0
SKN_MV,D,20111229,000000,2.56,2.56,2.29,2.36,0,0
SKN_MV,D,20111230,000000,2.49,2.69,2.36,2.63,0,0
SKN_MV,D,20120102,000000,2.56,3.43,2.56,3.43,0,0
SKN_MV,D,20120103,000000,3.3,3.77,3.16,3.16,0,0
SKN_MV,D,20120104,000000,3.16,3.16,3.16,3.16,0,0
SKN_MV,D,20120105,000000,3.16,3.16,3.03,3.03,0,0
SKN_MV,D,20120109,000000,2.83,2.83,2.42,2.83,0,0
SKN_MV,D,20120110,000000,2.83,2.83,2.83,2.83,0,0
SKN_MV,D,20120112,000000,3.03,3.16,3.03,3.16,0,0
SKN_MV,D,20120116,000000,2.83,2.83,2.83,2.83,0,0
SKN_MV,D,20120117,000000,2.83,2.83,2.83,2.83,0,0
SKN_MV,D,20120119,000000,2.83,2.83,2.69,2.69,0,0
SKN_MV,D,20120120,000000,2.83,2.83,2.83,2.83,0,0
SKN_MV,D,20120125,000000,2.76,2.76,2.76,2.76,0,0
SKN_MV,D,20120126,000000,2.69,2.96,2.69,2.96,0,0
SKN_MV,D,20120127,000000,2.96,2.96,2.96,2.96,0,0
SKN_MV,D,20120131,000000,2.96,3.1,2.96,3.1,0,0
SKN_MV,D,20120201,000000,2.76,3.3,2.76,3.3,0,0
SKN_MV,D,20120203,000000,3.3,3.7,3.3,3.7,0,0
SKN_MV,D,20120206,000000,3.84,4.04,3.3,3.57,0,0
SKN_MV,D,20120207,000000,3.91,3.91,3.91,3.91,0,0
SKN_MV,D,20120210,000000,3.57,3.57,3.37,3.37,0,0
SKN_MV,D,20120213,000000,3.23,3.57,2.96,3.23,0,0
SKN_MV,D,20120214,000000,3.23,3.23,3.23,3.23,0,0
SKN_MV,D,20120229,000000,3.43,3.64,3.43,3.64,0,0
SKN_MV,D,20120302,000000,3.23,3.37,3.23,3.37,0,0
SKN_MV,D,20120306,000000,3.1,3.1,3.03,3.03,0,0
SKN_MV,D,20120308,000000,2.96,2.96,2.83,2.83,0,0
SKN_MV,D,20120314,000000,2.83,3.23,2.83,3.23,0,0
SKN_MV,D,20120319,000000,3.23,3.23,3.23,3.23,0,0
SKN_MV,D,20120323,000000,3.23,3.23,3.23,3.23,0,0
SKN_MV,D,20120402,000000,3.23,3.57,3.23,3.57,0,0
SKN_MV,D,20120403,000000,3.43,3.5,3.43,3.5,0,0
SKN_MV,D,20120404,000000,3.57,3.97,3.57,3.97,0,0
SKN_MV,D,20120405,000000,3.64,3.64,3.43,3.43,0,0
SKN_MV,D,20120410,000000,3.64,3.84,3.43,3.64,0,0
SKN_MV,D,20120411,000000,3.64,3.64,3.43,3.43,0,0
SKN_MV,D,20120412,000000,3.3,3.3,3.3,3.3,0,0
SKN_MV,D,20120413,000000,3.16,3.16,3.1,3.1,0,0
SKN_MV,D,20120417,000000,3.23,3.5,3.23,3.5,0,0
SKN_MV,D,20120419,000000,3.5,3.5,3.5,3.5,0,0
SKN_MV,D,20120423,000000,3.16,3.16,3.16,3.16,0,0
SKN_MV,D,20120430,000000,3.16,3.16,3.1,3.1,0,0
SKN_MV,D,20120508,000000,3.1,3.1,3.1,3.1,0,0
SKN_MV,D,20120509,000000,3.1,3.1,3.1,3.1,0,0
SKN_MV,D,20120514,000000,2.96,2.96,2.96,2.96,0,0
SKN_MV,D,20120515,000000,2.83,2.83,2.69,2.69,0,0
SKN_MV,D,20120517,000000,2.69,2.76,2.69,2.76,0,0
SKN_MV,D,20120521,000000,2.69,2.96,2.69,2.96,0,0
SKN_MV,D,20120522,000000,2.76,2.76,2.69,2.69,0,0
SKN_MV,D,20120523,000000,2.63,2.63,2.63,2.63,0,0
SKN_MV,D,20120529,000000,2.76,2.76,2.76,2.76,0,0
SKN_MV,D,20120531,000000,2.69,2.69,2.69,2.69,0,0
SKN_MV,D,20120605,000000,2.69,2.69,2.63,2.63,0,0
SKN_MV,D,20120612,000000,2.76,2.96,2.76,2.76,0,0
SKN_MV,D,20120613,000000,2.76,2.76,2.56,2.56,0,0
SKN_MV,D,20120614,000000,2.56,2.56,2.56,2.56,0,0
SKN_MV,D,20120615,000000,2.69,2.69,2.69,2.69,0,0
SKN_MV,D,20120618,000000,2.69,2.76,2.69,2.76,0,0
SKN_MV,D,20120619,000000,2.96,2.96,2.96,2.96,0,0
SKN_MV,D,20120622,000000,2.63,2.63,2.56,2.56,0,0
SKN_MV,D,20120626,000000,2.56,2.56,2.56,2.56,0,0
SKN_MV,D,20120703,000000,2.69,2.96,2.69,2.96,0,0
SKN_MV,D,20120704,000000,3.03,3.03,3.03,3.03,0,0
SKN_MV,D,20120709,000000,2.83,2.83,2.69,2.76,0,0
SKN_MV,D,20120710,000000,2.63,2.63,2.29,2.29,0,0
SKN_MV,D,20120711,000000,2.56,2.56,2.56,2.56,0,0
SKN_MV,D,20120713,000000,2.15,2.15,2.15,2.15,0,0
SKN_MV,D,20120720,000000,2.15,2.15,2.15,2.15,0,0
SKN_MV,D,20120724,000000,2.15,2.15,1.75,1.75,0,0
SKN_MV,D,20120725,000000,1.82,1.82,1.75,1.75,0,0
SKN_MV,D,20120726,000000,2.09,2.09,2.09,2.09,0,0
SKN_MV,D,20120727,000000,2.36,2.36,2.36,2.36,0,0
SKN_MV,D,20120731,000000,1.89,2.36,1.89,2.15,0,0
SKN_MV,D,20120801,000000,2.02,2.02,2.02,2.02,0,0
SKN_MV,D,20120807,000000,2.22,2.22,2.22,2.22,0,0
SKN_MV,D,20120809,000000,2.02,2.22,2.02,2.22,0,0
SKN_MV,D,20120814,000000,2.22,2.22,2.22,2.22,0,0
SKN_MV,D,20120827,000000,2.02,2.02,2.02,2.02,0,0
SKN_MV,D,20120828,000000,2.02,2.02,1.95,1.95,0,0
SKN_MV,D,20120831,000000,2.02,2.02,1.68,1.89,0,0
SKN_MV,D,20120903,000000,1.89,2.02,1.89,2.02,0,0
SKN_MV,D,20120905,000000,1.82,1.82,1.82,1.82,0,0
SKN_MV,D,20120906,000000,1.95,1.95,1.62,1.62,0,0
SKN_MV,D,20120907,000000,1.82,2.15,1.82,2.15,0,0
SKN_MV,D,20120910,000000,2.22,2.22,1.89,2.02,0,0
SKN_MV,D,20120911,000000,2.02,2.02,1.75,1.75,0,0
SKN_MV,D,20120912,000000,1.75,1.75,1.75,1.75,0,0
SKN_MV,D,20120918,000000,1.75,2.02,1.75,2.02,0,0
SKN_MV,D,20120925,000000,1.82,1.82,1.82,1.82,0,0
SKN_MV,D,20120926,000000,1.89,2.15,1.89,2.09,0,0
SKN_MV,D,20120927,000000,2.09,2.9,2.09,2.69,0,0
SKN_MV,D,20120928,000000,2.83,3.16,2.29,2.42,0,0
SKN_MV,D,20121001,000000,2.42,2.42,2.36,2.36,0,0
SKN_MV,D,20121003,000000,2.36,2.36,2.29,2.29,0,0
SKN_MV,D,20121004,000000,2.29,2.29,2.29,2.29,0,0
SKN_MV,D,20121008,000000,2.36,2.36,2.36,2.36,0,0
SKN_MV,D,20121010,000000,2.36,2.36,2.36,2.36,0,0
SKN_MV,D,20121015,000000,2.29,2.29,2.29,2.29,0,0
SKN_MV,D,20121016,000000,2.29,2.29,2.22,2.22,0,0
SKN_MV,D,20121017,000000,2.29,2.29,2.29,2.29,0,0
SKN_MV,D,20121018,000000,2.29,2.49,2.29,2.49,0,0
SKN_MV,D,20121019,000000,2.42,2.42,2.42,2.42,0,0
SKN_MV,D,20121022,000000,2.49,2.49,2.42,2.42,0,0
SKN_MV,D,20121023,000000,2.49,2.63,2.49,2.49,0,0
SKN_MV,D,20121024,000000,2.42,2.49,2.36,2.49,0,0
SKN_MV,D,20121030,000000,2.42,2.42,2.15,2.29,0,0
SKN_MV,D,20121031,000000,2.02,2.09,2.02,2.09,0,0
SKN_MV,D,20121105,000000,2.15,2.69,2.15,2.69,0,0
SKN_MV,D,20121106,000000,2.49,2.49,2.42,2.42,0,0
SKN_MV,D,20121112,000000,2.36,2.36,2.29,2.29,0,0
SKN_MV,D,20121113,000000,2.29,2.29,2.29,2.29,0,0
SKN_MV,D,20121116,000000,2.22,2.22,2.22,2.22,0,0
SKN_MV,D,20121119,000000,2.15,2.15,2.09,2.09,0,0
SKN_MV,D,20121120,000000,2.09,2.36,2.02,2.36,0,0
SKN_MV,D,20121123,000000,2.29,2.29,2.29,2.29,0,0
SKN_MV,D,20121207,000000,2.36,2.36,2.36,2.36,0,0
SKN_MV,D,20121210,000000,2.29,2.29,2.22,2.22,0,0
SKN_MV,D,20121211,000000,2.15,2.22,2.02,2.22,0,0
SKN_MV,D,20121217,000000,2.02,2.09,2.02,2.09,0,0
SKN_MV,D,20121218,000000,2.09,2.09,2.02,2.02,0,0
SKN_MV,D,20121219,000000,2.02,2.09,2.02,2.09,0,0
SKN_MV,D,20121227,000000,2.02,2.29,2.02,2.29,0,0
SKN_MV,D,20121228,000000,2.15,2.15,2.15,2.15,0,0
SKN_MV,D,20130103,000000,2.02,2.02,2.02,2.02,0,0
SKN_MV,D,20130104,000000,1.95,2.22,1.95,2.22,0,0
SKN_MV,D,20130109,000000,2.22,2.22,2.22,2.22,0,0
SKN_MV,D,20130111,000000,2.29,2.36,2.29,2.36,0,0
SKN_MV,D,20130114,000000,2.36,2.42,2.36,2.42,0,0
SKN_MV,D,20130117,000000,2.56,2.63,2.56,2.63,0,0
SKN_MV,D,20130118,000000,2.36,2.49,2.36,2.49,0,0
SKN_MV,D,20130124,000000,2.56,2.56,2.56,2.56,0,0
SKN_MV,D,20130125,000000,2.42,2.42,2.36,2.36,0,0
SKN_MV,D,20130129,000000,2.29,2.29,2.22,2.22,0,0
SKN_MV,D,20130206,000000,2.36,2.36,2.36,2.36,0,0
SKN_MV,D,20130221,000000,2.36,2.36,2.36,2.36,0,0
SKN_MV,D,20130225,000000,2.49,2.96,2.49,2.96,0,0
SKN_MV,D,20130226,000000,2.83,2.83,2.83,2.83,0,0
SKN_MV,D,20130304,000000,2.83,2.9,2.83,2.83,0,0
SKN_MV,D,20130305,000000,2.9,3.03,2.9,3.03,0,0
SKN_MV,D,20130306,000000,3.16,3.16,2.96,2.96,0,0
SKN_MV,D,20130307,000000,3.03,3.16,3.03,3.16,0,0
SKN_MV,D,20130308,000000,3.1,3.3,3.1,3.3,0,0
SKN_MV,D,20130311,000000,3.16,3.37,2.9,3.37,0,0
SKN_MV,D,20130312,000000,3.03,3.03,3.03,3.03,0,0
SKN_MV,D,20130313,000000,2.96,3.16,2.9,3.16,0,0
SKN_MV,D,20130315,000000,2.83,3.16,2.76,3.16,0,0
SKN_MV,D,20130319,000000,3.16,3.16,3.16,3.16,0,0
SKN_MV,D,20130321,000000,3.16,3.16,3.16,3.16,0,0
SKN_MV,D,20130325,000000,3.16,3.16,3.16,3.16,0,0
SKN_MV,D,20130326,000000,2.63,2.83,2.63,2.83,0,0
SKN_MV,D,20130327,000000,2.83,3.23,2.83,3.23,0,0
SKN_MV,D,20130402,000000,3.23,3.23,3.23,3.23,0,0
SKN_MV,D,20130405,000000,3.23,3.23,3.23,3.23,0,0
SKN_MV,D,20130410,000000,2.9,3.1,2.9,3.1,0,0
SKN_MV,D,20130411,000000,2.69,2.69,2.63,2.63,0,0
SKN_MV,D,20130412,000000,2.63,2.63,2.63,2.63,0,0
SKN_MV,D,20130415,000000,2.63,2.63,2.63,2.63,0,0
SKN_MV,D,20130418,000000,2.63,2.63,2.63,2.63,0,0
SKN_MV,D,20130419,000000,2.49,2.63,2.42,2.63,0,0
SKN_MV,D,20130422,000000,2.63,2.63,2.63,2.63,0,0
SKN_MV,D,20130423,000000,2.63,2.63,2.63,2.63,0,0
SKN_MV,D,20130425,000000,2.63,2.63,2.63,2.63,0,0
SKN_MV,D,20130426,000000,2.63,2.63,2.63,2.63,0,0
SKN_MV,D,20130430,000000,2.63,2.63,2.63,2.63,0,0
SKN_MV,D,20130502,000000,2.63,2.63,2.63,2.63,0,0
SKN_MV,D,20130506,000000,2.63,2.63,2.63,2.63,0,0
SKN_MV,D,20130508,000000,2.63,2.63,2.63,2.63,0,0
SKN_MV,D,20130510,000000,2.63,2.63,2.63,2.63,0,0
SKN_MV,D,20130513,000000,2.63,2.63,2.63,2.63,0,0
SKN_MV,D,20130514,000000,2.63,2.63,2.63,2.63,0,0
SKN_MV,D,20130515,000000,2.63,2.69,2.63,2.69,0,0
SKN_MV,D,20130517,000000,2.76,2.76,2.76,2.76,0,0
SKN_MV,D,20130524,000000,2.49,2.49,2.49,2.49,0,0
SKN_MV,D,20130528,000000,3.03,3.03,3.03,3.03,0,0
SKN_MV,D,20130529,000000,2.76,2.83,2.63,2.83,0,0
SKN_MV,D,20130531,000000,2.83,2.83,2.83,2.83,0,0
SKN_MV,D,20130603,000000,2.9,2.96,2.9,2.96,0,0
SKN_MV,D,20130604,000000,2.96,3.23,2.96,3.03,0,0
SKN_MV,D,20130605,000000,3.57,4.24,3.03,3.64,0,0
SKN_MV,D,20130606,000000,3.23,3.5,3.23,3.5,0,0
SKN_MV,D,20130610,000000,3.5,3.5,3.5,3.5,0,0
SKN_MV,D,20130611,000000,3.16,3.16,3.1,3.1,0,0
SKN_MV,D,20130612,000000,3.3,3.3,3.3,3.3,0,0
SKN_MV,D,20130619,000000,3.3,3.37,3.3,3.37,0,0
SKN_MV,D,20130621,000000,3.37,3.37,3.37,3.37,0,0
SKN_MV,D,20130625,000000,3.1,3.1,2.63,2.63,0,0
SKN_MV,D,20130626,000000,3.03,3.03,3.03,3.03,0,0
SKN_MV,D,20130704,000000,2.69,2.69,2.42,2.42,0,0
SKN_MV,D,20130726,000000,2.63,2.83,2.63,2.83,0,0
SKN_MV,D,20130729,000000,3.03,3.37,2.83,2.83,0,0
SKN_MV,D,20130805,000000,3.1,3.1,3.1,3.1,0,0
SKN_MV,D,20130806,000000,3.1,3.16,3.1,3.16,0,0
SKN_MV,D,20130807,000000,3.16,3.16,3.16,3.16,0,0
SKN_MV,D,20130808,000000,3.23,3.23,3.23,3.23,0,0
SKN_MV,D,20130813,000000,3.16,3.37,3.16,3.37,0,0
SKN_MV,D,20130814,000000,3.37,3.37,3.37,3.37,0,0
SKN_MV,D,20130819,000000,3.37,3.37,3.37,3.37,0,0
SKN_MV,D,20130820,000000,3.03,3.23,3.03,3.23,0,0
SKN_MV,D,20130822,000000,3.23,3.23,3.23,3.23,0,0
SKN_MV,D,20130826,000000,3.23,3.23,3.23,3.23,0,0
SKN_MV,D,20130827,000000,3.23,3.23,3.23,3.23,0,0
SKN_MV,D,20130829,000000,3.23,3.23,3.23,3.23,0,0
SKN_MV,D,20130902,000000,3.37,3.37,3.37,3.37,0,0
SKN_MV,D,20130903,000000,3.37,3.37,3.37,3.37,0,0
SKN_MV,D,20130904,000000,3.37,3.43,3.37,3.37,0,0
SKN_MV,D,20130906,000000,3.64,3.7,3.64,3.7,0,0
SKN_MV,D,20130909,000000,3.91,3.91,3.91,3.91,0,0
SKN_MV,D,20130913,000000,3.97,3.97,3.97,3.97,0,0
SKN_MV,D,20130916,000000,3.97,3.97,3.97,3.97,0,0
SKN_MV,D,20130917,000000,3.97,4.04,3.97,4.04,0,0
SKN_MV,D,20130918,000000,4.04,4.04,4.04,4.04,0,0
SKN_MV,D,20130919,000000,4.11,4.11,4.11,4.11,0,0
SKN_MV,D,20130924,000000,3.84,3.84,3.7,3.7,0,0
SKN_MV,D,20130925,000000,3.91,3.91,3.91,3.91,0,0
SKN_MV,D,20130926,000000,3.77,3.77,3.77,3.77,0,0
SKN_MV,D,20130930,000000,3.77,3.97,3.7,3.97,0,0
SKN_MV,D,20131001,000000,4.04,4.17,4.04,4.17,0,0
SKN_MV,D,20131003,000000,4.17,4.17,4.17,4.17,0,0
SKN_MV,D,20131008,000000,4.17,4.17,4.17,4.17,0,0
SKN_MV,D,20131009,000000,4.04,4.04,4.04,4.04,0,0
SKN_MV,D,20131011,000000,3.84,3.84,3.77,3.77,0,0
SKN_MV,D,20131014,000000,3.77,3.77,3.77,3.77,0,0
SKN_MV,D,20131017,000000,3.77,3.77,3.77,3.77,0,0
SKN_MV,D,20131024,000000,3.7,3.97,3.7,3.97,0,0
SKN_MV,D,20131025,000000,3.97,3.97,3.97,3.97,0,0
SKN_MV,D,20131029,000000,3.97,3.97,3.97,3.97,0,0
SKN_MV,D,20131030,000000,3.97,3.97,3.97,3.97,0,0
SKN_MV,D,20131031,000000,3.64,3.64,3.5,3.5,0,0
SKN_MV,D,20131104,000000,3.5,3.5,3.5,3.5,0,0
SKN_MV,D,20131105,000000,3.5,3.5,3.5,3.5,0,0
SKN_MV,D,20131115,000000,3.5,3.5,3.5,3.5,0,0
SKN_MV,D,20131118,000000,3.37,3.37,3.37,3.37,0,0
SKN_MV,D,20131121,000000,3.37,3.37,3.37,3.37,0,0
SKN_MV,D,20131122,000000,3.37,3.37,3.37,3.37,0,0
SKN_MV,D,20131202,000000,3.43,3.43,3.43,3.43,0,0
SKN_MV,D,20131205,000000,3.43,3.7,3.43,3.7,0,0
SKN_MV,D,20131209,000000,3.43,3.43,3.37,3.37,0,0
SKN_MV,D,20131210,000000,3.37,3.37,3.37,3.37,0,0
SKN_MV,D,20131211,000000,3.23,3.23,3.03,3.03,0,0
SKN_MV,D,20131212,000000,3.03,3.03,3.03,3.03,0,0
SKN_MV,D,20131213,000000,3.03,3.03,3.03,3.03,0,0
SKN_MV,D,20131217,000000,3.16,3.37,3.16,3.37,0,0
SKN_MV,D,20131223,000000,3.37,3.37,2.9,2.9,0,0
SKN_MV,D,20131230,000000,2.9,2.9,2.83,2.83,0,0
SKN_MV,D,20140103,000000,3.03,3.1,2.9,2.9,0,0
SKN_MV,D,20140114,000000,3.03,3.1,3.03,3.1,0,0
SKN_MV,D,20140115,000000,3.1,3.1,3.1,3.1,0,0
SKN_MV,D,20140122,000000,3.1,3.1,3.1,3.1,0,0
SKN_MV,D,20140123,000000,3.1,3.1,3.1,3.1,0,0
SKN_MV,D,20140128,000000,3.1,3.1,3.1,3.1,0,0
SKN_MV,D,20140129,000000,3.1,3.1,3.1,3.1,0,0
SKN_MV,D,20140130,000000,3.1,3.1,3.1,3.1,0,0
SKN_MV,D,20140131,000000,3.1,3.1,3.1,3.1,0,0
SKN_MV,D,20140203,000000,3.23,3.23,3.23,3.23,0,0
SKN_MV,D,20140206,000000,3.37,3.57,3.37,3.57,0,0
SKN_MV,D,20140207,000000,3.57,4.17,3.57,4.17,0,0
SKN_MV,D,20140211,000000,3.7,3.97,3.7,3.7,0,0
SKN_MV,D,20140212,000000,3.7,3.7,3.7,3.7,0,0
SKN_MV,D,20140214,000000,3.91,4.04,3.91,3.97,0,0
SKN_MV,D,20140217,000000,3.7,3.7,3.7,3.7,0,0
SKN_MV,D,20140219,000000,4.04,4.04,4.04,4.04,0,0
SKN_MV,D,20140220,000000,4.04,4.04,4.04,4.04,0,0
SKN_MV,D,20140224,000000,3.7,3.7,3.7,3.7,0,0
SKN_MV,D,20140226,000000,3.7,3.7,3.16,3.16,0,0
SKN_MV,D,20140228,000000,3.1,3.43,3.1,3.43,0,0
SKN_MV,D,20140306,000000,3.43,3.43,3.43,3.43,0,0
SKN_MV,D,20140310,000000,3.43,3.43,3.43,3.43,0,0
SKN_MV,D,20140312,000000,3.43,3.43,3.43,3.43,0,0
SKN_MV,D,20140313,000000,3.43,3.43,3.43,3.43,0,0
SKN_MV,D,20140314,000000,3.43,3.43,3.43,3.43,0,0
SKN_MV,D,20140318,000000,3.43,3.43,3.43,3.43,0,0
SKN_MV,D,20140321,000000,3.1,3.1,3.1,3.1,0,0
SKN_MV,D,20140324,000000,3.1,3.1,3.1,3.1,0,0
SKN_MV,D,20140326,000000,3.1,3.1,3.1,3.1,0,0
SKN_MV,D,20140328,000000,2.96,3.37,2.96,3.37,0,0
SKN_MV,D,20140403,000000,2.96,2.96,2.63,2.63,0,0
SKN_MV,D,20140404,000000,2.63,2.63,2.63,2.63,0,0
SKN_MV,D,20140407,000000,2.49,2.49,2.49,2.49,0,0
SKN_MV,D,20140408,000000,2.49,2.49,2.49,2.49,0,0
SKN_MV,D,20140409,000000,2.49,2.49,2.49,2.49,0,0
SKN_MV,D,20140410,000000,2.49,2.49,2.49,2.49,0,0
SKN_MV,D,20140411,000000,2.49,2.49,2.49,2.49,0,0
SKN_MV,D,20140414,000000,2.49,2.49,2.49,2.49,0,0
SKN_MV,D,20140415,000000,2.42,2.42,2.42,2.42,0,0
SKN_MV,D,20140416,000000,2.42,2.42,2.42,2.42,0,0
SKN_MV,D,20140422,000000,2.49,2.49,2.49,2.49,0,0
SKN_MV,D,20140423,000000,2.49,2.49,2.49,2.49,0,0
SKN_MV,D,20140429,000000,2.29,2.49,2.15,2.49,0,0
SKN_MV,D,20140502,000000,2.49,2.49,2.49,2.49,0,0
SKN_MV,D,20140508,000000,2.49,2.49,2.49,2.49,0,0
SKN_MV,D,20140513,000000,2.49,2.49,2.49,2.49,0,0
SKN_MV,D,20140514,000000,2.49,2.49,2.49,2.49,0,0
SKN_MV,D,20140516,000000,2.42,2.42,2.36,2.36,0,0
SKN_MV,D,20140519,000000,2.42,2.49,2.42,2.49,0,0
SKN_MV,D,20140520,000000,2.42,2.42,2.42,2.42,0,0
SKN_MV,D,20140522,000000,2.36,2.56,2.36,2.56,0,0
SKN_MV,D,20140603,000000,2.49,2.49,2.49,2.49,0,0
SKN_MV,D,20140604,000000,2.49,2.49,2.49,2.49,0,0
SKN_MV,D,20140606,000000,2.56,2.63,2.56,2.63,0,0
SKN_MV,D,20140611,000000,2.63,2.63,2.63,2.63,0,0
SKN_MV,D,20140612,000000,2.49,2.49,2.49,2.49,0,0
SKN_MV,D,20140613,000000,2.49,2.49,2.22,2.22,0,0
SKN_MV,D,20140617,000000,2.29,2.42,2.29,2.42,0,0
SKN_MV,D,20140618,000000,2.42,2.42,2.42,2.42,0,0
SKN_MV,D,20140625,000000,2.36,2.36,2.36,2.36,0,0
SKN_MV,D,20140627,000000,2.36,2.36,2.36,2.36,0,0
SKN_MV,D,20140701,000000,2.36,2.36,2.36,2.36,0,0
SKN_MV,D,20140702,000000,2.36,2.36,2.36,2.36,0,0
SKN_MV,D,20140707,000000,2.36,2.36,2.36,2.36,0,0
SKN_MV,D,20140708,000000,2.36,2.36,2.36,2.36,0,0
SKN_MV,D,20140714,000000,2.36,2.36,2.36,2.36,0,0
SKN_MV,D,20140715,000000,2.36,2.36,2.36,2.36,0,0
SKN_MV,D,20140717,000000,2.36,2.36,2.36,2.36,0,0
SKN_MV,D,20140718,000000,2.36,2.36,2.36,2.36,0,0
SKN_MV,D,20140721,000000,2.36,2.36,2.36,2.36,0,0
SKN_MV,D,20140722,000000,2.36,2.36,2.29,2.29,0,0
SKN_MV,D,20140723,000000,2.36,2.49,2.22,2.22,0,0
SKN_MV,D,20140805,000000,2.15,2.15,2.15,2.15,0,0
SKN_MV,D,20140812,000000,2.15,2.15,2.15,2.15,0,0
SKN_MV,D,20140813,000000,2.15,2.15,2.15,2.15,0,0
SKN_MV,D,20140820,000000,2.22,2.29,2.22,2.22,0,0
SKN_MV,D,20140822,000000,2.36,2.42,2.36,2.42,0,0
SKN_MV,D,20140901,000000,2.22,2.22,2.22,2.22,0,0
SKN_MV,D,20140911,000000,2.29,2.29,2.09,2.09,0,0
SKN_MV,D,20140925,000000,2.22,2.22,2.22,2.22,0,0
SKN_MV,D,20140929,000000,2.15,2.22,2.15,2.22,0,0
SKN_MV,D,20140930,000000,2.36,2.36,2.36,2.36,0,0
SKN_MV,D,20141001,000000,2.22,2.22,2.22,2.22,0,0
SKN_MV,D,20141002,000000,2.22,2.42,2.15,2.42,0,0
SKN_MV,D,20141003,000000,2.09,2.09,2.09,2.09,0,0
SKN_MV,D,20141010,000000,1.95,1.95,1.95,1.95,0,0
SKN_MV,D,20141029,000000,1.95,1.95,1.95,1.95,0,0
SKN_MV,D,20141103,000000,1.68,1.68,1.68,1.68,0,0
SKN_MV,D,20141106,000000,1.62,1.95,1.62,1.95,0,0
SKN_MV,D,20141114,000000,2.02,2.02,2.02,2.02,0,0
SKN_MV,D,20141118,000000,1.95,1.95,1.95,1.95,0,0
SKN_MV,D,20141205,000000,2.02,2.02,2.02,2.02,0,0
SKN_MV,D,20141209,000000,1.62,1.82,1.41,1.82,0,0
SKN_MV,D,20150120,000000,1.62,1.62,1.62,1.62,0,0
SKN_MV,D,20150129,000000,1.55,1.55,1.55,1.55,0,0
SKN_MV,D,20150205,000000,1.62,1.62,1.35,1.35,0,0
SKN_MV,D,20150206,000000,1.35,1.62,1.35,1.35,0,0
SKN_MV,D,20150209,000000,1.21,1.21,1.21,1.21,0,0
SKN_MV,D,20150210,000000,1.21,1.41,1.21,1.35,0,0
SKN_MV,D,20150212,000000,1.48,1.68,1.28,1.28,0,0
SKN_MV,D,20150219,000000,1.35,1.35,1.21,1.21,0,0
SKN_MV,D,20150303,000000,1.08,1.08,1.01,1.01,0,0
SKN_MV,D,20150306,000000,1.14,1.35,1.14,1.35,0,0
SKN_MV,D,20150309,000000,1.62,2.02,1.62,2.02,0,0
SKN_MV,D,20150310,000000,2.15,2.69,2.15,2.69,0,0
SKN_MV,D,20150311,000000,2.69,2.69,1.95,1.95,0,0
SKN_MV,D,20150312,000000,2.02,2.29,1.41,1.68,0,0
SKN_MV,D,20150313,000000,1.68,1.89,1.68,1.75,0,0
SKN_MV,D,20150316,000000,1.75,1.75,1.55,1.55,0,0
SKN_MV,D,20150317,000000,1.55,1.55,1.48,1.48,0,0
SKN_MV,D,20150318,000000,1.68,1.75,1.48,1.48,0,0
SKN_MV,D,20150319,000000,1.48,1.48,1.35,1.35,0,0
SKN_MV,D,20150320,000000,1.55,1.55,1.55,1.55,0,0
SKN_MV,D,20150323,000000,1.62,1.82,1.41,1.41,0,0
SKN_MV,D,20150324,000000,1.68,1.68,1.68,1.68,0,0
SKN_MV,D,20150325,000000,1.41,1.41,1.35,1.35,0,0
SKN_MV,D,20150327,000000,1.35,1.62,1.35,1.62,0,0
SKN_MV,D,20150330,000000,1.35,1.35,1.35,1.35,0,0
SKN_MV,D,20150401,000000,1.41,1.41,1.41,1.41,0,0
SKN_MV,D,20150408,000000,1.41,1.41,1.35,1.35,0,0
SKN_MV,D,20150409,000000,1.35,1.35,1.35,1.35,0,0
SKN_MV,D,20150413,000000,1.35,1.55,1.35,1.55,0,0
SKN_MV,D,20150416,000000,1.41,1.41,1.41,1.41,0,0
SKN_MV,D,20150420,000000,1.62,1.62,1.62,1.62,0,0
SKN_MV,D,20150421,000000,1.35,1.48,1.35,1.48,0,0
SKN_MV,D,20150423,000000,1.35,1.35,1.35,1.35,0,0
SKN_MV,D,20150504,000000,1.48,1.48,1.48,1.48,0,0
SKN_MV,D,20150507,000000,1.28,1.28,1.28,1.28,0,0
SKN_MV,D,20150511,000000,1.28,1.48,1.28,1.48,0,0
SKN_MV,D,20150513,000000,1.48,1.48,1.48,1.48,0,0
SKN_MV,D,20150514,000000,1.28,1.48,1.28,1.48,0,0
SKN_MV,D,20150518,000000,1.28,1.28,1.21,1.21,0,0
SKN_MV,D,20150527,000000,1.21,1.21,1.21,1.21,0,0
SKN_MV,D,20150528,000000,1.08,1.28,1.08,1.28,0,0
SKN_MV,D,20150601,000000,1.28,1.35,1.28,1.35,0,0
SKN_MV,D,20150605,000000,1.21,1.35,1.21,1.35,0,0
SKN_MV,D,20150610,000000,1.35,1.35,1.35,1.35,0,0
SKN_MV,D,20150612,000000,1.48,1.48,1.48,1.48,0,0
SKN_MV,D,20150616,000000,1.28,1.35,1.28,1.35,0,0
SKN_MV,D,20150617,000000,1.28,1.28,1.28,1.28,0,0
SKN_MV,D,20150618,000000,1.28,1.28,1.28,1.28,0,0
SKN_MV,D,20150619,000000,1.28,1.28,1.28,1.28,0,0
SKN_MV,D,20150622,000000,1.28,1.28,1.28,1.28,0,0
SKN_MV,D,20150624,000000,1.28,1.28,1.28,1.28,0,0
SKN_MV,D,20150629,000000,1.28,1.28,1.28,1.28,0,0
SKN_MV,D,20150630,000000,1.28,1.55,1.28,1.55,0,0
SKN_MV,D,20150702,000000,1.55,1.55,1.55,1.55,0,0
SKN_MV,D,20150706,000000,1.35,1.35,1.14,1.14,0,0
SKN_MV,D,20150715,000000,1.35,1.35,1.35,1.35,0,0
SKN_MV,D,20150717,000000,1.55,1.82,1.55,1.82,0,0
SKN_MV,D,20150720,000000,1.75,1.75,1.75,1.75,0,0
SKN_MV,D,20150722,000000,1.75,1.75,1.75,1.75,0,0
SKN_MV,D,20150723,000000,1.48,1.48,1.41,1.41,0,0
SKN_MV,D,20150728,000000,1.41,1.41,1.41,1.41,0,0
SKN_MV,D,20150804,000000,1.35,1.62,1.28,1.28,0,0
SKN_MV,D,20150806,000000,1.48,1.48,1.48,1.48,0,0
SKN_MV,D,20150814,000000,1.68,1.68,1.68,1.68,0,0
SKN_MV,D,20150817,000000,1.28,1.28,1.28,1.28,0,0
SKN_MV,D,20150908,000000,1.21,1.35,1.14,1.35,0,0
SKN_MV,D,20150923,000000,1.35,1.35,1.35,1.35,0,0
SKN_MV,D,20150924,000000,1.35,1.55,1.35,1.55,0,0
SKN_MV,D,20150925,000000,1.55,1.68,1.55,1.68,0,0
SKN_MV,D,20150930,000000,1.68,1.82,1.68,1.82,0,0
SKN_MV,D,20151005,000000,1.89,1.89,1.89,1.89,0,0
SKN_MV,D,20151007,000000,1.68,1.95,1.68,1.95,0,0
SKN_MV,D,20151008,000000,1.95,1.95,1.95,1.95,0,0
SKN_MV,D,20151009,000000,2.02,2.02,2.02,2.02,0,0
SKN_MV,D,20151014,000000,1.62,1.62,1.62,1.62,0,0
SKN_MV,D,20151023,000000,1.89,2.22,1.89,2.22,0,0
SKN_MV,D,20151027,000000,2.29,2.29,2.02,2.02,0,0
SKN_MV,D,20151028,000000,2.15,2.15,2.02,2.02,0,0
SKN_MV,D,20151029,000000,2.02,2.02,2.02,2.02,0,0
SKN_MV,D,20151030,000000,2.29,2.29,2.29,2.29,0,0
SKN_MV,D,20151102,000000,2.02,2.02,2.02,2.02,0,0
SKN_MV,D,20151103,000000,2.02,2.02,2.02,2.02,0,0
SKN_MV,D,20151109,000000,2.02,2.02,2.02,2.02,0,0
SKN_MV,D,20151112,000000,1.82,1.82,1.82,1.82,0,0
SKN_MV,D,20151119,000000,1.82,1.82,1.82,1.82,0,0
SKN_MV,D,20151126,000000,1.55,1.55,1.35,1.35,0,0
SKN_MV,D,20151211,000000,1.28,1.48,1.08,1.48,0,0
SKN_MV,D,20160128,000000,1.08,1.28,1.08,1.28,0,0
SKN_MV,D,20160129,000000,1.14,1.14,1.14,1.14,0,0
SKN_MV,D,20160215,000000,1.08,1.08,1.08,1.08,0,0
SKN_MV,D,20160218,000000,1.14,1.21,1.14,1.21,0,0
SKN_MV,D,20160219,000000,1.21,1.21,1.21,1.21,0,0
SKN_MV,D,20160406,000000,1.08,1.08,1.08,1.08,0,0
SKN_MV,D,20160407,000000,1.01,1.01,1.01,1.01,0,0
SKN_MV,D,20160413,000000,1.21,1.21,1.21,1.21,0,0
SKN_MV,D,20160425,000000,1.08,1.08,1.08,1.08,0,0
SKN_MV,D,20160426,000000,1.21,1.21,1.21,1.21,0,0
SKN_MV,D,20160502,000000,1.14,1.14,1.14,1.14,0,0
SKN_MV,D,20160512,000000,1.21,1.21,1.21,1.21,0,0
SKN_MV,D,20160513,000000,1.35,1.35,1.35,1.35,0,0
SKN_MV,D,20160517,000000,1.41,1.48,1.41,1.48,0,0
SKN_MV,D,20160518,000000,1.35,1.35,1.35,1.35,0,0
SKN_MV,D,20160520,000000,1.21,1.21,1.21,1.21,0,0
SKN_MV,D,20160523,000000,1.35,1.35,1.35,1.35,0,0
SKN_MV,D,20160524,000000,1.41,1.41,1.41,1.41,0,0
SKN_MV,D,20160525,000000,1.41,1.41,1.21,1.21,0,0
SKN_MV,D,20160527,000000,1.14,1.14,1.14,1.14,0,0
SKN_MV,D,20160530,000000,1.14,1.14,1.14,1.14,0,0
SKN_MV,D,20160622,000000,1.28,1.48,1.28,1.48,0,0
SKN_MV,D,20160623,000000,1.62,1.89,1.14,1.21,0,0
SKN_MV,D,20160624,000000,1.21,1.21,1.21,1.21,0,0
SKN_MV,D,20160627,000000,1.21,1.21,1.08,1.21,0,0
SKN_MV,D,20160628,000000,1.08,1.21,0.94,1.08,0,0
SKN_MV,D,20160629,000000,1.01,1.01,1.01,1.01,0,0
SKN_MV,D,20160630,000000,1.01,1.01,1.01,1.01,0,0
SKN_MV,D,20160705,000000,1.08,1.08,1.08,1.08,0,0
SKN_MV,D,20160706,000000,1.08,1.08,1.08,1.08,0,0
SKN_MV,D,20160707,000000,1.08,1.08,1.08,1.08,0,0
SKN_MV,D,20160708,000000,1.08,1.08,1.08,1.08,0,0
SKN_MV,D,20160711,000000,1.08,1.08,1.08,1.08,0,0
SKN_MV,D,20160712,000000,1.08,1.14,1.08,1.14,0,0
SKN_MV,D,20160713,000000,1.14,1.14,1.14,1.14,0,0
SKN_MV,D,20160714,000000,1.14,1.14,1.14,1.14,0,0
SKN_MV,D,20160715,000000,1.14,1.14,1.14,1.14,0,0
SKN_MV,D,20160718,000000,1.14,1.21,1.14,1.21,0,0
SKN_MV,D,20160719,000000,1.21,1.68,1.21,1.48,0,0
SKN_MV,D,20160720,000000,1.62,1.82,1.48,1.75,0,0
SKN_MV,D,20160721,000000,1.75,1.75,1.55,1.68,0,0
SKN_MV,D,20160722,000000,1.68,1.75,1.68,1.75,0,0
SKN_MV,D,20160725,000000,1.75,1.75,1.75,1.75,0,0
SKN_MV,D,20160726,000000,1.75,1.75,1.75,1.75,0,0
SKN_MV,D,20160727,000000,1.55,1.75,1.55,1.75,0,0
SKN_MV,D,20160728,000000,1.75,1.75,1.75,1.75,0,0
SKN_MV,D,20160729,000000,1.68,1.68,1.68,1.68,0,0
SKN_MV,D,20160801,000000,1.75,1.75,1.68,1.68,0,0
SKN_MV,D,20160802,000000,1.68,1.68,1.62,1.62,0,0
SKN_MV,D,20160803,000000,1.62,1.62,1.62,1.62,0,0
SKN_MV,D,20160804,000000,1.62,1.68,1.62,1.68,0,0
SKN_MV,D,20160805,000000,1.68,1.68,1.48,1.48,0,0
SKN_MV,D,20160808,000000,1.48,1.48,1.48,1.48,0,0
SKN_MV,D,20160809,000000,1.48,1.48,1.48,1.48,0,0
SKN_MV,D,20160810,000000,1.62,1.62,1.62,1.62,0,0
SKN_MV,D,20160811,000000,1.48,1.62,1.48,1.48,0,0
SKN_MV,D,20160812,000000,1.41,1.62,1.41,1.62,0,0
SKN_MV,D,20160816,000000,1.62,1.62,1.62,1.62,0,0
SKN_MV,D,20160817,000000,1.62,1.62,1.62,1.62,0,0
SKN_MV,D,20160818,000000,1.62,1.62,1.62,1.62,0,0
SKN_MV,D,20160819,000000,1.62,1.62,1.62,1.62,0,0
SKN_MV,D,20160822,000000,1.62,1.62,1.62,1.62,0,0
SKN_MV,D,20160823,000000,1.68,1.75,1.68,1.75,0,0
SKN_MV,D,20160824,000000,1.68,1.75,1.48,1.75,0,0
SKN_MV,D,20160825,000000,1.75,1.82,1.75,1.82,0,0
SKN_MV,D,20160826,000000,1.82,1.82,1.82,1.82,0,0
SKN_MV,D,20160830,000000,1.75,1.75,1.75,1.75,0,0
SKN_MV,D,20160905,000000,1.75,1.75,1.75,1.75,0,0
SKN_MV,D,20160906,000000,1.75,1.75,1.75,1.75,0,0
SKN_MV,D,20160907,000000,1.75,1.75,1.75,1.75,0,0
SKN_MV,D,20160908,000000,1.75,1.75,1.75,1.75,0,0
SKN_MV,D,20160909,000000,1.75,1.82,1.75,1.82,0,0
SKN_MV,D,20160912,000000,1.82,1.82,1.75,1.82,0,0
SKN_MV,D,20160913,000000,1.75,1.75,1.75,1.75,0,0
SKN_MV,D,20160914,000000,1.75,1.75,1.75,1.75,0,0
SKN_MV,D,20160915,000000,1.75,1.75,1.75,1.75,0,0
SKN_MV,D,20160916,000000,1.75,1.75,1.75,1.75,0,0
SKN_MV,D,20160919,000000,1.75,1.89,1.75,1.89,0,0
SKN_MV,D,20160920,000000,1.82,1.82,1.82,1.82,0,0
SKN_MV,D,20160921,000000,1.82,1.82,1.82,1.82,0,0
SKN_MV,D,20160923,000000,1.75,1.75,1.75,1.75,0,0
SKN_MV,D,20160926,000000,1.75,1.75,1.75,1.75,0,0
SKN_MV,D,20160927,000000,1.75,1.75,1.75,1.75,0,0
SKN_MV,D,20160928,000000,1.75,1.75,1.75,1.75,0,0
SKN_MV,D,20160929,000000,1.75,1.82,1.75,1.82,0,0
SKN_MV,D,20160930,000000,1.82,1.82,1.82,1.82,0,0
SKN_MV,D,20161004,000000,1.75,1.82,1.75,1.82,0,0
SKN_MV,D,20161005,000000,1.82,1.82,1.82,1.82,0,0
SKN_MV,D,20161006,000000,1.82,2.09,1.82,2.09,0,0
SKN_MV,D,20161007,000000,2.09,2.09,2.09,2.09,0,0
SKN_MV,D,20161010,000000,2.09,2.09,2.09,2.09,0,0
SKN_MV,D,20161011,000000,2.09,2.09,2.09,2.09,0,0
SKN_MV,D,20161013,000000,2.15,2.15,2.15,2.15,0,0
SKN_MV,D,20161014,000000,2.15,2.56,1.89,2.22,0,0
SKN_MV,D,20161017,000000,2.36,2.36,2.36,2.36,0,0
SKN_MV,D,20161019,000000,2.42,2.42,2.42,2.42,0,0
SKN_MV,D,20161025,000000,2.42,2.42,2.42,2.42,0,0
SKN_MV,D,20161026,000000,2.42,2.42,2.42,2.42,0,0
SKN_MV,D,20161102,000000,2.36,2.36,1.95,2.22,0,0
SKN_MV,D,20161118,000000,2.02,2.02,1.89,1.89,0,0
SKN_MV,D,20161123,000000,2.02,2.02,2.02,2.02,0,0
SKN_MV,D,20161124,000000,1.89,1.89,1.89,1.89,0,0
SKN_MV,D,20161209,000000,1.62,1.62,1.35,1.48,0,0
SKN_MV,D,20161219,000000,1.41,1.41,1.21,1.21,0,0
SKN_MV,D,20161220,000000,1.14,1.14,1.14,1.14,0,0
SKN_MV,D,20161230,000000,1.14,1.14,1.14,1.14,0,0
SKN_MV,D,20170102,000000,1.28,1.28,1.28,1.28,0,0
SKN_MV,D,20170103,000000,1.28,1.28,1.28,1.28,0,0
SKN_MV,D,20170104,000000,1.28,1.28,1.28,1.28,0,0
SKN_MV,D,20170105,000000,1.28,1.28,1.28,1.28,0,0
SKN_MV,D,20170109,000000,1.28,1.28,1.28,1.28,0,0
SKN_MV,D,20170110,000000,1.28,1.28,1.28,1.28,0,0
SKN_MV,D,20170116,000000,1.28,1.28,1.28,1.28,0,0
SKN_MV,D,20170120,000000,1.35,1.35,1.35,1.35,0,0
SKN_MV,D,20170124,000000,1.35,1.35,1.35,1.35,0,0
SKN_MV,D,20170125,000000,1.35,1.35,1.35,1.35,0,0
SKN_MV,D,20170126,000000,1.35,1.35,1.35,1.35,0,0
SKN_MV,D,20170130,000000,1.35,1.35,1.35,1.35,0,0
SKN_MV,D,20170201,000000,1.35,1.35,1.35,1.35,0,0
SKN_MV,D,20170202,000000,1.35,1.35,1.35,1.35,0,0
SKN_MV,D,20170203,000000,1.35,1.41,1.35,1.41,0,0
SKN_MV,D,20170210,000000,1.41,1.48,1.41,1.48,0,0
SKN_MV,D,20170221,000000,1.35,1.35,1.35,1.35,0,0
SKN_MV,D,20170223,000000,1.35,1.35,1.35,1.35,0,0
SKN_MV,D,20170228,000000,1.35,1.35,1.35,1.35,0,0
SKN_MV,D,20170313,000000,1.35,1.48,1.35,1.48,0,0
SKN_MV,D,20170411,000000,1.28,1.28,1.28,1.28,0,0
SKN_MV,D,20170418,000000,1.28,1.41,1.28,1.41,0,0
SKN_MV,D,20170504,000000,1.41,1.55,1.41,1.41,0,0
SKN_MV,D,20170505,000000,1.55,1.55,1.55,1.55,0,0
SKN_MV,D,20170508,000000,1.55,1.55,1.55,1.55,0,0
SKN_MV,D,20170512,000000,1.55,1.55,1.55,1.55,0,0
SKN_MV,D,20170606,000000,1.55,1.89,1.55,1.89,0,0
SKN_MV,D,20170607,000000,1.68,2.02,1.68,1.82,0,0
SKN_MV,D,20170608,000000,1.89,1.95,1.89,1.95,0,0
SKN_MV,D,20170609,000000,1.75,1.75,1.68,1.75,0,0
SKN_MV,D,20170612,000000,1.68,1.68,1.68,1.68,0,0
SKN_MV,D,20170613,000000,1.68,1.75,1.68,1.75,0,0
SKN_MV,D,20170614,000000,1.68,1.68,1.68,1.68,0,0
SKN_MV,D,20170616,000000,1.68,1.68,1.68,1.68,0,0
SKN_MV,D,20170711,000000,1.75,1.75,1.75,1.75,0,0
SKN_MV,D,20170724,000000,1.68,1.68,1.68,1.68,0,0
SKN_MV,D,20170802,000000,1.75,1.75,1.75,1.75,0,0
SKN_MV,D,20170824,000000,1.62,1.62,1.55,1.55,0,0
SKN_MV,D,20170828,000000,1.48,1.48,1.48,1.48,0,0
SKN_MV,D,20170830,000000,1.48,1.48,1.48,1.48,0,0
SKN_MV,D,20170906,000000,1.41,1.41,1.35,1.35,0,0
SKN_MV,D,20170920,000000,1.41,1.48,1.41,1.48,0,0
SKN_MV,D,20171005,000000,1.35,1.35,1.28,1.28,0,0
SKN_MV,D,20171019,000000,1.41,1.41,1.28,1.28,0,0
SKN_MV,D,20171031,000000,1.28,1.28,1.28,1.28,0,0
SKN_MV,D,20171107,000000,1.28,1.28,1.28,1.28,0,0
SKN_MV,D,20171108,000000,1.35,1.35,1.35,1.35,0,0
SKN_MV,D,20171114,000000,1.28,1.28,1.21,1.21,0,0
SKN_MV,D,20171117,000000,1.14,1.14,1.08,1.08,0,0
SKN_MV,D,20171120,000000,1.08,1.08,1.08,1.08,0,0
SKN_MV,D,20171204,000000,1.14,1.14,1.14,1.14,0,0
SKN_MV,D,20171205,000000,1.14,1.14,1.14,1.14,0,0
SKN_MV,D,20171220,000000,1.01,1.01,0.94,0.94,0,0
SKN_MV,D,20171221,000000,0.94,0.94,0.81,0.94,0,0
SKN_MV,D,20171222,000000,1.01,1.01,1.01,1.01,0,0
SKN_MV,D,20180215,000000,1.01,1.01,1.01,1.01,0,0
SKN_MV,D,20180216,000000,1.08,1.48,1.08,1.48,0,0
SKN_MV,D,20180219,000000,1.55,1.75,1.55,1.62,0,0
SKN_MV,D,20180220,000000,1.75,1.82,1.62,1.82,0,0
SKN_MV,D,20180221,000000,1.82,1.82,1.48,1.55,0,0
SKN_MV,D,20180222,000000,1.48,1.48,1.41,1.41,0,0
SKN_MV,D,20180223,000000,1.41,1.41,1.35,1.35,0,0
SKN_MV,D,20180226,000000,1.28,1.28,1.28,1.28,0,0
SKN_MV,D,20180302,000000,1.28,1.41,1.28,1.41,0,0
SKN_MV,D,20180306,000000,1.21,1.21,1.21,1.21,0,0
SKN_MV,D,20180308,000000,1.21,1.21,1.14,1.14,0,0
SKN_MV,D,20180309,000000,1.08,1.08,1.01,1.01,0,0
SKN_MV,D,20180312,000000,1.08,1.08,1.08,1.08,0,0
SKN_MV,D,20180319,000000,1.21,1.21,1.21,1.21,0,0
SKN_MV,D,20180406,000000,1.08,1.14,1.08,1.14,0,0
SKN_MV,D,20180419,000000,1.01,1.01,1.01,1.01,0,0
SKN_MV,D,20180420,000000,1.01,1.01,1.01,1.01,0,0
SKN_MV,D,20180423,000000,1.01,1.01,0.88,0.88,0,0
SKN_MV,D,20180424,000000,0.88,0.88,0.88,0.88,0,0
SKN_MV,D,20180521,000000,0.81,0.81,0.81,0.81,0,0
SKN_MV,D,20180605,000000,0.81,0.81,0.81,0.81,0,0
SKN_MV,D,20180607,000000,0.88,0.88,0.88,0.88,0,0
SKN_MV,D,20180608,000000,0.81,0.81,0.81,0.81,0,0
SKN_MV,D,20180612,000000,0.74,0.74,0.74,0.74,0,0
SKN_MV,D,20180613,000000,0.74,0.74,0.74,0.74,0,0
SKN_MV,D,20180730,000000,0.81,0.81,0.81,0.81,0,0
SKN_MV,D,20180807,000000,0.74,0.74,0.74,0.74,0,0
SKN_MV,D,20180808,000000,0.74,0.74,0.74,0.74,0,0
SKN_MV,D,20180809,000000,0.81,0.81,0.81,0.81,0,0
SKN_MV,D,20180810,000000,0.81,0.81,0.81,0.81,0,0
SKN_MV,D,20180906,000000,0.74,0.74,0.74,0.74,0,0
SKN_MV,D,20180924,000000,1.48,1.48,1.48,1.48,0,0
SKN_MV,D,20180926,000000,1.75,1.89,1.75,1.89,0,0
SKN_MV,D,20181024,000000,1.62,1.62,1.62,1.62,0,0
SKN_MV,D,20181030,000000,1.48,1.48,1.35,1.35,0,0
SKN_MV,D,20181122,000000,1.08,1.08,1.08,1.08,0,0
SKN_MV,D,20181221,000000,1.62,1.62,1.62,1.62,0,0
SKN_MV,D,20190108,000000,1.41,1.41,1.41,1.41,0,0
SKN_MV,D,20190205,000000,1.41,1.41,1.41,1.41,0,0
SKN_MV,D,20190206,000000,1.62,1.82,1.62,1.82,0,0
SKN_MV,D,20190207,000000,2.02,2.42,2.02,2.42,0,0
SKN_MV,D,20190208,000000,2.42,2.42,2.22,2.22,0,0
SKN_MV,D,20190211,000000,1.82,2.02,1.62,2.02,0,0
SKN_MV,D,20190212,000000,2.42,2.42,1.62,1.62,0,0
SKN_MV,D,20190213,000000,1.41,1.41,1.41,1.41,0,0
SKN_MV,D,20190214,000000,1.41,1.62,1.21,1.41,0,0
SKN_MV,D,20190215,000000,1.62,1.82,1.62,1.82,0,0
SKN_MV,D,20190218,000000,2.22,2.63,2.22,2.42,0,0
SKN_MV,D,20190219,000000,2.63,3.64,2.63,3.64,0,0
SKN_MV,D,20190220,000000,4.85,5.66,4.85,5.45,0,0
SKN_MV,D,20190221,000000,5.45,6.06,4.44,4.44,0,0
SKN_MV,D,20190222,000000,5.25,5.25,4.44,4.44,0,0
SKN_MV,D,20190225,000000,4.65,5.45,4.44,4.85,0,0
SKN_MV,D,20190226,000000,5.45,6.46,5.45,6.46,0,0
SKN_MV,D,20190227,000000,7.68,9.09,6.87,8.89,0,0
SKN_MV,D,20190228,000000,9.49,11.11,7.68,7.68,0,0
SKN_MV,D,20190301,000000,7.07,7.07,5.66,5.66,0,0
SKN_MV,D,20190307,000000,5.66,7.23,5.66,6.67,0,0
SKN_MV,D,20190308,000000,6.67,8,6.67,8,0,0
SKN_MV,D,20190311,000000,7.64,8.81,7.64,8.08,0,0
SKN_MV,D,20190312,000000,7.88,8.08,7.68,8.08,0,0
SKN_MV,D,20190313,000000,8.04,8.04,5.86,6.63,0,0
SKN_MV,D,20190314,000000,6.63,6.63,5.25,6.58,0,0
SKN_MV,D,20190315,000000,6.46,6.46,5.25,6.42,0,0
SKN_MV,D,20190318,000000,6.06,6.06,5.86,5.86,0,0
SKN_MV,D,20190319,000000,5.05,5.05,5.05,5.05,0,0
SKN_MV,D,20190320,000000,4.36,4.36,4.24,4.24,0,0
SKN_MV,D,20190322,000000,3.84,3.84,3.84,3.84,0,0
SKN_MV,D,20190325,000000,4.04,4.04,3.03,3.03,0,0
SKN_MV,D,20190327,000000,2.83,3.23,2.83,3.23,0,0
SKN_MV,D,20190328,000000,3.23,3.23,3.23,3.23,0,0
SKN_MV,D,20190329,000000,3.23,4.65,3.23,3.84,0,0
SKN_MV,D,20190401,000000,4.44,5.25,4.04,4.04,0,0
SKN_MV,D,20190402,000000,3.88,4.65,3.88,4.65,0,0
SKN_MV,D,20190403,000000,3.88,3.88,3.84,3.84,0,0
SKN_MV,D,20190404,000000,3.84,4.24,3.84,4.24,0,0
SKN_MV,D,20190405,000000,3.84,3.84,3.23,3.64,0,0
SKN_MV,D,20190408,000000,3.64,3.64,3.03,3.43,0,0
SKN_MV,D,20190409,000000,3.43,3.43,3.43,3.43,0,0
SKN_MV,D,20190410,000000,3.72,3.8,3.72,3.8,0,0
SKN_MV,D,20190415,000000,3.17,3.23,3.17,3.23,0,0
SKN_MV,D,20190416,000000,3.23,3.23,3.23,3.23,0,0
SKN_MV,D,20190417,000000,3.23,3.23,3.23,3.23,0,0
SKN_MV,D,20190418,000000,3.76,3.76,3.76,3.76,0,0
SKN_MV,D,20190426,000000,3.01,3.01,2.46,2.46,0,0
SKN_MV,D,20190429,000000,2.95,3.64,2.95,3.64,0,0
SKN_MV,D,20190430,000000,3.96,4.73,3.84,3.84,0,0
SKN_MV,D,20190502,000000,3.84,4.56,3.64,4.56,0,0
SKN_MV,D,20190506,000000,4.04,4.44,4.04,4.44,0,0
SKN_MV,D,20190508,000000,3.43,3.84,3.13,3.84,0,0
SKN_MV,D,20190509,000000,3.15,3.15,3.15,3.15,0,0
SKN_MV,D,20190510,000000,2.93,2.93,2.93,2.93,0,0
SKN_MV,D,20190513,000000,3.23,3.66,2.85,3.66,0,0
SKN_MV,D,20190514,000000,3.84,4.44,3.43,4.44,0,0
SKN_MV,D,20190515,000000,4.44,4.44,4.44,4.44,0,0
SKN_MV,D,20190516,000000,4.44,4.44,4.44,4.44,0,0
SKN_MV,D,20190522,000000,4.24,4.24,4.24,4.24,0,0
SKN_MV,D,20190524,000000,2.44,2.44,2.44,2.44,0,0
SKN_MV,D,20190527,000000,2.93,2.93,2.46,2.46,0,0
SKN_MV,D,20190528,000000,2.95,3.23,2.28,2.5,0,0
SKN_MV,D,20190529,000000,2.28,2.28,2.28,2.28,0,0
SKN_MV,D,20190530,000000,2.63,2.63,2.26,2.26,0,0
SKN_MV,D,20190531,000000,2.63,2.63,2.12,2.42,0,0
SKN_MV,D,20190603,000000,2.02,2.02,1.45,1.45,0,0
SKN_MV,D,20190604,000000,1.82,1.9,1.82,1.9,0,0
SKN_MV,D,20190605,000000,1.33,1.33,1.33,1.33,0,0
SKN_MV,D,20190606,000000,1.6,1.6,1.33,1.54,0,0
SKN_MV,D,20190607,000000,1.31,1.56,1.23,1.56,0,0
SKN_MV,D,20190610,000000,1.6,1.6,1.41,1.41,0,0
SKN_MV,D,20190611,000000,1.51,1.51,1.25,1.25,0,0
SKN_MV,D,20190612,000000,1.37,1.37,1.37,1.37,0,0
SKN_MV,D,20190613,000000,1.37,2.12,1.37,2.12,0,0
SKN_MV,D,20190614,000000,2.22,2.59,2.22,2.32,0,0
SKN_MV,D,20190617,000000,1.94,2.22,1.86,1.86,0,0
SKN_MV,D,20190618,000000,1.82,1.82,1.82,1.82,0,0
SKN_MV,D,20190619,000000,2.1,2.1,2.02,2.02,0,0
SKN_MV,D,20190621,000000,1.82,1.82,1.82,1.82,0,0
SKN_MV,D,20190624,000000,1.99,1.99,1.99,1.99,0,0
SKN_MV,D,20190625,000000,1.82,2.26,1.82,2.26,0,0
SKN_MV,D,20190626,000000,2.3,2.3,1.92,2.18,0,0
SKN_MV,D,20190627,000000,2.18,2.18,2.14,2.14,0,0
SKN_MV,D,20190628,000000,2.12,2.12,2.12,2.12,0,0
SKN_MV,D,20190702,000000,2.02,2.02,2.02,2.02,0,0
SKN_MV,D,20190705,000000,1.9,1.9,1.84,1.84,0,0
SKN_MV,D,20190709,000000,2.41,2.41,2.41,2.41,0,0
SKN_MV,D,20190711,000000,2.41,3.12,2.41,3.12,0,0
SKN_MV,D,20190712,000000,2.66,2.9,2.57,2.9,0,0
SKN_MV,D,20190715,000000,2.9,2.9,2.9,2.9,0,0
SKN_MV,D,20190718,000000,3.07,3.15,3.07,3.15,0,0
SKN_MV,D,20190723,000000,2.66,2.66,2.4,2.66,0,0
SKN_MV,D,20190724,000000,2.49,2.49,2.49,2.49,0,0
SKN_MV,D,20190726,000000,2.64,2.64,2.42,2.42,0,0
SKN_MV,D,20190729,000000,2.42,2.42,2.42,2.42,0,0
SKN_MV,D,20190801,000000,2.3,2.42,2.3,2.42,0,0
SKN_MV,D,20190802,000000,2.42,2.42,2.03,2.42,0,0
SKN_MV,D,20190805,000000,2.44,2.44,2.44,2.44,0,0
SKN_MV,D,20190807,000000,2.17,2.44,2.14,2.4,0,0
SKN_MV,D,20190808,000000,2.4,2.4,2.4,2.4,0,0
SKN_MV,D,20190809,000000,2.14,2.14,2.14,2.14,0,0
SKN_MV,D,20190812,000000,2.4,2.41,2.4,2.4,0,0
SKN_MV,D,20190813,000000,2.47,2.47,2.4,2.4,0,0
SKN_MV,D,20190814,000000,2.4,2.47,2.4,2.47,0,0
SKN_MV,D,20190816,000000,2.42,2.64,2.4,2.64,0,0
SKN_MV,D,20190819,000000,2.47,2.47,2.4,2.4,0,0
SKN_MV,D,20190823,000000,2.41,2.41,2.41,2.41,0,0
SKN_MV,D,20190904,000000,2.57,2.66,2.57,2.64,0,0
SKN_MV,D,20190905,000000,2.59,2.59,2.59,2.59,0,0
SKN_MV,D,20190906,000000,2.34,2.49,2.17,2.49,0,0
SKN_MV,D,20190909,000000,2.18,2.49,2.18,2.18,0,0
SKN_MV,D,20190911,000000,2.18,2.18,2.18,2.18,0,0
SKN_MV,D,20190913,000000,2.41,2.41,2.41,2.41,0,0
SKN_MV,D,20190917,000000,2.07,2.07,2.07,2.07,0,0
SKN_MV,D,20190918,000000,2.08,2.08,2.06,2.06,0,0
SKN_MV,D,20190920,000000,2.3,2.35,2.3,2.35,0,0
SKN_MV,D,20190926,000000,2.14,2.36,2.14,2.25,0,0
SKN_MV,D,20190927,000000,2.36,2.76,2.36,2.76,0,0
SKN_MV,D,20190930,000000,2.66,2.66,2.66,2.66,0,0
SKN_MV,D,20191001,000000,2.71,2.78,2.71,2.78,0,0
SKN_MV,D,20191002,000000,2.78,2.78,2.78,2.78,0,0
SKN_MV,D,20191008,000000,2.38,2.38,2.18,2.23,0,0
SKN_MV,D,20191009,000000,2.42,2.42,2.42,2.42,0,0
SKN_MV,D,20191010,000000,2.54,3.02,2.54,3.02,0,0
SKN_MV,D,20191011,000000,3.02,3.24,3.02,3.24,0,0
SKN_MV,D,20191014,000000,3.19,3.19,3.19,3.19,0,0
SKN_MV,D,20191015,000000,3.19,3.19,3.19,3.19,0,0
SKN_MV,D,20191016,000000,3.19,3.63,3.19,3.63,0,0
SKN_MV,D,20191017,000000,3.63,3.85,3.63,3.85,0,0
SKN_MV,D,20191018,000000,3.85,4.6,3.75,3.75,0,0
SKN_MV,D,20191021,000000,4.28,4.28,3.39,3.85,0,0
SKN_MV,D,20191022,000000,3.63,3.63,2.95,3.56,0,0
SKN_MV,D,20191023,000000,3.75,3.75,3.75,3.75,0,0
SKN_MV,D,20191024,000000,3.34,3.48,2.9,3.48,0,0
SKN_MV,D,20191025,000000,3.51,3.61,3.51,3.61,0,0
SKN_MV,D,20191028,000000,3.63,3.63,3.63,3.63,0,0
SKN_MV,D,20191029,000000,3.63,3.63,3.63,3.63,0,0
SKN_MV,D,20191030,000000,3.56,3.56,3.56,3.56,0,0
SKN_MV,D,20191031,000000,3.56,3.56,3.56,3.56,0,0
SKN_MV,D,20191104,000000,3.56,3.56,3.56,3.56,0,0
SKN_MV,D,20191105,000000,3.15,3.56,3.15,3.56,0,0
SKN_MV,D,20191106,000000,3.68,3.68,3.68,3.68,0,0
SKN_MV,D,20191107,000000,3.68,3.68,3.68,3.68,0,0
SKN_MV,D,20191108,000000,3.15,3.68,3.15,3.68,0,0
SKN_MV,D,20191112,000000,3.68,4.26,3.39,3.39,0,0
SKN_MV,D,20191113,000000,3.85,4.6,3.41,4.6,0,0
SKN_MV,D,20191114,000000,4.94,5.9,4.72,5.57,0,0
SKN_MV,D,20191115,000000,6.15,6.15,5.23,5.28,0,0
SKN_MV,D,20191118,000000,4.84,4.84,3.87,3.87,0,0
SKN_MV,D,20191119,000000,3.87,4.11,3.68,3.73,0,0
SKN_MV,D,20191120,000000,3.41,3.85,3.39,3.85,0,0
SKN_MV,D,20191121,000000,3.46,3.85,3.46,3.85,0,0
SKN_MV,D,20191122,000000,3.46,4.31,3.46,4.31,0,0
SKN_MV,D,20191125,000000,4.31,4.43,4.23,4.23,0,0
SKN_MV,D,20191126,000000,4.23,4.23,3.46,3.46,0,0
SKN_MV,D,20191127,000000,3.53,4.02,3.27,3.27,0,0
SKN_MV,D,20191128,000000,3.73,3.87,3.73,3.82,0,0
SKN_MV,D,20191129,000000,3.85,3.85,3.85,3.85,0,0
SKN_MV,D,20191202,000000,3.36,3.44,2.93,3.44,0,0
SKN_MV,D,20191203,000000,3.44,3.61,3.44,3.61,0,0
SKN_MV,D,20191204,000000,3.15,3.61,3.15,3.61,0,0
SKN_MV,D,20191205,000000,3.61,3.61,3.61,3.61,0,0
SKN_MV,D,20191206,000000,3.58,3.58,3.15,3.53,0,0
SKN_MV,D,20191209,000000,3.58,3.58,3.58,3.58,0,0
SKN_MV,D,20191211,000000,3.27,3.51,3.27,3.51,0,0
SKN_MV,D,20191212,000000,3.61,3.61,3,3.15,0,0
SKN_MV,D,20191213,000000,3.39,3.48,3.39,3.48,0,0
SKN_MV,D,20191216,000000,3.24,3.24,3.22,3.22,0,0
SKN_MV,D,20191217,000000,3.22,3.51,3.22,3.51,0,0
SKN_MV,D,20191219,000000,3.48,3.48,3.48,3.48,0,0
SKN_MV,D,20191220,000000,3.22,3.44,3,3.44,0,0
SKN_MV,D,20191223,000000,3.15,3.15,3.15,3.15,0,0
SKN_MV,D,20191227,000000,2.98,3.15,2.98,3.15,0,0
SKN_MV,D,20191230,000000,3.15,3.51,3.15,3.51,0,0
SKN_MV,D,20200102,000000,3.73,4.11,3.73,4.11,0,0
SKN_MV,D,20200107,000000,4.11,4.31,4.11,4.31,0,0
SKN_MV,D,20200108,000000,4.11,4.33,4.11,4.11,0,0
SKN_MV,D,20200109,000000,4.33,4.36,4.33,4.36,0,0
SKN_MV,D,20200110,000000,4.11,4.11,4.11,4.11,0,0
SKN_MV,D,20200113,000000,4.11,4.11,3.92,3.92,0,0
SKN_MV,D,20200117,000000,4.48,4.48,4.48,4.48,0,0
SKN_MV,D,20200120,000000,4.55,4.6,4.55,4.6,0,0
SKN_MV,D,20200122,000000,4.14,4.36,4.14,4.36,0,0
SKN_MV,D,20200123,000000,4.36,4.36,4.36,4.36,0,0
SKN_MV,D,20200124,000000,4.36,4.36,4.36,4.36,0,0
SKN_MV,D,20200127,000000,4.72,4.79,4.72,4.72,0,0
SKN_MV,D,20200128,000000,4.72,6,4.72,6,0,0
SKN_MV,D,20200129,000000,5.9,6.73,5.57,6.68,0,0
SKN_MV,D,20200131,000000,6.53,7.74,6.53,7.74,0,0
SKN_MV,D,20200203,000000,7.74,7.74,7.74,7.74,0,0
SKN_MV,D,20200204,000000,7.02,7.02,6.58,6.58,0,0
SKN_MV,D,20200207,000000,7.26,8.08,7.26,7.94,0,0
SKN_MV,D,20200210,000000,7.94,9.2,7.74,9.2,0,0
SKN_MV,D,20200211,000000,8.95,8.95,8.95,8.95,0,0
SKN_MV,D,20200213,000000,7.26,7.74,6.53,6.53,0,0
SKN_MV,D,20200214,000000,6.53,6.78,6.29,6.78,0,0
SKN_MV,D,20200218,000000,6.78,7.89,6.78,7.79,0,0
SKN_MV,D,20200220,000000,6.1,7.7,6.1,7.7,0,0
SKN_MV,D,20200224,000000,6.1,7.4,6.05,7.4,0,0
SKN_MV,D,20200225,000000,6,7.4,6,7.4,0,0
SKN_MV,D,20200227,000000,6.05,7.26,6.05,6.78,0,0
SKN_MV,D,20200306,000000,5.57,6.05,5.57,6.05,0,0
SKN_MV,D,20200309,000000,6.05,6.05,4.6,6.05,0,0
SKN_MV,D,20200313,000000,5.57,6.73,5.57,6.68,0,0
SKN_MV,D,20200316,000000,6.73,6.73,6.58,6.58,0,0
SKN_MV,D,20200318,000000,6.63,6.63,6.63,6.63,0,0
SKN_MV,D,20200320,000000,5.57,6.53,4.5,6.53,0,0
SKN_MV,D,20200326,000000,6.49,6.53,6.49,6.53,0,0
SKN_MV,D,20200330,000000,5.23,6.05,5.23,6.05,0,0
SKN_MV,D,20200406,000000,4.84,5.52,4.84,5.52,0,0
SKN_MV,D,20200409,000000,5.57,5.57,5.57,5.57,0,0
SKN_MV,D,20200414,000000,5.66,5.71,5.66,5.71,0,0
SKN_MV,D,20200415,000000,5.71,5.71,5.71,5.71,0,0
SKN_MV,D,20200416,000000,5.71,5.81,5.71,5.81,0,0
SKN_MV,D,20200417,000000,5.81,6.05,5.81,6,0,0
SKN_MV,D,20200420,000000,4.84,5.81,4.84,5.81,0,0
SKN_MV,D,20200421,000000,4.84,5.76,4.11,5.57,0,0
SKN_MV,D,20200424,000000,5.57,5.57,5.57,5.57,0,0
SKN_MV,D,20200427,000000,5.57,5.57,5.57,5.57,0,0
SKN_MV,D,20200430,000000,5.32,5.81,5.32,5.32,0,0
SKN_MV,D,20200504,000000,5.71,5.71,5.71,5.71,0,0
SKN_MV,D,20200513,000000,5.32,5.66,5.32,5.66,0,0
SKN_MV,D,20200514,000000,5.08,5.52,5.08,5.52,0,0
SKN_MV,D,20200518,000000,4.84,5.42,4.84,5.42,0,0
SKN_MV,D,20200520,000000,4.36,5.37,4.36,5.37,0,0
SKN_MV,D,20200529,000000,4.36,5.42,4.36,5.42,0,0
SKN_MV,D,20200601,000000,5.42,5.42,5.42,5.42,0,0
SKN_MV,D,20200605,000000,5.42,5.42,4.72,5.37,0,0
SKN_MV,D,20200619,000000,4.6,5.42,4.6,5.42,0,0
SKN_MV,D,20200623,000000,5.32,5.42,5.32,5.42,0,0
SKN_MV,D,20200624,000000,5.42,6.05,5.42,6,0,0
SKN_MV,D,20200626,000000,5.32,6.05,5.32,6,0,0
SKN_MV,D,20200630,000000,6.05,6.05,6.05,6.05,0,0
SKN_MV,D,20200702,000000,6,6.05,6,6.05,0,0
SKN_MV,D,20200703,000000,6.05,6.05,6.05,6.05,0,0
SKN_MV,D,20200707,000000,6.05,6.05,6.05,6.05,0,0
SKN_MV,D,20200710,000000,6.05,6.78,6.05,6.58,0,0
SKN_MV,D,20200713,000000,6.29,6.29,6.29,6.29,0,0
SKN_MV,D,20200714,000000,6.78,6.78,6.29,6.73,0,0
SKN_MV,D,20200715,000000,6.78,6.78,6.78,6.78,0,0
SKN_MV,D,20200717,000000,6.78,7.26,6.78,7.26,0,0
SKN_MV,D,20200720,000000,7.26,7.26,7.21,7.21,0,0
SKN_MV,D,20200721,000000,7.26,10.41,7.26,9.44,0,0
SKN_MV,D,20200722,000000,9.2,9.44,7.5,9.44,0,0
SKN_MV,D,20200723,000000,9.2,13.19,9.2,13.19,0,0
SKN_MV,D,20200724,000000,15.61,18.51,14.16,16.7,0,0
SKN_MV,D,20200727,000000,19.84,19.84,16.46,17.18,0,0
SKN_MV,D,20200728,000000,18.88,19.12,16.46,18.15,0,0
SKN_MV,D,20200729,000000,16.46,19.72,16.46,18.15,0,0
SKN_MV,D,20200730,000000,17.42,17.42,14.52,14.52,0,0
SKN_MV,D,20200731,000000,14.52,16.46,12.34,14.16,0,0
SKN_MV,D,20200803,000000,14.28,16.82,14.28,15.73,0,0
SKN_MV,D,20200804,000000,14.28,16.7,14.28,15.25,0,0
SKN_MV,D,20200805,000000,13.31,15.73,11.62,12.34,0,0
SKN_MV,D,20200806,000000,13.07,13.07,10.36,12,0,0
SKN_MV,D,20200807,000000,11.91,11.95,9.92,10.16,0,0
SKN_MV,D,20200810,000000,10.12,10.12,10.12,10.12,0,0
SKN_MV,D,20200811,000000,9.87,10.16,9.87,10.16,0,0
SKN_MV,D,20200812,000000,8.95,10.16,8.95,9.87,0,0
SKN_MV,D,20200813,000000,9.2,9.82,9.2,9.68,0,0
SKN_MV,D,20200814,000000,9.68,9.78,9.68,9.78,0,0
SKN_MV,D,20200817,000000,9.78,9.78,9.73,9.78,0,0
SKN_MV,D,20200818,000000,9.78,11.42,9.78,10.89,0,0
SKN_MV,D,20200819,000000,9.68,10.84,8.95,9.78,0,0
SKN_MV,D,20200820,000000,9.68,9.92,9.68,9.92,0,0
SKN_MV,D,20200821,000000,9.92,10.65,9.92,10.65,0,0
SKN_MV,D,20200824,000000,9.92,9.92,9.92,9.92,0,0
SKN_MV,D,20200825,000000,9.2,9.63,9.2,9.63,0,0
SKN_MV,D,20200826,000000,9.63,9.78,9.63,9.68,0,0
SKN_MV,D,20200828,000000,8.71,9.34,8.23,9.2,0,0
SKN_MV,D,20200831,000000,8.23,12.58,8.23,12.58,0,0
SKN_MV,D,20200901,000000,12.58,15,12,12.34,0,0
SKN_MV,D,20200902,000000,10.16,11.86,10.16,11.86,0,0
SKN_MV,D,20200903,000000,11.86,11.86,11.86,11.86,0,0
SKN_MV,D,20200904,000000,10.16,11.81,9.68,11.81,0,0
SKN_MV,D,20200908,000000,11.86,11.86,11.86,11.86,0,0
SKN_MV,D,20200909,000000,10.02,11.76,10.02,11.08,0,0
SKN_MV,D,20200911,000000,9.68,11.37,8.47,11.33,0,0
SKN_MV,D,20200914,000000,9.2,11.08,9.2,11.08,0,0
SKN_MV,D,20200915,000000,9.2,10.79,7.74,10.79,0,0
SKN_MV,D,20200918,000000,9.68,10.65,9.68,10.65,0,0
SKN_MV,D,20200923,000000,8.95,10.31,8.95,10.31,0,0
SKN_MV,D,20201002,000000,9.63,11.33,9.63,11.33,0,0
SKN_MV,D,20201006,000000,11.03,11.03,9.44,9.44,0,0
SKN_MV,D,20201007,000000,10.79,10.79,10.79,10.79,0,0
SKN_MV,D,20201009,000000,10.65,10.65,10.41,10.6,0,0
SKN_MV,D,20201012,000000,9.44,10.65,9.44,10.65,0,0
SKN_MV,D,20201014,000000,9.15,10.6,9.15,10.6,0,0
SKN_MV,D,20201015,000000,9.1,12.34,9.1,12.34,0,0
SKN_MV,D,20201016,000000,12.05,12.05,9.68,10.55,0,0
