<TICKER>,<PER>,<DATE>,<TIME>,<OPEN>,<HIGH>,<LOW>,<CLOSE>,<VOL>,<OPENINT>
TLV_MV,D,20110415,000000,11.933,11.933,11.933,11.933,0,0
TLV_MV,D,20110418,000000,11.688,12.322,11.402,11.402,0,0
TLV_MV,D,20110419,000000,11.79,12.27,11.545,11.933,0,0
TLV_MV,D,20110420,000000,12.026,13.04,12.026,12.753,0,0
TLV_MV,D,20110421,000000,12.896,13.529,12.559,12.559,0,0
TLV_MV,D,20110426,000000,12.609,12.609,11.688,11.984,0,0
TLV_MV,D,20110427,000000,11.493,11.883,10.962,11.012,0,0
TLV_MV,D,20110428,000000,11.063,11.452,11.063,11.301,0,0
TLV_MV,D,20110429,000000,11.301,11.301,10.962,11.207,0,0
TLV_MV,D,20110502,000000,10.87,11.207,10.818,11.063,0,0
TLV_MV,D,20110504,000000,11.115,11.115,10.625,10.777,0,0
TLV_MV,D,20110505,000000,10.777,10.92,10.532,10.92,0,0
TLV_MV,D,20110506,000000,10.92,10.92,10.439,10.439,0,0
TLV_MV,D,20110509,000000,10.777,10.777,10.194,10.439,0,0
TLV_MV,D,20110510,000000,10.532,10.532,9.518,9.569,0,0
TLV_MV,D,20110511,000000,9.949,10.092,9.662,9.906,0,0
TLV_MV,D,20110512,000000,10.001,10.001,8.9862,9.612,0,0
TLV_MV,D,20110513,000000,9.2734,9.949,9.2734,9.713,0,0
TLV_MV,D,20110516,000000,9.4175,9.713,8.6991,9.1292,0,0
TLV_MV,D,20110517,000000,9.18,9.18,8.3105,8.5046,0,0
TLV_MV,D,20110518,000000,8.6482,8.6482,7.2463,7.6348,0,0
TLV_MV,D,20110519,000000,7.7275,8.1668,7.2463,7.4912,0,0
TLV_MV,D,20110520,000000,7.7275,8.2597,7.584,7.9725,0,0
TLV_MV,D,20110523,000000,8.1161,8.1668,7.6348,8.0233,0,0
TLV_MV,D,20110524,000000,8.0233,8.0233,7.3391,7.7783,0,0
TLV_MV,D,20110525,000000,7.7783,7.9725,7.3899,7.7275,0,0
TLV_MV,D,20110526,000000,7.8289,8.1161,7.2969,7.7275,0,0
TLV_MV,D,20110527,000000,7.7275,8.6991,7.7275,8.4535,0,0
TLV_MV,D,20110530,000000,8.5046,12.221,8.5046,12.221,0,0
TLV_MV,D,20110531,000000,14.204,14.493,11.402,11.402,0,0
TLV_MV,D,20110601,000000,10.777,11.597,9.662,10.245,0,0
TLV_MV,D,20110602,000000,10.625,11.883,9.949,10.439,0,0
TLV_MV,D,20110603,000000,10.583,10.625,9.0793,9.2734,0,0
TLV_MV,D,20110606,000000,9.569,10.049,8.6482,9.4175,0,0
TLV_MV,D,20110607,000000,9.1292,9.4175,8.6991,9.18,0,0
TLV_MV,D,20110608,000000,9.18,9.18,8.5469,9.037,0,0
TLV_MV,D,20110609,000000,9.0793,9.0793,8.6991,8.6991,0,0
TLV_MV,D,20110610,000000,8.6482,9.2308,8.209,8.9352,0,0
TLV_MV,D,20110613,000000,9.324,10.625,9.0793,10.338,0,0
TLV_MV,D,20110614,000000,10.338,10.338,9.1292,9.324,0,0
TLV_MV,D,20110615,000000,9.4175,9.4175,8.8848,9.037,0,0
TLV_MV,D,20110616,000000,8.7912,10.049,8.6991,9.755,0,0
TLV_MV,D,20110617,000000,10.001,10.818,9.3737,10.583,0,0
TLV_MV,D,20110620,000000,10.144,11.646,9.713,10.625,0,0
TLV_MV,D,20110621,000000,10.194,10.388,9.713,10.049,0,0
TLV_MV,D,20110622,000000,10.092,10.092,9.2308,9.3737,0,0
TLV_MV,D,20110624,000000,9.324,9.857,9.18,9.518,0,0
TLV_MV,D,20110627,000000,9.518,9.713,8.7912,8.7912,0,0
TLV_MV,D,20110628,000000,9.037,9.3737,8.7417,9.2734,0,0
TLV_MV,D,20110629,000000,9.2734,10.388,9.037,9.037,0,0
TLV_MV,D,20110630,000000,9.2734,9.518,8.3105,8.6991,0,0
TLV_MV,D,20110701,000000,8.597,8.6482,7.9219,8.1161,0,0
TLV_MV,D,20110704,000000,8.1668,8.8848,7.9219,8.361,0,0
TLV_MV,D,20110705,000000,8.1668,8.361,7.9219,8.209,0,0
TLV_MV,D,20110706,000000,8.209,8.209,7.8712,7.9725,0,0
TLV_MV,D,20110707,000000,8.0654,8.1161,7.6348,7.7783,0,0
TLV_MV,D,20110708,000000,7.7275,7.8712,7.4912,7.6348,0,0
TLV_MV,D,20110711,000000,7.6348,7.7275,7.3899,7.7275,0,0
TLV_MV,D,20110712,000000,7.7275,7.7275,7.2969,7.6348,0,0
TLV_MV,D,20110713,000000,7.6348,7.6348,7.3899,7.4404,0,0
TLV_MV,D,20110714,000000,7.5334,7.584,7.3391,7.4912,0,0
TLV_MV,D,20110715,000000,7.4404,7.4912,7.2969,7.4404,0,0
TLV_MV,D,20110718,000000,7.4404,7.4404,6.7649,6.9592,0,0
TLV_MV,D,20110719,000000,6.6635,7.052,6.4692,6.7142,0,0
TLV_MV,D,20110720,000000,6.7142,7.3899,6.7142,6.7649,0,0
TLV_MV,D,20110721,000000,6.9592,6.9592,6.4692,6.8578,0,0
TLV_MV,D,20110722,000000,6.8154,6.8154,6.2327,6.3257,0,0
TLV_MV,D,20110725,000000,6.3257,6.3257,5.8443,5.8949,0,0
TLV_MV,D,20110726,000000,5.8949,6.5706,5.8949,6.2834,0,0
TLV_MV,D,20110727,000000,6.3257,6.3764,5.9457,6.3257,0,0
TLV_MV,D,20110728,000000,6.2327,6.2834,5.7514,5.9457,0,0
TLV_MV,D,20110729,000000,5.8443,6.7649,5.7936,5.8949,0,0
TLV_MV,D,20110801,000000,5.9457,6.0386,5.5571,5.5571,0,0
TLV_MV,D,20110802,000000,5.5571,5.8443,5.5064,5.5064,0,0
TLV_MV,D,20110803,000000,5.5064,5.7007,5.3122,5.5571,0,0
TLV_MV,D,20110804,000000,5.5571,5.6501,4.8307,4.8307,0,0
TLV_MV,D,20110805,000000,4.7379,5.0757,4.3494,4.8307,0,0
TLV_MV,D,20110808,000000,4.4001,4.9744,4.3494,4.7379,0,0
TLV_MV,D,20110809,000000,4.7801,4.7801,3.8681,4.2481,0,0
TLV_MV,D,20110810,000000,4.2481,5.2193,4.2481,4.4001,0,0
TLV_MV,D,20110811,000000,4.5859,4.9236,4.4001,4.9236,0,0
TLV_MV,D,20110812,000000,5.0757,6.0891,4.9744,6.0386,0,0
TLV_MV,D,20110816,000000,6.1821,6.1821,4.9744,5.4136,0,0
TLV_MV,D,20110817,000000,5.5571,5.5571,4.7801,5.5064,0,0
TLV_MV,D,20110818,000000,5.3629,5.3629,4.7801,4.9744,0,0
TLV_MV,D,20110819,000000,4.9744,4.9744,4.7379,4.9236,0,0
TLV_MV,D,20110822,000000,4.7801,5.2193,4.7801,4.9744,0,0
TLV_MV,D,20110823,000000,4.8307,5.2193,4.6366,4.7801,0,0
TLV_MV,D,20110824,000000,4.7801,4.7801,4.5859,4.7379,0,0
TLV_MV,D,20110825,000000,4.7379,4.7801,4.5859,4.7379,0,0
TLV_MV,D,20110826,000000,4.7379,4.8307,4.5436,4.8307,0,0
TLV_MV,D,20110829,000000,4.8307,5.1686,4.6873,4.7801,0,0
TLV_MV,D,20110830,000000,4.7801,5.0251,4.6873,4.6873,0,0
TLV_MV,D,20110831,000000,4.6873,4.7801,4.5859,4.7379,0,0
TLV_MV,D,20110901,000000,4.6366,4.7801,4.5859,4.6873,0,0
TLV_MV,D,20110902,000000,4.4931,4.7379,4.2058,4.7379,0,0
TLV_MV,D,20110905,000000,4.7379,4.7379,4.1045,4.4931,0,0
TLV_MV,D,20110906,000000,4.4422,4.6366,4.4422,4.5859,0,0
TLV_MV,D,20110907,000000,4.5436,4.6873,4.2987,4.5859,0,0
TLV_MV,D,20110908,000000,4.5436,4.5436,4.2987,4.2987,0,0
TLV_MV,D,20110909,000000,4.2481,4.6873,4.2481,4.5859,0,0
TLV_MV,D,20110912,000000,4.4422,4.5436,4.0116,4.3494,0,0
TLV_MV,D,20110913,000000,4.3494,4.5859,4.0116,4.4422,0,0
TLV_MV,D,20110914,000000,4.2481,4.4001,4.2058,4.3494,0,0
TLV_MV,D,20110915,000000,4.3494,4.5436,4.2481,4.5436,0,0
TLV_MV,D,20110916,000000,4.4422,5.7007,4.4422,5.3122,0,0
TLV_MV,D,20110919,000000,5.4136,5.5571,4.4422,5.0251,0,0
TLV_MV,D,20110920,000000,5.0757,5.7514,5.0757,5.5064,0,0
TLV_MV,D,20110921,000000,5.5571,5.7936,5.2193,5.7514,0,0
TLV_MV,D,20110922,000000,5.3629,6.0386,4.9744,4.9744,0,0
TLV_MV,D,20110923,000000,5.3122,5.7936,5.0757,5.6501,0,0
TLV_MV,D,20110926,000000,5.6501,6.5706,5.2193,5.9879,0,0
TLV_MV,D,20110927,000000,6.1314,6.1821,5.6501,5.7514,0,0
TLV_MV,D,20110928,000000,5.8949,6.0891,5.4557,5.6501,0,0
TLV_MV,D,20110929,000000,5.7007,5.7007,5.118,5.1686,0,0
TLV_MV,D,20110930,000000,5.6501,5.9879,5.4557,5.9879,0,0
TLV_MV,D,20111003,000000,5.6078,5.7936,5.2193,5.6078,0,0
TLV_MV,D,20111004,000000,5.4136,5.6501,5.3122,5.6501,0,0
TLV_MV,D,20111005,000000,5.6501,5.6501,5.0757,5.118,0,0
TLV_MV,D,20111006,000000,5.4136,5.5571,4.9236,5.3122,0,0
TLV_MV,D,20111007,000000,5.3122,5.4557,5.118,5.4557,0,0
TLV_MV,D,20111010,000000,5.5064,5.6078,5.2193,5.3629,0,0
TLV_MV,D,20111011,000000,5.4136,5.6078,5.3122,5.4136,0,0
TLV_MV,D,20111012,000000,5.5571,5.6078,5.4136,5.4136,0,0
TLV_MV,D,20111013,000000,5.4136,5.5064,5.0757,5.3122,0,0
TLV_MV,D,20111014,000000,5.4557,5.4557,4.8815,5.3629,0,0
TLV_MV,D,20111017,000000,5.3122,5.3122,5.0757,5.3122,0,0
TLV_MV,D,20111018,000000,5.0757,5.1686,4.8307,5.1686,0,0
TLV_MV,D,20111019,000000,5.1686,5.1686,4.9236,5.118,0,0
TLV_MV,D,20111020,000000,5.1686,5.1686,4.9236,4.9236,0,0
TLV_MV,D,20111021,000000,4.9236,5.1686,4.8307,4.8307,0,0
TLV_MV,D,20111024,000000,4.8307,5.3122,4.7379,5.1686,0,0
TLV_MV,D,20111025,000000,4.8815,4.9236,4.6366,4.8307,0,0
TLV_MV,D,20111026,000000,4.8307,4.8307,4.6366,4.8307,0,0
TLV_MV,D,20111027,000000,4.7801,5.118,4.6366,5.118,0,0
TLV_MV,D,20111028,000000,5.118,5.118,4.8307,5.0757,0,0
TLV_MV,D,20111031,000000,4.8815,5.0757,4.6873,5.0757,0,0
TLV_MV,D,20111102,000000,4.7801,4.9236,4.6366,4.9236,0,0
TLV_MV,D,20111103,000000,4.8307,4.9236,4.6366,4.9236,0,0
TLV_MV,D,20111104,000000,4.9744,5.0757,4.6366,4.6366,0,0
TLV_MV,D,20111107,000000,4.6366,4.9236,4.5859,4.9236,0,0
TLV_MV,D,20111108,000000,4.9236,4.9236,4.6366,4.6366,0,0
TLV_MV,D,20111109,000000,4.7379,4.7379,4.5859,4.6873,0,0
TLV_MV,D,20111110,000000,4.6366,4.7801,4.5436,4.7801,0,0
TLV_MV,D,20111114,000000,4.7801,4.9236,4.7379,4.9236,0,0
TLV_MV,D,20111115,000000,4.7801,4.7801,4.0538,4.4422,0,0
TLV_MV,D,20111116,000000,4.2987,4.2987,4.0538,4.2987,0,0
TLV_MV,D,20111117,000000,4.1045,4.2481,3.6738,4.2481,0,0
TLV_MV,D,20111118,000000,4.1045,4.2987,4.0538,4.2481,0,0
TLV_MV,D,20111121,000000,4.1045,4.2058,4.1045,4.2058,0,0
TLV_MV,D,20111122,000000,4.2481,4.2481,4.1045,4.1551,0,0
TLV_MV,D,20111123,000000,4.2058,4.2058,3.9102,4.1045,0,0
TLV_MV,D,20111124,000000,4.1551,4.1551,3.8681,4.0116,0,0
TLV_MV,D,20111125,000000,4.0116,4.0116,3.6738,4.0116,0,0
TLV_MV,D,20111128,000000,3.9609,4.0116,3.6738,4.0116,0,0
TLV_MV,D,20111129,000000,3.9609,4.5859,3.8681,4.1551,0,0
TLV_MV,D,20111130,000000,4.2987,4.2987,3.8681,4.1045,0,0
TLV_MV,D,20111201,000000,4.1045,4.1045,3.7667,3.9102,0,0
TLV_MV,D,20111202,000000,3.9102,3.9102,3.5724,3.5724,0,0
TLV_MV,D,20111205,000000,3.5724,3.5724,3.1418,3.4289,0,0
TLV_MV,D,20111206,000000,3.1418,3.3359,2.9982,3.3359,0,0
TLV_MV,D,20111207,000000,3.2346,3.2346,2.8968,3.2346,0,0
TLV_MV,D,20111208,000000,3.1418,3.1418,2.846,3.0911,0,0
TLV_MV,D,20111209,000000,2.9982,3.0911,2.9475,3.0911,0,0
TLV_MV,D,20111212,000000,3.1418,3.1418,2.9475,3.0404,0,0
TLV_MV,D,20111213,000000,3.0911,3.0911,2.9982,2.9982,0,0
TLV_MV,D,20111214,000000,2.9982,3.0404,2.8968,3.0404,0,0
TLV_MV,D,20111215,000000,3.0911,3.0911,2.8968,2.9982,0,0
TLV_MV,D,20111216,000000,2.8968,2.8968,2.5083,2.6097,0,0
TLV_MV,D,20111219,000000,2.7026,2.7026,2.6603,2.6603,0,0
TLV_MV,D,20111220,000000,2.8038,2.8038,2.5589,2.8038,0,0
TLV_MV,D,20111221,000000,2.8038,2.846,2.5083,2.846,0,0
TLV_MV,D,20111222,000000,2.846,2.846,2.4661,2.8038,0,0
TLV_MV,D,20111223,000000,2.846,2.846,2.6603,2.7533,0,0
TLV_MV,D,20111227,000000,2.8038,2.8038,2.6097,2.6097,0,0
TLV_MV,D,20111228,000000,2.6097,2.6097,2.6097,2.6097,0,0
TLV_MV,D,20111229,000000,2.6097,2.9475,2.6097,2.9475,0,0
TLV_MV,D,20111230,000000,2.9475,2.9475,2.8038,2.8038,0,0
TLV_MV,D,20120102,000000,2.7026,3.9609,2.7026,3.9609,0,0
TLV_MV,D,20120103,000000,4.0538,4.5436,3.7667,3.9609,0,0
TLV_MV,D,20120104,000000,3.5724,3.7161,3.3782,3.5724,0,0
TLV_MV,D,20120105,000000,3.5724,3.5724,3.2346,3.3782,0,0
TLV_MV,D,20120109,000000,3.2853,3.2853,2.9982,3.0911,0,0
TLV_MV,D,20120110,000000,3.0911,3.2346,2.9982,2.9982,0,0
TLV_MV,D,20120111,000000,2.8968,2.8968,2.7533,2.7533,0,0
TLV_MV,D,20120112,000000,2.6603,3.1418,2.6603,3.0911,0,0
TLV_MV,D,20120113,000000,3.0404,3.1923,2.8968,2.9982,0,0
TLV_MV,D,20120116,000000,2.9982,3.0911,2.9982,3.0911,0,0
TLV_MV,D,20120117,000000,2.8968,3.1418,2.8968,2.9982,0,0
TLV_MV,D,20120118,000000,2.9475,3.1418,2.8038,3.1418,0,0
TLV_MV,D,20120119,000000,2.9475,2.9982,2.8968,2.9982,0,0
TLV_MV,D,20120120,000000,3.0911,3.3782,3.0911,3.2346,0,0
TLV_MV,D,20120123,000000,3.0911,4.2058,3.0404,3.6738,0,0
TLV_MV,D,20120124,000000,3.7161,4.3494,3.5724,3.9609,0,0
TLV_MV,D,20120125,000000,3.9609,4.0538,3.6231,3.8173,0,0
TLV_MV,D,20120126,000000,3.7667,3.9609,3.6738,3.8681,0,0
TLV_MV,D,20120127,000000,3.9102,4.1045,3.7161,3.9102,0,0
TLV_MV,D,20120130,000000,3.7161,3.8681,3.6231,3.7667,0,0
TLV_MV,D,20120131,000000,3.7667,4.1551,3.7161,3.9609,0,0
TLV_MV,D,20120201,000000,4.1551,4.1551,3.7667,3.9102,0,0
TLV_MV,D,20120202,000000,3.8173,3.9102,3.5302,3.6738,0,0
TLV_MV,D,20120203,000000,3.7161,3.8681,3.5724,3.7161,0,0
TLV_MV,D,20120206,000000,3.8173,3.8173,3.6738,3.6738,0,0
TLV_MV,D,20120207,000000,3.6738,3.6738,3.4289,3.4795,0,0
TLV_MV,D,20120208,000000,3.4795,3.4795,3.2853,3.4795,0,0
TLV_MV,D,20120209,000000,3.4795,3.6738,3.4795,3.6231,0,0
TLV_MV,D,20120210,000000,3.6231,3.6738,3.4795,3.5302,0,0
TLV_MV,D,20120213,000000,3.4795,3.4795,3.3359,3.3782,0,0
TLV_MV,D,20120214,000000,3.3782,3.3782,3.2346,3.3782,0,0
TLV_MV,D,20120215,000000,3.2346,3.8173,3.0911,3.6231,0,0
TLV_MV,D,20120216,000000,3.6738,3.6738,3.4795,3.6231,0,0
TLV_MV,D,20120217,000000,3.4795,3.7667,3.4289,3.7161,0,0
TLV_MV,D,20120220,000000,3.5724,3.5724,3.4795,3.4795,0,0
TLV_MV,D,20120221,000000,3.4289,3.7667,3.4289,3.5302,0,0
TLV_MV,D,20120222,000000,3.5302,3.5302,3.5302,3.5302,0,0
TLV_MV,D,20120223,000000,3.4795,3.6231,3.4289,3.5302,0,0
TLV_MV,D,20120224,000000,3.5724,3.5724,3.3359,3.4289,0,0
TLV_MV,D,20120227,000000,3.4795,3.5302,3.4289,3.4289,0,0
TLV_MV,D,20120228,000000,3.4289,3.4289,3.0911,3.4289,0,0
TLV_MV,D,20120229,000000,3.2853,3.3359,3.1923,3.1923,0,0
TLV_MV,D,20120301,000000,3.0404,3.2853,3.0404,3.1923,0,0
TLV_MV,D,20120302,000000,3.1418,3.3359,3.1418,3.3359,0,0
TLV_MV,D,20120305,000000,3.1923,3.1923,3.0911,3.1923,0,0
TLV_MV,D,20120306,000000,3.1418,3.2853,2.9982,3.0911,0,0
TLV_MV,D,20120307,000000,3.0911,3.0911,2.9982,3.0404,0,0
TLV_MV,D,20120308,000000,3.0911,3.1923,3.0404,3.0404,0,0
TLV_MV,D,20120309,000000,2.9982,3.2853,2.9982,3.2853,0,0
TLV_MV,D,20120312,000000,3.2853,3.2853,3.1418,3.2853,0,0
TLV_MV,D,20120313,000000,3.1923,3.1923,2.9475,3.1418,0,0
TLV_MV,D,20120314,000000,3.1418,3.1418,3.0911,3.0911,0,0
TLV_MV,D,20120315,000000,3.0911,3.0911,2.9475,3.0911,0,0
TLV_MV,D,20120316,000000,3.0911,3.0911,2.9475,2.9475,0,0
TLV_MV,D,20120319,000000,2.9475,2.9475,2.8968,2.8968,0,0
TLV_MV,D,20120320,000000,2.9982,2.9982,2.9982,2.9982,0,0
TLV_MV,D,20120321,000000,2.8968,2.9475,2.8038,2.8968,0,0
TLV_MV,D,20120322,000000,2.8968,2.8968,2.6603,2.8038,0,0
TLV_MV,D,20120323,000000,2.8038,2.8038,2.7026,2.7026,0,0
TLV_MV,D,20120326,000000,2.7533,2.8968,2.7026,2.7026,0,0
TLV_MV,D,20120327,000000,2.8038,2.8038,2.6603,2.8038,0,0
TLV_MV,D,20120328,000000,2.846,2.9475,2.846,2.9475,0,0
TLV_MV,D,20120329,000000,2.8968,2.8968,2.7533,2.7533,0,0
TLV_MV,D,20120330,000000,2.7533,3.1923,2.6603,3.1418,0,0
TLV_MV,D,20120402,000000,3.0911,3.0911,2.8968,2.9982,0,0
TLV_MV,D,20120403,000000,2.9982,4.2481,2.9982,3.6231,0,0
TLV_MV,D,20120404,000000,3.6231,3.7667,3.1418,3.3782,0,0
TLV_MV,D,20120405,000000,3.2346,3.2853,3.1418,3.2853,0,0
TLV_MV,D,20120410,000000,3.1418,3.1418,2.8968,2.9982,0,0
TLV_MV,D,20120411,000000,2.9982,3.0911,2.8968,3.0911,0,0
TLV_MV,D,20120412,000000,3.1418,3.1418,2.8968,2.9982,0,0
TLV_MV,D,20120413,000000,2.8968,2.9982,2.8038,2.9982,0,0
TLV_MV,D,20120416,000000,2.846,2.9475,2.846,2.846,0,0
TLV_MV,D,20120417,000000,2.8968,3.2346,2.8038,3.0911,0,0
TLV_MV,D,20120418,000000,3.1923,3.1923,2.9475,3.1418,0,0
TLV_MV,D,20120419,000000,3.0404,3.1418,2.8968,2.8968,0,0
TLV_MV,D,20120420,000000,2.846,2.846,2.6603,2.7026,0,0
TLV_MV,D,20120423,000000,2.7026,2.7026,2.4154,2.6603,0,0
TLV_MV,D,20120424,000000,2.6603,2.6603,2.3648,2.6603,0,0
TLV_MV,D,20120425,000000,2.5083,2.8038,2.4154,2.8038,0,0
TLV_MV,D,20120426,000000,2.7533,2.8038,2.5589,2.6603,0,0
TLV_MV,D,20120427,000000,2.7026,2.7533,2.7026,2.7533,0,0
TLV_MV,D,20120430,000000,2.7533,2.8968,2.6097,2.6097,0,0
TLV_MV,D,20120502,000000,2.846,2.846,2.6097,2.7533,0,0
TLV_MV,D,20120504,000000,2.6603,2.6603,2.6097,2.6097,0,0
TLV_MV,D,20120507,000000,2.6097,2.6097,2.6097,2.6097,0,0
TLV_MV,D,20120508,000000,2.6603,2.7026,2.5083,2.7026,0,0
TLV_MV,D,20120509,000000,2.7026,2.7026,2.4661,2.5589,0,0
TLV_MV,D,20120510,000000,2.6603,2.6603,2.4154,2.5083,0,0
TLV_MV,D,20120511,000000,2.5083,2.6097,2.5083,2.5589,0,0
TLV_MV,D,20120514,000000,2.6097,2.6097,2.4154,2.5083,0,0
TLV_MV,D,20120515,000000,2.4154,2.4154,2.4154,2.4154,0,0
TLV_MV,D,20120516,000000,2.4661,2.5083,2.4154,2.5083,0,0
TLV_MV,D,20120517,000000,2.6097,2.6097,2.3226,2.5083,0,0
TLV_MV,D,20120518,000000,2.3648,2.4154,2.2212,2.4154,0,0
TLV_MV,D,20120521,000000,2.3648,2.4154,2.3648,2.4154,0,0
TLV_MV,D,20120522,000000,2.4154,2.4661,2.3226,2.4661,0,0
TLV_MV,D,20120523,000000,2.6097,2.6097,2.2212,2.3648,0,0
TLV_MV,D,20120524,000000,2.3648,2.3648,2.0776,2.3226,0,0
TLV_MV,D,20120525,000000,2.3226,2.7533,2.1704,2.5083,0,0
TLV_MV,D,20120528,000000,2.3648,2.5083,2.3226,2.5083,0,0
TLV_MV,D,20120529,000000,2.4661,2.4661,2.2718,2.4661,0,0
TLV_MV,D,20120530,000000,2.4154,2.4154,2.2718,2.4154,0,0
TLV_MV,D,20120531,000000,2.4154,2.4154,2.1704,2.1704,0,0
TLV_MV,D,20120601,000000,2.1283,2.2718,2.0269,2.1704,0,0
TLV_MV,D,20120604,000000,2.2212,2.2212,2.0776,2.1283,0,0
TLV_MV,D,20120605,000000,2.0269,2.0269,1.8327,1.934,0,0
TLV_MV,D,20120606,000000,1.9847,1.9847,1.934,1.934,0,0
TLV_MV,D,20120608,000000,1.934,1.934,1.934,1.934,0,0
TLV_MV,D,20120611,000000,1.934,1.9847,1.6891,1.9847,0,0
TLV_MV,D,20120612,000000,1.8833,1.8833,1.8833,1.8833,0,0
TLV_MV,D,20120613,000000,1.8833,1.9847,1.8833,1.9847,0,0
TLV_MV,D,20120614,000000,1.8833,1.934,1.8327,1.934,0,0
TLV_MV,D,20120615,000000,1.8833,1.8833,1.8327,1.8327,0,0
TLV_MV,D,20120618,000000,1.8327,2.0269,1.7906,2.0269,0,0
TLV_MV,D,20120619,000000,2.0776,2.1283,1.8833,2.1283,0,0
TLV_MV,D,20120620,000000,2.1283,2.2212,2.1283,2.2212,0,0
TLV_MV,D,20120621,000000,2.2212,2.2212,1.9847,1.9847,0,0
TLV_MV,D,20120622,000000,2.0269,2.1283,1.9847,2.1283,0,0
TLV_MV,D,20120625,000000,2.1704,2.1704,2.0269,2.0269,0,0
TLV_MV,D,20120626,000000,1.9847,2.0776,1.9847,2.0776,0,0
TLV_MV,D,20120627,000000,2.0269,2.0269,2.0269,2.0269,0,0
TLV_MV,D,20120628,000000,1.9847,1.9847,1.5963,1.7398,0,0
TLV_MV,D,20120629,000000,1.6891,1.934,1.6891,1.7906,0,0
TLV_MV,D,20120702,000000,1.7906,1.7906,1.7906,1.7906,0,0
TLV_MV,D,20120703,000000,1.7398,1.934,1.6891,1.6891,0,0
TLV_MV,D,20120704,000000,1.6891,1.7398,1.6891,1.6891,0,0
TLV_MV,D,20120705,000000,1.6891,1.8327,1.6891,1.8327,0,0
TLV_MV,D,20120706,000000,1.8833,1.9847,1.8833,1.9847,0,0
TLV_MV,D,20120709,000000,1.8833,2.3226,1.8833,2.2212,0,0
TLV_MV,D,20120710,000000,2.1704,2.1704,2.1704,2.1704,0,0
TLV_MV,D,20120712,000000,1.7906,1.7906,1.7906,1.7906,0,0
TLV_MV,D,20120713,000000,1.7906,1.934,1.7906,1.8327,0,0
TLV_MV,D,20120716,000000,1.7906,1.7906,1.6891,1.6891,0,0
TLV_MV,D,20120717,000000,1.6384,1.7398,1.6384,1.7398,0,0
TLV_MV,D,20120718,000000,1.7398,1.7398,1.7398,1.7398,0,0
TLV_MV,D,20120719,000000,1.8327,1.8327,1.6384,1.6384,0,0
TLV_MV,D,20120720,000000,1.6384,1.6384,1.6384,1.6384,0,0
TLV_MV,D,20120723,000000,1.6384,1.7398,1.5455,1.5455,0,0
TLV_MV,D,20120724,000000,1.4948,1.5963,1.4526,1.5963,0,0
TLV_MV,D,20120725,000000,1.5963,1.7398,1.5963,1.7398,0,0
TLV_MV,D,20120726,000000,1.7398,1.7398,1.7398,1.7398,0,0
TLV_MV,D,20120727,000000,1.7398,1.7398,1.6384,1.6384,0,0
TLV_MV,D,20120730,000000,1.5963,1.5963,1.5963,1.5963,0,0
TLV_MV,D,20120731,000000,1.6891,1.6891,1.6891,1.6891,0,0
TLV_MV,D,20120801,000000,1.4948,1.4948,1.4948,1.4948,0,0
TLV_MV,D,20120802,000000,1.4948,1.6891,1.4948,1.6891,0,0
TLV_MV,D,20120803,000000,1.6891,1.7398,1.6891,1.7398,0,0
TLV_MV,D,20120806,000000,1.7906,1.7906,1.6384,1.6384,0,0
TLV_MV,D,20120807,000000,1.5963,1.5963,1.5963,1.5963,0,0
TLV_MV,D,20120808,000000,1.5963,1.5963,1.4526,1.5963,0,0
TLV_MV,D,20120809,000000,1.5963,1.5963,1.5963,1.5963,0,0
TLV_MV,D,20120810,000000,1.5963,1.7398,1.5963,1.6891,0,0
TLV_MV,D,20120813,000000,1.6891,1.6891,1.6384,1.6384,0,0
TLV_MV,D,20120814,000000,1.6384,1.6891,1.5455,1.6891,0,0
TLV_MV,D,20120816,000000,1.6891,1.6891,1.6891,1.6891,0,0
TLV_MV,D,20120817,000000,1.6891,1.6891,1.6891,1.6891,0,0
TLV_MV,D,20120820,000000,1.6891,1.7906,1.6891,1.7906,0,0
TLV_MV,D,20120821,000000,1.7906,1.7906,1.7906,1.7906,0,0
TLV_MV,D,20120822,000000,1.7906,1.7906,1.7906,1.7906,0,0
TLV_MV,D,20120823,000000,1.7906,1.7906,1.7906,1.7906,0,0
TLV_MV,D,20120824,000000,1.7906,1.7906,1.7398,1.7398,0,0
TLV_MV,D,20120827,000000,1.7906,1.7906,1.7906,1.7906,0,0
TLV_MV,D,20120828,000000,1.7906,1.7906,1.7398,1.7398,0,0
TLV_MV,D,20120829,000000,1.6891,1.6891,1.4948,1.5963,0,0
TLV_MV,D,20120830,000000,1.6384,1.6384,1.5963,1.5963,0,0
TLV_MV,D,20120831,000000,1.7398,1.7398,1.7398,1.7398,0,0
TLV_MV,D,20120903,000000,1.7906,1.7906,1.7906,1.7906,0,0
TLV_MV,D,20120904,000000,1.7906,1.7906,1.5963,1.5963,0,0
TLV_MV,D,20120905,000000,1.5963,1.5963,1.4526,1.4948,0,0
TLV_MV,D,20120906,000000,1.4526,1.6384,1.4526,1.6384,0,0
TLV_MV,D,20120907,000000,1.6384,1.6384,1.4526,1.6384,0,0
TLV_MV,D,20120910,000000,1.4526,1.5963,1.402,1.5963,0,0
TLV_MV,D,20120911,000000,1.5963,1.5963,1.402,1.402,0,0
TLV_MV,D,20120912,000000,1.4526,1.5963,1.3513,1.4948,0,0
TLV_MV,D,20120913,000000,1.4948,1.4948,1.4948,1.4948,0,0
TLV_MV,D,20120914,000000,1.4948,1.4948,1.3006,1.3006,0,0
TLV_MV,D,20120917,000000,1.3006,1.5963,1.3006,1.5963,0,0
TLV_MV,D,20120918,000000,1.5963,1.5963,1.5963,1.5963,0,0
TLV_MV,D,20120919,000000,1.5963,1.5963,1.4526,1.5455,0,0
TLV_MV,D,20120920,000000,1.5455,1.5455,1.402,1.5455,0,0
TLV_MV,D,20120921,000000,1.5963,2.1704,1.5963,1.934,0,0
TLV_MV,D,20120924,000000,1.9847,2.1283,1.6384,1.7398,0,0
TLV_MV,D,20120925,000000,1.6384,1.6891,1.4526,1.6891,0,0
TLV_MV,D,20120926,000000,1.4948,1.6891,1.4526,1.6384,0,0
TLV_MV,D,20120927,000000,1.5963,1.6891,1.4526,1.6891,0,0
TLV_MV,D,20120928,000000,1.5455,1.6891,1.5455,1.6891,0,0
TLV_MV,D,20121001,000000,1.5455,1.6891,1.5455,1.6891,0,0
TLV_MV,D,20121002,000000,1.5455,1.5455,1.5455,1.5455,0,0
TLV_MV,D,20121003,000000,1.5455,1.6384,1.5455,1.5455,0,0
TLV_MV,D,20121004,000000,1.5455,1.6891,1.5455,1.6891,0,0
TLV_MV,D,20121005,000000,1.6891,1.8327,1.6891,1.8327,0,0
TLV_MV,D,20121008,000000,1.7906,1.7906,1.7906,1.7906,0,0
TLV_MV,D,20121009,000000,1.7398,1.7398,1.5455,1.6384,0,0
TLV_MV,D,20121010,000000,1.6384,1.6384,1.6384,1.6384,0,0
TLV_MV,D,20121011,000000,1.6891,1.6891,1.4948,1.4948,0,0
TLV_MV,D,20121012,000000,1.4948,1.4948,1.4948,1.4948,0,0
TLV_MV,D,20121015,000000,1.4948,1.4948,1.4948,1.4948,0,0
TLV_MV,D,20121016,000000,1.4948,1.5963,1.4948,1.4948,0,0
TLV_MV,D,20121017,000000,1.4948,1.6384,1.4948,1.6384,0,0
TLV_MV,D,20121018,000000,1.6384,1.6384,1.6384,1.6384,0,0
TLV_MV,D,20121019,000000,1.6384,1.934,1.6384,1.934,0,0
TLV_MV,D,20121022,000000,1.934,1.934,1.5455,1.7906,0,0
TLV_MV,D,20121023,000000,1.8833,1.8833,1.7398,1.7398,0,0
TLV_MV,D,20121024,000000,1.6891,1.7398,1.4526,1.5963,0,0
TLV_MV,D,20121025,000000,1.5963,1.6891,1.5963,1.6891,0,0
TLV_MV,D,20121026,000000,1.6384,1.6384,1.4526,1.4526,0,0
TLV_MV,D,20121029,000000,1.4526,1.6891,1.4526,1.6384,0,0
TLV_MV,D,20121030,000000,1.5455,1.5455,1.4948,1.4948,0,0
TLV_MV,D,20121031,000000,1.4948,1.8327,1.4948,1.8327,0,0
TLV_MV,D,20121102,000000,1.8327,1.934,1.8327,1.8327,0,0
TLV_MV,D,20121105,000000,1.7398,1.934,1.6384,1.7398,0,0
TLV_MV,D,20121106,000000,1.6384,1.934,1.6384,1.6891,0,0
TLV_MV,D,20121107,000000,1.934,2.3226,1.8327,2.0776,0,0
TLV_MV,D,20121108,000000,2.0776,2.1283,1.8833,1.8833,0,0
TLV_MV,D,20121109,000000,1.934,1.934,1.7906,1.8833,0,0
TLV_MV,D,20121112,000000,1.8833,1.8833,1.8327,1.8327,0,0
TLV_MV,D,20121113,000000,1.8833,1.8833,1.7906,1.7906,0,0
TLV_MV,D,20121114,000000,1.7906,1.8833,1.5455,1.6384,0,0
TLV_MV,D,20121115,000000,1.6384,1.7398,1.5455,1.6891,0,0
TLV_MV,D,20121116,000000,1.6891,1.7398,1.6891,1.7398,0,0
TLV_MV,D,20121119,000000,1.6384,1.6384,1.5455,1.5963,0,0
TLV_MV,D,20121120,000000,1.5963,1.7398,1.5963,1.7398,0,0
TLV_MV,D,20121121,000000,1.7398,1.7398,1.6891,1.6891,0,0
TLV_MV,D,20121122,000000,1.7398,1.7398,1.6891,1.6891,0,0
TLV_MV,D,20121123,000000,1.6891,1.6891,1.5455,1.5455,0,0
TLV_MV,D,20121126,000000,1.6891,1.7398,1.6891,1.7398,0,0
TLV_MV,D,20121127,000000,1.7398,1.8833,1.7398,1.8833,0,0
TLV_MV,D,20121128,000000,1.8833,1.8833,1.8833,1.8833,0,0
TLV_MV,D,20121129,000000,1.8833,1.8833,1.7906,1.7906,0,0
TLV_MV,D,20121130,000000,1.7398,1.7398,1.6384,1.6384,0,0
TLV_MV,D,20121203,000000,1.6384,1.6384,1.6384,1.6384,0,0
TLV_MV,D,20121204,000000,1.6891,1.6891,1.6891,1.6891,0,0
TLV_MV,D,20121205,000000,1.6891,1.6891,1.6891,1.6891,0,0
TLV_MV,D,20121206,000000,1.6891,1.6891,1.6384,1.6384,0,0
TLV_MV,D,20121207,000000,1.6384,1.7906,1.6384,1.7906,0,0
TLV_MV,D,20121210,000000,1.8327,1.934,1.8327,1.8833,0,0
TLV_MV,D,20121211,000000,1.8833,1.8833,1.6891,1.6891,0,0
TLV_MV,D,20121212,000000,1.6891,1.8327,1.6384,1.6384,0,0
TLV_MV,D,20121213,000000,1.6384,1.7398,1.6384,1.7398,0,0
TLV_MV,D,20121214,000000,1.6891,1.6891,1.6384,1.6384,0,0
TLV_MV,D,20121217,000000,1.6384,1.7398,1.6384,1.7398,0,0
TLV_MV,D,20121218,000000,1.6891,1.6891,1.6384,1.6384,0,0
TLV_MV,D,20121219,000000,1.6384,1.6891,1.6384,1.6891,0,0
TLV_MV,D,20121220,000000,1.6891,1.6891,1.6891,1.6891,0,0
TLV_MV,D,20121221,000000,1.7398,1.7906,1.7398,1.7906,0,0
TLV_MV,D,20121227,000000,1.7906,1.7906,1.7906,1.7906,0,0
TLV_MV,D,20121228,000000,1.7906,1.7906,1.5963,1.5963,0,0
TLV_MV,D,20130102,000000,1.5963,1.5963,1.5963,1.5963,0,0
TLV_MV,D,20130103,000000,1.5963,1.8833,1.5963,1.8327,0,0
TLV_MV,D,20130104,000000,1.8833,1.8833,1.7398,1.7398,0,0
TLV_MV,D,20130107,000000,1.8327,1.8833,1.7398,1.8833,0,0
TLV_MV,D,20130108,000000,1.8833,1.8833,1.7398,1.7398,0,0
TLV_MV,D,20130109,000000,1.7906,1.7906,1.6384,1.6384,0,0
TLV_MV,D,20130110,000000,1.6891,1.7398,1.5963,1.6384,0,0
TLV_MV,D,20130111,000000,1.5963,1.5963,1.5963,1.5963,0,0
TLV_MV,D,20130114,000000,1.5963,1.7906,1.5963,1.7906,0,0
TLV_MV,D,20130115,000000,1.7906,1.7906,1.7906,1.7906,0,0
TLV_MV,D,20130117,000000,1.7398,1.7398,1.6384,1.6384,0,0
TLV_MV,D,20130118,000000,1.6384,1.6384,1.6384,1.6384,0,0
TLV_MV,D,20130122,000000,1.6384,1.6384,1.6384,1.6384,0,0
TLV_MV,D,20130123,000000,1.6384,1.7906,1.6384,1.7906,0,0
TLV_MV,D,20130124,000000,1.7906,1.7906,1.6891,1.6891,0,0
TLV_MV,D,20130125,000000,1.6384,1.7398,1.6384,1.7398,0,0
TLV_MV,D,20130128,000000,1.7398,1.7398,1.7398,1.7398,0,0
TLV_MV,D,20130129,000000,1.7398,1.9847,1.7398,1.934,0,0
TLV_MV,D,20130130,000000,1.934,1.9847,1.934,1.9847,0,0
TLV_MV,D,20130131,000000,1.9847,1.9847,1.9847,1.9847,0,0
TLV_MV,D,20130201,000000,1.934,1.934,1.8833,1.8833,0,0
TLV_MV,D,20130205,000000,1.8833,1.934,1.7906,1.934,0,0
TLV_MV,D,20130206,000000,1.8327,1.8327,1.6891,1.6891,0,0
TLV_MV,D,20130207,000000,1.6891,1.7398,1.6891,1.7398,0,0
TLV_MV,D,20130208,000000,1.7398,1.7398,1.6891,1.6891,0,0
TLV_MV,D,20130211,000000,1.6891,1.8327,1.6891,1.8327,0,0
TLV_MV,D,20130213,000000,1.7906,1.7906,1.6384,1.6384,0,0
TLV_MV,D,20130214,000000,1.6384,1.6384,1.5963,1.5963,0,0
TLV_MV,D,20130215,000000,1.5963,1.5963,1.4948,1.4948,0,0
TLV_MV,D,20130218,000000,1.5455,1.5455,1.5455,1.5455,0,0
TLV_MV,D,20130219,000000,1.4526,1.4526,1.4526,1.4526,0,0
TLV_MV,D,20130220,000000,1.5963,1.5963,1.5963,1.5963,0,0
TLV_MV,D,20130222,000000,1.4948,1.5455,1.4948,1.5455,0,0
TLV_MV,D,20130225,000000,1.5455,1.5455,1.4948,1.5455,0,0
TLV_MV,D,20130226,000000,1.5455,1.5455,1.5455,1.5455,0,0
TLV_MV,D,20130227,000000,1.5455,1.5455,1.402,1.402,0,0
TLV_MV,D,20130228,000000,1.4526,1.4948,1.4526,1.4948,0,0
TLV_MV,D,20130301,000000,1.4948,1.5455,1.4526,1.5455,0,0
TLV_MV,D,20130305,000000,1.4526,1.5963,1.402,1.5963,0,0
TLV_MV,D,20130306,000000,1.5963,1.5963,1.5963,1.5963,0,0
TLV_MV,D,20130307,000000,1.5963,1.5963,1.402,1.402,0,0
TLV_MV,D,20130308,000000,1.402,1.4948,1.402,1.4948,0,0
TLV_MV,D,20130311,000000,1.4948,1.4948,1.4948,1.4948,0,0
TLV_MV,D,20130312,000000,1.4948,1.5455,1.4948,1.5455,0,0
TLV_MV,D,20130313,000000,1.5963,1.6891,1.5963,1.6891,0,0
TLV_MV,D,20130314,000000,1.6891,1.7906,1.6891,1.7906,0,0
TLV_MV,D,20130315,000000,1.7906,1.7906,1.6384,1.6384,0,0
TLV_MV,D,20130318,000000,1.6384,1.6384,1.6384,1.6384,0,0
TLV_MV,D,20130319,000000,1.6384,1.7398,1.6384,1.7398,0,0
TLV_MV,D,20130322,000000,1.7398,1.7398,1.7398,1.7398,0,0
TLV_MV,D,20130325,000000,1.7398,1.7398,1.6384,1.6384,0,0
TLV_MV,D,20130326,000000,1.5963,1.5963,1.4526,1.4526,0,0
TLV_MV,D,20130327,000000,1.4526,1.6384,1.4526,1.5963,0,0
TLV_MV,D,20130402,000000,1.5455,1.5455,1.5455,1.5455,0,0
TLV_MV,D,20130403,000000,1.5455,1.5455,1.5455,1.5455,0,0
TLV_MV,D,20130405,000000,1.5455,1.5455,1.5455,1.5455,0,0
TLV_MV,D,20130408,000000,1.5455,1.5455,1.5455,1.5455,0,0
TLV_MV,D,20130409,000000,1.5455,1.7906,1.5455,1.6384,0,0
TLV_MV,D,20130410,000000,1.6384,1.6384,1.6384,1.6384,0,0
TLV_MV,D,20130411,000000,1.6384,1.8833,1.6384,1.7906,0,0
TLV_MV,D,20130412,000000,1.7906,1.8327,1.7906,1.8327,0,0
TLV_MV,D,20130415,000000,1.8833,1.8833,1.8833,1.8833,0,0
TLV_MV,D,20130417,000000,1.8833,1.8833,1.8327,1.8327,0,0
TLV_MV,D,20130418,000000,1.8327,1.8327,1.8327,1.8327,0,0
TLV_MV,D,20130419,000000,1.8327,1.8327,1.8327,1.8327,0,0
TLV_MV,D,20130422,000000,1.8327,1.8327,1.8327,1.8327,0,0
TLV_MV,D,20130423,000000,1.8327,1.8327,1.5963,1.5963,0,0
TLV_MV,D,20130424,000000,1.6384,1.6384,1.5963,1.5963,0,0
TLV_MV,D,20130425,000000,1.5963,1.5963,1.5963,1.5963,0,0
TLV_MV,D,20130426,000000,1.6384,1.6384,1.6384,1.6384,0,0
TLV_MV,D,20130429,000000,1.6384,1.934,1.6384,1.8327,0,0
TLV_MV,D,20130430,000000,1.8833,1.9847,1.8327,1.9847,0,0
TLV_MV,D,20130502,000000,1.9847,1.9847,1.8833,1.9847,0,0
TLV_MV,D,20130506,000000,1.9847,1.9847,1.9847,1.9847,0,0
TLV_MV,D,20130507,000000,1.9847,2.1704,1.9847,2.1704,0,0
TLV_MV,D,20130508,000000,2.0776,2.3648,2.0776,2.3648,0,0
TLV_MV,D,20130509,000000,2.1704,2.6097,2.1704,2.6097,0,0
TLV_MV,D,20130513,000000,2.7533,2.7533,2.3226,2.3226,0,0
TLV_MV,D,20130514,000000,2.5589,2.8038,2.5589,2.8038,0,0
TLV_MV,D,20130515,000000,2.7026,2.7026,2.7026,2.7026,0,0
TLV_MV,D,20130516,000000,2.6603,2.7026,2.6603,2.6603,0,0
TLV_MV,D,20130517,000000,2.6097,2.9475,2.4661,2.9475,0,0
TLV_MV,D,20130520,000000,2.9475,2.9475,2.8038,2.9475,0,0
TLV_MV,D,20130523,000000,2.846,2.846,2.7533,2.7533,0,0
TLV_MV,D,20130524,000000,2.7533,2.9475,2.7533,2.9475,0,0
TLV_MV,D,20130527,000000,2.9475,3.0404,2.9475,3.0404,0,0
TLV_MV,D,20130528,000000,3.0404,3.0404,3.0404,3.0404,0,0
TLV_MV,D,20130529,000000,3.0404,3.0404,3.0404,3.0404,0,0
TLV_MV,D,20130531,000000,2.9982,2.9982,2.8968,2.8968,0,0
TLV_MV,D,20130603,000000,2.8968,2.8968,2.8968,2.8968,0,0
TLV_MV,D,20130604,000000,2.846,2.846,2.4154,2.4661,0,0
TLV_MV,D,20130605,000000,2.4661,2.5589,2.4154,2.5589,0,0
TLV_MV,D,20130606,000000,2.5589,2.846,2.5589,2.5589,0,0
TLV_MV,D,20130607,000000,2.6603,2.8038,2.6603,2.8038,0,0
TLV_MV,D,20130610,000000,2.846,2.846,2.5083,2.5083,0,0
TLV_MV,D,20130611,000000,2.5083,2.5083,2.0269,2.0776,0,0
TLV_MV,D,20130612,000000,2.1283,2.1283,2.1283,2.1283,0,0
TLV_MV,D,20130613,000000,2.1283,2.3648,2.0776,2.3648,0,0
TLV_MV,D,20130614,000000,2.3648,2.8038,2.3648,2.8038,0,0
TLV_MV,D,20130617,000000,2.7026,2.7026,2.7026,2.7026,0,0
TLV_MV,D,20130618,000000,2.7026,2.7026,2.1704,2.6603,0,0
TLV_MV,D,20130619,000000,2.6603,2.6603,2.6603,2.6603,0,0
TLV_MV,D,20130620,000000,2.5083,2.5083,2.1283,2.2718,0,0
TLV_MV,D,20130621,000000,1.934,2.3226,1.934,2.3226,0,0
TLV_MV,D,20130624,000000,2.3226,2.3226,2.2212,2.2212,0,0
TLV_MV,D,20130625,000000,2.2212,2.2212,1.9847,2.0776,0,0
TLV_MV,D,20130627,000000,2.0269,2.0269,1.8327,1.934,0,0
TLV_MV,D,20130628,000000,1.934,1.934,1.8833,1.934,0,0
TLV_MV,D,20130701,000000,1.934,2.0269,1.934,1.934,0,0
TLV_MV,D,20130702,000000,1.934,2.0269,1.934,2.0269,0,0
TLV_MV,D,20130703,000000,2.0269,2.0269,2.0269,2.0269,0,0
TLV_MV,D,20130704,000000,2.0269,2.0269,1.9847,1.9847,0,0
TLV_MV,D,20130705,000000,1.9847,1.9847,1.7906,1.7906,0,0
TLV_MV,D,20130708,000000,1.7906,1.7906,1.7906,1.7906,0,0
TLV_MV,D,20130709,000000,1.7906,1.7906,1.7906,1.7906,0,0
TLV_MV,D,20130710,000000,1.7906,1.7906,1.7906,1.7906,0,0
TLV_MV,D,20130711,000000,1.7906,1.934,1.7906,1.934,0,0
TLV_MV,D,20130712,000000,1.9847,1.9847,1.7906,1.934,0,0
TLV_MV,D,20130715,000000,1.934,1.934,1.934,1.934,0,0
TLV_MV,D,20130716,000000,1.934,1.934,1.8327,1.8327,0,0
TLV_MV,D,20130717,000000,1.7906,1.8833,1.7906,1.8833,0,0
TLV_MV,D,20130719,000000,1.8833,1.8833,1.8833,1.8833,0,0
TLV_MV,D,20130722,000000,1.8833,1.934,1.8833,1.934,0,0
TLV_MV,D,20130723,000000,1.934,1.934,1.934,1.934,0,0
TLV_MV,D,20130724,000000,1.934,1.934,1.934,1.934,0,0
TLV_MV,D,20130725,000000,1.934,1.934,1.934,1.934,0,0
TLV_MV,D,20130726,000000,1.934,1.9847,1.934,1.9847,0,0
TLV_MV,D,20130729,000000,2.0269,2.0776,1.8327,1.934,0,0
TLV_MV,D,20130730,000000,1.934,1.934,1.934,1.934,0,0
TLV_MV,D,20130731,000000,1.934,1.9847,1.8327,1.934,0,0
TLV_MV,D,20130801,000000,1.9847,1.9847,1.9847,1.9847,0,0
TLV_MV,D,20130802,000000,1.8833,1.934,1.8327,1.934,0,0
TLV_MV,D,20130805,000000,1.9847,2.1283,1.9847,2.0776,0,0
TLV_MV,D,20130806,000000,2.0776,2.0776,2.0776,2.0776,0,0
TLV_MV,D,20130807,000000,2.0776,2.0776,2.0776,2.0776,0,0
TLV_MV,D,20130809,000000,1.9847,2.0776,1.8327,2.0776,0,0
TLV_MV,D,20130812,000000,2.0776,2.0776,2.0776,2.0776,0,0
TLV_MV,D,20130813,000000,2.0776,2.0776,2.0776,2.0776,0,0
TLV_MV,D,20130814,000000,2.0776,2.0776,1.934,1.934,0,0
TLV_MV,D,20130816,000000,1.934,1.934,1.934,1.934,0,0
TLV_MV,D,20130819,000000,1.934,1.934,1.934,1.934,0,0
TLV_MV,D,20130820,000000,1.934,1.934,1.934,1.934,0,0
TLV_MV,D,20130821,000000,1.934,2.0776,1.934,2.0776,0,0
TLV_MV,D,20130822,000000,2.0776,2.0776,1.934,1.934,0,0
TLV_MV,D,20130823,000000,1.934,2.0776,1.934,2.0776,0,0
TLV_MV,D,20130826,000000,2.0776,2.0776,2.0776,2.0776,0,0
TLV_MV,D,20130827,000000,2.0776,2.0776,1.934,1.934,0,0
TLV_MV,D,20130829,000000,1.8833,1.8833,1.8327,1.8327,0,0
TLV_MV,D,20130830,000000,1.8327,1.8327,1.7398,1.8327,0,0
TLV_MV,D,20130902,000000,1.8327,1.8327,1.8327,1.8327,0,0
TLV_MV,D,20130903,000000,1.8327,1.8327,1.8327,1.8327,0,0
TLV_MV,D,20130904,000000,1.8327,1.8327,1.8327,1.8327,0,0
TLV_MV,D,20130905,000000,1.8327,1.8327,1.7906,1.7906,0,0
TLV_MV,D,20130906,000000,1.7906,1.7906,1.7398,1.7398,0,0
TLV_MV,D,20130909,000000,1.7398,1.7906,1.7398,1.7906,0,0
TLV_MV,D,20130910,000000,1.7398,1.8327,1.6384,1.8327,0,0
TLV_MV,D,20130911,000000,1.8327,1.8327,1.8327,1.8327,0,0
TLV_MV,D,20130916,000000,1.8327,1.8327,1.8327,1.8327,0,0
TLV_MV,D,20130917,000000,1.8327,1.8327,1.8327,1.8327,0,0
TLV_MV,D,20130918,000000,1.8327,1.8327,1.7906,1.7906,0,0
TLV_MV,D,20130919,000000,1.7906,1.7906,1.7906,1.7906,0,0
TLV_MV,D,20130920,000000,1.8327,1.8327,1.8327,1.8327,0,0
TLV_MV,D,20130923,000000,1.8327,1.8327,1.8327,1.8327,0,0
TLV_MV,D,20130924,000000,1.8327,1.8327,1.8327,1.8327,0,0
TLV_MV,D,20130925,000000,1.8327,1.8327,1.8327,1.8327,0,0
TLV_MV,D,20130926,000000,1.8327,1.8327,1.8327,1.8327,0,0
TLV_MV,D,20130927,000000,1.8327,1.8327,1.8327,1.8327,0,0
TLV_MV,D,20131001,000000,1.7398,1.8327,1.6384,1.8327,0,0
TLV_MV,D,20131003,000000,1.8833,1.8833,1.8833,1.8833,0,0
TLV_MV,D,20131007,000000,1.8833,1.8833,1.6891,1.6891,0,0
TLV_MV,D,20131008,000000,1.6891,1.6891,1.6891,1.6891,0,0
TLV_MV,D,20131009,000000,1.6891,1.6891,1.6891,1.6891,0,0
TLV_MV,D,20131010,000000,1.6891,1.6891,1.6891,1.6891,0,0
TLV_MV,D,20131011,000000,1.6891,1.6891,1.6891,1.6891,0,0
TLV_MV,D,20131014,000000,1.6891,1.6891,1.6891,1.6891,0,0
TLV_MV,D,20131015,000000,1.6891,1.6891,1.6891,1.6891,0,0
TLV_MV,D,20131016,000000,1.6891,1.6891,1.6891,1.6891,0,0
TLV_MV,D,20131017,000000,1.6891,1.8327,1.6891,1.8327,0,0
TLV_MV,D,20131018,000000,1.6891,1.8833,1.6891,1.8833,0,0
TLV_MV,D,20131021,000000,1.8833,1.9847,1.8327,1.9847,0,0
TLV_MV,D,20131022,000000,1.9847,2.0269,1.9847,2.0269,0,0
TLV_MV,D,20131023,000000,2.0269,2.0269,2.0269,2.0269,0,0
TLV_MV,D,20131024,000000,2.0269,2.0269,2.0269,2.0269,0,0
TLV_MV,D,20131025,000000,2.0269,2.0269,2.0269,2.0269,0,0
TLV_MV,D,20131028,000000,2.0269,2.3648,1.8327,1.8327,0,0
TLV_MV,D,20131029,000000,2.1704,2.2212,2.1704,2.1704,0,0
TLV_MV,D,20131030,000000,2.3226,2.3226,2.3226,2.3226,0,0
TLV_MV,D,20131031,000000,2.3226,2.3648,2.1704,2.3648,0,0
TLV_MV,D,20131104,000000,2.3648,2.6097,2.3648,2.6097,0,0
TLV_MV,D,20131105,000000,2.6097,2.6603,2.6097,2.6603,0,0
TLV_MV,D,20131106,000000,2.6603,2.7026,2.2718,2.7026,0,0
TLV_MV,D,20131107,000000,2.7026,2.7026,2.6603,2.6603,0,0
TLV_MV,D,20131108,000000,2.7026,2.7026,2.4661,2.4661,0,0
TLV_MV,D,20131112,000000,2.5083,2.7026,2.5083,2.7026,0,0
TLV_MV,D,20131113,000000,2.7026,2.8038,2.7026,2.8038,0,0
TLV_MV,D,20131114,000000,2.7533,2.846,2.6603,2.7533,0,0
TLV_MV,D,20131115,000000,2.8038,2.8038,2.8038,2.8038,0,0
TLV_MV,D,20131118,000000,2.7026,2.7026,2.1704,2.6097,0,0
TLV_MV,D,20131119,000000,2.6097,2.6097,2.2212,2.5083,0,0
TLV_MV,D,20131121,000000,2.5083,2.5083,2.4154,2.4154,0,0
TLV_MV,D,20131122,000000,2.4154,2.4154,2.4154,2.4154,0,0
TLV_MV,D,20131125,000000,2.3226,2.4661,2.0776,2.4661,0,0
TLV_MV,D,20131126,000000,2.4661,2.4661,2.4661,2.4661,0,0
TLV_MV,D,20131127,000000,2.4661,2.4661,2.4661,2.4661,0,0
TLV_MV,D,20131128,000000,2.4154,2.4154,2.4154,2.4154,0,0
TLV_MV,D,20131129,000000,2.4154,2.4154,2.4154,2.4154,0,0
TLV_MV,D,20131202,000000,2.4154,2.4661,2.4154,2.4661,0,0
TLV_MV,D,20131203,000000,2.5083,2.5083,2.3226,2.5083,0,0
TLV_MV,D,20131204,000000,2.5083,2.5083,2.5083,2.5083,0,0
TLV_MV,D,20131205,000000,2.5083,2.5083,2.5083,2.5083,0,0
TLV_MV,D,20131206,000000,2.5083,2.5083,2.5083,2.5083,0,0
TLV_MV,D,20131209,000000,2.3226,2.5589,2.3226,2.4661,0,0
TLV_MV,D,20131211,000000,2.3226,2.4154,2.3226,2.4154,0,0
TLV_MV,D,20131212,000000,2.4154,2.4154,2.3226,2.3226,0,0
TLV_MV,D,20131213,000000,2.2212,2.6097,2.2212,2.5589,0,0
TLV_MV,D,20131216,000000,2.5589,2.5589,2.5589,2.5589,0,0
TLV_MV,D,20131217,000000,2.4661,2.4661,2.2718,2.4154,0,0
TLV_MV,D,20131218,000000,2.4154,2.4154,2.1704,2.1704,0,0
TLV_MV,D,20131219,000000,2.1704,2.4154,2.1704,2.4154,0,0
TLV_MV,D,20131220,000000,2.3648,2.3648,2.3648,2.3648,0,0
TLV_MV,D,20131223,000000,2.2212,2.4154,2.1704,2.1704,0,0
TLV_MV,D,20131227,000000,2.1704,2.1704,2.1704,2.1704,0,0
TLV_MV,D,20131230,000000,2.1704,2.3226,2.1704,2.3226,0,0
TLV_MV,D,20140102,000000,2.3226,2.3226,2.3226,2.3226,0,0
TLV_MV,D,20140103,000000,2.3226,2.3226,2.1283,2.1283,0,0
TLV_MV,D,20140108,000000,2.2718,2.4154,2.2718,2.4154,0,0
TLV_MV,D,20140109,000000,2.3226,2.3226,2.3226,2.3226,0,0
TLV_MV,D,20140116,000000,2.3648,2.4154,2.2212,2.4154,0,0
TLV_MV,D,20140117,000000,2.3648,2.3648,2.3648,2.3648,0,0
TLV_MV,D,20140120,000000,2.3648,2.3648,2.2212,2.2212,0,0
TLV_MV,D,20140121,000000,2.3226,2.3226,2.3226,2.3226,0,0
TLV_MV,D,20140122,000000,2.3226,2.3226,2.3226,2.3226,0,0
TLV_MV,D,20140123,000000,2.3648,2.3648,2.3648,2.3648,0,0
TLV_MV,D,20140124,000000,2.3648,2.3648,2.3648,2.3648,0,0
TLV_MV,D,20140127,000000,2.3648,2.3648,2.2212,2.2212,0,0
TLV_MV,D,20140128,000000,2.3226,2.3226,2.3226,2.3226,0,0
TLV_MV,D,20140129,000000,2.3226,2.3226,2.2212,2.2212,0,0
TLV_MV,D,20140130,000000,2.1283,2.1283,2.1283,2.1283,0,0
TLV_MV,D,20140131,000000,2.2718,2.2718,2.2718,2.2718,0,0
TLV_MV,D,20140203,000000,2.1283,2.2718,2.1283,2.2718,0,0
TLV_MV,D,20140204,000000,2.2718,2.3226,2.2212,2.3226,0,0
TLV_MV,D,20140205,000000,2.3648,2.3648,2.3648,2.3648,0,0
TLV_MV,D,20140206,000000,2.3648,2.3648,2.3648,2.3648,0,0
TLV_MV,D,20140207,000000,2.3648,2.3648,2.3648,2.3648,0,0
TLV_MV,D,20140210,000000,2.3648,2.3648,2.3648,2.3648,0,0
TLV_MV,D,20140211,000000,2.3648,2.3648,2.3648,2.3648,0,0
TLV_MV,D,20140212,000000,2.3648,2.3648,2.3648,2.3648,0,0
TLV_MV,D,20140213,000000,2.3648,2.3648,2.3648,2.3648,0,0
TLV_MV,D,20140214,000000,2.3648,2.3648,2.3648,2.3648,0,0
TLV_MV,D,20140217,000000,2.3648,2.4154,2.3648,2.4154,0,0
TLV_MV,D,20140218,000000,2.3648,2.4154,2.3648,2.4154,0,0
TLV_MV,D,20140219,000000,2.4154,2.4154,2.4154,2.4154,0,0
TLV_MV,D,20140220,000000,2.4154,2.4154,2.4154,2.4154,0,0
TLV_MV,D,20140221,000000,2.4154,2.4154,2.4154,2.4154,0,0
TLV_MV,D,20140224,000000,2.4154,2.4154,1.9847,2.3648,0,0
TLV_MV,D,20140225,000000,2.1704,2.3226,2.1704,2.3226,0,0
TLV_MV,D,20140226,000000,2.3648,2.3648,2.3648,2.3648,0,0
TLV_MV,D,20140227,000000,2.3226,2.3648,2.3226,2.3648,0,0
TLV_MV,D,20140228,000000,2.3648,2.3648,2.3648,2.3648,0,0
TLV_MV,D,20140303,000000,2.2718,2.2718,1.934,2.0269,0,0
TLV_MV,D,20140304,000000,2.0269,2.0269,2.0269,2.0269,0,0
TLV_MV,D,20140305,000000,2.0269,2.0269,2.0269,2.0269,0,0
TLV_MV,D,20140307,000000,2.0269,2.0269,2.0269,2.0269,0,0
TLV_MV,D,20140311,000000,2.0269,2.2212,2.0269,2.0269,0,0
TLV_MV,D,20140313,000000,2.0269,2.0269,2.0269,2.0269,0,0
TLV_MV,D,20140319,000000,2.0776,2.0776,2.0776,2.0776,0,0
TLV_MV,D,20140321,000000,2.0776,2.0776,2.0776,2.0776,0,0
TLV_MV,D,20140324,000000,2.0776,2.0776,1.9847,1.9847,0,0
TLV_MV,D,20140327,000000,1.9847,2.0776,1.9847,2.0776,0,0
TLV_MV,D,20140328,000000,1.934,2.0776,1.8327,2.0776,0,0
TLV_MV,D,20140401,000000,1.934,2.1283,1.934,2.1283,0,0
TLV_MV,D,20140402,000000,2.1704,2.1704,2.1704,2.1704,0,0
TLV_MV,D,20140403,000000,1.934,1.934,1.934,1.934,0,0
TLV_MV,D,20140404,000000,2.0269,2.1704,2.0269,2.1704,0,0
TLV_MV,D,20140407,000000,2.1704,2.1704,2.1704,2.1704,0,0
TLV_MV,D,20140414,000000,2.1704,2.1704,2.1704,2.1704,0,0
TLV_MV,D,20140415,000000,2.1704,2.1704,2.1704,2.1704,0,0
TLV_MV,D,20140416,000000,2.1704,2.1704,2.1704,2.1704,0,0
TLV_MV,D,20140424,000000,2.0776,2.0776,2.0776,2.0776,0,0
TLV_MV,D,20140430,000000,2.0776,2.1704,2.0776,2.1704,0,0
TLV_MV,D,20140502,000000,2.1704,2.1704,2.1704,2.1704,0,0
TLV_MV,D,20140505,000000,2.1704,2.1704,2.1704,2.1704,0,0
TLV_MV,D,20140506,000000,2.0269,2.2212,2.0269,2.2212,0,0
TLV_MV,D,20140507,000000,2.2212,2.2212,2.2212,2.2212,0,0
TLV_MV,D,20140508,000000,2.2212,2.2212,2.2212,2.2212,0,0
TLV_MV,D,20140509,000000,2.2212,2.2212,2.0269,2.0269,0,0
TLV_MV,D,20140512,000000,2.0269,2.0269,2.0269,2.0269,0,0
TLV_MV,D,20140513,000000,2.0269,2.0269,2.0269,2.0269,0,0
TLV_MV,D,20140514,000000,2.0269,2.0269,2.0269,2.0269,0,0
TLV_MV,D,20140515,000000,2.0269,2.6097,2.0269,2.5589,0,0
TLV_MV,D,20140516,000000,2.5083,2.5589,2.2212,2.5589,0,0
TLV_MV,D,20140519,000000,2.5589,2.5589,2.5589,2.5589,0,0
TLV_MV,D,20140520,000000,2.5083,2.5083,2.5083,2.5083,0,0
TLV_MV,D,20140521,000000,2.5083,2.5083,2.4661,2.5083,0,0
TLV_MV,D,20140522,000000,2.5083,2.5589,2.5083,2.5589,0,0
TLV_MV,D,20140523,000000,2.5589,2.5589,2.2212,2.2718,0,0
TLV_MV,D,20140526,000000,2.2718,2.2718,2.2212,2.2212,0,0
TLV_MV,D,20140527,000000,2.3226,2.4154,2.1283,2.4154,0,0
TLV_MV,D,20140528,000000,2.4154,2.4154,2.2212,2.2212,0,0
TLV_MV,D,20140529,000000,2.1704,2.1704,2.1704,2.1704,0,0
TLV_MV,D,20140530,000000,2.3226,2.4154,2.1283,2.3226,0,0
TLV_MV,D,20140602,000000,2.3226,2.3226,2.3226,2.3226,0,0
TLV_MV,D,20140603,000000,2.1704,2.3226,2.1704,2.3226,0,0
TLV_MV,D,20140604,000000,2.1283,2.3226,2.0776,2.3226,0,0
TLV_MV,D,20140605,000000,2.3226,2.3226,2.3226,2.3226,0,0
TLV_MV,D,20140606,000000,2.0776,2.3226,2.0776,2.3226,0,0
TLV_MV,D,20140609,000000,2.3648,2.3648,2.3648,2.3648,0,0
TLV_MV,D,20140611,000000,2.1704,2.3226,2.0776,2.3226,0,0
TLV_MV,D,20140612,000000,2.3226,2.3226,2.3226,2.3226,0,0
TLV_MV,D,20140613,000000,2.1283,2.3226,2.0776,2.3226,0,0
TLV_MV,D,20140616,000000,2.3226,2.3226,1.9847,1.9847,0,0
TLV_MV,D,20140617,000000,2.3226,2.3226,2.3226,2.3226,0,0
TLV_MV,D,20140618,000000,2.3226,2.3226,2.3226,2.3226,0,0
TLV_MV,D,20140620,000000,2.3226,2.3226,2.1283,2.1283,0,0
TLV_MV,D,20140626,000000,2.2212,2.2212,2.1283,2.1283,0,0
TLV_MV,D,20140627,000000,2.0776,2.1704,2.0269,2.1704,0,0
TLV_MV,D,20140704,000000,2.1704,2.1704,2.1704,2.1704,0,0
TLV_MV,D,20140708,000000,2.1704,2.1704,2.1704,2.1704,0,0
TLV_MV,D,20140710,000000,2.1704,2.2212,1.9847,2.2212,0,0
TLV_MV,D,20140711,000000,2.0269,2.0269,2.0269,2.0269,0,0
TLV_MV,D,20140714,000000,2.0269,2.0269,2.0269,2.0269,0,0
TLV_MV,D,20140715,000000,2.0269,2.0776,1.7906,2.0776,0,0
TLV_MV,D,20140724,000000,2.0776,2.0776,2.0776,2.0776,0,0
TLV_MV,D,20140725,000000,1.8833,1.8833,1.8833,1.8833,0,0
TLV_MV,D,20140729,000000,1.9847,1.9847,1.9847,1.9847,0,0
TLV_MV,D,20140801,000000,1.934,2.0776,1.934,2.0776,0,0
TLV_MV,D,20140808,000000,1.9847,1.9847,1.9847,1.9847,0,0
TLV_MV,D,20140818,000000,1.934,2.2212,1.934,2.2212,0,0
TLV_MV,D,20140819,000000,2.2212,2.2212,2.2212,2.2212,0,0
TLV_MV,D,20140820,000000,2.2212,2.2212,1.934,2.0269,0,0
TLV_MV,D,20140821,000000,2.0269,2.0269,2.0269,2.0269,0,0
TLV_MV,D,20140822,000000,2.1283,2.2212,2.1283,2.2212,0,0
TLV_MV,D,20140825,000000,2.2212,2.2212,2.2212,2.2212,0,0
TLV_MV,D,20140826,000000,2.2212,2.4154,2.2212,2.4154,0,0
TLV_MV,D,20140827,000000,2.4154,2.4154,2.4154,2.4154,0,0
TLV_MV,D,20140828,000000,2.4154,2.4154,2.4154,2.4154,0,0
TLV_MV,D,20140829,000000,2.4154,2.5083,2.4154,2.5083,0,0
TLV_MV,D,20140901,000000,2.5083,2.6097,2.2212,2.4661,0,0
TLV_MV,D,20140902,000000,2.4661,2.4661,2.4661,2.4661,0,0
TLV_MV,D,20140903,000000,2.4154,2.4154,2.4154,2.4154,0,0
TLV_MV,D,20140904,000000,2.5083,2.5083,2.5083,2.5083,0,0
TLV_MV,D,20140905,000000,2.5083,2.5083,2.4661,2.4661,0,0
TLV_MV,D,20140908,000000,2.4661,2.4661,2.4661,2.4661,0,0
TLV_MV,D,20140909,000000,2.5083,2.5083,2.4154,2.4154,0,0
TLV_MV,D,20140911,000000,2.3648,2.4661,2.2718,2.4661,0,0
TLV_MV,D,20140915,000000,2.4154,2.4154,2.4154,2.4154,0,0
TLV_MV,D,20140916,000000,2.4154,2.4154,2.4154,2.4154,0,0
TLV_MV,D,20140917,000000,2.4154,2.4154,2.4154,2.4154,0,0
TLV_MV,D,20140918,000000,2.4154,2.4154,2.4154,2.4154,0,0
TLV_MV,D,20140919,000000,2.4154,2.4154,2.4154,2.4154,0,0
TLV_MV,D,20140922,000000,2.4154,2.4154,2.3648,2.3648,0,0
TLV_MV,D,20140923,000000,2.3648,2.3648,2.3648,2.3648,0,0
TLV_MV,D,20140924,000000,2.4661,2.5083,2.2212,2.2212,0,0
TLV_MV,D,20140925,000000,2.2718,2.2718,2.2718,2.2718,0,0
TLV_MV,D,20140926,000000,2.3226,2.5083,2.3226,2.5083,0,0
TLV_MV,D,20140929,000000,2.5083,2.5083,2.5083,2.5083,0,0
TLV_MV,D,20140930,000000,2.5083,2.5083,2.5083,2.5083,0,0
TLV_MV,D,20141001,000000,2.5083,2.5083,2.5083,2.5083,0,0
TLV_MV,D,20141002,000000,2.4661,2.4661,2.4661,2.4661,0,0
TLV_MV,D,20141003,000000,2.4661,2.4661,2.3226,2.3226,0,0
TLV_MV,D,20141006,000000,2.2718,2.2718,2.2718,2.2718,0,0
TLV_MV,D,20141007,000000,2.2718,2.2718,2.2718,2.2718,0,0
TLV_MV,D,20141008,000000,2.3226,2.3226,2.3226,2.3226,0,0
TLV_MV,D,20141009,000000,2.3226,2.3226,2.2212,2.2212,0,0
TLV_MV,D,20141010,000000,2.2212,2.2212,2.2212,2.2212,0,0
TLV_MV,D,20141013,000000,2.2212,2.2212,2.2212,2.2212,0,0
TLV_MV,D,20141014,000000,2.3226,2.4661,2.2718,2.4661,0,0
TLV_MV,D,20141015,000000,2.4661,2.4661,2.4661,2.4661,0,0
TLV_MV,D,20141016,000000,2.3648,2.3648,2.3648,2.3648,0,0
TLV_MV,D,20141017,000000,2.3648,2.3648,2.2718,2.2718,0,0
TLV_MV,D,20141021,000000,2.2212,2.2212,2.2212,2.2212,0,0
TLV_MV,D,20141022,000000,2.2212,2.2212,2.2212,2.2212,0,0
TLV_MV,D,20141024,000000,2.1704,2.1704,2.1704,2.1704,0,0
TLV_MV,D,20141027,000000,2.2212,2.2212,2.2212,2.2212,0,0
TLV_MV,D,20141028,000000,2.2212,2.2212,2.2212,2.2212,0,0
TLV_MV,D,20141029,000000,2.1704,2.1704,2.1704,2.1704,0,0
TLV_MV,D,20141030,000000,2.1704,2.1704,2.1704,2.1704,0,0
TLV_MV,D,20141031,000000,2.2212,2.3226,2.2212,2.3226,0,0
TLV_MV,D,20141103,000000,2.4154,2.4661,2.3226,2.3226,0,0
TLV_MV,D,20141104,000000,2.3648,2.3648,2.3648,2.3648,0,0
TLV_MV,D,20141105,000000,2.3648,2.3648,2.3648,2.3648,0,0
TLV_MV,D,20141106,000000,2.3648,2.3648,2.3648,2.3648,0,0
TLV_MV,D,20141107,000000,2.3648,2.3648,2.2212,2.2718,0,0
TLV_MV,D,20141110,000000,2.2718,2.2718,2.1704,2.1704,0,0
TLV_MV,D,20141112,000000,2.1283,2.1283,2.1283,2.1283,0,0
TLV_MV,D,20141113,000000,2.0776,2.2718,2.0776,2.2718,0,0
TLV_MV,D,20141114,000000,2.3226,2.3648,2.3226,2.3648,0,0
TLV_MV,D,20141120,000000,2.4154,2.5083,2.4154,2.5083,0,0
TLV_MV,D,20141121,000000,2.5083,2.5083,2.5083,2.5083,0,0
TLV_MV,D,20141124,000000,2.5083,2.5083,2.5083,2.5083,0,0
TLV_MV,D,20141125,000000,2.5083,2.5083,2.3226,2.4154,0,0
TLV_MV,D,20141126,000000,2.4154,2.4154,2.4154,2.4154,0,0
TLV_MV,D,20141127,000000,2.4154,2.4154,2.2718,2.2718,0,0
TLV_MV,D,20141128,000000,2.2718,2.2718,2.2718,2.2718,0,0
TLV_MV,D,20141201,000000,2.2718,2.2718,2.2212,2.2212,0,0
TLV_MV,D,20141203,000000,2.2212,2.2212,2.1704,2.1704,0,0
TLV_MV,D,20141204,000000,2.1283,2.4154,2.1283,2.4154,0,0
TLV_MV,D,20141205,000000,2.4154,2.4154,2.4154,2.4154,0,0
TLV_MV,D,20141208,000000,2.3648,2.3648,2.3648,2.3648,0,0
TLV_MV,D,20141209,000000,2.3648,2.3648,2.0269,2.3648,0,0
TLV_MV,D,20141210,000000,2.3648,2.3648,2.3648,2.3648,0,0
TLV_MV,D,20141211,000000,2.3648,2.3648,2.0776,2.2212,0,0
TLV_MV,D,20141212,000000,2.1704,2.1704,2.1704,2.1704,0,0
TLV_MV,D,20141215,000000,2.0776,2.1283,2.0776,2.1283,0,0
TLV_MV,D,20141216,000000,2.1283,2.1283,2.1283,2.1283,0,0
TLV_MV,D,20141217,000000,2.1283,2.1283,1.934,1.934,0,0
TLV_MV,D,20141218,000000,1.934,2.3226,1.934,2.3226,0,0
TLV_MV,D,20141219,000000,2.3226,2.3226,2.3226,2.3226,0,0
TLV_MV,D,20141222,000000,2.3226,2.3226,2.3226,2.3226,0,0
TLV_MV,D,20141223,000000,2.2718,2.2718,2.2718,2.2718,0,0
TLV_MV,D,20141229,000000,2.2212,2.2718,2.2212,2.2718,0,0
TLV_MV,D,20141230,000000,2.3226,2.3226,2.3226,2.3226,0,0
TLV_MV,D,20150102,000000,2.3226,2.3226,2.3226,2.3226,0,0
TLV_MV,D,20150105,000000,2.2718,2.2718,2.2718,2.2718,0,0
TLV_MV,D,20150107,000000,2.3226,2.3226,2.3226,2.3226,0,0
TLV_MV,D,20150108,000000,2.3226,2.3226,2.3226,2.3226,0,0
TLV_MV,D,20150109,000000,2.3226,2.3226,2.3226,2.3226,0,0
TLV_MV,D,20150112,000000,2.3226,2.3226,2.3226,2.3226,0,0
TLV_MV,D,20150113,000000,2.3226,2.3226,2.3226,2.3226,0,0
TLV_MV,D,20150114,000000,2.3226,2.3226,2.3226,2.3226,0,0
TLV_MV,D,20150115,000000,2.3226,2.3226,2.3226,2.3226,0,0
TLV_MV,D,20150116,000000,2.3226,2.3226,2.3226,2.3226,0,0
TLV_MV,D,20150119,000000,2.3226,2.3226,2.0269,2.0269,0,0
TLV_MV,D,20150120,000000,2.0269,2.0269,2.0269,2.0269,0,0
TLV_MV,D,20150121,000000,2.0269,2.0269,2.0269,2.0269,0,0
TLV_MV,D,20150122,000000,2.0269,2.0269,2.0269,2.0269,0,0
TLV_MV,D,20150123,000000,2.0269,2.1283,2.0269,2.1283,0,0
TLV_MV,D,20150126,000000,2.1283,2.1283,2.1283,2.1283,0,0
TLV_MV,D,20150127,000000,2.0776,2.1283,1.934,2.1283,0,0
TLV_MV,D,20150128,000000,2.1283,2.1283,2.1283,2.1283,0,0
TLV_MV,D,20150129,000000,2.1283,2.1283,2.1283,2.1283,0,0
TLV_MV,D,20150130,000000,2.1283,2.1283,2.1283,2.1283,0,0
TLV_MV,D,20150202,000000,2.1283,2.1283,2.1283,2.1283,0,0
TLV_MV,D,20150203,000000,2.1704,2.1704,2.1704,2.1704,0,0
TLV_MV,D,20150205,000000,2.1704,2.1704,2.1704,2.1704,0,0
TLV_MV,D,20150206,000000,2.1704,2.1704,2.1704,2.1704,0,0
TLV_MV,D,20150209,000000,2.1704,2.1704,2.1704,2.1704,0,0
TLV_MV,D,20150210,000000,2.1704,2.1704,2.1704,2.1704,0,0
TLV_MV,D,20150211,000000,2.1704,2.1704,2.1704,2.1704,0,0
TLV_MV,D,20150212,000000,2.1704,2.1704,1.7906,2.1283,0,0
TLV_MV,D,20150213,000000,2.0269,2.1704,2.0269,2.1704,0,0
TLV_MV,D,20150216,000000,2.1704,2.1704,1.934,1.934,0,0
TLV_MV,D,20150217,000000,1.934,2.0776,1.8327,2.0776,0,0
TLV_MV,D,20150218,000000,2.0776,2.0776,1.8833,1.8833,0,0
TLV_MV,D,20150219,000000,1.8833,1.8833,1.8833,1.8833,0,0
TLV_MV,D,20150220,000000,1.8833,1.9847,1.8833,1.9847,0,0
TLV_MV,D,20150223,000000,1.934,1.934,1.934,1.934,0,0
TLV_MV,D,20150224,000000,1.934,2.0269,1.934,2.0269,0,0
TLV_MV,D,20150225,000000,1.9847,1.9847,1.8327,1.8327,0,0
TLV_MV,D,20150226,000000,1.8327,2.0269,1.8327,2.0269,0,0
TLV_MV,D,20150227,000000,1.9847,1.9847,1.7398,1.7398,0,0
TLV_MV,D,20150302,000000,1.7906,1.7906,1.7906,1.7906,0,0
TLV_MV,D,20150303,000000,1.8327,1.8327,1.8327,1.8327,0,0
TLV_MV,D,20150304,000000,1.8833,1.8833,1.7398,1.7398,0,0
TLV_MV,D,20150305,000000,1.7906,1.7906,1.7906,1.7906,0,0
TLV_MV,D,20150306,000000,1.7906,1.8833,1.7906,1.8833,0,0
TLV_MV,D,20150309,000000,1.8833,1.8833,1.8833,1.8833,0,0
TLV_MV,D,20150310,000000,1.8833,1.8833,1.8833,1.8833,0,0
TLV_MV,D,20150311,000000,1.8833,1.8833,1.8327,1.8327,0,0
TLV_MV,D,20150312,000000,1.8833,1.9847,1.8833,1.9847,0,0
TLV_MV,D,20150313,000000,1.9847,1.9847,1.9847,1.9847,0,0
TLV_MV,D,20150316,000000,1.9847,1.9847,1.9847,1.9847,0,0
TLV_MV,D,20150317,000000,1.9847,1.9847,1.9847,1.9847,0,0
TLV_MV,D,20150318,000000,1.9847,1.9847,1.9847,1.9847,0,0
TLV_MV,D,20150319,000000,1.9847,1.9847,1.9847,1.9847,0,0
TLV_MV,D,20150320,000000,1.934,1.934,1.934,1.934,0,0
TLV_MV,D,20150323,000000,1.9847,1.9847,1.9847,1.9847,0,0
TLV_MV,D,20150324,000000,1.9847,1.9847,1.8833,1.9847,0,0
TLV_MV,D,20150325,000000,1.9847,1.9847,1.9847,1.9847,0,0
TLV_MV,D,20150326,000000,1.9847,1.9847,1.9847,1.9847,0,0
TLV_MV,D,20150327,000000,1.9847,1.9847,1.9847,1.9847,0,0
TLV_MV,D,20150330,000000,1.9847,1.9847,1.9847,1.9847,0,0
TLV_MV,D,20150331,000000,1.9847,1.9847,1.8327,1.8833,0,0
TLV_MV,D,20150401,000000,1.8833,1.8833,1.8833,1.8833,0,0
TLV_MV,D,20150402,000000,1.8833,1.8833,1.8833,1.8833,0,0
TLV_MV,D,20150407,000000,1.8833,1.8833,1.8833,1.8833,0,0
TLV_MV,D,20150408,000000,1.8833,1.8833,1.8833,1.8833,0,0
TLV_MV,D,20150409,000000,1.8833,1.8833,1.8833,1.8833,0,0
TLV_MV,D,20150410,000000,1.8833,1.8833,1.8833,1.8833,0,0
TLV_MV,D,20150413,000000,1.8833,1.8833,1.8833,1.8833,0,0
TLV_MV,D,20150414,000000,1.8833,1.8833,1.8833,1.8833,0,0
TLV_MV,D,20150415,000000,1.8833,1.8833,1.8833,1.8833,0,0
TLV_MV,D,20150416,000000,1.8833,1.8833,1.8833,1.8833,0,0
TLV_MV,D,20150417,000000,1.8833,1.8833,1.8833,1.8833,0,0
TLV_MV,D,20150420,000000,1.8833,1.8833,1.8833,1.8833,0,0
TLV_MV,D,20150421,000000,1.8833,1.8833,1.8833,1.8833,0,0
TLV_MV,D,20150422,000000,1.8833,1.8833,1.8833,1.8833,0,0
TLV_MV,D,20150423,000000,1.8833,1.8833,1.7906,1.7906,0,0
TLV_MV,D,20150424,000000,1.7906,1.7906,1.7906,1.7906,0,0
TLV_MV,D,20150427,000000,1.7906,1.7906,1.7906,1.7906,0,0
TLV_MV,D,20150428,000000,1.7906,1.7906,1.7398,1.7398,0,0
TLV_MV,D,20150429,000000,1.7906,1.7906,1.7906,1.7906,0,0
TLV_MV,D,20150430,000000,1.8327,1.8327,1.8327,1.8327,0,0
TLV_MV,D,20150504,000000,1.7906,1.7906,1.7906,1.7906,0,0
TLV_MV,D,20150505,000000,1.7398,1.7398,1.7398,1.7398,0,0
TLV_MV,D,20150506,000000,1.7398,1.7398,1.7398,1.7398,0,0
TLV_MV,D,20150507,000000,1.7398,1.7398,1.7398,1.7398,0,0
TLV_MV,D,20150508,000000,1.7398,1.7398,1.7398,1.7398,0,0
TLV_MV,D,20150511,000000,1.7398,1.7398,1.7398,1.7398,0,0
TLV_MV,D,20150512,000000,1.7398,1.8327,1.7398,1.8327,0,0
TLV_MV,D,20150513,000000,1.8327,1.8327,1.8327,1.8327,0,0
TLV_MV,D,20150514,000000,1.8833,1.9847,1.8833,1.9847,0,0
TLV_MV,D,20150515,000000,1.9847,2.3226,1.9847,2.2718,0,0
TLV_MV,D,20150518,000000,2.1704,2.3226,2.0776,2.2718,0,0
TLV_MV,D,20150519,000000,2.2212,2.2718,2.0269,2.2718,0,0
TLV_MV,D,20150520,000000,2.2212,2.3226,2.0269,2.3226,0,0
TLV_MV,D,20150521,000000,2.3226,2.3226,2.3226,2.3226,0,0
TLV_MV,D,20150522,000000,2.2718,2.2718,2.2718,2.2718,0,0
TLV_MV,D,20150525,000000,2.2718,2.2718,2.2718,2.2718,0,0
TLV_MV,D,20150526,000000,2.1704,2.1704,2.1704,2.1704,0,0
TLV_MV,D,20150527,000000,2.1704,2.1704,1.934,1.934,0,0
TLV_MV,D,20150528,000000,1.934,2.2212,1.934,2.2212,0,0
TLV_MV,D,20150529,000000,2.2718,2.3648,2.2718,2.3648,0,0
TLV_MV,D,20150601,000000,2.3648,2.3648,2.0269,2.0269,0,0
TLV_MV,D,20150602,000000,2.0269,2.0269,2.0269,2.0269,0,0
TLV_MV,D,20150605,000000,2.0269,2.0269,2.0269,2.0269,0,0
TLV_MV,D,20150608,000000,2.1283,2.1283,2.1283,2.1283,0,0
TLV_MV,D,20150609,000000,2.1704,2.1704,2.1704,2.1704,0,0
TLV_MV,D,20150610,000000,2.1704,2.1704,2.1704,2.1704,0,0
TLV_MV,D,20150611,000000,2.1704,2.3226,2.1704,2.3226,0,0
TLV_MV,D,20150612,000000,2.3226,2.3226,2.3226,2.3226,0,0
TLV_MV,D,20150615,000000,2.3226,2.3226,2.2212,2.2212,0,0
TLV_MV,D,20150616,000000,2.1704,2.1704,2.1704,2.1704,0,0
TLV_MV,D,20150617,000000,2.3226,2.3226,2.3226,2.3226,0,0
TLV_MV,D,20150618,000000,2.3226,2.3226,2.0776,2.2718,0,0
TLV_MV,D,20150619,000000,2.2718,2.3648,2.2718,2.3648,0,0
TLV_MV,D,20150622,000000,2.3648,2.3648,2.3648,2.3648,0,0
TLV_MV,D,20150623,000000,2.3226,2.4154,2.3226,2.4154,0,0
TLV_MV,D,20150624,000000,2.3226,2.3226,2.3226,2.3226,0,0
TLV_MV,D,20150625,000000,2.1704,2.1704,2.1704,2.1704,0,0
TLV_MV,D,20150626,000000,2.1704,2.1704,2.1704,2.1704,0,0
TLV_MV,D,20150629,000000,2.2718,2.2718,2.2718,2.2718,0,0
TLV_MV,D,20150630,000000,2.3226,2.3226,2.3226,2.3226,0,0
TLV_MV,D,20150701,000000,2.2212,2.2718,2.2212,2.2718,0,0
TLV_MV,D,20150702,000000,2.3648,2.3648,2.3648,2.3648,0,0
TLV_MV,D,20150703,000000,2.3648,2.3648,2.3226,2.3226,0,0
TLV_MV,D,20150706,000000,2.3648,2.3648,2.3648,2.3648,0,0
TLV_MV,D,20150707,000000,2.3648,2.3648,2.2718,2.3648,0,0
TLV_MV,D,20150708,000000,2.3648,2.3648,2.3648,2.3648,0,0
TLV_MV,D,20150709,000000,2.3648,2.3648,2.3648,2.3648,0,0
TLV_MV,D,20150710,000000,2.3226,2.3226,2.2212,2.2212,0,0
TLV_MV,D,20150713,000000,2.2212,2.2212,2.2212,2.2212,0,0
TLV_MV,D,20150714,000000,2.2212,2.2212,2.2212,2.2212,0,0
TLV_MV,D,20150715,000000,2.2212,2.4154,2.2212,2.4154,0,0
TLV_MV,D,20150716,000000,2.4154,2.4154,2.4154,2.4154,0,0
TLV_MV,D,20150717,000000,2.4154,2.4154,2.4154,2.4154,0,0
TLV_MV,D,20150721,000000,2.3648,2.3648,2.3648,2.3648,0,0
TLV_MV,D,20150722,000000,2.3648,2.3648,2.3648,2.3648,0,0
TLV_MV,D,20150723,000000,2.3648,2.3648,2.3648,2.3648,0,0
TLV_MV,D,20150724,000000,2.3648,2.3648,2.3648,2.3648,0,0
TLV_MV,D,20150727,000000,2.3648,2.3648,2.3648,2.3648,0,0
TLV_MV,D,20150728,000000,2.3648,2.3648,2.3648,2.3648,0,0
TLV_MV,D,20150729,000000,2.3648,2.3648,2.3648,2.3648,0,0
TLV_MV,D,20150730,000000,2.3648,2.3648,2.3648,2.3648,0,0
TLV_MV,D,20150731,000000,2.3648,2.3648,2.3648,2.3648,0,0
TLV_MV,D,20150804,000000,2.2628,2.2628,2.1132,2.2628,0,0
TLV_MV,D,20150805,000000,2.2628,2.2628,2.2628,2.2628,0,0
TLV_MV,D,20150806,000000,2.2628,2.2628,2.2628,2.2628,0,0
TLV_MV,D,20150807,000000,2.166,2.4214,2.166,2.4214,0,0
TLV_MV,D,20150810,000000,2.166,2.166,2.166,2.166,0,0
TLV_MV,D,20150811,000000,2.4214,2.4654,2.3157,2.3157,0,0
TLV_MV,D,20150812,000000,2.2628,2.2628,2.2628,2.2628,0,0
TLV_MV,D,20150813,000000,2.2628,2.2628,2.2628,2.2628,0,0
TLV_MV,D,20150814,000000,2.2188,2.615,2.2188,2.615,0,0
TLV_MV,D,20150817,000000,2.5181,2.5181,2.5181,2.5181,0,0
TLV_MV,D,20150818,000000,2.4214,2.4654,2.3685,2.4654,0,0
TLV_MV,D,20150819,000000,2.4654,2.4654,2.4654,2.4654,0,0
TLV_MV,D,20150820,000000,2.4654,2.5181,2.4214,2.5181,0,0
TLV_MV,D,20150824,000000,2.4214,2.4214,2.2628,2.2628,0,0
TLV_MV,D,20150825,000000,2.2188,2.3157,2.2188,2.3157,0,0
TLV_MV,D,20150826,000000,2.2628,2.2628,2.2188,2.2188,0,0
TLV_MV,D,20150827,000000,2.2188,2.2188,2.2188,2.2188,0,0
TLV_MV,D,20150828,000000,2.2188,2.2188,2.2188,2.2188,0,0
TLV_MV,D,20150831,000000,2.2188,2.2188,2.2188,2.2188,0,0
TLV_MV,D,20150901,000000,2.2188,2.4214,2.2188,2.4214,0,0
TLV_MV,D,20150903,000000,2.2188,2.2188,2.166,2.166,0,0
TLV_MV,D,20150904,000000,2.4654,2.4654,2.166,2.166,0,0
TLV_MV,D,20150909,000000,2.2188,2.3685,2.2188,2.3685,0,0
TLV_MV,D,20150910,000000,2.2188,2.2188,2.2188,2.2188,0,0
TLV_MV,D,20150911,000000,2.2188,2.2188,2.2188,2.2188,0,0
TLV_MV,D,20150914,000000,2.2188,2.2188,2.2188,2.2188,0,0
TLV_MV,D,20150915,000000,2.2188,2.2188,2.166,2.166,0,0
TLV_MV,D,20150916,000000,2.0164,2.0164,2.0164,2.0164,0,0
TLV_MV,D,20150917,000000,2.0164,2.3157,2.0164,2.0692,0,0
TLV_MV,D,20150918,000000,2.0692,2.3157,2.0692,2.3157,0,0
TLV_MV,D,20150921,000000,2.3685,2.3685,2.3685,2.3685,0,0
TLV_MV,D,20150922,000000,2.3685,2.3685,2.3685,2.3685,0,0
TLV_MV,D,20150923,000000,2.0692,2.0692,2.0164,2.0164,0,0
TLV_MV,D,20150930,000000,2.2188,2.2628,2.2188,2.2628,0,0
TLV_MV,D,20151006,000000,2.0692,2.0692,2.0164,2.0164,0,0
TLV_MV,D,20151007,000000,2.0692,2.0692,2.0692,2.0692,0,0
TLV_MV,D,20151014,000000,2.166,2.166,2.166,2.166,0,0
TLV_MV,D,20151015,000000,2.166,2.166,2.166,2.166,0,0
TLV_MV,D,20151019,000000,2.0692,2.0692,2.0164,2.0164,0,0
TLV_MV,D,20151021,000000,1.9635,1.9635,1.9635,1.9635,0,0
TLV_MV,D,20151023,000000,2.166,2.166,2.166,2.166,0,0
TLV_MV,D,20151028,000000,1.9635,1.9635,1.9635,1.9635,0,0
TLV_MV,D,20151029,000000,1.9106,2.1132,1.9106,2.1132,0,0
TLV_MV,D,20151030,000000,1.8667,1.8667,1.8667,1.8667,0,0
TLV_MV,D,20151103,000000,1.8667,1.8667,1.8667,1.8667,0,0
TLV_MV,D,20151104,000000,1.8138,1.8138,1.8138,1.8138,0,0
TLV_MV,D,20151110,000000,2.0164,2.0164,2.0164,2.0164,0,0
TLV_MV,D,20151112,000000,2.0164,2.0164,1.761,1.9635,0,0
TLV_MV,D,20151113,000000,1.9635,2.2188,1.9635,2.2188,0,0
TLV_MV,D,20151116,000000,1.8667,1.9106,1.8667,1.9106,0,0
TLV_MV,D,20151117,000000,2.0692,2.0692,1.761,1.761,0,0
TLV_MV,D,20151123,000000,2.0692,2.1132,2.0692,2.1132,0,0
TLV_MV,D,20151125,000000,1.9106,2.0692,1.9106,2.0692,0,0
TLV_MV,D,20151126,000000,2.0164,2.0164,1.9106,1.9106,0,0
TLV_MV,D,20151127,000000,2.0164,2.0164,2.0164,2.0164,0,0
TLV_MV,D,20151207,000000,2.0164,2.1132,1.9635,2.0692,0,0
TLV_MV,D,20151216,000000,1.9635,1.9635,1.9635,1.9635,0,0
TLV_MV,D,20151221,000000,1.9635,1.9635,1.9635,1.9635,0,0
TLV_MV,D,20151223,000000,1.9635,1.9635,1.9635,1.9635,0,0
TLV_MV,D,20151228,000000,2.0164,2.0164,2.0164,2.0164,0,0
TLV_MV,D,20151230,000000,2.0164,2.1132,1.9635,1.9635,0,0
TLV_MV,D,20160104,000000,1.761,2.1132,1.761,2.1132,0,0
TLV_MV,D,20160105,000000,2.1132,2.1132,2.1132,2.1132,0,0
TLV_MV,D,20160112,000000,1.9635,2.1132,1.9635,2.1132,0,0
TLV_MV,D,20160113,000000,1.9635,1.9635,1.9635,1.9635,0,0
TLV_MV,D,20160115,000000,1.9635,2.1132,1.9635,2.1132,0,0
TLV_MV,D,20160118,000000,2.0164,2.0164,2.0164,2.0164,0,0
TLV_MV,D,20160121,000000,2.0164,2.0164,2.0164,2.0164,0,0
TLV_MV,D,20160122,000000,2.0164,2.0164,2.0164,2.0164,0,0
TLV_MV,D,20160125,000000,2.1132,2.1132,2.0164,2.0164,0,0
TLV_MV,D,20160127,000000,2.0164,2.0164,2.0164,2.0164,0,0
TLV_MV,D,20160201,000000,2.0164,2.0164,2.0164,2.0164,0,0
TLV_MV,D,20160205,000000,2.1132,2.2628,2.1132,2.2628,0,0
TLV_MV,D,20160208,000000,2.2188,2.2188,2.2188,2.2188,0,0
TLV_MV,D,20160209,000000,2.2628,2.2628,2.2628,2.2628,0,0
TLV_MV,D,20160215,000000,2.2628,2.571,2.2628,2.571,0,0
TLV_MV,D,20160216,000000,2.571,2.615,2.571,2.615,0,0
TLV_MV,D,20160217,000000,2.3685,2.4654,2.3685,2.4214,0,0
TLV_MV,D,20160218,000000,2.4214,2.571,2.4214,2.4654,0,0
TLV_MV,D,20160219,000000,2.5181,2.5181,2.5181,2.5181,0,0
TLV_MV,D,20160222,000000,2.5181,2.571,2.5181,2.571,0,0
TLV_MV,D,20160224,000000,2.571,2.615,2.571,2.615,0,0
TLV_MV,D,20160226,000000,2.615,2.615,2.615,2.615,0,0
TLV_MV,D,20160229,000000,2.6679,2.7735,2.615,2.6679,0,0
TLV_MV,D,20160301,000000,2.615,2.615,2.615,2.615,0,0
TLV_MV,D,20160302,000000,2.571,2.571,2.5181,2.5181,0,0
TLV_MV,D,20160303,000000,2.571,2.7735,2.571,2.7735,0,0
TLV_MV,D,20160304,000000,2.615,2.615,2.615,2.615,0,0
TLV_MV,D,20160307,000000,2.4654,2.6679,2.4654,2.6679,0,0
TLV_MV,D,20160308,000000,2.5181,2.5181,2.5181,2.5181,0,0
TLV_MV,D,20160309,000000,2.6679,2.6679,2.6679,2.6679,0,0
TLV_MV,D,20160310,000000,2.5181,2.7207,2.5181,2.7207,0,0
TLV_MV,D,20160311,000000,2.5181,2.5181,2.5181,2.5181,0,0
TLV_MV,D,20160315,000000,2.4654,2.4654,2.4654,2.4654,0,0
TLV_MV,D,20160316,000000,2.615,2.6679,2.4214,2.4214,0,0
TLV_MV,D,20160322,000000,2.4214,2.6679,2.4214,2.6679,0,0
TLV_MV,D,20160324,000000,2.615,2.615,2.615,2.615,0,0
TLV_MV,D,20160401,000000,2.4654,2.4654,2.4654,2.4654,0,0
TLV_MV,D,20160405,000000,2.4654,2.4654,2.3157,2.3157,0,0
TLV_MV,D,20160406,000000,2.3157,2.571,2.3157,2.571,0,0
TLV_MV,D,20160415,000000,2.4654,2.615,2.4654,2.615,0,0
TLV_MV,D,20160418,000000,2.4654,2.4654,2.3685,2.3685,0,0
TLV_MV,D,20160421,000000,2.571,2.571,2.571,2.571,0,0
TLV_MV,D,20160428,000000,2.5181,2.5181,2.5181,2.5181,0,0
TLV_MV,D,20160429,000000,2.571,2.615,2.571,2.615,0,0
TLV_MV,D,20160502,000000,2.615,2.615,2.5181,2.5181,0,0
TLV_MV,D,20160504,000000,2.5181,2.5181,2.5181,2.5181,0,0
TLV_MV,D,20160516,000000,2.615,2.7207,2.5181,2.7207,0,0
TLV_MV,D,20160517,000000,2.571,2.571,2.571,2.571,0,0
TLV_MV,D,20160518,000000,2.5181,2.5181,2.5181,2.5181,0,0
TLV_MV,D,20160519,000000,2.5181,2.5181,2.5181,2.5181,0,0
TLV_MV,D,20160524,000000,2.3685,2.3685,2.3685,2.3685,0,0
TLV_MV,D,20160525,000000,2.6679,2.6679,2.6679,2.6679,0,0
TLV_MV,D,20160527,000000,2.4654,2.4654,2.4654,2.4654,0,0
TLV_MV,D,20160603,000000,2.4214,2.4214,2.4214,2.4214,0,0
TLV_MV,D,20160606,000000,2.4654,2.4654,2.4654,2.4654,0,0
TLV_MV,D,20160608,000000,2.5181,2.6679,2.5181,2.6679,0,0
TLV_MV,D,20160610,000000,2.4214,2.4214,2.4214,2.4214,0,0
TLV_MV,D,20160615,000000,2.4214,2.4214,2.4214,2.4214,0,0
TLV_MV,D,20160620,000000,2.4214,2.4214,2.4214,2.4214,0,0
TLV_MV,D,20160621,000000,2.5181,2.615,2.5181,2.5181,0,0
TLV_MV,D,20160622,000000,2.5181,2.5181,2.5181,2.5181,0,0
TLV_MV,D,20160623,000000,2.5181,2.5181,2.5181,2.5181,0,0
TLV_MV,D,20160624,000000,2.4214,2.4214,2.4214,2.4214,0,0
TLV_MV,D,20160627,000000,2.615,2.615,2.5181,2.5181,0,0
TLV_MV,D,20160628,000000,2.615,2.6679,2.5181,2.5181,0,0
TLV_MV,D,20160629,000000,2.6679,2.7207,2.6679,2.7207,0,0
TLV_MV,D,20160707,000000,2.5181,2.5181,2.5181,2.5181,0,0
TLV_MV,D,20160708,000000,2.571,2.571,2.571,2.571,0,0
TLV_MV,D,20160711,000000,2.571,2.571,2.571,2.571,0,0
TLV_MV,D,20160713,000000,2.571,2.571,2.571,2.571,0,0
TLV_MV,D,20160721,000000,2.571,2.571,2.571,2.571,0,0
TLV_MV,D,20160722,000000,2.571,2.571,2.571,2.571,0,0
TLV_MV,D,20160726,000000,2.571,2.571,2.571,2.571,0,0
TLV_MV,D,20160727,000000,2.571,2.6679,2.571,2.6679,0,0
TLV_MV,D,20160728,000000,2.5181,2.571,2.5181,2.571,0,0
TLV_MV,D,20160729,000000,2.571,2.571,2.571,2.571,0,0
TLV_MV,D,20160801,000000,2.571,2.571,2.571,2.571,0,0
TLV_MV,D,20160802,000000,2.615,2.615,2.571,2.571,0,0
TLV_MV,D,20160804,000000,2.621,2.621,2.621,2.621,0,0
TLV_MV,D,20160805,000000,2.566,2.566,2.566,2.566,0,0
TLV_MV,D,20160808,000000,2.7218,2.7218,2.7218,2.7218,0,0
TLV_MV,D,20160809,000000,2.566,2.566,2.566,2.566,0,0
TLV_MV,D,20160810,000000,2.566,2.566,2.566,2.566,0,0
TLV_MV,D,20160812,000000,2.566,2.566,2.1536,2.1536,0,0
TLV_MV,D,20160816,000000,2.7218,2.7218,2.7218,2.7218,0,0
TLV_MV,D,20160822,000000,2.566,2.566,2.566,2.566,0,0
TLV_MV,D,20160824,000000,2.5202,2.5202,2.5202,2.5202,0,0
TLV_MV,D,20160825,000000,2.4652,2.4652,2.4652,2.4652,0,0
TLV_MV,D,20160830,000000,2.4652,2.4652,2.4652,2.4652,0,0
TLV_MV,D,20160907,000000,2.4652,2.4652,2.4652,2.4652,0,0
TLV_MV,D,20160912,000000,2.4103,2.4103,2.4103,2.4103,0,0
TLV_MV,D,20160914,000000,2.3551,2.3551,2.3551,2.3551,0,0
TLV_MV,D,20160915,000000,2.4652,2.5202,2.4652,2.5202,0,0
TLV_MV,D,20160916,000000,2.3551,2.3551,2.3551,2.3551,0,0
TLV_MV,D,20160922,000000,2.5202,2.5202,2.5202,2.5202,0,0
TLV_MV,D,20160923,000000,2.5202,2.5202,2.5202,2.5202,0,0
TLV_MV,D,20160930,000000,2.4652,2.4652,2.4652,2.4652,0,0
TLV_MV,D,20161010,000000,2.5202,2.5202,2.5202,2.5202,0,0
TLV_MV,D,20161013,000000,2.5202,2.5202,2.5202,2.5202,0,0
TLV_MV,D,20161017,000000,2.5202,2.5202,2.5202,2.5202,0,0
TLV_MV,D,20161027,000000,2.3094,2.3094,2.3094,2.3094,0,0
TLV_MV,D,20161102,000000,2.3094,2.3094,2.3094,2.3094,0,0
TLV_MV,D,20161107,000000,2.3094,2.3094,2.3094,2.3094,0,0
TLV_MV,D,20161108,000000,2.3094,2.5202,2.3094,2.5202,0,0
TLV_MV,D,20161115,000000,2.5202,2.5202,2.3551,2.3551,0,0
TLV_MV,D,20161118,000000,2.5202,2.566,2.3551,2.3551,0,0
TLV_MV,D,20161122,000000,2.566,2.566,2.566,2.566,0,0
TLV_MV,D,20161123,000000,2.621,2.7218,2.621,2.7218,0,0
TLV_MV,D,20161124,000000,2.5202,2.566,2.5202,2.566,0,0
TLV_MV,D,20161128,000000,2.566,2.566,2.5202,2.5202,0,0
TLV_MV,D,20161202,000000,2.4103,2.4103,2.4103,2.4103,0,0
TLV_MV,D,20161206,000000,2.621,2.621,2.621,2.621,0,0
TLV_MV,D,20161207,000000,2.7218,2.7218,2.7218,2.7218,0,0
TLV_MV,D,20161208,000000,2.621,2.7218,2.621,2.7218,0,0
TLV_MV,D,20161212,000000,2.5202,2.5202,2.5202,2.5202,0,0
TLV_MV,D,20161215,000000,2.3551,2.3551,2.3551,2.3551,0,0
TLV_MV,D,20161221,000000,2.3094,2.3094,2.3094,2.3094,0,0
TLV_MV,D,20161222,000000,2.3094,2.5202,2.3094,2.5202,0,0
TLV_MV,D,20161223,000000,2.5202,2.5202,2.5202,2.5202,0,0
TLV_MV,D,20161227,000000,2.4652,2.4652,2.4652,2.4652,0,0
TLV_MV,D,20170102,000000,2.566,2.566,2.566,2.566,0,0
TLV_MV,D,20170109,000000,2.676,2.676,2.676,2.676,0,0
TLV_MV,D,20170110,000000,2.676,2.7768,2.676,2.7768,0,0
TLV_MV,D,20170111,000000,2.8317,2.8317,2.8317,2.8317,0,0
TLV_MV,D,20170113,000000,2.8317,2.8868,2.621,2.8868,0,0
TLV_MV,D,20170116,000000,2.8868,2.8868,2.676,2.676,0,0
TLV_MV,D,20170123,000000,2.676,2.676,2.676,2.676,0,0
TLV_MV,D,20170124,000000,2.8868,2.9325,2.676,2.9325,0,0
TLV_MV,D,20170125,000000,2.676,3.0426,2.676,2.8868,0,0
TLV_MV,D,20170126,000000,2.8868,2.8868,2.8868,2.8868,0,0
TLV_MV,D,20170127,000000,3.0426,3.1433,3.0426,3.1433,0,0
TLV_MV,D,20170130,000000,3.0884,3.0884,3.0426,3.0426,0,0
TLV_MV,D,20170131,000000,2.9876,3.0884,2.8868,2.9876,0,0
TLV_MV,D,20170202,000000,2.9325,2.9325,2.9325,2.9325,0,0
TLV_MV,D,20170203,000000,2.8868,3.0426,2.8868,3.0426,0,0
TLV_MV,D,20170206,000000,3.0426,3.0884,3.0426,3.0884,0,0
TLV_MV,D,20170207,000000,3.0884,3.1984,3.0884,3.1984,0,0
TLV_MV,D,20170208,000000,3.1984,3.2533,3.1984,3.2533,0,0
TLV_MV,D,20170209,000000,3.2533,3.2533,3.1433,3.1433,0,0
TLV_MV,D,20170210,000000,3.1984,3.1984,3.1433,3.1433,0,0
TLV_MV,D,20170213,000000,3.1433,3.8764,3.1433,3.8764,0,0
TLV_MV,D,20170214,000000,3.8764,3.8764,3.6657,3.8307,0,0
TLV_MV,D,20170215,000000,3.7206,3.8307,3.2533,3.7206,0,0
TLV_MV,D,20170216,000000,3.4641,3.6199,3.4641,3.6199,0,0
TLV_MV,D,20170217,000000,3.7206,3.7206,3.7206,3.7206,0,0
TLV_MV,D,20170220,000000,3.7757,3.8764,3.7757,3.8764,0,0
TLV_MV,D,20170221,000000,3.8307,4.9762,3.8307,4.353,0,0
TLV_MV,D,20170222,000000,4.243,4.298,3.8764,4.1972,0,0
TLV_MV,D,20170223,000000,3.8764,4.0873,3.8764,4.0873,0,0
TLV_MV,D,20170224,000000,3.7757,4.4538,3.565,4.1972,0,0
TLV_MV,D,20170227,000000,4.1972,4.1972,3.6657,4.0322,0,0
TLV_MV,D,20170228,000000,3.7757,3.7757,3.4641,3.7757,0,0
TLV_MV,D,20170301,000000,3.6657,3.7757,3.5099,3.5099,0,0
TLV_MV,D,20170302,000000,3.6657,4.0322,3.6657,4.0322,0,0
TLV_MV,D,20170303,000000,3.6199,3.6199,3.4092,3.565,0,0
TLV_MV,D,20170306,000000,3.3541,3.4092,3.2991,3.4092,0,0
TLV_MV,D,20170307,000000,3.2991,3.3541,3.2991,3.3541,0,0
TLV_MV,D,20170308,000000,3.2991,3.5099,3.2991,3.5099,0,0
TLV_MV,D,20170309,000000,3.3541,3.3541,3.2991,3.2991,0,0
TLV_MV,D,20170310,000000,3.565,3.565,3.565,3.565,0,0
TLV_MV,D,20170313,000000,3.2991,3.6657,3.2991,3.6657,0,0
TLV_MV,D,20170314,000000,3.6657,3.6657,3.5099,3.5099,0,0
TLV_MV,D,20170315,000000,3.8764,4.353,3.8764,4.0873,0,0
TLV_MV,D,20170316,000000,4.1422,4.1422,4.1422,4.1422,0,0
TLV_MV,D,20170322,000000,3.7757,3.7757,3.7757,3.7757,0,0
TLV_MV,D,20170324,000000,4.0873,4.0873,4.0873,4.0873,0,0
TLV_MV,D,20170328,000000,3.8764,4.0873,3.8764,4.0873,0,0
TLV_MV,D,20170404,000000,4.0873,4.0873,4.0873,4.0873,0,0
TLV_MV,D,20170405,000000,4.1422,4.8204,4.0873,4.4538,0,0
TLV_MV,D,20170407,000000,4.353,4.353,4.353,4.353,0,0
TLV_MV,D,20170410,000000,4.353,4.353,3.8307,4.298,0,0
TLV_MV,D,20170424,000000,4.0322,4.0322,3.9314,3.9314,0,0
TLV_MV,D,20170425,000000,3.8307,4.353,3.3541,4.353,0,0
TLV_MV,D,20170426,000000,3.6657,4.353,3.6657,4.353,0,0
TLV_MV,D,20170505,000000,3.8764,4.353,3.8764,4.353,0,0
TLV_MV,D,20170508,000000,4.353,4.353,4.0873,4.0873,0,0
TLV_MV,D,20170509,000000,3.8764,3.8764,3.7206,3.7757,0,0
TLV_MV,D,20170510,000000,3.9314,4.353,3.9314,4.353,0,0
TLV_MV,D,20170512,000000,3.8764,3.9865,3.7757,3.9865,0,0
TLV_MV,D,20170515,000000,3.7206,3.7757,3.565,3.6657,0,0
TLV_MV,D,20170516,000000,3.5099,3.7757,3.5099,3.7757,0,0
TLV_MV,D,20170517,000000,3.6199,3.6657,3.6199,3.6657,0,0
TLV_MV,D,20170523,000000,3.6199,3.6199,3.6199,3.6199,0,0
TLV_MV,D,20170529,000000,3.6199,3.6199,3.2533,3.565,0,0
TLV_MV,D,20170530,000000,3.565,3.565,3.565,3.565,0,0
TLV_MV,D,20170601,000000,3.7206,3.7206,3.7206,3.7206,0,0
TLV_MV,D,20170606,000000,3.7206,3.7757,3.7206,3.7757,0,0
TLV_MV,D,20170608,000000,3.9314,4.0322,3.9314,4.0322,0,0
TLV_MV,D,20170609,000000,4.1422,4.1972,4.1422,4.1422,0,0
TLV_MV,D,20170612,000000,3.9865,3.9865,3.9314,3.9314,0,0
TLV_MV,D,20170613,000000,3.8307,3.8307,3.6657,3.6657,0,0
TLV_MV,D,20170614,000000,3.8307,3.8307,3.8307,3.8307,0,0
TLV_MV,D,20170616,000000,3.8764,3.8764,3.8764,3.8764,0,0
TLV_MV,D,20170619,000000,4.0322,4.0873,4.0322,4.0873,0,0
TLV_MV,D,20170620,000000,4.0873,4.1972,4.0873,4.1972,0,0
TLV_MV,D,20170622,000000,4.1972,4.298,4.1972,4.298,0,0
TLV_MV,D,20170623,000000,4.298,4.298,4.1972,4.1972,0,0
TLV_MV,D,20170628,000000,4.0322,4.0322,4.0322,4.0322,0,0
TLV_MV,D,20170629,000000,4.1422,4.1422,4.1422,4.1422,0,0
TLV_MV,D,20170706,000000,4.0322,4.0322,4.0322,4.0322,0,0
TLV_MV,D,20170707,000000,4.0873,4.0873,4.0873,4.0873,0,0
TLV_MV,D,20170711,000000,3.9314,3.9314,3.8307,3.8307,0,0
TLV_MV,D,20170712,000000,3.7206,3.7206,3.7206,3.7206,0,0
TLV_MV,D,20170714,000000,3.8307,4.0322,3.8307,4.0322,0,0
TLV_MV,D,20170727,000000,3.7635,3.7635,3.7635,3.7635,0,0
TLV_MV,D,20170731,000000,3.9328,3.9328,3.9328,3.9328,0,0
TLV_MV,D,20170801,000000,4.0363,4.0363,4.0363,4.0363,0,0
TLV_MV,D,20170802,000000,4.0928,4.3091,4.0928,4.3091,0,0
TLV_MV,D,20170803,000000,4.0363,4.0363,3.8763,3.8763,0,0
TLV_MV,D,20170804,000000,3.8763,4.3091,3.8763,4.3091,0,0
TLV_MV,D,20170810,000000,4.0363,4.0363,4.0363,4.0363,0,0
TLV_MV,D,20170811,000000,4.0928,4.7325,4.0928,4.3091,0,0
TLV_MV,D,20170814,000000,4.0928,4.0928,4.0928,4.0928,0,0
TLV_MV,D,20170816,000000,4.1963,4.3091,4.0928,4.3091,0,0
TLV_MV,D,20170817,000000,4.0928,4.0928,4.0928,4.0928,0,0
TLV_MV,D,20170821,000000,3.9328,4.5726,3.9328,4.5161,0,0
TLV_MV,D,20170822,000000,4.3091,4.3091,4.3091,4.3091,0,0
TLV_MV,D,20170823,000000,4.1963,4.1963,4.1398,4.1398,0,0
TLV_MV,D,20170824,000000,4.3091,4.3091,4.3091,4.3091,0,0
TLV_MV,D,20170828,000000,4.0928,4.0928,4.0363,4.0363,0,0
TLV_MV,D,20170904,000000,4.0363,4.0363,3.9328,4.0363,0,0
TLV_MV,D,20170906,000000,4.0363,4.0363,4.0363,4.0363,0,0
TLV_MV,D,20170911,000000,4.0363,4.0928,4.0363,4.0928,0,0
TLV_MV,D,20170912,000000,4.2527,4.5726,4.2527,4.5726,0,0
TLV_MV,D,20170913,000000,4.4691,4.4691,4.0363,4.1398,0,0
TLV_MV,D,20170915,000000,4.2527,4.3091,4.2527,4.3091,0,0
TLV_MV,D,20170925,000000,4.3562,4.3562,4.3562,4.3562,0,0
TLV_MV,D,20170926,000000,4.3562,4.3562,4.3562,4.3562,0,0
TLV_MV,D,20170927,000000,4.3091,4.3091,4.3091,4.3091,0,0
TLV_MV,D,20171003,000000,4.5726,4.5726,4.5726,4.5726,0,0
TLV_MV,D,20171005,000000,4.5726,4.5726,4.5726,4.5726,0,0
TLV_MV,D,20171009,000000,4.5726,4.5726,4.5726,4.5726,0,0
TLV_MV,D,20171012,000000,4.5726,4.7325,4.3091,4.6291,0,0
TLV_MV,D,20171013,000000,4.6855,4.7325,4.6855,4.7325,0,0
TLV_MV,D,20171016,000000,4.7325,5.0619,4.7325,5.0619,0,0
TLV_MV,D,20171017,000000,4.8454,4.8454,4.5726,4.7325,0,0
TLV_MV,D,20171018,000000,4.9019,5.1089,4.6855,4.6855,0,0
TLV_MV,D,20171020,000000,4.6855,4.6855,4.6291,4.6291,0,0
TLV_MV,D,20171023,000000,4.6855,4.8454,4.5726,4.8454,0,0
TLV_MV,D,20171024,000000,4.789,4.789,4.789,4.789,0,0
TLV_MV,D,20171025,000000,5.0619,5.3253,5.0619,5.2218,0,0
TLV_MV,D,20171026,000000,5.3817,6.3509,5.1653,6.0779,0,0
TLV_MV,D,20171027,000000,6.2474,6.2474,5.4853,5.4853,0,0
TLV_MV,D,20171030,000000,4.789,5.2218,4.789,5.2218,0,0
TLV_MV,D,20171031,000000,5.7016,5.7016,5.0054,5.1089,0,0
TLV_MV,D,20171102,000000,5.1089,5.7016,5.1089,5.5417,0,0
TLV_MV,D,20171103,000000,5.1089,5.1089,5.1089,5.1089,0,0
TLV_MV,D,20171106,000000,5.0054,5.0054,4.5726,4.8454,0,0
TLV_MV,D,20171107,000000,4.5726,4.8454,4.5726,4.8454,0,0
TLV_MV,D,20171109,000000,5.2218,5.2218,5.2218,5.2218,0,0
TLV_MV,D,20171110,000000,4.9489,5.2218,4.9019,5.2218,0,0
TLV_MV,D,20171113,000000,4.9489,4.9489,4.9489,4.9489,0,0
TLV_MV,D,20171114,000000,4.9489,4.9489,4.9489,4.9489,0,0
TLV_MV,D,20171115,000000,4.9489,4.9489,4.8454,4.9019,0,0
TLV_MV,D,20171120,000000,4.6291,4.7325,4.0363,4.7325,0,0
TLV_MV,D,20171121,000000,4.5161,4.7325,4.5161,4.7325,0,0
TLV_MV,D,20171127,000000,4.7325,4.7325,4.7325,4.7325,0,0
TLV_MV,D,20171128,000000,4.7325,4.7325,4.5161,4.6855,0,0
TLV_MV,D,20171129,000000,4.7325,4.7325,4.7325,4.7325,0,0
TLV_MV,D,20171201,000000,4.6855,4.6855,4.6855,4.6855,0,0
TLV_MV,D,20171212,000000,4.6855,4.6855,4.6855,4.6855,0,0
TLV_MV,D,20171213,000000,4.6855,4.6855,4.6855,4.6855,0,0
TLV_MV,D,20171215,000000,4.6855,4.6855,4.6291,4.6855,0,0
TLV_MV,D,20171219,000000,4.8454,4.8454,4.8454,4.8454,0,0
TLV_MV,D,20171220,000000,4.8454,4.8454,4.8454,4.8454,0,0
TLV_MV,D,20171221,000000,5.1089,5.1089,5.1089,5.1089,0,0
TLV_MV,D,20171227,000000,5.1089,5.1089,5.1089,5.1089,0,0
TLV_MV,D,20171228,000000,5.1653,5.2218,5.1653,5.2218,0,0
TLV_MV,D,20171229,000000,4.9489,5.2218,4.9489,5.2218,0,0
TLV_MV,D,20180103,000000,5.2218,5.2218,5.0054,5.0054,0,0
TLV_MV,D,20180104,000000,5.0054,5.3253,5.0054,5.3253,0,0
TLV_MV,D,20180108,000000,4.9489,5.0054,4.9489,5.0054,0,0
TLV_MV,D,20180109,000000,4.9489,4.9489,4.9489,4.9489,0,0
TLV_MV,D,20180111,000000,4.9489,4.9489,4.9489,4.9489,0,0
TLV_MV,D,20180115,000000,4.8454,4.9489,4.8454,4.9489,0,0
TLV_MV,D,20180118,000000,4.9489,4.9489,4.9489,4.9489,0,0
TLV_MV,D,20180123,000000,4.9489,4.9489,4.9489,4.9489,0,0
TLV_MV,D,20180129,000000,4.789,4.789,4.789,4.789,0,0
TLV_MV,D,20180130,000000,4.789,4.789,4.789,4.789,0,0
TLV_MV,D,20180131,000000,4.7325,4.7325,4.6855,4.6855,0,0
TLV_MV,D,20180202,000000,4.6855,4.7325,4.5726,4.7325,0,0
TLV_MV,D,20180206,000000,4.6291,4.6291,4.6291,4.6291,0,0
TLV_MV,D,20180208,000000,4.5726,4.5726,4.5726,4.5726,0,0
TLV_MV,D,20180209,000000,4.5726,4.5726,4.5726,4.5726,0,0
TLV_MV,D,20180214,000000,4.5726,4.5726,4.5726,4.5726,0,0
TLV_MV,D,20180223,000000,4.5726,4.5726,4.5726,4.5726,0,0
TLV_MV,D,20180226,000000,4.5726,5.1653,4.5726,5.1653,0,0
TLV_MV,D,20180227,000000,4.7325,4.7325,4.5726,4.5726,0,0
TLV_MV,D,20180308,000000,4.5726,4.5726,4.5726,4.5726,0,0
TLV_MV,D,20180315,000000,4.7325,4.7325,4.7325,4.7325,0,0
TLV_MV,D,20180320,000000,4.9019,5.1653,4.9019,5.1653,0,0
TLV_MV,D,20180321,000000,5.1653,5.9181,5.1089,5.5417,0,0
TLV_MV,D,20180322,000000,5.4382,5.8146,5.3817,5.3817,0,0
TLV_MV,D,20180323,000000,5.2782,5.2782,5.2782,5.2782,0,0
TLV_MV,D,20180327,000000,5.1653,5.1653,5.1653,5.1653,0,0
TLV_MV,D,20180403,000000,5.1653,5.1653,5.1653,5.1653,0,0
TLV_MV,D,20180404,000000,5.1653,5.1653,5.1653,5.1653,0,0
TLV_MV,D,20180406,000000,5.3817,5.3817,5.3817,5.3817,0,0
TLV_MV,D,20180409,000000,5.1089,5.1089,5.1089,5.1089,0,0
TLV_MV,D,20180412,000000,5.1653,5.1653,5.1653,5.1653,0,0
TLV_MV,D,20180417,000000,5.1653,5.1653,5.1653,5.1653,0,0
TLV_MV,D,20180423,000000,5.1653,5.1653,5.1089,5.1089,0,0
TLV_MV,D,20180425,000000,5.0054,5.0054,4.8454,4.8454,0,0
TLV_MV,D,20180430,000000,4.9019,4.9019,4.9019,4.9019,0,0
TLV_MV,D,20180508,000000,4.9019,4.9019,4.7325,4.7325,0,0
TLV_MV,D,20180509,000000,4.6291,4.789,4.5161,4.789,0,0
TLV_MV,D,20180511,000000,4.789,4.789,4.5161,4.789,0,0
TLV_MV,D,20180518,000000,5.735,5.735,5.735,5.735,0,0
TLV_MV,D,20180521,000000,4.7321,4.9561,4.625,4.9561,0,0
TLV_MV,D,20180522,000000,4.9561,4.9561,4.9561,4.9561,0,0
TLV_MV,D,20180523,000000,4.8976,4.8976,4.8976,4.8976,0,0
TLV_MV,D,20180530,000000,4.8489,4.8976,4.8489,4.8489,0,0
TLV_MV,D,20180607,000000,4.8976,4.8976,4.8976,4.8976,0,0
TLV_MV,D,20180621,000000,4.7321,4.7321,4.7321,4.7321,0,0
TLV_MV,D,20180622,000000,4.7321,4.7321,4.7321,4.7321,0,0
TLV_MV,D,20180704,000000,4.7321,4.8976,4.7321,4.8976,0,0
TLV_MV,D,20180723,000000,4.3426,4.3426,4.0116,4.07,0,0
TLV_MV,D,20180726,000000,4.0116,4.1187,4.0116,4.1187,0,0
TLV_MV,D,20180727,000000,4.2842,4.2842,4.2842,4.2842,0,0
TLV_MV,D,20180730,000000,4.1771,4.1771,4.1771,4.1771,0,0
TLV_MV,D,20180731,000000,4.1771,4.1771,3.9532,3.9532,0,0
TLV_MV,D,20180801,000000,3.8947,3.8947,3.8947,3.8947,0,0
TLV_MV,D,20180802,000000,3.8947,3.8947,3.4566,3.4566,0,0
TLV_MV,D,20180803,000000,3.8461,4.1771,3.8461,4.1771,0,0
TLV_MV,D,20180809,000000,4.0116,4.0116,4.0116,4.0116,0,0
TLV_MV,D,20180810,000000,4.0116,4.0116,4.0116,4.0116,0,0
TLV_MV,D,20180816,000000,3.7292,4.0116,3.7292,4.0116,0,0
TLV_MV,D,20180827,000000,3.8947,4.07,3.8947,4.07,0,0
TLV_MV,D,20180828,000000,4.1187,4.1187,4.1187,4.1187,0,0
TLV_MV,D,20180831,000000,4.4011,4.4011,4.4011,4.4011,0,0
TLV_MV,D,20180903,000000,4.4011,4.4011,4.4011,4.4011,0,0
TLV_MV,D,20180904,000000,4.1187,4.1187,4.1187,4.1187,0,0
TLV_MV,D,20180906,000000,3.8461,3.8461,3.7876,3.7876,0,0
TLV_MV,D,20180926,000000,3.7876,3.7876,3.7876,3.7876,0,0
TLV_MV,D,20180927,000000,4.1187,4.1187,4.1187,4.1187,0,0
TLV_MV,D,20180928,000000,3.8461,3.8461,3.8461,3.8461,0,0
TLV_MV,D,20181005,000000,3.6221,3.6221,3.6221,3.6221,0,0
TLV_MV,D,20181010,000000,3.6221,3.6221,3.6221,3.6221,0,0
TLV_MV,D,20181015,000000,3.5053,3.5053,3.4566,3.4566,0,0
TLV_MV,D,20181018,000000,3.4566,3.4566,3.4566,3.4566,0,0
TLV_MV,D,20181022,000000,3.4566,3.4566,3.4566,3.4566,0,0
TLV_MV,D,20181023,000000,3.4566,3.4566,3.4566,3.4566,0,0
TLV_MV,D,20181025,000000,3.5053,3.5637,3.5053,3.5637,0,0
TLV_MV,D,20181031,000000,3.5637,3.5637,3.5637,3.5637,0,0
TLV_MV,D,20181114,000000,3.4566,3.6221,3.4566,3.6221,0,0
TLV_MV,D,20181116,000000,4.2355,4.2355,3.8461,3.8461,0,0
TLV_MV,D,20181121,000000,3.7876,3.7876,3.7876,3.7876,0,0
TLV_MV,D,20181128,000000,3.5053,3.5053,3.5053,3.5053,0,0
TLV_MV,D,20181205,000000,3.5053,3.5053,3.5053,3.5053,0,0
TLV_MV,D,20181207,000000,3.4566,3.4566,3.4566,3.4566,0,0
TLV_MV,D,20181210,000000,3.4566,3.7292,3.4566,3.7292,0,0
TLV_MV,D,20181211,000000,3.5053,3.6805,3.5053,3.6805,0,0
TLV_MV,D,20181214,000000,3.5053,4.07,3.5053,4.07,0,0
TLV_MV,D,20181219,000000,3.6805,3.6805,3.6805,3.6805,0,0
TLV_MV,D,20181220,000000,3.6805,3.6805,3.0671,3.6805,0,0
TLV_MV,D,20181221,000000,3.3397,3.3397,3.3397,3.3397,0,0
TLV_MV,D,20181228,000000,3.5053,3.6221,3.5053,3.6221,0,0
TLV_MV,D,20190103,000000,3.6805,3.6805,3.6805,3.6805,0,0
TLV_MV,D,20190104,000000,3.7876,3.7876,3.7876,3.7876,0,0
TLV_MV,D,20190108,000000,3.5053,3.5637,3.5053,3.5637,0,0
TLV_MV,D,20190111,000000,3.5637,3.5637,3.5637,3.5637,0,0
TLV_MV,D,20190116,000000,3.5637,3.5637,3.5637,3.5637,0,0
TLV_MV,D,20190125,000000,3.5053,3.5053,3.5053,3.5053,0,0
TLV_MV,D,20190212,000000,3.5053,3.5053,3.5053,3.5053,0,0
TLV_MV,D,20190214,000000,3.5053,3.7292,3.5053,3.7292,0,0
TLV_MV,D,20190215,000000,4.4595,4.4595,4.4011,4.4011,0,0
TLV_MV,D,20190220,000000,3.5637,3.5637,3.2326,3.3397,0,0
TLV_MV,D,20190221,000000,3.3397,3.6805,3.2813,3.5053,0,0
TLV_MV,D,20190227,000000,3.5637,3.5637,3.5637,3.5637,0,0
TLV_MV,D,20190305,000000,3.3982,3.3982,3.3982,3.3982,0,0
TLV_MV,D,20190306,000000,3.4566,3.4566,3.3982,3.3982,0,0
TLV_MV,D,20190308,000000,3.4566,3.4566,3.4566,3.4566,0,0
TLV_MV,D,20190311,000000,3.3982,3.3982,2.2979,2.2979,0,0
TLV_MV,D,20190312,000000,2.5024,3.1158,2.5024,3.1158,0,0
TLV_MV,D,20190314,000000,2.8432,2.8432,2.8432,2.8432,0,0
TLV_MV,D,20190315,000000,2.5608,3.0671,2.5608,3.0671,0,0
TLV_MV,D,20190318,000000,3.0671,3.0671,3.0671,3.0671,0,0
TLV_MV,D,20190319,000000,2.4537,2.9211,2.4537,2.9211,0,0
TLV_MV,D,20190321,000000,3.145,3.1742,3.0671,3.0671,0,0
TLV_MV,D,20190325,000000,3.2326,3.2326,3.2326,3.2326,0,0
TLV_MV,D,20190326,000000,3.1158,3.1158,3.1158,3.1158,0,0
TLV_MV,D,20190404,000000,3.2326,3.2326,3.2326,3.2326,0,0
TLV_MV,D,20190408,000000,3.3397,3.3397,3.3397,3.3397,0,0
TLV_MV,D,20190409,000000,3.2326,3.3397,3.2326,3.3397,0,0
TLV_MV,D,20190410,000000,3.1742,3.2326,3.1742,3.2326,0,0
TLV_MV,D,20190411,000000,3.3397,3.3982,3.3397,3.3982,0,0
TLV_MV,D,20190425,000000,3.3982,3.3982,3.3982,3.3982,0,0
TLV_MV,D,20190426,000000,2.8432,3.3982,2.8432,3.3982,0,0
TLV_MV,D,20190430,000000,2.8724,3.3105,2.7847,3.3105,0,0
TLV_MV,D,20190514,000000,3.2618,3.3982,3.2618,3.3982,0,0
TLV_MV,D,20190515,000000,3.3982,3.6513,3.3982,3.6513,0,0
TLV_MV,D,20190527,000000,3.1742,3.1742,3.1742,3.1742,0,0
TLV_MV,D,20190531,000000,3.3397,3.3397,3.3397,3.3397,0,0
TLV_MV,D,20190603,000000,3.3397,3.3397,3.3397,3.3397,0,0
TLV_MV,D,20190605,000000,3.6221,3.6221,3.6221,3.6221,0,0
TLV_MV,D,20190607,000000,3.7,3.7,3.7,3.7,0,0
TLV_MV,D,20190611,000000,3.5053,3.7876,3.5053,3.7876,0,0
TLV_MV,D,20190716,000000,3.5345,3.5345,3.5345,3.5345,0,0
TLV_MV,D,20190717,000000,3.5637,3.7292,3.5637,3.7292,0,0
TLV_MV,D,20190724,000000,3.2813,3.2813,3.2813,3.2813,0,0
TLV_MV,D,20190725,000000,3.5637,3.5637,3.5637,3.5637,0,0
TLV_MV,D,20190731,000000,3.5637,3.5637,3.5637,3.5637,0,0
TLV_MV,D,20190809,000000,3.5637,3.5637,3.5637,3.5637,0,0
TLV_MV,D,20190814,000000,3.2813,3.2813,3.2813,3.2813,0,0
TLV_MV,D,20190816,000000,3.2813,3.2813,3.2813,3.2813,0,0
TLV_MV,D,20190819,000000,3.2813,3.2813,3.2813,3.2813,0,0
TLV_MV,D,20190821,000000,3.2813,3.2813,3.2813,3.2813,0,0
TLV_MV,D,20190828,000000,3.2326,3.2326,3.2326,3.2326,0,0
TLV_MV,D,20190902,000000,3.0087,3.1158,3.0087,3.1158,0,0
TLV_MV,D,20190920,000000,3.2326,3.2326,3.2326,3.2326,0,0
TLV_MV,D,20190925,000000,3.1742,3.1742,3.1742,3.1742,0,0
TLV_MV,D,20190926,000000,2.7847,2.7847,2.7847,2.7847,0,0
TLV_MV,D,20191008,000000,3.1742,3.1742,3.1742,3.1742,0,0
TLV_MV,D,20191021,000000,3.3397,3.3397,3.3397,3.3397,0,0
TLV_MV,D,20191024,000000,3.3397,3.3397,3.3397,3.3397,0,0
TLV_MV,D,20191028,000000,2.8432,2.8432,2.8432,2.8432,0,0
TLV_MV,D,20191029,000000,2.6192,2.7263,2.4537,2.7263,0,0
TLV_MV,D,20191113,000000,2.8918,2.8918,2.8918,2.8918,0,0
TLV_MV,D,20191114,000000,2.8918,3.3397,2.8918,3.3397,0,0
TLV_MV,D,20191115,000000,3.5053,3.5053,3.5053,3.5053,0,0
TLV_MV,D,20191119,000000,3.2034,3.2034,2.9503,2.9503,0,0
TLV_MV,D,20191120,000000,2.7847,3.1158,2.7847,3.1158,0,0
TLV_MV,D,20191121,000000,2.7555,2.7555,2.7555,2.7555,0,0
TLV_MV,D,20191127,000000,2.7847,2.7847,2.7847,2.7847,0,0
TLV_MV,D,20191129,000000,3.0671,3.0671,3.0671,3.0671,0,0
TLV_MV,D,20191202,000000,2.8139,2.8139,2.7847,2.7847,0,0
TLV_MV,D,20191205,000000,2.7847,3.0087,2.7361,2.8432,0,0
TLV_MV,D,20191206,000000,2.8918,2.8918,2.8918,2.8918,0,0
TLV_MV,D,20191210,000000,2.8918,2.8918,2.8724,2.8724,0,0
TLV_MV,D,20191212,000000,2.8724,2.8724,2.8724,2.8724,0,0
TLV_MV,D,20191217,000000,2.8724,2.8724,2.8724,2.8724,0,0
TLV_MV,D,20191218,000000,3.0087,3.0671,3.0087,3.0671,0,0
TLV_MV,D,20191219,000000,3.145,3.7,3.1158,3.1158,0,0
TLV_MV,D,20191223,000000,3.1158,3.2813,3.1158,3.2813,0,0
TLV_MV,D,20191227,000000,3.1158,3.3397,2.9795,3.3397,0,0
TLV_MV,D,20200102,000000,3.5053,3.5053,3.5053,3.5053,0,0
TLV_MV,D,20200103,000000,3.0671,3.2618,2.7847,3.2618,0,0
TLV_MV,D,20200107,000000,3.1742,3.5053,3.1742,3.5053,0,0
TLV_MV,D,20200108,000000,3.3982,3.3982,3.3982,3.3982,0,0
TLV_MV,D,20200110,000000,3.4566,3.4566,3.3397,3.3397,0,0
TLV_MV,D,20200114,000000,3.3982,3.3982,3.3982,3.3982,0,0
TLV_MV,D,20200117,000000,3.6221,3.6221,3.6221,3.6221,0,0
TLV_MV,D,20200120,000000,3.4274,3.4274,3.4274,3.4274,0,0
TLV_MV,D,20200121,000000,3.1742,3.4566,3.1742,3.4566,0,0
TLV_MV,D,20200122,000000,3.5929,4.2355,3.5929,4.2355,0,0
TLV_MV,D,20200127,000000,3.7292,3.7292,3.6805,3.6805,0,0
TLV_MV,D,20200131,000000,3.6221,3.6221,3.4858,3.4858,0,0
TLV_MV,D,20200203,000000,3.4858,3.4858,3.4858,3.4858,0,0
TLV_MV,D,20200205,000000,3.4566,3.4566,3.4566,3.4566,0,0
TLV_MV,D,20200206,000000,3.3689,3.3689,3.3689,3.3689,0,0
TLV_MV,D,20200210,000000,3.6221,3.6221,3.6221,3.6221,0,0
TLV_MV,D,20200211,000000,3.6805,3.6805,3.6805,3.6805,0,0
TLV_MV,D,20200212,000000,3.7876,4.1479,3.7876,4.1479,0,0
TLV_MV,D,20200213,000000,4.07,4.07,4.07,4.07,0,0
TLV_MV,D,20200214,000000,4.0116,4.0116,3.9532,3.9532,0,0
TLV_MV,D,20200217,000000,3.7292,3.7292,3.7292,3.7292,0,0
TLV_MV,D,20200218,000000,3.4858,3.4858,3.4858,3.4858,0,0
TLV_MV,D,20200221,000000,3.4858,3.4858,3.4566,3.4566,0,0
TLV_MV,D,20200227,000000,3.3982,3.3982,3.3397,3.3397,0,0
TLV_MV,D,20200228,000000,3.3397,3.3397,3.3105,3.3105,0,0
TLV_MV,D,20200302,000000,3.0671,3.0671,3.0087,3.0087,0,0
TLV_MV,D,20200305,000000,3.1742,3.1742,3.1742,3.1742,0,0
TLV_MV,D,20200306,000000,3.1742,3.1742,3.1742,3.1742,0,0
TLV_MV,D,20200309,000000,3.3397,3.5637,3.0087,3.0087,0,0
TLV_MV,D,20200311,000000,2.9503,2.9503,2.9503,2.9503,0,0
TLV_MV,D,20200320,000000,3.5929,3.5929,3.5053,3.5053,0,0
TLV_MV,D,20200327,000000,3.6221,3.6221,3.3397,3.3397,0,0
TLV_MV,D,20200330,000000,2.9211,2.9211,2.9211,2.9211,0,0
TLV_MV,D,20200402,000000,2.7847,2.7847,2.7847,2.7847,0,0
TLV_MV,D,20200406,000000,3.1158,3.1158,3.1158,3.1158,0,0
TLV_MV,D,20200407,000000,3.0671,3.0671,3.0671,3.0671,0,0
TLV_MV,D,20200408,000000,2.6192,2.6192,2.6192,2.6192,0,0
TLV_MV,D,20200409,000000,3.1158,3.1158,3.1158,3.1158,0,0
TLV_MV,D,20200414,000000,3.2034,3.2034,3.2034,3.2034,0,0
TLV_MV,D,20200420,000000,2.8139,2.8139,2.8139,2.8139,0,0
TLV_MV,D,20200421,000000,2.8139,2.9211,2.2979,2.9211,0,0
TLV_MV,D,20200422,000000,2.4926,2.4926,2.4926,2.4926,0,0
TLV_MV,D,20200424,000000,2.9211,2.9503,2.9211,2.9503,0,0
TLV_MV,D,20200427,000000,2.9503,2.9503,2.9503,2.9503,0,0
TLV_MV,D,20200429,000000,2.9503,3.3105,2.9503,3.3105,0,0
TLV_MV,D,20200505,000000,2.6776,3.0866,2.6776,3.0866,0,0
TLV_MV,D,20200508,000000,3.2034,3.4274,3.2034,3.4274,0,0
TLV_MV,D,20200513,000000,3.3397,3.3397,3.1742,3.1742,0,0
TLV_MV,D,20200514,000000,3.2326,3.3397,3.2326,3.3397,0,0
TLV_MV,D,20200515,000000,3.5053,4.4595,3.3982,4.4595,0,0
TLV_MV,D,20200518,000000,5.0145,5.0145,3.9532,3.9532,0,0
TLV_MV,D,20200519,000000,3.3397,3.4566,3.3397,3.4566,0,0
TLV_MV,D,20200520,000000,3.3397,4.0895,3.3397,3.8947,0,0
TLV_MV,D,20200521,000000,3.6221,3.6221,3.6221,3.6221,0,0
TLV_MV,D,20200522,000000,3.2326,3.8753,3.0671,3.8753,0,0
TLV_MV,D,20200527,000000,3.2813,3.3105,3.1158,3.3105,0,0
TLV_MV,D,20200528,000000,3.5637,3.5637,3.5637,3.5637,0,0
TLV_MV,D,20200529,000000,3.145,3.145,3.1158,3.1158,0,0
TLV_MV,D,20200601,000000,3.1158,3.1158,3.1158,3.1158,0,0
TLV_MV,D,20200602,000000,3.5637,3.8461,3.5637,3.6805,0,0
TLV_MV,D,20200603,000000,3.2618,3.8168,2.7847,3.8168,0,0
TLV_MV,D,20200604,000000,3.1742,3.7584,3.1742,3.7584,0,0
TLV_MV,D,20200605,000000,3.1742,3.7292,3.1742,3.7292,0,0
TLV_MV,D,20200608,000000,3.8461,3.8947,3.6221,3.8947,0,0
TLV_MV,D,20200612,000000,3.2326,3.7292,3.2326,3.7292,0,0
TLV_MV,D,20200618,000000,3.2813,3.6805,3.2813,3.6805,0,0
TLV_MV,D,20200623,000000,3.2618,3.5637,3.1742,3.5637,0,0
TLV_MV,D,20200630,000000,3.5345,3.5345,3.5345,3.5345,0,0
TLV_MV,D,20200701,000000,3.5345,3.5637,3.5345,3.5637,0,0
TLV_MV,D,20200703,000000,3.2034,3.8461,3.2034,3.8461,0,0
TLV_MV,D,20200706,000000,3.2618,3.8947,3.2618,3.8947,0,0
TLV_MV,D,20200707,000000,3.8461,3.8461,3.8461,3.8461,0,0
TLV_MV,D,20200709,000000,3.8168,3.8168,3.8168,3.8168,0,0
TLV_MV,D,20200710,000000,3.3982,3.7876,3.3982,3.7876,0,0
TLV_MV,D,20200713,000000,3.7584,3.7584,3.7584,3.7584,0,0
TLV_MV,D,20200714,000000,3.7584,3.7584,3.7584,3.7584,0,0
TLV_MV,D,20200715,000000,3.6221,3.6221,3.4274,3.4274,0,0
TLV_MV,D,20200716,000000,3.7292,3.7584,3.6221,3.7584,0,0
TLV_MV,D,20200717,000000,3.8461,4.4011,3.8461,4.3718,0,0
TLV_MV,D,20200720,000000,4.3718,4.3718,3.7,4.3426,0,0
TLV_MV,D,20200721,000000,3.8168,4.4011,3.8168,4.4011,0,0
TLV_MV,D,20200727,000000,3.9824,4.3134,3.8947,4.3134,0,0
TLV_MV,D,20200728,000000,4.3426,4.3426,4.0408,4.3426,0,0
TLV_MV,D,20200729,000000,4.0408,4.2355,4.0116,4.2355,0,0
TLV_MV,D,20200730,000000,5.03,5.03,4.63,4.63,0,0
TLV_MV,D,20200731,000000,3.75,4.55,3.75,4.55,0,0
TLV_MV,D,20200803,000000,3.66,4.38,3.55,4,0,0
TLV_MV,D,20200804,000000,4,4.32,3.75,3.75,0,0
TLV_MV,D,20200805,000000,4.09,4.09,3.69,3.69,0,0
TLV_MV,D,20200807,000000,3.69,3.69,3.6,3.6,0,0
TLV_MV,D,20200810,000000,4.15,4.15,3.6,3.6,0,0
TLV_MV,D,20200812,000000,3.55,3.55,3.52,3.52,0,0
TLV_MV,D,20200813,000000,3.86,3.86,3.86,3.86,0,0
TLV_MV,D,20200817,000000,4.06,4.23,4.06,4.23,0,0
TLV_MV,D,20200820,000000,3.78,4.18,3.78,4.18,0,0
TLV_MV,D,20200821,000000,4.15,4.18,4.15,4.18,0,0
TLV_MV,D,20200824,000000,4.18,4.18,4.18,4.18,0,0
TLV_MV,D,20200827,000000,4.15,4.15,3.75,3.75,0,0
TLV_MV,D,20200828,000000,4.23,4.23,3.8,3.8,0,0
TLV_MV,D,20200903,000000,4.15,4.15,4.15,4.15,0,0
TLV_MV,D,20200907,000000,4.18,4.18,4.18,4.18,0,0
TLV_MV,D,20200917,000000,4.12,4.18,4.12,4.18,0,0
TLV_MV,D,20200921,000000,3.55,3.55,3.55,3.55,0,0
TLV_MV,D,20200922,000000,4.18,4.18,4.18,4.18,0,0
TLV_MV,D,20200923,000000,4.15,4.18,4.15,4.18,0,0
TLV_MV,D,20200925,000000,3.6,3.6,3.6,3.6,0,0
TLV_MV,D,20200929,000000,4.12,4.12,3.6,3.66,0,0
TLV_MV,D,20200930,000000,3.66,3.66,3.66,3.66,0,0
TLV_MV,D,20201002,000000,3.66,3.66,3.66,3.66,0,0
TLV_MV,D,20201006,000000,4.23,4.23,3.66,3.66,0,0
TLV_MV,D,20201008,000000,3.72,4.12,3.72,4.12,0,0
TLV_MV,D,20201012,000000,4.12,4.12,4.12,4.12,0,0
TLV_MV,D,20201014,000000,4.52,4.69,4.52,4.69,0,0
TLV_MV,D,20201015,000000,4.63,4.63,4.63,4.63,0,0
