<TICKER>,<PER>,<DATE>,<TIME>,<OPEN>,<HIGH>,<LOW>,<CLOSE>,<VOL>,<OPENINT>
1045.N,D,20160303,000000,400,400,400,400,0,0
1045.N,D,20160304,000000,398.53,398.53,398.53,398.53,0,0
1045.N,D,20160307,000000,398.56,398.56,398.56,398.56,0,0
1045.N,D,20160308,000000,395.39,395.39,395.39,395.39,0,0
1045.N,D,20160309,000000,396.57,396.57,396.57,396.57,0,0
1045.N,D,20160310,000000,397.67,397.67,397.67,397.67,0,0
1045.N,D,20160311,000000,395.95,395.95,395.95,395.95,0,0
1045.N,D,20160314,000000,399.49,399.49,399.49,399.49,0,0
1045.N,D,20160315,000000,397.93,397.93,397.93,397.93,0,0
1045.N,D,20160316,000000,397.59,397.59,397.59,397.59,0,0
1045.N,D,20160317,000000,394.81,394.81,394.81,394.81,0,0
1045.N,D,20160318,000000,397,397,397,397,0,0
1045.N,D,20160321,000000,399.01,399.01,399.01,399.01,0,0
1045.N,D,20160322,000000,399.12,399.12,399.12,399.12,0,0
1045.N,D,20160323,000000,400.25,400.25,400.25,400.25,0,0
1045.N,D,20160324,000000,395.78,395.78,395.78,395.78,0,0
1045.N,D,20160329,000000,397.75,397.75,397.75,397.75,0,0
1045.N,D,20160330,000000,398.01,398.01,398.01,398.01,0,0
1045.N,D,20160331,000000,396.74,396.74,396.74,396.74,0,0
1045.N,D,20160401,000000,391.93,391.93,391.93,391.93,0,0
1045.N,D,20160404,000000,394.46,394.46,394.46,394.46,0,0
1045.N,D,20160405,000000,389.02,389.02,389.02,389.02,0,0
1045.N,D,20160406,000000,389.27,389.27,389.27,389.27,0,0
1045.N,D,20160407,000000,390.87,390.87,390.87,390.87,0,0
1045.N,D,20160408,000000,388.84,388.84,388.84,388.84,0,0
1045.N,D,20160411,000000,389.64,389.64,389.64,389.64,0,0
1045.N,D,20160412,000000,387.95,387.95,387.95,387.95,0,0
1045.N,D,20160413,000000,396.81,396.81,396.81,396.81,0,0
1045.N,D,20160414,000000,402.31,402.31,402.31,402.31,0,0
1045.N,D,20160415,000000,401.62,401.62,401.62,401.62,0,0
1045.N,D,20160418,000000,398.98,398.98,398.98,398.98,0,0
1045.N,D,20160419,000000,404.21,404.21,404.21,404.21,0,0
1045.N,D,20160420,000000,402.77,402.77,402.77,402.77,0,0
1045.N,D,20160421,000000,407.45,407.45,407.45,407.45,0,0
1045.N,D,20160422,000000,404.85,404.85,404.85,404.85,0,0
1045.N,D,20160425,000000,404.01,404.01,404.01,404.01,0,0
1045.N,D,20160426,000000,404.24,404.24,404.24,404.24,0,0
1045.N,D,20160427,000000,404.03,404.03,404.03,404.03,0,0
1045.N,D,20160428,000000,400.16,400.16,400.16,400.16,0,0
1045.N,D,20160429,000000,399.92,399.92,399.92,399.92,0,0
1045.N,D,20160502,000000,393.57,393.57,393.57,393.57,0,0
1045.N,D,20160503,000000,389.57,389.57,389.57,389.57,0,0
1045.N,D,20160504,000000,389.33,389.33,389.33,389.33,0,0
1045.N,D,20160506,000000,389.6,389.6,389.6,389.6,0,0
1045.N,D,20160509,000000,391.93,391.93,391.93,391.93,0,0
1045.N,D,20160510,000000,394.59,394.59,394.59,394.59,0,0
1045.N,D,20160511,000000,395.22,395.22,395.22,395.22,0,0
1045.N,D,20160512,000000,393.99,393.99,393.99,393.99,0,0
1045.N,D,20160513,000000,390.91,390.91,390.91,390.91,0,0
1045.N,D,20160517,000000,395.29,395.29,395.29,395.29,0,0
1045.N,D,20160518,000000,393.61,393.61,393.61,393.61,0,0
1045.N,D,20160519,000000,393.79,393.79,393.79,393.79,0,0
1045.N,D,20160520,000000,395.72,395.72,395.72,395.72,0,0
1045.N,D,20160523,000000,397.83,397.83,397.83,397.83,0,0
1045.N,D,20160524,000000,397.55,397.55,397.55,397.55,0,0
1045.N,D,20160525,000000,405.8,405.8,405.8,405.8,0,0
1045.N,D,20160527,000000,406.48,406.48,406.48,406.48,0,0
1045.N,D,20160530,000000,409.33,409.33,409.33,409.33,0,0
1045.N,D,20160531,000000,409.72,409.72,409.72,409.72,0,0
1045.N,D,20160601,000000,407.73,407.73,407.73,407.73,0,0
1045.N,D,20160602,000000,405.98,405.98,405.98,405.98,0,0
1045.N,D,20160603,000000,408.96,408.96,408.96,408.96,0,0
1045.N,D,20160606,000000,402.12,402.12,402.12,402.12,0,0
1045.N,D,20160607,000000,405.6,405.6,405.6,405.6,0,0
1045.N,D,20160608,000000,405.31,405.31,405.31,405.31,0,0
1045.N,D,20160609,000000,404.3,404.3,404.3,404.3,0,0
1045.N,D,20160610,000000,403.36,403.36,403.36,403.36,0,0
1045.N,D,20160613,000000,398.47,398.47,398.47,398.47,0,0
1045.N,D,20160614,000000,394.44,394.44,394.44,394.44,0,0
1045.N,D,20160615,000000,395.83,395.83,395.83,395.83,0,0
1045.N,D,20160616,000000,391.07,391.07,391.07,391.07,0,0
1045.N,D,20160617,000000,394.58,394.58,394.58,394.58,0,0
1045.N,D,20160620,000000,398.99,398.99,398.99,398.99,0,0
1045.N,D,20160621,000000,398.88,398.88,398.88,398.88,0,0
1045.N,D,20160622,000000,400.48,400.48,400.48,400.48,0,0
1045.N,D,20160624,000000,389.64,389.64,389.64,389.64,0,0
1045.N,D,20160627,000000,389.95,389.95,389.95,389.95,0,0
1045.N,D,20160628,000000,387.54,387.54,387.54,387.54,0,0
1045.N,D,20160629,000000,392.25,392.25,392.25,392.25,0,0
1045.N,D,20160630,000000,394.71,394.71,394.71,394.71,0,0
1045.N,D,20160701,000000,400.14,400.14,400.14,400.14,0,0
1045.N,D,20160704,000000,401.13,401.13,401.13,401.13,0,0
1045.N,D,20160705,000000,396.77,396.77,396.77,396.77,0,0
1045.N,D,20160706,000000,395.14,395.14,395.14,395.14,0,0
1045.N,D,20160707,000000,398.34,398.34,398.34,398.34,0,0
1045.N,D,20160708,000000,397.11,397.11,397.11,397.11,0,0
1045.N,D,20160711,000000,404.58,404.58,404.58,404.58,0,0
1045.N,D,20160712,000000,408.39,408.39,408.39,408.39,0,0
1045.N,D,20160713,000000,410.69,410.69,410.69,410.69,0,0
1045.N,D,20160714,000000,411.7,411.7,411.7,411.7,0,0
1045.N,D,20160715,000000,410.91,410.91,410.91,410.91,0,0
1045.N,D,20160718,000000,414.74,414.74,414.74,414.74,0,0
1045.N,D,20160719,000000,411.96,411.96,411.96,411.96,0,0
1045.N,D,20160720,000000,414.94,414.94,414.94,414.94,0,0
1045.N,D,20160721,000000,416.18,416.18,416.18,416.18,0,0
1045.N,D,20160722,000000,414.88,414.88,414.88,414.88,0,0
1045.N,D,20160725,000000,417.43,417.43,417.43,417.43,0,0
1045.N,D,20160726,000000,415.27,415.27,415.27,415.27,0,0
1045.N,D,20160727,000000,416.86,416.86,416.86,416.86,0,0
1045.N,D,20160728,000000,413.8,413.8,413.8,413.8,0,0
1045.N,D,20160729,000000,414.45,414.45,414.45,414.45,0,0
1045.N,D,20160801,000000,413.75,413.75,413.75,413.75,0,0
1045.N,D,20160802,000000,408.97,408.97,408.97,408.97,0,0
1045.N,D,20160803,000000,406.49,406.49,406.49,406.49,0,0
1045.N,D,20160804,000000,411.09,411.09,411.09,411.09,0,0
1045.N,D,20160805,000000,411.35,411.35,411.35,411.35,0,0
1045.N,D,20160808,000000,417.25,417.25,417.25,417.25,0,0
1045.N,D,20160809,000000,416.4,416.4,416.4,416.4,0,0
1045.N,D,20160810,000000,416.35,416.35,416.35,416.35,0,0
1045.N,D,20160811,000000,415.32,415.32,415.32,415.32,0,0
1045.N,D,20160812,000000,416.61,416.61,416.61,416.61,0,0
1045.N,D,20160816,000000,412.86,412.86,412.86,412.86,0,0
1045.N,D,20160817,000000,410.26,410.26,410.26,410.26,0,0
1045.N,D,20160818,000000,409.19,409.19,409.19,409.19,0,0
1045.N,D,20160819,000000,409.07,409.07,409.07,409.07,0,0
1045.N,D,20160822,000000,410.2,410.2,410.2,410.2,0,0
1045.N,D,20160823,000000,410.14,410.14,410.14,410.14,0,0
1045.N,D,20160824,000000,412.57,412.57,412.57,412.57,0,0
1045.N,D,20160825,000000,410.3,410.3,410.3,410.3,0,0
1045.N,D,20160826,000000,409.77,409.77,409.77,409.77,0,0
1045.N,D,20160829,000000,411.29,411.29,411.29,411.29,0,0
1045.N,D,20160830,000000,413.79,413.79,413.79,413.79,0,0
1045.N,D,20160831,000000,414.65,414.65,414.65,414.65,0,0
1045.N,D,20160901,000000,415.46,415.46,415.46,415.46,0,0
1045.N,D,20160902,000000,413.63,413.63,413.63,413.63,0,0
1045.N,D,20160905,000000,418.08,418.08,418.08,418.08,0,0
1045.N,D,20160906,000000,418.47,418.47,418.47,418.47,0,0
1045.N,D,20160907,000000,417.49,417.49,417.49,417.49,0,0
1045.N,D,20160908,000000,417.39,417.39,417.39,417.39,0,0
1045.N,D,20160909,000000,415.39,415.39,415.39,415.39,0,0
1045.N,D,20160912,000000,404.51,404.51,404.51,404.51,0,0
1045.N,D,20160913,000000,408.62,408.62,408.62,408.62,0,0
1045.N,D,20160914,000000,405.64,405.64,405.64,405.64,0,0
1045.N,D,20160915,000000,404.68,404.68,404.68,404.68,0,0
1045.N,D,20160916,000000,407.76,407.76,407.76,407.76,0,0
1045.N,D,20160919,000000,411.32,411.32,411.32,411.32,0,0
1045.N,D,20160920,000000,410.24,410.24,410.24,410.24,0,0
1045.N,D,20160921,000000,414.28,414.28,414.28,414.28,0,0
1045.N,D,20160922,000000,415.46,415.46,415.46,415.46,0,0
1045.N,D,20160923,000000,418.16,418.16,418.16,418.16,0,0
1045.N,D,20160926,000000,412.7,412.7,412.7,412.7,0,0
1045.N,D,20160927,000000,411.44,411.44,411.44,411.44,0,0
1045.N,D,20160928,000000,413.97,413.97,413.97,413.97,0,0
1045.N,D,20160929,000000,416.17,416.17,416.17,416.17,0,0
1045.N,D,20160930,000000,412.03,412.03,412.03,412.03,0,0
1045.N,D,20161004,000000,415.14,415.14,415.14,415.14,0,0
1045.N,D,20161005,000000,411.06,411.06,411.06,411.06,0,0
1045.N,D,20161006,000000,413.67,413.67,413.67,413.67,0,0
1045.N,D,20161007,000000,414.34,414.34,414.34,414.34,0,0
1045.N,D,20161010,000000,412.22,412.22,412.22,412.22,0,0
1045.N,D,20161011,000000,414.73,414.73,414.73,414.73,0,0
1045.N,D,20161012,000000,415,415,415,415,0,0
1045.N,D,20161013,000000,413.46,413.46,413.46,413.46,0,0
1045.N,D,20161014,000000,414.62,414.62,414.62,414.62,0,0
1045.N,D,20161017,000000,414.25,414.25,414.25,414.25,0,0
1045.N,D,20161018,000000,416.47,416.47,416.47,416.47,0,0
1045.N,D,20161019,000000,418.4,418.4,418.4,418.4,0,0
1045.N,D,20161020,000000,419.98,419.98,419.98,419.98,0,0
1045.N,D,20161021,000000,421.51,421.51,421.51,421.51,0,0
1045.N,D,20161024,000000,423.6,423.6,423.6,423.6,0,0
1045.N,D,20161025,000000,424.76,424.76,424.76,424.76,0,0
1045.N,D,20161026,000000,421.12,421.12,421.12,421.12,0,0
1045.N,D,20161027,000000,421.83,421.83,421.83,421.83,0,0
1045.N,D,20161028,000000,420.61,420.61,420.61,420.61,0,0
1045.N,D,20161031,000000,418.56,418.56,418.56,418.56,0,0
1045.N,D,20161102,000000,412.27,412.27,412.27,412.27,0,0
1045.N,D,20161103,000000,410.68,410.68,410.68,410.68,0,0
1045.N,D,20161104,000000,407.28,407.28,407.28,407.28,0,0
1045.N,D,20161107,000000,412.45,412.45,412.45,412.45,0,0
1045.N,D,20161108,000000,414.86,414.86,414.86,414.86,0,0
1045.N,D,20161109,000000,410.73,410.73,410.73,410.73,0,0
1045.N,D,20161110,000000,426.11,426.11,426.11,426.11,0,0
1045.N,D,20161111,000000,424.21,424.21,424.21,424.21,0,0
1045.N,D,20161114,000000,428.98,428.98,428.98,428.98,0,0
1045.N,D,20161115,000000,427.4,427.4,427.4,427.4,0,0
1045.N,D,20161116,000000,433.08,433.08,433.08,433.08,0,0
1045.N,D,20161117,000000,432.89,432.89,432.89,432.89,0,0
1045.N,D,20161118,000000,437.59,437.59,437.59,437.59,0,0
1045.N,D,20161121,000000,436.7,436.7,436.7,436.7,0,0
1045.N,D,20161122,000000,440.42,440.42,440.42,440.42,0,0
1045.N,D,20161123,000000,441.77,441.77,441.77,441.77,0,0
1045.N,D,20161124,000000,443.06,443.06,443.06,443.06,0,0
1045.N,D,20161125,000000,441.86,441.86,441.86,441.86,0,0
1045.N,D,20161128,000000,441.3,441.3,441.3,441.3,0,0
1045.N,D,20161129,000000,442.59,442.59,442.59,442.59,0,0
1045.N,D,20161130,000000,442.3,442.3,442.3,442.3,0,0
1045.N,D,20161201,000000,440.34,440.34,440.34,440.34,0,0
1045.N,D,20161202,000000,438.38,438.38,438.38,438.38,0,0
1045.N,D,20161205,000000,442.21,442.21,442.21,442.21,0,0
1045.N,D,20161206,000000,438.44,438.44,438.44,438.44,0,0
1045.N,D,20161207,000000,442.91,442.91,442.91,442.91,0,0
1045.N,D,20161208,000000,445.89,445.89,445.89,445.89,0,0
1045.N,D,20161209,000000,453.81,453.81,453.81,453.81,0,0
1045.N,D,20161212,000000,456.28,456.28,456.28,456.28,0,0
1045.N,D,20161213,000000,456.64,456.64,456.64,456.64,0,0
1045.N,D,20161214,000000,457.45,457.45,457.45,457.45,0,0
1045.N,D,20161215,000000,457.84,457.84,457.84,457.84,0,0
1045.N,D,20161216,000000,461.1,461.1,461.1,461.1,0,0
1045.N,D,20161219,000000,460.69,460.69,460.69,460.69,0,0
1045.N,D,20161220,000000,465.09,465.09,465.09,465.09,0,0
1045.N,D,20161221,000000,466.05,466.05,466.05,466.05,0,0
1045.N,D,20161222,000000,463.57,463.57,463.57,463.57,0,0
1045.N,D,20161223,000000,462.05,462.05,462.05,462.05,0,0
1045.N,D,20161227,000000,462.72,462.72,462.72,462.72,0,0
1045.N,D,20161228,000000,463.43,463.43,463.43,463.43,0,0
1045.N,D,20161229,000000,460.4,460.4,460.4,460.4,0,0
1045.N,D,20161230,000000,456.21,456.21,456.21,456.21,0,0
1045.N,D,20170102,000000,457.52,457.52,457.52,457.52,0,0
1045.N,D,20170103,000000,465.28,465.28,465.28,465.28,0,0
1045.N,D,20170104,000000,464.89,464.89,464.89,464.89,0,0
1045.N,D,20170105,000000,465.73,465.73,465.73,465.73,0,0
1045.N,D,20170106,000000,462.15,462.15,462.15,462.15,0,0
1045.N,D,20170109,000000,463.91,463.91,463.91,463.91,0,0
1045.N,D,20170110,000000,460.68,460.68,460.68,460.68,0,0
1045.N,D,20170111,000000,464.74,464.74,464.74,464.74,0,0
1045.N,D,20170112,000000,462.08,462.08,462.08,462.08,0,0
1045.N,D,20170113,000000,462.03,462.03,462.03,462.03,0,0
1045.N,D,20170116,000000,464.18,464.18,464.18,464.18,0,0
1045.N,D,20170117,000000,460.56,460.56,460.56,460.56,0,0
1045.N,D,20170118,000000,459.52,459.52,459.52,459.52,0,0
1045.N,D,20170119,000000,460.55,460.55,460.55,460.55,0,0
1045.N,D,20170120,000000,460.6,460.6,460.6,460.6,0,0
1045.N,D,20170123,000000,457.84,457.84,457.84,457.84,0,0
1045.N,D,20170124,000000,456.42,456.42,456.42,456.42,0,0
1045.N,D,20170125,000000,462.48,462.48,462.48,462.48,0,0
1045.N,D,20170126,000000,464.05,464.05,464.05,464.05,0,0
1045.N,D,20170127,000000,463.12,463.12,463.12,463.12,0,0
1045.N,D,20170130,000000,461.91,461.91,461.91,461.91,0,0
1045.N,D,20170131,000000,459.44,459.44,459.44,459.44,0,0
1045.N,D,20170201,000000,458.91,458.91,458.91,458.91,0,0
1045.N,D,20170202,000000,456.6,456.6,456.6,456.6,0,0
1045.N,D,20170203,000000,459.65,459.65,459.65,459.65,0,0
1045.N,D,20170206,000000,462.2,462.2,462.2,462.2,0,0
1045.N,D,20170207,000000,463.72,463.72,463.72,463.72,0,0
1045.N,D,20170208,000000,465.14,465.14,465.14,465.14,0,0
1045.N,D,20170209,000000,463.15,463.15,463.15,463.15,0,0
1045.N,D,20170210,000000,468.3,468.3,468.3,468.3,0,0
1045.N,D,20170213,000000,470.33,470.33,470.33,470.33,0,0
1045.N,D,20170214,000000,472.66,472.66,472.66,472.66,0,0
1045.N,D,20170215,000000,476.26,476.26,476.26,476.26,0,0
1045.N,D,20170216,000000,475.15,475.15,475.15,475.15,0,0
1045.N,D,20170217,000000,474.38,474.38,474.38,474.38,0,0
1045.N,D,20170220,000000,476.32,476.32,476.32,476.32,0,0
1045.N,D,20170221,000000,480.66,480.66,480.66,480.66,0,0
1045.N,D,20170222,000000,483.44,483.44,483.44,483.44,0,0
1045.N,D,20170223,000000,481.84,481.84,481.84,481.84,0,0
1045.N,D,20170224,000000,479.95,479.95,479.95,479.95,0,0
1045.N,D,20170227,000000,480.75,480.75,480.75,480.75,0,0
1045.N,D,20170228,000000,479.2,479.2,479.2,479.2,0,0
1045.N,D,20170301,000000,481.12,481.12,481.12,481.12,0,0
1045.N,D,20170302,000000,485.05,485.05,485.05,485.05,0,0
1045.N,D,20170303,000000,482.1,482.1,482.1,482.1,0,0
1045.N,D,20170306,000000,479.39,479.39,479.39,479.39,0,0
1045.N,D,20170307,000000,480.4,480.4,480.4,480.4,0,0
1045.N,D,20170308,000000,479.45,479.45,479.45,479.45,0,0
1045.N,D,20170309,000000,478.13,478.13,478.13,478.13,0,0
1045.N,D,20170310,000000,478.57,478.57,478.57,478.57,0,0
1045.N,D,20170313,000000,476.89,476.89,476.89,476.89,0,0
1045.N,D,20170314,000000,477.49,477.49,477.49,477.49,0,0
1045.N,D,20170315,000000,477.77,477.77,477.77,477.77,0,0
1045.N,D,20170316,000000,478.73,478.73,478.73,478.73,0,0
1045.N,D,20170317,000000,475.89,475.89,475.89,475.89,0,0
1045.N,D,20170320,000000,475.5,475.5,475.5,475.5,0,0
1045.N,D,20170321,000000,474.47,474.47,474.47,474.47,0,0
1045.N,D,20170322,000000,467.45,467.45,467.45,467.45,0,0
1045.N,D,20170323,000000,470.3,470.3,470.3,470.3,0,0
1045.N,D,20170324,000000,469.91,469.91,469.91,469.91,0,0
1045.N,D,20170327,000000,464.82,464.82,464.82,464.82,0,0
1045.N,D,20170328,000000,468.32,468.32,468.32,468.32,0,0
1045.N,D,20170329,000000,473.56,473.56,473.56,473.56,0,0
1045.N,D,20170330,000000,476.22,476.22,476.22,476.22,0,0
1045.N,D,20170331,000000,476.9,476.9,476.9,476.9,0,0
1045.N,D,20170403,000000,478.95,478.95,478.95,478.95,0,0
1045.N,D,20170404,000000,476.46,476.46,476.46,476.46,0,0
1045.N,D,20170405,000000,477.26,477.26,477.26,477.26,0,0
1045.N,D,20170406,000000,475.58,475.58,475.58,475.58,0,0
1045.N,D,20170407,000000,478.24,478.24,478.24,478.24,0,0
1045.N,D,20170410,000000,480.14,480.14,480.14,480.14,0,0
1045.N,D,20170411,000000,479.97,479.97,479.97,479.97,0,0
1045.N,D,20170412,000000,480.62,480.62,480.62,480.62,0,0
1045.N,D,20170413,000000,476.86,476.86,476.86,476.86,0,0
1045.N,D,20170418,000000,476.43,476.43,476.43,476.43,0,0
1045.N,D,20170419,000000,473.09,473.09,473.09,473.09,0,0
1045.N,D,20170420,000000,472.55,472.55,472.55,472.55,0,0
1045.N,D,20170421,000000,476.32,476.32,476.32,476.32,0,0
1045.N,D,20170424,000000,476.88,476.88,476.88,476.88,0,0
1045.N,D,20170425,000000,475.68,475.68,475.68,475.68,0,0
1045.N,D,20170426,000000,477.33,477.33,477.33,477.33,0,0
1045.N,D,20170427,000000,477.09,477.09,477.09,477.09,0,0
1045.N,D,20170428,000000,477.2,477.2,477.2,477.2,0,0
1045.N,D,20170502,000000,477.5,477.5,477.5,477.5,0,0
1045.N,D,20170503,000000,477.76,477.76,477.76,477.76,0,0
1045.N,D,20170504,000000,476.97,476.97,476.97,476.97,0,0
1045.N,D,20170505,000000,475.57,475.57,475.57,475.57,0,0
1045.N,D,20170508,000000,479.27,479.27,479.27,479.27,0,0
1045.N,D,20170509,000000,480.7,480.7,480.7,480.7,0,0
1045.N,D,20170510,000000,481.53,481.53,481.53,481.53,0,0
1045.N,D,20170511,000000,482.23,482.23,482.23,482.23,0,0
1045.N,D,20170512,000000,481.03,481.03,481.03,481.03,0,0
1045.N,D,20170515,000000,478.82,478.82,478.82,478.82,0,0
1045.N,D,20170516,000000,477.15,477.15,477.15,477.15,0,0
1045.N,D,20170517,000000,473.94,473.94,473.94,473.94,0,0
1045.N,D,20170518,000000,466.74,466.74,466.74,466.74,0,0
1045.N,D,20170519,000000,466.7,466.7,466.7,466.7,0,0
1045.N,D,20170522,000000,469.93,469.93,469.93,469.93,0,0
1045.N,D,20170523,000000,469.01,469.01,469.01,469.01,0,0
1045.N,D,20170524,000000,471.63,471.63,471.63,471.63,0,0
1045.N,D,20170526,000000,472.15,472.15,472.15,472.15,0,0
1045.N,D,20170530,000000,475.26,475.26,475.26,475.26,0,0
1045.N,D,20170531,000000,473.33,473.33,473.33,473.33,0,0
1045.N,D,20170601,000000,473.01,473.01,473.01,473.01,0,0
1045.N,D,20170602,000000,478.11,478.11,478.11,478.11,0,0
1045.N,D,20170606,000000,476.17,476.17,476.17,476.17,0,0
1045.N,D,20170607,000000,475.19,475.19,475.19,475.19,0,0
1045.N,D,20170608,000000,476.52,476.52,476.52,476.52,0,0
1045.N,D,20170609,000000,478.5,478.5,478.5,478.5,0,0
1045.N,D,20170612,000000,476.09,476.09,476.09,476.09,0,0
1045.N,D,20170613,000000,477.98,477.98,477.98,477.98,0,0
1045.N,D,20170614,000000,479.16,479.16,479.16,479.16,0,0
1045.N,D,20170616,000000,477.81,477.81,477.81,477.81,0,0
1045.N,D,20170619,000000,477.86,477.86,477.86,477.86,0,0
1045.N,D,20170620,000000,480.93,480.93,480.93,480.93,0,0
1045.N,D,20170621,000000,477.06,477.06,477.06,477.06,0,0
1045.N,D,20170622,000000,476.01,476.01,476.01,476.01,0,0
1045.N,D,20170626,000000,477.84,477.84,477.84,477.84,0,0
1045.N,D,20170627,000000,474.29,474.29,474.29,474.29,0,0
1045.N,D,20170628,000000,467.42,467.42,467.42,467.42,0,0
1045.N,D,20170629,000000,469.01,469.01,469.01,469.01,0,0
1045.N,D,20170630,000000,466.18,466.18,466.18,466.18,0,0
1045.N,D,20170703,000000,467.12,467.12,467.12,467.12,0,0
1045.N,D,20170704,000000,468.45,468.45,468.45,468.45,0,0
1045.N,D,20170705,000000,469.88,469.88,469.88,469.88,0,0
1045.N,D,20170706,000000,469.81,469.81,469.81,469.81,0,0
1045.N,D,20170707,000000,463.32,463.32,463.32,463.32,0,0
1045.N,D,20170710,000000,467.1,467.1,467.1,467.1,0,0
1045.N,D,20170711,000000,467.29,467.29,467.29,467.29,0,0
1045.N,D,20170712,000000,465.96,465.96,465.96,465.96,0,0
1045.N,D,20170713,000000,472.17,472.17,472.17,472.17,0,0
1045.N,D,20170714,000000,472.91,472.91,472.91,472.91,0,0
1045.N,D,20170717,000000,473.49,473.49,473.49,473.49,0,0
1045.N,D,20170718,000000,471.31,471.31,471.31,471.31,0,0
1045.N,D,20170719,000000,470.68,470.68,470.68,470.68,0,0
1045.N,D,20170720,000000,474.42,474.42,474.42,474.42,0,0
1045.N,D,20170721,000000,469.74,469.74,469.74,469.74,0,0
1045.N,D,20170724,000000,467.24,467.24,467.24,467.24,0,0
1045.N,D,20170725,000000,467.74,467.74,467.74,467.74,0,0
1045.N,D,20170726,000000,470.07,470.07,470.07,470.07,0,0
1045.N,D,20170727,000000,467.65,467.65,467.65,467.65,0,0
1045.N,D,20170728,000000,465.83,465.83,465.83,465.83,0,0
1045.N,D,20170731,000000,464.74,464.74,464.74,464.74,0,0
1045.N,D,20170801,000000,463.12,463.12,463.12,463.12,0,0
1045.N,D,20170802,000000,462.79,462.79,462.79,462.79,0,0
1045.N,D,20170803,000000,462.48,462.48,462.48,462.48,0,0
1045.N,D,20170804,000000,460.58,460.58,460.58,460.58,0,0
1045.N,D,20170807,000000,464.92,464.92,464.92,464.92,0,0
1045.N,D,20170808,000000,465.54,465.54,465.54,465.54,0,0
1045.N,D,20170809,000000,466.08,466.08,466.08,466.08,0,0
1045.N,D,20170810,000000,466.26,466.26,466.26,466.26,0,0
1045.N,D,20170811,000000,458.92,458.92,458.92,458.92,0,0
1045.N,D,20170814,000000,460.71,460.71,460.71,460.71,0,0
1045.N,D,20170816,000000,465.38,465.38,465.38,465.38,0,0
1045.N,D,20170817,000000,466.6,466.6,466.6,466.6,0,0
1045.N,D,20170818,000000,459.85,459.85,459.85,459.85,0,0
1045.N,D,20170821,000000,458.88,458.88,458.88,458.88,0,0
1045.N,D,20170822,000000,459.69,459.69,459.69,459.69,0,0
1045.N,D,20170823,000000,462.25,462.25,462.25,462.25,0,0
1045.N,D,20170824,000000,461.79,461.79,461.79,461.79,0,0
1045.N,D,20170825,000000,461,461,461,461,0,0
1045.N,D,20170828,000000,457.17,457.17,457.17,457.17,0,0
1045.N,D,20170829,000000,450.16,450.16,450.16,450.16,0,0
1045.N,D,20170830,000000,455.9,455.9,455.9,455.9,0,0
1045.N,D,20170831,000000,459.82,459.82,459.82,459.82,0,0
1045.N,D,20170901,000000,462.86,462.86,462.86,462.86,0,0
1045.N,D,20170904,000000,461.1,461.1,461.1,461.1,0,0
1045.N,D,20170905,000000,463.41,463.41,463.41,463.41,0,0
1045.N,D,20170906,000000,457.84,457.84,457.84,457.84,0,0
1045.N,D,20170907,000000,459.06,459.06,459.06,459.06,0,0
1045.N,D,20170908,000000,455.73,455.73,455.73,455.73,0,0
1045.N,D,20170911,000000,459.56,459.56,459.56,459.56,0,0
1045.N,D,20170912,000000,464.13,464.13,464.13,464.13,0,0
1045.N,D,20170913,000000,464.44,464.44,464.44,464.44,0,0
1045.N,D,20170914,000000,466.5,466.5,466.5,466.5,0,0
1045.N,D,20170915,000000,465.83,465.83,465.83,465.83,0,0
1045.N,D,20170918,000000,466.53,466.53,466.53,466.53,0,0
1045.N,D,20170919,000000,465.74,465.74,465.74,465.74,0,0
1045.N,D,20170920,000000,465.72,465.72,465.72,465.72,0,0
1045.N,D,20170921,000000,467.84,467.84,467.84,467.84,0,0
1045.N,D,20170922,000000,465.03,465.03,465.03,465.03,0,0
1045.N,D,20170925,000000,468.65,468.65,468.65,468.65,0,0
1045.N,D,20170926,000000,470.39,470.39,470.39,470.39,0,0
1045.N,D,20170927,000000,472.77,472.77,472.77,472.77,0,0
1045.N,D,20170928,000000,474.28,474.28,474.28,474.28,0,0
1045.N,D,20170929,000000,474.3,474.3,474.3,474.3,0,0
1045.N,D,20171002,000000,477.8,477.8,477.8,477.8,0,0
1045.N,D,20171004,000000,480.57,480.57,480.57,480.57,0,0
1045.N,D,20171005,000000,480.2,480.2,480.2,480.2,0,0
1045.N,D,20171006,000000,483.81,483.81,483.81,483.81,0,0
1045.N,D,20171009,000000,482.4,482.4,482.4,482.4,0,0
1045.N,D,20171010,000000,480.57,480.57,480.57,480.57,0,0
1045.N,D,20171011,000000,479.84,479.84,479.84,479.84,0,0
1045.N,D,20171012,000000,479.59,479.59,479.59,479.59,0,0
1045.N,D,20171013,000000,480.63,480.63,480.63,480.63,0,0
1045.N,D,20171016,000000,482.75,482.75,482.75,482.75,0,0
1045.N,D,20171017,000000,483.71,483.71,483.71,483.71,0,0
1045.N,D,20171018,000000,485.16,485.16,485.16,485.16,0,0
1045.N,D,20171019,000000,482.67,482.67,482.67,482.67,0,0
1045.N,D,20171020,000000,483.99,483.99,483.99,483.99,0,0
1045.N,D,20171023,000000,488.02,488.02,488.02,488.02,0,0
1045.N,D,20171024,000000,486.76,486.76,486.76,486.76,0,0
1045.N,D,20171025,000000,486.81,486.81,486.81,486.81,0,0
1045.N,D,20171026,000000,483.78,483.78,483.78,483.78,0,0
1045.N,D,20171027,000000,492.06,492.06,492.06,492.06,0,0
1045.N,D,20171030,000000,494.31,494.31,494.31,494.31,0,0
1045.N,D,20171102,000000,496.32,496.32,496.32,496.32,0,0
1045.N,D,20171103,000000,496.11,496.11,496.11,496.11,0,0
1045.N,D,20171106,000000,498.72,498.72,498.72,498.72,0,0
1045.N,D,20171107,000000,500.67,500.67,500.67,500.67,0,0
1045.N,D,20171108,000000,499.23,499.23,499.23,499.23,0,0
1045.N,D,20171109,000000,500.42,500.42,500.42,500.42,0,0
1045.N,D,20171110,000000,495.56,495.56,495.56,495.56,0,0
1045.N,D,20171113,000000,494.51,494.51,494.51,494.51,0,0
1045.N,D,20171114,000000,491.59,491.59,491.59,491.59,0,0
1045.N,D,20171115,000000,485.01,485.01,485.01,485.01,0,0
1045.N,D,20171116,000000,487.55,487.55,487.55,487.55,0,0
1045.N,D,20171117,000000,490,490,490,490,0,0
1045.N,D,20171120,000000,488.85,488.85,488.85,488.85,0,0
1045.N,D,20171121,000000,492.68,492.68,492.68,492.68,0,0
1045.N,D,20171122,000000,494.81,494.81,494.81,494.81,0,0
1045.N,D,20171123,000000,491.57,491.57,491.57,491.57,0,0
1045.N,D,20171124,000000,490.91,490.91,490.91,490.91,0,0
1045.N,D,20171127,000000,489.56,489.56,489.56,489.56,0,0
1045.N,D,20171128,000000,489.96,489.96,489.96,489.96,0,0
1045.N,D,20171129,000000,495.74,495.74,495.74,495.74,0,0
1045.N,D,20171130,000000,496.27,496.27,496.27,496.27,0,0
1045.N,D,20171201,000000,494.37,494.37,494.37,494.37,0,0
1045.N,D,20171204,000000,495.35,495.35,495.35,495.35,0,0
1045.N,D,20171205,000000,495.44,495.44,495.44,495.44,0,0
1045.N,D,20171206,000000,493.33,493.33,493.33,493.33,0,0
1045.N,D,20171207,000000,495.64,495.64,495.64,495.64,0,0
1045.N,D,20171208,000000,499.52,499.52,499.52,499.52,0,0
1045.N,D,20171211,000000,499.24,499.24,499.24,499.24,0,0
1045.N,D,20171212,000000,501.48,501.48,501.48,501.48,0,0
1045.N,D,20171213,000000,503.05,503.05,503.05,503.05,0,0
1045.N,D,20171214,000000,500.83,500.83,500.83,500.83,0,0
1045.N,D,20171215,000000,498.93,498.93,498.93,498.93,0,0
1045.N,D,20171218,000000,504.37,504.37,504.37,504.37,0,0
1045.N,D,20171219,000000,506.71,506.71,506.71,506.71,0,0
1045.N,D,20171220,000000,503.49,503.49,503.49,503.49,0,0
1045.N,D,20171221,000000,501.74,501.74,501.74,501.74,0,0
1045.N,D,20171222,000000,503.78,503.78,503.78,503.78,0,0
1045.N,D,20171227,000000,501.57,501.57,501.57,501.57,0,0
1045.N,D,20171228,000000,501.24,501.24,501.24,501.24,0,0
1045.N,D,20171229,000000,500.21,500.21,500.21,500.21,0,0
1045.N,D,20180102,000000,495.02,495.02,495.02,495.02,0,0
1045.N,D,20180103,000000,499.64,499.64,499.64,499.64,0,0
1045.N,D,20180104,000000,502.79,502.79,502.79,502.79,0,0
1045.N,D,20180105,000000,505.48,505.48,505.48,505.48,0,0
1045.N,D,20180108,000000,510.74,510.74,510.74,510.74,0,0
1045.N,D,20180109,000000,513.53,513.53,513.53,513.53,0,0
1045.N,D,20180110,000000,514.26,514.26,514.26,514.26,0,0
1045.N,D,20180111,000000,512.61,512.61,512.61,512.61,0,0
1045.N,D,20180112,000000,509.61,509.61,509.61,509.61,0,0
1045.N,D,20180115,000000,507.15,507.15,507.15,507.15,0,0
1045.N,D,20180116,000000,511.05,511.05,511.05,511.05,0,0
1045.N,D,20180117,000000,506.96,506.96,506.96,506.96,0,0
1045.N,D,20180118,000000,511.18,511.18,511.18,511.18,0,0
1045.N,D,20180119,000000,509.81,509.81,509.81,509.81,0,0
1045.N,D,20180122,000000,512.47,512.47,512.47,512.47,0,0
1045.N,D,20180123,000000,515.68,515.68,515.68,515.68,0,0
1045.N,D,20180124,000000,513.2,513.2,513.2,513.2,0,0
1045.N,D,20180125,000000,510.03,510.03,510.03,510.03,0,0
1045.N,D,20180126,000000,508.99,508.99,508.99,508.99,0,0
1045.N,D,20180129,000000,514.11,514.11,514.11,514.11,0,0
1045.N,D,20180130,000000,510.83,510.83,510.83,510.83,0,0
1045.N,D,20180131,000000,504.43,504.43,504.43,504.43,0,0
1045.N,D,20180201,000000,505.29,505.29,505.29,505.29,0,0
1045.N,D,20180202,000000,501.55,501.55,501.55,501.55,0,0
1045.N,D,20180205,000000,491.97,491.97,491.97,491.97,0,0
1045.N,D,20180206,000000,474.96,474.96,474.96,474.96,0,0
1045.N,D,20180207,000000,483.28,483.28,483.28,483.28,0,0
1045.N,D,20180208,000000,486.42,486.42,486.42,486.42,0,0
1045.N,D,20180209,000000,471.01,471.01,471.01,471.01,0,0
1045.N,D,20180212,000000,478,478,478,478,0,0
1045.N,D,20180213,000000,478.57,478.57,478.57,478.57,0,0
1045.N,D,20180214,000000,478.5,478.5,478.5,478.5,0,0
1045.N,D,20180215,000000,483.37,483.37,483.37,483.37,0,0
1045.N,D,20180216,000000,486.91,486.91,486.91,486.91,0,0
1045.N,D,20180219,000000,489.92,489.92,489.92,489.92,0,0
1045.N,D,20180220,000000,491.2,491.2,491.2,491.2,0,0
1045.N,D,20180221,000000,489.84,489.84,489.84,489.84,0,0
1045.N,D,20180222,000000,489.07,489.07,489.07,489.07,0,0
1045.N,D,20180223,000000,490.14,490.14,490.14,490.14,0,0
1045.N,D,20180226,000000,495.08,495.08,495.08,495.08,0,0
1045.N,D,20180227,000000,499.41,499.41,499.41,499.41,0,0
1045.N,D,20180228,000000,498.01,498.01,498.01,498.01,0,0
1045.N,D,20180301,000000,493.71,493.71,493.71,493.71,0,0
1045.N,D,20180302,000000,484.46,484.46,484.46,484.46,0,0
1045.N,D,20180305,000000,483.85,483.85,483.85,483.85,0,0
1045.N,D,20180306,000000,488,488,488,488,0,0
1045.N,D,20180307,000000,483.42,483.42,483.42,483.42,0,0
1045.N,D,20180309,000000,493.03,493.03,493.03,493.03,0,0
1045.N,D,20180312,000000,499.38,499.38,499.38,499.38,0,0
1045.N,D,20180313,000000,498.69,498.69,498.69,498.69,0,0
1045.N,D,20180314,000000,495.33,495.33,495.33,495.33,0,0
1045.N,D,20180315,000000,493.66,493.66,493.66,493.66,0,0
1045.N,D,20180316,000000,494.55,494.55,494.55,494.55,0,0
1045.N,D,20180319,000000,495.27,495.27,495.27,495.27,0,0
1045.N,D,20180320,000000,490.28,490.28,490.28,490.28,0,0
1045.N,D,20180321,000000,492.54,492.54,492.54,492.54,0,0
1045.N,D,20180322,000000,488.72,488.72,488.72,488.72,0,0
1045.N,D,20180323,000000,476.58,476.58,476.58,476.58,0,0
1045.N,D,20180326,000000,473.55,473.55,473.55,473.55,0,0
1045.N,D,20180327,000000,479.04,479.04,479.04,479.04,0,0
1045.N,D,20180328,000000,473.29,473.29,473.29,473.29,0,0
1045.N,D,20180329,000000,477.08,477.08,477.08,477.08,0,0
1045.N,D,20180403,000000,473.56,473.56,473.56,473.56,0,0
1045.N,D,20180404,000000,475.17,475.17,475.17,475.17,0,0
1045.N,D,20180405,000000,483.59,483.59,483.59,483.59,0,0
1045.N,D,20180406,000000,485.2,485.2,485.2,485.2,0,0
1045.N,D,20180409,000000,481.84,481.84,481.84,481.84,0,0
1045.N,D,20180410,000000,482.96,482.96,482.96,482.96,0,0
1045.N,D,20180411,000000,484.69,484.69,484.69,484.69,0,0
1045.N,D,20180412,000000,483.31,483.31,483.31,483.31,0,0
1045.N,D,20180413,000000,487.19,487.19,487.19,487.19,0,0
1045.N,D,20180416,000000,485.12,485.12,485.12,485.12,0,0
1045.N,D,20180417,000000,487.69,487.69,487.69,487.69,0,0
1045.N,D,20180418,000000,492.28,492.28,492.28,492.28,0,0
1045.N,D,20180419,000000,492.94,492.94,492.94,492.94,0,0
1045.N,D,20180420,000000,491.98,491.98,491.98,491.98,0,0
1045.N,D,20180423,000000,492.04,492.04,492.04,492.04,0,0
1045.N,D,20180424,000000,494.69,494.69,494.69,494.69,0,0
1045.N,D,20180425,000000,489.77,489.77,489.77,489.77,0,0
1045.N,D,20180426,000000,491.08,491.08,491.08,491.08,0,0
1045.N,D,20180427,000000,497.75,497.75,497.75,497.75,0,0
1045.N,D,20180430,000000,497.51,497.51,497.51,497.51,0,0
1045.N,D,20180502,000000,499.88,499.88,499.88,499.88,0,0
1045.N,D,20180503,000000,498.5,498.5,498.5,498.5,0,0
1045.N,D,20180504,000000,497.8,497.8,497.8,497.8,0,0
1045.N,D,20180507,000000,503.04,503.04,503.04,503.04,0,0
1045.N,D,20180508,000000,505.67,505.67,505.67,505.67,0,0
1045.N,D,20180509,000000,506.22,506.22,506.22,506.22,0,0
1045.N,D,20180511,000000,511.57,511.57,511.57,511.57,0,0
1045.N,D,20180514,000000,510.62,510.62,510.62,510.62,0,0
1045.N,D,20180515,000000,513.39,513.39,513.39,513.39,0,0
1045.N,D,20180516,000000,513.46,513.46,513.46,513.46,0,0
1045.N,D,20180517,000000,516.26,516.26,516.26,516.26,0,0
1045.N,D,20180518,000000,516.8,516.8,516.8,516.8,0,0
1045.N,D,20180522,000000,518.66,518.66,518.66,518.66,0,0
1045.N,D,20180523,000000,518.74,518.74,518.74,518.74,0,0
1045.N,D,20180524,000000,518.71,518.71,518.71,518.71,0,0
1045.N,D,20180525,000000,518.14,518.14,518.14,518.14,0,0
1045.N,D,20180528,000000,518.62,518.62,518.62,518.62,0,0
1045.N,D,20180529,000000,517.15,517.15,517.15,517.15,0,0
1045.N,D,20180530,000000,514.41,514.41,514.41,514.41,0,0
1045.N,D,20180601,000000,514.39,514.39,514.39,514.39,0,0
1045.N,D,20180604,000000,518.11,518.11,518.11,518.11,0,0
1045.N,D,20180605,000000,519.53,519.53,519.53,519.53,0,0
1045.N,D,20180606,000000,518.67,518.67,518.67,518.67,0,0
1045.N,D,20180607,000000,519.43,519.43,519.43,519.43,0,0
1045.N,D,20180608,000000,519.3,519.3,519.3,519.3,0,0
1045.N,D,20180611,000000,519.92,519.92,519.92,519.92,0,0
1045.N,D,20180612,000000,520.17,520.17,520.17,520.17,0,0
1045.N,D,20180613,000000,522.06,522.06,522.06,522.06,0,0
1045.N,D,20180614,000000,516.85,516.85,516.85,516.85,0,0
1045.N,D,20180615,000000,527.01,527.01,527.01,527.01,0,0
1045.N,D,20180618,000000,524.71,524.71,524.71,524.71,0,0
1045.N,D,20180619,000000,519.64,519.64,519.64,519.64,0,0
1045.N,D,20180620,000000,522.14,522.14,522.14,522.14,0,0
1045.N,D,20180621,000000,522.53,522.53,522.53,522.53,0,0
1045.N,D,20180622,000000,515.13,515.13,515.13,515.13,0,0
1045.N,D,20180625,000000,515.22,515.22,515.22,515.22,0,0
1045.N,D,20180626,000000,510.13,510.13,510.13,510.13,0,0
1045.N,D,20180627,000000,510.68,510.68,510.68,510.68,0,0
1045.N,D,20180628,000000,510.82,510.82,510.82,510.82,0,0
1045.N,D,20180629,000000,509.64,509.64,509.64,509.64,0,0
1045.N,D,20180702,000000,507.43,507.43,507.43,507.43,0,0
1045.N,D,20180703,000000,508.34,508.34,508.34,508.34,0,0
1045.N,D,20180704,000000,507.51,507.51,507.51,507.51,0,0
1045.N,D,20180705,000000,506.52,506.52,506.52,506.52,0,0
1045.N,D,20180706,000000,509.28,509.28,509.28,509.28,0,0
1045.N,D,20180709,000000,510.86,510.86,510.86,510.86,0,0
1045.N,D,20180710,000000,515.52,515.52,515.52,515.52,0,0
1045.N,D,20180711,000000,514.12,514.12,514.12,514.12,0,0
1045.N,D,20180712,000000,513.37,513.37,513.37,513.37,0,0
1045.N,D,20180713,000000,519.3,519.3,519.3,519.3,0,0
1045.N,D,20180716,000000,517.22,517.22,517.22,517.22,0,0
1045.N,D,20180717,000000,515.58,515.58,515.58,515.58,0,0
1045.N,D,20180718,000000,521.43,521.43,521.43,521.43,0,0
1045.N,D,20180719,000000,522.26,522.26,522.26,522.26,0,0
1045.N,D,20180720,000000,519.62,519.62,519.62,519.62,0,0
1045.N,D,20180723,000000,516.92,516.92,516.92,516.92,0,0
1045.N,D,20180724,000000,519.19,519.19,519.19,519.19,0,0
1045.N,D,20180725,000000,520.7,520.7,520.7,520.7,0,0
1045.N,D,20180726,000000,522.94,522.94,522.94,522.94,0,0
1045.N,D,20180727,000000,526.57,526.57,526.57,526.57,0,0
1045.N,D,20180730,000000,523.36,523.36,523.36,523.36,0,0
1045.N,D,20180731,000000,519.61,519.61,519.61,519.61,0,0
1045.N,D,20180801,000000,523.06,523.06,523.06,523.06,0,0
1045.N,D,20180802,000000,523.68,523.68,523.68,523.68,0,0
1045.N,D,20180803,000000,526.42,526.42,526.42,526.42,0,0
1045.N,D,20180806,000000,529.27,529.27,529.27,529.27,0,0
1045.N,D,20180807,000000,531.01,531.01,531.01,531.01,0,0
1045.N,D,20180808,000000,531.4,531.4,531.4,531.4,0,0
1045.N,D,20180809,000000,531.16,531.16,531.16,531.16,0,0
1045.N,D,20180810,000000,534.31,534.31,534.31,534.31,0,0
1045.N,D,20180813,000000,532.91,532.91,532.91,532.91,0,0
1045.N,D,20180814,000000,532.58,532.58,532.58,532.58,0,0
1045.N,D,20180816,000000,530.51,530.51,530.51,530.51,0,0
1045.N,D,20180817,000000,533.34,533.34,533.34,533.34,0,0
1045.N,D,20180820,000000,534.88,534.88,534.88,534.88,0,0
1045.N,D,20180821,000000,531.52,531.52,531.52,531.52,0,0
1045.N,D,20180822,000000,531.31,531.31,531.31,531.31,0,0
1045.N,D,20180823,000000,531.11,531.11,531.11,531.11,0,0
1045.N,D,20180824,000000,530.13,530.13,530.13,530.13,0,0
1045.N,D,20180827,000000,531.3,531.3,531.3,531.3,0,0
1045.N,D,20180828,000000,531.93,531.93,531.93,531.93,0,0
1045.N,D,20180829,000000,532.66,532.66,532.66,532.66,0,0
1045.N,D,20180830,000000,532.77,532.77,532.77,532.77,0,0
1045.N,D,20180831,000000,531.84,531.84,531.84,531.84,0,0
1045.N,D,20180903,000000,532.82,532.82,532.82,532.82,0,0
1045.N,D,20180904,000000,533.78,533.78,533.78,533.78,0,0
1045.N,D,20180905,000000,531.16,531.16,531.16,531.16,0,0
1045.N,D,20180906,000000,528.23,528.23,528.23,528.23,0,0
1045.N,D,20180907,000000,525.26,525.26,525.26,525.26,0,0
1045.N,D,20180910,000000,527.21,527.21,527.21,527.21,0,0
1045.N,D,20180911,000000,525.73,525.73,525.73,525.73,0,0
1045.N,D,20180912,000000,528.55,528.55,528.55,528.55,0,0
1045.N,D,20180913,000000,528.5,528.5,528.5,528.5,0,0
1045.N,D,20180914,000000,527.78,527.78,527.78,527.78,0,0
1045.N,D,20180917,000000,530.55,530.55,530.55,530.55,0,0
1045.N,D,20180918,000000,528.59,528.59,528.59,528.59,0,0
1045.N,D,20180919,000000,530.76,530.76,530.76,530.76,0,0
1045.N,D,20180920,000000,531.6,531.6,531.6,531.6,0,0
1045.N,D,20180921,000000,532.73,532.73,532.73,532.73,0,0
1045.N,D,20180924,000000,532.32,532.32,532.32,532.32,0,0
1045.N,D,20180925,000000,531.39,531.39,531.39,531.39,0,0
1045.N,D,20180926,000000,529.84,529.84,529.84,529.84,0,0
1045.N,D,20180927,000000,530.02,530.02,530.02,530.02,0,0
1045.N,D,20180928,000000,534.17,534.17,534.17,534.17,0,0
1045.N,D,20181001,000000,535.18,535.18,535.18,535.18,0,0
1045.N,D,20181002,000000,538.23,538.23,538.23,538.23,0,0
1045.N,D,20181004,000000,539.09,539.09,539.09,539.09,0,0
1045.N,D,20181005,000000,534.63,534.63,534.63,534.63,0,0
1045.N,D,20181008,000000,532.19,532.19,532.19,532.19,0,0
1045.N,D,20181009,000000,531.49,531.49,531.49,531.49,0,0
1045.N,D,20181010,000000,530,530,530,530,0,0
1045.N,D,20181011,000000,508.87,508.87,508.87,508.87,0,0
1045.N,D,20181012,000000,507.05,507.05,507.05,507.05,0,0
1045.N,D,20181015,000000,505.91,505.91,505.91,505.91,0,0
1045.N,D,20181016,000000,507.72,507.72,507.72,507.72,0,0
1045.N,D,20181017,000000,516.65,516.65,516.65,516.65,0,0
1045.N,D,20181018,000000,517.71,517.71,517.71,517.71,0,0
1045.N,D,20181019,000000,513.23,513.23,513.23,513.23,0,0
1045.N,D,20181022,000000,510.92,510.92,510.92,510.92,0,0
1045.N,D,20181023,000000,503.78,503.78,503.78,503.78,0,0
1045.N,D,20181024,000000,506.28,506.28,506.28,506.28,0,0
1045.N,D,20181025,000000,495.16,495.16,495.16,495.16,0,0
1045.N,D,20181026,000000,496.99,496.99,496.99,496.99,0,0
1045.N,D,20181029,000000,498,498,498,498,0,0
1045.N,D,20181030,000000,496.96,496.96,496.96,496.96,0,0
1045.N,D,20181031,000000,507.18,507.18,507.18,507.18,0,0
1045.N,D,20181102,000000,513.68,513.68,513.68,513.68,0,0
1045.N,D,20181105,000000,509.93,509.93,509.93,509.93,0,0
1045.N,D,20181106,000000,510.29,510.29,510.29,510.29,0,0
1045.N,D,20181107,000000,513.43,513.43,513.43,513.43,0,0
1045.N,D,20181108,000000,520.21,520.21,520.21,520.21,0,0
1045.N,D,20181109,000000,522,522,522,522,0,0
1045.N,D,20181112,000000,521.45,521.45,521.45,521.45,0,0
1045.N,D,20181113,000000,514.21,514.21,514.21,514.21,0,0
1045.N,D,20181114,000000,512.1,512.1,512.1,512.1,0,0
1045.N,D,20181115,000000,508.45,508.45,508.45,508.45,0,0
1045.N,D,20181116,000000,509.9,509.9,509.9,509.9,0,0
1045.N,D,20181119,000000,507.68,507.68,507.68,507.68,0,0
1045.N,D,20181120,000000,500.64,500.64,500.64,500.64,0,0
1045.N,D,20181121,000000,496.45,496.45,496.45,496.45,0,0
1045.N,D,20181122,000000,497.6,497.6,497.6,497.6,0,0
1045.N,D,20181123,000000,499.35,499.35,499.35,499.35,0,0
1045.N,D,20181126,000000,501.67,501.67,501.67,501.67,0,0
1045.N,D,20181127,000000,505.6,505.6,505.6,505.6,0,0
1045.N,D,20181128,000000,506.82,506.82,506.82,506.82,0,0
1045.N,D,20181129,000000,511.58,511.58,511.58,511.58,0,0
1045.N,D,20181130,000000,509.5,509.5,509.5,509.5,0,0
1045.N,D,20181203,000000,520.03,520.03,520.03,520.03,0,0
1045.N,D,20181204,000000,515.45,515.45,515.45,515.45,0,0
1045.N,D,20181205,000000,505.66,505.66,505.66,505.66,0,0
1045.N,D,20181206,000000,496.89,496.89,496.89,496.89,0,0
1045.N,D,20181207,000000,500.38,500.38,500.38,500.38,0,0
1045.N,D,20181210,000000,489.01,489.01,489.01,489.01,0,0
1045.N,D,20181211,000000,488.54,488.54,488.54,488.54,0,0
1045.N,D,20181212,000000,492.88,492.88,492.88,492.88,0,0
1045.N,D,20181213,000000,493.49,493.49,493.49,493.49,0,0
1045.N,D,20181214,000000,490.86,490.86,490.86,490.86,0,0
1045.N,D,20181217,000000,487.03,487.03,487.03,487.03,0,0
1045.N,D,20181218,000000,476.79,476.79,476.79,476.79,0,0
1045.N,D,20181219,000000,476.29,476.29,476.29,476.29,0,0
1045.N,D,20181220,000000,467.43,467.43,467.43,467.43,0,0
1045.N,D,20181221,000000,462.53,462.53,462.53,462.53,0,0
1045.N,D,20181227,000000,460.98,460.98,460.98,460.98,0,0
1045.N,D,20181228,000000,466,466,466,466,0,0
1045.N,D,20190102,000000,464.52,464.52,464.52,464.52,0,0
1045.N,D,20190103,000000,467.06,467.06,467.06,467.06,0,0
1045.N,D,20190104,000000,465.11,465.11,465.11,465.11,0,0
1045.N,D,20190107,000000,474.05,474.05,474.05,474.05,0,0
1045.N,D,20190108,000000,477.19,477.19,477.19,477.19,0,0
1045.N,D,20190109,000000,482.84,482.84,482.84,482.84,0,0
1045.N,D,20190110,000000,482.72,482.72,482.72,482.72,0,0
1045.N,D,20190111,000000,485.34,485.34,485.34,485.34,0,0
1045.N,D,20190114,000000,486.38,486.38,486.38,486.38,0,0
1045.N,D,20190115,000000,486.36,486.36,486.36,486.36,0,0
1045.N,D,20190116,000000,490.52,490.52,490.52,490.52,0,0
1045.N,D,20190117,000000,492.69,492.69,492.69,492.69,0,0
1045.N,D,20190118,000000,496.92,496.92,496.92,496.92,0,0
1045.N,D,20190121,000000,502.24,502.24,502.24,502.24,0,0
1045.N,D,20190122,000000,502.71,502.71,502.71,502.71,0,0
1045.N,D,20190123,000000,498.31,498.31,498.31,498.31,0,0
1045.N,D,20190124,000000,500,500,500,500,0,0
1045.N,D,20190125,000000,502.06,502.06,502.06,502.06,0,0
1045.N,D,20190128,000000,502.28,502.28,502.28,502.28,0,0
1045.N,D,20190129,000000,498.82,498.82,498.82,498.82,0,0
1045.N,D,20190130,000000,499.19,499.19,499.19,499.19,0,0
1045.N,D,20190131,000000,504.25,504.25,504.25,504.25,0,0
1045.N,D,20190201,000000,507.04,507.04,507.04,507.04,0,0
1045.N,D,20190206,000000,515.3,515.3,515.3,515.3,0,0
1045.N,D,20190207,000000,515.81,515.81,515.81,515.81,0,0
1045.N,D,20190208,000000,511.39,511.39,511.39,511.39,0,0
1045.N,D,20190211,000000,512.28,512.28,512.28,512.28,0,0
1045.N,D,20190212,000000,514,514,514,514,0,0
1045.N,D,20190213,000000,517.93,517.93,517.93,517.93,0,0
1045.N,D,20190214,000000,520.89,520.89,520.89,520.89,0,0
1045.N,D,20190215,000000,519.29,519.29,519.29,519.29,0,0
1045.N,D,20190218,000000,523.44,523.44,523.44,523.44,0,0
1045.N,D,20190219,000000,523.83,523.83,523.83,523.83,0,0
1045.N,D,20190220,000000,523.69,523.69,523.69,523.69,0,0
1045.N,D,20190221,000000,525.33,525.33,525.33,525.33,0,0
1045.N,D,20190222,000000,524.06,524.06,524.06,524.06,0,0
1045.N,D,20190225,000000,527.31,527.31,527.31,527.31,0,0
1045.N,D,20190226,000000,525.78,525.78,525.78,525.78,0,0
1045.N,D,20190227,000000,524.72,524.72,524.72,524.72,0,0
1045.N,D,20190228,000000,524.38,524.38,524.38,524.38,0,0
1045.N,D,20190301,000000,525.18,525.18,525.18,525.18,0,0
1045.N,D,20190304,000000,527.96,527.96,527.96,527.96,0,0
1045.N,D,20190305,000000,526.42,526.42,526.42,526.42,0,0
1045.N,D,20190306,000000,526.34,526.34,526.34,526.34,0,0
1045.N,D,20190307,000000,522.99,522.99,522.99,522.99,0,0
1045.N,D,20190308,000000,522.04,522.04,522.04,522.04,0,0
1045.N,D,20190311,000000,520.4,520.4,520.4,520.4,0,0
1045.N,D,20190312,000000,526.13,526.13,526.13,526.13,0,0
1045.N,D,20190313,000000,525.73,525.73,525.73,525.73,0,0
1045.N,D,20190314,000000,528.65,528.65,528.65,528.65,0,0
1045.N,D,20190315,000000,528.63,528.63,528.63,528.63,0,0
1045.N,D,20190318,000000,530.33,530.33,530.33,530.33,0,0
1045.N,D,20190319,000000,532.17,532.17,532.17,532.17,0,0
1045.N,D,20190320,000000,531.67,531.67,531.67,531.67,0,0
1045.N,D,20190321,000000,527.59,527.59,527.59,527.59,0,0
1045.N,D,20190322,000000,534.34,534.34,534.34,534.34,0,0
1045.N,D,20190325,000000,525.35,525.35,525.35,525.35,0,0
1045.N,D,20190326,000000,526.4,526.4,526.4,526.4,0,0
1045.N,D,20190327,000000,530.25,530.25,530.25,530.25,0,0
1045.N,D,20190328,000000,529.89,529.89,529.89,529.89,0,0
1045.N,D,20190329,000000,532.35,532.35,532.35,532.35,0,0
1045.N,D,20190401,000000,538.56,538.56,538.56,538.56,0,0
1045.N,D,20190402,000000,542.02,542.02,542.02,542.02,0,0
1045.N,D,20190403,000000,542.17,542.17,542.17,542.17,0,0
1045.N,D,20190404,000000,543.2,543.2,543.2,543.2,0,0
1045.N,D,20190405,000000,544.19,544.19,544.19,544.19,0,0
1045.N,D,20190408,000000,545.21,545.21,545.21,545.21,0,0
1045.N,D,20190409,000000,544.27,544.27,544.27,544.27,0,0
1045.N,D,20190410,000000,541.18,541.18,541.18,541.18,0,0
1045.N,D,20190411,000000,542.27,542.27,542.27,542.27,0,0
1045.N,D,20190412,000000,541.74,541.74,541.74,541.74,0,0
1045.N,D,20190415,000000,543.09,543.09,543.09,543.09,0,0
1045.N,D,20190416,000000,544.1,544.1,544.1,544.1,0,0
1045.N,D,20190417,000000,543.12,543.12,543.12,543.12,0,0
1045.N,D,20190418,000000,543.2,543.2,543.2,543.2,0,0
1045.N,D,20190423,000000,544.27,544.27,544.27,544.27,0,0
1045.N,D,20190424,000000,548.51,548.51,548.51,548.51,0,0
1045.N,D,20190425,000000,549.88,549.88,549.88,549.88,0,0
1045.N,D,20190426,000000,549.83,549.83,549.83,549.83,0,0
1045.N,D,20190429,000000,551.11,551.11,551.11,551.11,0,0
1045.N,D,20190430,000000,549.99,549.99,549.99,549.99,0,0
1045.N,D,20190502,000000,547.91,547.91,547.91,547.91,0,0
1045.N,D,20190503,000000,548.94,548.94,548.94,548.94,0,0
1045.N,D,20190506,000000,545.07,545.07,545.07,545.07,0,0
1045.N,D,20190507,000000,548.35,548.35,548.35,548.35,0,0
1045.N,D,20190508,000000,540.29,540.29,540.29,540.29,0,0
1045.N,D,20190510,000000,535.62,535.62,535.62,535.62,0,0
1045.N,D,20190513,000000,532.67,532.67,532.67,532.67,0,0
1045.N,D,20190514,000000,525,525,525,525,0,0
1045.N,D,20190515,000000,528.93,528.93,528.93,528.93,0,0
1045.N,D,20190516,000000,531.32,531.32,531.32,531.32,0,0
1045.N,D,20190517,000000,536.77,536.77,536.77,536.77,0,0
1045.N,D,20190520,000000,535.3,535.3,535.3,535.3,0,0
1045.N,D,20190521,000000,533.55,533.55,533.55,533.55,0,0
1045.N,D,20190522,000000,535.9,535.9,535.9,535.9,0,0
1045.N,D,20190523,000000,531.41,531.41,531.41,531.41,0,0
1045.N,D,20190524,000000,528.49,528.49,528.49,528.49,0,0
1045.N,D,20190527,000000,530.44,530.44,530.44,530.44,0,0
1045.N,D,20190528,000000,530.05,530.05,530.05,530.05,0,0
1045.N,D,20190529,000000,527.18,527.18,527.18,527.18,0,0
1045.N,D,20190531,000000,521.21,521.21,521.21,521.21,0,0
1045.N,D,20190603,000000,517.18,517.18,517.18,517.18,0,0
1045.N,D,20190604,000000,518.46,518.46,518.46,518.46,0,0
1045.N,D,20190605,000000,524.43,524.43,524.43,524.43,0,0
1045.N,D,20190606,000000,528.45,528.45,528.45,528.45,0,0
1045.N,D,20190607,000000,529.48,529.48,529.48,529.48,0,0
1045.N,D,20190611,000000,535.7,535.7,535.7,535.7,0,0
1045.N,D,20190612,000000,534.54,534.54,534.54,534.54,0,0
1045.N,D,20190613,000000,535.86,535.86,535.86,535.86,0,0
1045.N,D,20190614,000000,537.05,537.05,537.05,537.05,0,0
1045.N,D,20190617,000000,538.68,538.68,538.68,538.68,0,0
1045.N,D,20190618,000000,540.44,540.44,540.44,540.44,0,0
1045.N,D,20190619,000000,545.39,545.39,545.39,545.39,0,0
1045.N,D,20190621,000000,546.6,546.6,546.6,546.6,0,0
1045.N,D,20190624,000000,542.45,542.45,542.45,542.45,0,0
1045.N,D,20190625,000000,541.12,541.12,541.12,541.12,0,0
1045.N,D,20190626,000000,538.27,538.27,538.27,538.27,0,0
1045.N,D,20190627,000000,537.99,537.99,537.99,537.99,0,0
1045.N,D,20190628,000000,538.73,538.73,538.73,538.73,0,0
1045.N,D,20190701,000000,548.3,548.3,548.3,548.3,0,0
1045.N,D,20190702,000000,549.55,549.55,549.55,549.55,0,0
1045.N,D,20190704,000000,555.72,555.72,555.72,555.72,0,0
1045.N,D,20190705,000000,555.98,555.98,555.98,555.98,0,0
1045.N,D,20190708,000000,555.98,555.98,555.98,555.98,0,0
1045.N,D,20190709,000000,553.25,553.25,553.25,553.25,0,0
1045.N,D,20190710,000000,552.77,552.77,552.77,552.77,0,0
1045.N,D,20190711,000000,553.25,553.25,553.25,553.25,0,0
1045.N,D,20190712,000000,554.15,554.15,554.15,554.15,0,0
1045.N,D,20190715,000000,555.66,555.66,555.66,555.66,0,0
1045.N,D,20190716,000000,556.48,556.48,556.48,556.48,0,0
1045.N,D,20190717,000000,556.45,556.45,556.45,556.45,0,0
1045.N,D,20190718,000000,551.36,551.36,551.36,551.36,0,0
1045.N,D,20190719,000000,554.09,554.09,554.09,554.09,0,0
1045.N,D,20190722,000000,552.95,552.95,552.95,552.95,0,0
1045.N,D,20190723,000000,555.64,555.64,555.64,555.64,0,0
1045.N,D,20190724,000000,560.53,560.53,560.53,560.53,0,0
1045.N,D,20190725,000000,563.05,563.05,563.05,563.05,0,0
1045.N,D,20190726,000000,559.11,559.11,559.11,559.11,0,0
1045.N,D,20190729,000000,562,562,562,562,0,0
1045.N,D,20190730,000000,558.8,558.8,558.8,558.8,0,0
1045.N,D,20190731,000000,557.62,557.62,557.62,557.62,0,0
1045.N,D,20190801,000000,557.23,557.23,557.23,557.23,0,0
1045.N,D,20190802,000000,546.15,546.15,546.15,546.15,0,0
1045.N,D,20190805,000000,535.45,535.45,535.45,535.45,0,0
1045.N,D,20190806,000000,531.31,531.31,531.31,531.31,0,0
1045.N,D,20190807,000000,531.93,531.93,531.93,531.93,0,0
1045.N,D,20190808,000000,532.36,532.36,532.36,532.36,0,0
1045.N,D,20190809,000000,540.07,540.07,540.07,540.07,0,0
1045.N,D,20190812,000000,536.74,536.74,536.74,536.74,0,0
1045.N,D,20190813,000000,528.63,528.63,528.63,528.63,0,0
1045.N,D,20190814,000000,535,535,535,535,0,0
1045.N,D,20190816,000000,532.1,532.1,532.1,532.1,0,0
1045.N,D,20190819,000000,537.18,537.18,537.18,537.18,0,0
1045.N,D,20190820,000000,541.23,541.23,541.23,541.23,0,0
1045.N,D,20190821,000000,537.7,537.7,537.7,537.7,0,0
1045.N,D,20190822,000000,541.12,541.12,541.12,541.12,0,0
1045.N,D,20190823,000000,542.64,542.64,542.64,542.64,0,0
1045.N,D,20190826,000000,531.97,531.97,531.97,531.97,0,0
1045.N,D,20190827,000000,533.5,533.5,533.5,533.5,0,0
1045.N,D,20190828,000000,532.75,532.75,532.75,532.75,0,0
1045.N,D,20190829,000000,538.68,538.68,538.68,538.68,0,0
1045.N,D,20190830,000000,544.63,544.63,544.63,544.63,0,0
1045.N,D,20190902,000000,548.44,548.44,548.44,548.44,0,0
1045.N,D,20190903,000000,548.69,548.69,548.69,548.69,0,0
1045.N,D,20190904,000000,548.13,548.13,548.13,548.13,0,0
1045.N,D,20190905,000000,551.85,551.85,551.85,551.85,0,0
1045.N,D,20190906,000000,555.81,555.81,555.81,555.81,0,0
1045.N,D,20190909,000000,557.29,557.29,557.29,557.29,0,0
1045.N,D,20190910,000000,557.73,557.73,557.73,557.73,0,0
1045.N,D,20190911,000000,561.91,561.91,561.91,561.91,0,0
1045.N,D,20190912,000000,565.44,565.44,565.44,565.44,0,0
1045.N,D,20190913,000000,564.36,564.36,564.36,564.36,0,0
1045.N,D,20190916,000000,565.07,565.07,565.07,565.07,0,0
1045.N,D,20190917,000000,565.59,565.59,565.59,565.59,0,0
1045.N,D,20190918,000000,565.27,565.27,565.27,565.27,0,0
1045.N,D,20190919,000000,565.18,565.18,565.18,565.18,0,0
1045.N,D,20190920,000000,566.54,566.54,566.54,566.54,0,0
1045.N,D,20190923,000000,566.68,566.68,566.68,566.68,0,0
1045.N,D,20190924,000000,566.26,566.26,566.26,566.26,0,0
1045.N,D,20190925,000000,560.5,560.5,560.5,560.5,0,0
1045.N,D,20190926,000000,566.86,566.86,566.86,566.86,0,0
1045.N,D,20190927,000000,566.84,566.84,566.84,566.84,0,0
1045.N,D,20190930,000000,564.35,564.35,564.35,564.35,0,0
1045.N,D,20191001,000000,568.61,568.61,568.61,568.61,0,0
1045.N,D,20191002,000000,560.34,560.34,560.34,560.34,0,0
1045.N,D,20191004,000000,550.37,550.37,550.37,550.37,0,0
1045.N,D,20191007,000000,556.51,556.51,556.51,556.51,0,0
1045.N,D,20191008,000000,554.78,554.78,554.78,554.78,0,0
1045.N,D,20191009,000000,548.35,548.35,548.35,548.35,0,0
1045.N,D,20191010,000000,550.88,550.88,550.88,550.88,0,0
1045.N,D,20191011,000000,559.43,559.43,559.43,559.43,0,0
1045.N,D,20191014,000000,561.72,561.72,561.72,561.72,0,0
1045.N,D,20191015,000000,562.26,562.26,562.26,562.26,0,0
1045.N,D,20191016,000000,566.03,566.03,566.03,566.03,0,0
1045.N,D,20191017,000000,563.6,563.6,563.6,563.6,0,0
1045.N,D,20191018,000000,563.21,563.21,563.21,563.21,0,0
1045.N,D,20191022,000000,564.2,564.2,564.2,564.2,0,0
1045.N,D,20191023,000000,564.51,564.51,564.51,564.51,0,0
1045.N,D,20191025,000000,567.35,567.35,567.35,567.35,0,0
1045.N,D,20191030,000000,574.07,574.07,574.07,574.07,0,0
1045.N,D,20191031,000000,571.52,571.52,571.52,571.52,0,0
1045.N,D,20191104,000000,577.1,577.1,577.1,577.1,0,0
1045.N,D,20191107,000000,584.58,584.58,584.58,584.58,0,0
1045.N,D,20191108,000000,586.65,586.65,586.65,586.65,0,0
1045.N,D,20191111,000000,587.45,587.45,587.45,587.45,0,0
1045.N,D,20191112,000000,587.51,587.51,587.51,587.51,0,0
1045.N,D,20191113,000000,587.49,587.49,587.49,587.49,0,0
1045.N,D,20191114,000000,588.42,588.42,588.42,588.42,0,0
1045.N,D,20191115,000000,588.8,588.8,588.8,588.8,0,0
1045.N,D,20191118,000000,590.39,590.39,590.39,590.39,0,0
1045.N,D,20191119,000000,590.93,590.93,590.93,590.93,0,0
1045.N,D,20191120,000000,587.38,587.38,587.38,587.38,0,0
1045.N,D,20191121,000000,584.84,584.84,584.84,584.84,0,0
1045.N,D,20191122,000000,585.27,585.27,585.27,585.27,0,0
1045.N,D,20191125,000000,589.41,589.41,589.41,589.41,0,0
1045.N,D,20191126,000000,592.48,592.48,592.48,592.48,0,0
1045.N,D,20191127,000000,595.25,595.25,595.25,595.25,0,0
1045.N,D,20191128,000000,596.43,596.43,596.43,596.43,0,0
1045.N,D,20191129,000000,596.18,596.18,596.18,596.18,0,0
1045.N,D,20191202,000000,594.61,594.61,594.61,594.61,0,0
1045.N,D,20191203,000000,586.5,586.5,586.5,586.5,0,0
1045.N,D,20191204,000000,584.74,584.74,584.74,584.74,0,0
1045.N,D,20191205,000000,587.79,587.79,587.79,587.79,0,0
1045.N,D,20191206,000000,589.13,589.13,589.13,589.13,0,0
1045.N,D,20191209,000000,594.27,594.27,594.27,594.27,0,0
1045.N,D,20191210,000000,590.93,590.93,590.93,590.93,0,0
1045.N,D,20191211,000000,591.36,591.36,591.36,591.36,0,0
1045.N,D,20191212,000000,591.09,591.09,591.09,591.09,0,0
1045.N,D,20191213,000000,593.94,593.94,593.94,593.94,0,0
1045.N,D,20191216,000000,596.85,596.85,596.85,596.85,0,0
1045.N,D,20191217,000000,598.95,598.95,598.95,598.95,0,0
1045.N,D,20191218,000000,600.27,600.27,600.27,600.27,0,0
1045.N,D,20191219,000000,600.21,600.21,600.21,600.21,0,0
1045.N,D,20191220,000000,602.67,602.67,602.67,602.67,0,0
1045.N,D,20191223,000000,606.45,606.45,606.45,606.45,0,0
1045.N,D,20191227,000000,606.71,606.71,606.71,606.71,0,0
1045.N,D,20191230,000000,604,604,604,604,0,0
1045.N,D,20200102,000000,603.63,603.63,603.63,603.63,0,0
1045.N,D,20200103,000000,605.44,605.44,605.44,605.44,0,0
1045.N,D,20200106,000000,599.71,599.71,599.71,599.71,0,0
1045.N,D,20200107,000000,605.41,605.41,605.41,605.41,0,0
1045.N,D,20200108,000000,605.34,605.34,605.34,605.34,0,0
1045.N,D,20200109,000000,610.26,610.26,610.26,610.26,0,0
1045.N,D,20200110,000000,613.09,613.09,613.09,613.09,0,0
1045.N,D,20200113,000000,611.47,611.47,611.47,611.47,0,0
1045.N,D,20200114,000000,613.22,613.22,613.22,613.22,0,0
1045.N,D,20200115,000000,612.98,612.98,612.98,612.98,0,0
1045.N,D,20200116,000000,613.04,613.04,613.04,613.04,0,0
1045.N,D,20200117,000000,618.85,618.85,618.85,618.85,0,0
1045.N,D,20200120,000000,622.39,622.39,622.39,622.39,0,0
1045.N,D,20200121,000000,621.38,621.38,621.38,621.38,0,0
1045.N,D,20200122,000000,621.09,621.09,621.09,621.09,0,0
1045.N,D,20200123,000000,621.46,621.46,621.46,621.46,0,0
1045.N,D,20200124,000000,624.34,624.34,624.34,624.34,0,0
1045.N,D,20200127,000000,614.82,614.82,614.82,614.82,0,0
1045.N,D,20200128,000000,611.23,611.23,611.23,611.23,0,0
1045.N,D,20200129,000000,617.36,617.36,617.36,617.36,0,0
1045.N,D,20200130,000000,614.2,614.2,614.2,614.2,0,0
1045.N,D,20200131,000000,614.2,614.2,614.2,614.2,0,0
1045.N,D,20200203,000000,603.21,603.21,603.21,603.21,0,0
1045.N,D,20200204,000000,611.68,611.68,611.68,611.68,0,0
1045.N,D,20200205,000000,621.08,621.08,621.08,621.08,0,0
1045.N,D,20200206,000000,626.41,626.41,626.41,626.41,0,0
1045.N,D,20200207,000000,628.06,628.06,628.06,628.06,0,0
1045.N,D,20200210,000000,625.72,625.72,625.72,625.72,0,0
1045.N,D,20200211,000000,631.49,631.49,631.49,631.49,0,0
1045.N,D,20200212,000000,633.17,633.17,633.17,633.17,0,0
1045.N,D,20200213,000000,637.32,637.32,637.32,637.32,0,0
1045.N,D,20200214,000000,639.79,639.79,639.79,639.79,0,0
1045.N,D,20200217,000000,640.23,640.23,640.23,640.23,0,0
1045.N,D,20200218,000000,640.15,640.15,640.15,640.15,0,0
1045.N,D,20200219,000000,640.28,640.28,640.28,640.28,0,0
1045.N,D,20200220,000000,641.72,641.72,641.72,641.72,0,0
1045.N,D,20200221,000000,638.33,638.33,638.33,638.33,0,0
1045.N,D,20200224,000000,620.45,620.45,620.45,620.45,0,0
1045.N,D,20200225,000000,611.65,611.65,611.65,611.65,0,0
1045.N,D,20200226,000000,590.67,590.67,590.67,590.67,0,0
1045.N,D,20200227,000000,585.72,585.72,585.72,585.72,0,0
1045.N,D,20200228,000000,550.3,550.3,550.3,550.3,0,0
1045.N,D,20200302,000000,556.8,556.8,556.8,556.8,0,0
1045.N,D,20200303,000000,570.75,570.75,570.75,570.75,0,0
1045.N,D,20200304,000000,563.73,563.73,563.73,563.73,0,0
1045.N,D,20200305,000000,570.21,570.21,570.21,570.21,0,0
1045.N,D,20200306,000000,549.5,549.5,549.5,549.5,0,0
1045.N,D,20200309,000000,521.43,521.43,521.43,521.43,0,0
1045.N,D,20200310,000000,515.14,515.14,515.14,515.14,0,0
1045.N,D,20200311,000000,513.83,513.83,513.83,513.83,0,0
1045.N,D,20200312,000000,481.12,481.12,481.12,481.12,0,0
1045.N,D,20200313,000000,456.92,456.92,456.92,456.92,0,0
1045.N,D,20200316,000000,460.95,460.95,460.95,460.95,0,0
1045.N,D,20200317,000000,427.92,427.92,427.92,427.92,0,0
1045.N,D,20200318,000000,439.95,439.95,439.95,439.95,0,0
1045.N,D,20200319,000000,433.31,433.31,433.31,433.31,0,0
1045.N,D,20200320,000000,453.63,453.63,453.63,453.63,0,0
1045.N,D,20200323,000000,424.34,424.34,424.34,424.34,0,0
1045.N,D,20200324,000000,427.62,427.62,427.62,427.62,0,0
1045.N,D,20200325,000000,460.6,460.6,460.6,460.6,0,0
1045.N,D,20200326,000000,453.87,453.87,453.87,453.87,0,0
1045.N,D,20200327,000000,471.74,471.74,471.74,471.74,0,0
1045.N,D,20200330,000000,459.93,459.93,459.93,459.93,0,0
1045.N,D,20200331,000000,477.44,477.44,477.44,477.44,0,0
1045.N,D,20200401,000000,462.47,462.47,462.47,462.47,0,0
1045.N,D,20200402,000000,459.66,459.66,459.66,459.66,0,0
1045.N,D,20200403,000000,462.14,462.14,462.14,462.14,0,0
1045.N,D,20200406,000000,469.2,469.2,469.2,469.2,0,0
1045.N,D,20200407,000000,491.65,491.65,491.65,491.65,0,0
1045.N,D,20200408,000000,486.23,486.23,486.23,486.23,0,0
1045.N,D,20200409,000000,499.4,499.4,499.4,499.4,0,0
1045.N,D,20200414,000000,503.78,503.78,503.78,503.78,0,0
1045.N,D,20200415,000000,505.73,505.73,505.73,505.73,0,0
1045.N,D,20200416,000000,499.9,499.9,499.9,499.9,0,0
1045.N,D,20200417,000000,512.99,512.99,512.99,512.99,0,0
1045.N,D,20200420,000000,513.82,513.82,513.82,513.82,0,0
1045.N,D,20200421,000000,507.36,507.36,507.36,507.36,0,0
1045.N,D,20200422,000000,497.4,497.4,497.4,497.4,0,0
1045.N,D,20200423,000000,505.67,505.67,505.67,505.67,0,0
1045.N,D,20200424,000000,507.6,507.6,507.6,507.6,0,0
1045.N,D,20200427,000000,514.34,514.34,514.34,514.34,0,0
1045.N,D,20200428,000000,519.75,519.75,519.75,519.75,0,0
1045.N,D,20200429,000000,522.15,522.15,522.15,522.15,0,0
1045.N,D,20200430,000000,531.53,531.53,531.53,531.53,0,0
1045.N,D,20200504,000000,504.51,504.51,504.51,504.51,0,0
1045.N,D,20200505,000000,511.92,511.92,511.92,511.92,0,0
1045.N,D,20200506,000000,519.1,519.1,519.1,519.1,0,0
1045.N,D,20200507,000000,519.83,519.83,519.83,519.83,0,0
1045.N,D,20200508,000000,524.88,524.88,524.88,524.88,0,0
1045.N,D,20200511,000000,530.32,530.32,530.32,530.32,0,0
1045.N,D,20200512,000000,530.35,530.35,530.35,530.35,0,0
1045.N,D,20200513,000000,520.96,520.96,520.96,520.96,0,0
1045.N,D,20200514,000000,511.85,511.85,511.85,511.85,0,0
1045.N,D,20200515,000000,516.34,516.34,516.34,516.34,0,0
1045.N,D,20200518,000000,522.7,522.7,522.7,522.7,0,0
1045.N,D,20200519,000000,527.22,527.22,527.22,527.22,0,0
1045.N,D,20200520,000000,526.14,526.14,526.14,526.14,0,0
1045.N,D,20200522,000000,526.42,526.42,526.42,526.42,0,0
1045.N,D,20200525,000000,531.99,531.99,531.99,531.99,0,0
1045.N,D,20200526,000000,536.92,536.92,536.92,536.92,0,0
1045.N,D,20200527,000000,539.33,539.33,539.33,539.33,0,0
1045.N,D,20200528,000000,541.31,541.31,541.31,541.31,0,0
1045.N,D,20200529,000000,535.98,535.98,535.98,535.98,0,0
1045.N,D,20200602,000000,540.59,540.59,540.59,540.59,0,0
1045.N,D,20200603,000000,545.79,545.79,545.79,545.79,0,0
1045.N,D,20200604,000000,549.13,549.13,549.13,549.13,0,0
1045.N,D,20200605,000000,548.87,548.87,548.87,548.87,0,0
1045.N,D,20200608,000000,556.78,556.78,556.78,556.78,0,0
1045.N,D,20200609,000000,557.09,557.09,557.09,557.09,0,0
1045.N,D,20200610,000000,554.8,554.8,554.8,554.8,0,0
1045.N,D,20200612,000000,533.36,533.36,533.36,533.36,0,0
1045.N,D,20200615,000000,526.34,526.34,526.34,526.34,0,0
1045.N,D,20200616,000000,539.97,539.97,539.97,539.97,0,0
1045.N,D,20200617,000000,550.53,550.53,550.53,550.53,0,0
1045.N,D,20200618,000000,547.03,547.03,547.03,547.03,0,0
1045.N,D,20200619,000000,547.48,547.48,547.48,547.48,0,0
1045.N,D,20200622,000000,545.73,545.73,545.73,545.73,0,0
1045.N,D,20200624,000000,544.09,544.09,544.09,544.09,0,0
1045.N,D,20200625,000000,537.17,537.17,537.17,537.17,0,0
1045.N,D,20200626,000000,542.65,542.65,542.65,542.65,0,0
1045.N,D,20200629,000000,531.64,531.64,531.64,531.64,0,0
1045.N,D,20200630,000000,538.62,538.62,538.62,538.62,0,0
1045.N,D,20200701,000000,544.38,544.38,544.38,544.38,0,0
1045.N,D,20200702,000000,547.74,547.74,547.74,547.74,0,0
1045.N,D,20200703,000000,549.88,549.88,549.88,549.88,0,0
1045.N,D,20200706,000000,553.48,553.48,553.48,553.48,0,0
