<TICKER>,<PER>,<DATE>,<TIME>,<OPEN>,<HIGH>,<LOW>,<CLOSE>,<VOL>,<OPENINT>
1178.N,D,20150819,000000,1000,1000,1000,1000,0,0
1178.N,D,20150821,000000,981.89,981.89,981.89,981.89,0,0
1178.N,D,20150824,000000,927.6,927.6,927.6,927.6,0,0
1178.N,D,20150825,000000,934.11,934.11,934.11,934.11,0,0
1178.N,D,20150826,000000,932.4,932.4,932.4,932.4,0,0
1178.N,D,20150827,000000,955.57,955.57,955.57,955.57,0,0
1178.N,D,20150828,000000,953.25,953.25,953.25,953.25,0,0
1178.N,D,20150831,000000,957.58,957.58,957.58,957.58,0,0
1178.N,D,20150901,000000,931.26,931.26,931.26,931.26,0,0
1178.N,D,20150902,000000,934.75,934.75,934.75,934.75,0,0
1178.N,D,20150903,000000,953.95,953.95,953.95,953.95,0,0
1178.N,D,20150904,000000,939.41,939.41,939.41,939.41,0,0
1178.N,D,20150907,000000,935.58,935.58,935.58,935.58,0,0
1178.N,D,20150908,000000,950.4,950.4,950.4,950.4,0,0
1178.N,D,20150909,000000,961.32,961.32,961.32,961.32,0,0
1178.N,D,20150910,000000,948.62,948.62,948.62,948.62,0,0
1178.N,D,20150911,000000,936.04,936.04,936.04,936.04,0,0
1178.N,D,20150914,000000,940.01,940.01,940.01,940.01,0,0
1178.N,D,20150915,000000,932.14,932.14,932.14,932.14,0,0
1178.N,D,20150916,000000,956.7,956.7,956.7,956.7,0,0
1178.N,D,20150917,000000,959.37,959.37,959.37,959.37,0,0
1178.N,D,20150918,000000,951.35,951.35,951.35,951.35,0,0
1178.N,D,20150921,000000,954.39,954.39,954.39,954.39,0,0
1178.N,D,20150922,000000,944.08,944.08,944.08,944.08,0,0
1178.N,D,20150923,000000,938.17,938.17,938.17,938.17,0,0
1178.N,D,20150924,000000,930.52,930.52,930.52,930.52,0,0
1178.N,D,20150925,000000,941.95,941.95,941.95,941.95,0,0
1178.N,D,20150928,000000,939.92,939.92,939.92,939.92,0,0
1178.N,D,20150929,000000,922.19,922.19,922.19,922.19,0,0
1178.N,D,20150930,000000,934.5,934.5,934.5,934.5,0,0
1178.N,D,20151001,000000,952.82,952.82,952.82,952.82,0,0
1178.N,D,20151002,000000,951.18,951.18,951.18,951.18,0,0
1178.N,D,20151005,000000,961.41,961.41,961.41,961.41,0,0
1178.N,D,20151006,000000,969.5,969.5,969.5,969.5,0,0
1178.N,D,20151007,000000,974.77,974.77,974.77,974.77,0,0
1178.N,D,20151008,000000,963.14,963.14,963.14,963.14,0,0
1178.N,D,20151009,000000,971.13,971.13,971.13,971.13,0,0
1178.N,D,20151012,000000,967.43,967.43,967.43,967.43,0,0
1178.N,D,20151013,000000,963.21,963.21,963.21,963.21,0,0
1178.N,D,20151014,000000,958.68,958.68,958.68,958.68,0,0
1178.N,D,20151015,000000,968.51,968.51,968.51,968.51,0,0
1178.N,D,20151016,000000,977.95,977.95,977.95,977.95,0,0
1178.N,D,20151019,000000,980.35,980.35,980.35,980.35,0,0
1178.N,D,20151020,000000,977.69,977.69,977.69,977.69,0,0
1178.N,D,20151021,000000,979.14,979.14,979.14,979.14,0,0
1178.N,D,20151022,000000,984.55,984.55,984.55,984.55,0,0
1178.N,D,20151023,000000,1011.18,1011.18,1011.18,1011.18,0,0
1178.N,D,20151026,000000,1021.4,1021.4,1021.4,1021.4,0,0
1178.N,D,20151027,000000,1020.31,1020.31,1020.31,1020.31,0,0
1178.N,D,20151028,000000,1023.15,1023.15,1023.15,1023.15,0,0
1178.N,D,20151029,000000,1028.76,1028.76,1028.76,1028.76,0,0
1178.N,D,20151030,000000,1028.3,1028.3,1028.3,1028.3,0,0
1178.N,D,20151102,000000,1033.1,1033.1,1033.1,1033.1,0,0
1178.N,D,20151103,000000,1028.99,1028.99,1028.99,1028.99,0,0
1178.N,D,20151104,000000,1042.19,1042.19,1042.19,1042.19,0,0
1178.N,D,20151105,000000,1040.94,1040.94,1040.94,1040.94,0,0
1178.N,D,20151106,000000,1028.83,1028.83,1028.83,1028.83,0,0
1178.N,D,20151109,000000,1032.49,1032.49,1032.49,1032.49,0,0
1178.N,D,20151110,000000,1022.93,1022.93,1022.93,1022.93,0,0
1178.N,D,20151111,000000,1036.2,1036.2,1036.2,1036.2,0,0
1178.N,D,20151112,000000,1038.75,1038.75,1038.75,1038.75,0,0
1178.N,D,20151113,000000,1017.42,1017.42,1017.42,1017.42,0,0
1178.N,D,20151116,000000,1015.06,1015.06,1015.06,1015.06,0,0
1178.N,D,20151117,000000,1034.81,1034.81,1034.81,1034.81,0,0
1178.N,D,20151118,000000,1034.39,1034.39,1034.39,1034.39,0,0
1178.N,D,20151119,000000,1050.01,1050.01,1050.01,1050.01,0,0
1178.N,D,20151120,000000,1044.71,1044.71,1044.71,1044.71,0,0
1178.N,D,20151123,000000,1042.1,1042.1,1042.1,1042.1,0,0
1178.N,D,20151124,000000,1031.53,1031.53,1031.53,1031.53,0,0
1178.N,D,20151125,000000,1039.67,1039.67,1039.67,1039.67,0,0
1178.N,D,20151126,000000,1054.81,1054.81,1054.81,1054.81,0,0
1178.N,D,20151127,000000,1054.63,1054.63,1054.63,1054.63,0,0
1178.N,D,20151130,000000,1062.3,1062.3,1062.3,1062.3,0,0
1178.N,D,20151201,000000,1065.14,1065.14,1065.14,1065.14,0,0
1178.N,D,20151202,000000,1069.71,1069.71,1069.71,1069.71,0,0
1178.N,D,20151203,000000,1073.68,1073.68,1073.68,1073.68,0,0
1178.N,D,20151204,000000,1027.53,1027.53,1027.53,1027.53,0,0
1178.N,D,20151207,000000,1048.66,1048.66,1048.66,1048.66,0,0
1178.N,D,20151208,000000,1035.4,1035.4,1035.4,1035.4,0,0
1178.N,D,20151209,000000,1019.24,1019.24,1019.24,1019.24,0,0
1178.N,D,20151210,000000,1009.22,1009.22,1009.22,1009.22,0,0
1178.N,D,20151211,000000,1006.46,1006.46,1006.46,1006.46,0,0
1178.N,D,20151214,000000,999.31,999.31,999.31,999.31,0,0
1178.N,D,20151215,000000,989.97,989.97,989.97,989.97,0,0
1178.N,D,20151216,000000,1002.82,1002.82,1002.82,1002.82,0,0
1178.N,D,20151217,000000,1023.01,1023.01,1023.01,1023.01,0,0
1178.N,D,20151218,000000,1008.66,1008.66,1008.66,1008.66,0,0
1178.N,D,20151221,000000,1008.22,1008.22,1008.22,1008.22,0,0
1178.N,D,20151222,000000,989.33,989.33,989.33,989.33,0,0
1178.N,D,20151223,000000,1004.57,1004.57,1004.57,1004.57,0,0
1178.N,D,20151228,000000,1013.08,1013.08,1013.08,1013.08,0,0
1178.N,D,20151229,000000,1021.44,1021.44,1021.44,1021.44,0,0
1178.N,D,20151230,000000,1024.17,1024.17,1024.17,1024.17,0,0
1178.N,D,20160104,000000,991.65,991.65,991.65,991.65,0,0
1178.N,D,20160105,000000,988.69,988.69,988.69,988.69,0,0
1178.N,D,20160106,000000,982.66,982.66,982.66,982.66,0,0
1178.N,D,20160107,000000,952.67,952.67,952.67,952.67,0,0
1178.N,D,20160108,000000,967.98,967.98,967.98,967.98,0,0
1178.N,D,20160111,000000,950.51,950.51,950.51,950.51,0,0
1178.N,D,20160112,000000,956.46,956.46,956.46,956.46,0,0
1178.N,D,20160113,000000,966.05,966.05,966.05,966.05,0,0
1178.N,D,20160114,000000,936.83,936.83,936.83,936.83,0,0
1178.N,D,20160115,000000,932.3,932.3,932.3,932.3,0,0
1178.N,D,20160118,000000,919.37,919.37,919.37,919.37,0,0
1178.N,D,20160119,000000,936.35,936.35,936.35,936.35,0,0
1178.N,D,20160120,000000,910.99,910.99,910.99,910.99,0,0
1178.N,D,20160121,000000,913.13,913.13,913.13,913.13,0,0
1178.N,D,20160122,000000,940.34,940.34,940.34,940.34,0,0
1178.N,D,20160125,000000,948.67,948.67,948.67,948.67,0,0
1178.N,D,20160126,000000,936.28,936.28,936.28,936.28,0,0
1178.N,D,20160127,000000,947.95,947.95,947.95,947.95,0,0
1178.N,D,20160128,000000,955.55,955.55,955.55,955.55,0,0
1178.N,D,20160129,000000,952.54,952.54,952.54,952.54,0,0
1178.N,D,20160201,000000,957.07,957.07,957.07,957.07,0,0
1178.N,D,20160202,000000,948.39,948.39,948.39,948.39,0,0
1178.N,D,20160203,000000,938.87,938.87,938.87,938.87,0,0
1178.N,D,20160204,000000,932.09,932.09,932.09,932.09,0,0
1178.N,D,20160205,000000,922.81,922.81,922.81,922.81,0,0
1178.N,D,20160208,000000,883.77,883.77,883.77,883.77,0,0
1178.N,D,20160209,000000,872.46,872.46,872.46,872.46,0,0
1178.N,D,20160210,000000,885.97,885.97,885.97,885.97,0,0
1178.N,D,20160211,000000,861.33,861.33,861.33,861.33,0,0
1178.N,D,20160212,000000,866.29,866.29,866.29,866.29,0,0
1178.N,D,20160215,000000,901.46,901.46,901.46,901.46,0,0
1178.N,D,20160216,000000,902.4,902.4,902.4,902.4,0,0
1178.N,D,20160217,000000,915.51,915.51,915.51,915.51,0,0
1178.N,D,20160218,000000,922.35,922.35,922.35,922.35,0,0
1178.N,D,20160219,000000,925.89,925.89,925.89,925.89,0,0
1178.N,D,20160222,000000,934.18,934.18,934.18,934.18,0,0
1178.N,D,20160223,000000,926.49,926.49,926.49,926.49,0,0
1178.N,D,20160224,000000,908.77,908.77,908.77,908.77,0,0
1178.N,D,20160225,000000,910.07,910.07,910.07,910.07,0,0
1178.N,D,20160226,000000,932.78,932.78,932.78,932.78,0,0
1178.N,D,20160229,000000,918.31,918.31,918.31,918.31,0,0
1178.N,D,20160301,000000,938.13,938.13,938.13,938.13,0,0
1178.N,D,20160302,000000,946.15,946.15,946.15,946.15,0,0
1178.N,D,20160303,000000,941.39,941.39,941.39,941.39,0,0
1178.N,D,20160304,000000,938.89,938.89,938.89,938.89,0,0
1178.N,D,20160307,000000,942.42,942.42,942.42,942.42,0,0
1178.N,D,20160308,000000,936.02,936.02,936.02,936.02,0,0
1178.N,D,20160309,000000,945.82,945.82,945.82,945.82,0,0
1178.N,D,20160310,000000,945.76,945.76,945.76,945.76,0,0
1178.N,D,20160311,000000,943.12,943.12,943.12,943.12,0,0
1178.N,D,20160314,000000,955.56,955.56,955.56,955.56,0,0
1178.N,D,20160315,000000,951.01,951.01,951.01,951.01,0,0
1178.N,D,20160316,000000,946.33,946.33,946.33,946.33,0,0
1178.N,D,20160317,000000,934.84,934.84,934.84,934.84,0,0
1178.N,D,20160318,000000,943.11,943.11,943.11,943.11,0,0
1178.N,D,20160321,000000,949.13,949.13,949.13,949.13,0,0
1178.N,D,20160322,000000,939.33,939.33,939.33,939.33,0,0
1178.N,D,20160323,000000,952.69,952.69,952.69,952.69,0,0
1178.N,D,20160324,000000,942.33,942.33,942.33,942.33,0,0
1178.N,D,20160329,000000,949.16,949.16,949.16,949.16,0,0
1178.N,D,20160330,000000,956.97,956.97,956.97,956.97,0,0
1178.N,D,20160331,000000,955.69,955.69,955.69,955.69,0,0
1178.N,D,20160401,000000,941.25,941.25,941.25,941.25,0,0
1178.N,D,20160404,000000,949.28,949.28,949.28,949.28,0,0
1178.N,D,20160405,000000,941.49,941.49,941.49,941.49,0,0
1178.N,D,20160406,000000,940.41,940.41,940.41,940.41,0,0
1178.N,D,20160407,000000,950.18,950.18,950.18,950.18,0,0
1178.N,D,20160408,000000,944.21,944.21,944.21,944.21,0,0
1178.N,D,20160411,000000,949.8,949.8,949.8,949.8,0,0
1178.N,D,20160412,000000,943.09,943.09,943.09,943.09,0,0
1178.N,D,20160413,000000,963.31,963.31,963.31,963.31,0,0
1178.N,D,20160414,000000,968.78,968.78,968.78,968.78,0,0
1178.N,D,20160415,000000,969.23,969.23,969.23,969.23,0,0
1178.N,D,20160418,000000,967.27,967.27,967.27,967.27,0,0
1178.N,D,20160419,000000,988.77,988.77,988.77,988.77,0,0
1178.N,D,20160420,000000,983.5,983.5,983.5,983.5,0,0
1178.N,D,20160421,000000,984.32,984.32,984.32,984.32,0,0
1178.N,D,20160422,000000,976.92,976.92,976.92,976.92,0,0
1178.N,D,20160425,000000,975.12,975.12,975.12,975.12,0,0
1178.N,D,20160426,000000,975.46,975.46,975.46,975.46,0,0
1178.N,D,20160427,000000,974.36,974.36,974.36,974.36,0,0
1178.N,D,20160428,000000,962.81,962.81,962.81,962.81,0,0
1178.N,D,20160429,000000,967.82,967.82,967.82,967.82,0,0
1178.N,D,20160502,000000,958.76,958.76,958.76,958.76,0,0
1178.N,D,20160503,000000,950.79,950.79,950.79,950.79,0,0
1178.N,D,20160504,000000,946.01,946.01,946.01,946.01,0,0
1178.N,D,20160506,000000,940.59,940.59,940.59,940.59,0,0
1178.N,D,20160509,000000,954.57,954.57,954.57,954.57,0,0
1178.N,D,20160510,000000,961.85,961.85,961.85,961.85,0,0
1178.N,D,20160511,000000,953.92,953.92,953.92,953.92,0,0
1178.N,D,20160512,000000,953.6,953.6,953.6,953.6,0,0
1178.N,D,20160513,000000,944.46,944.46,944.46,944.46,0,0
1178.N,D,20160517,000000,963.98,963.98,963.98,963.98,0,0
1178.N,D,20160518,000000,957.32,957.32,957.32,957.32,0,0
1178.N,D,20160519,000000,959.23,959.23,959.23,959.23,0,0
1178.N,D,20160520,000000,969.52,969.52,969.52,969.52,0,0
1178.N,D,20160523,000000,975.61,975.61,975.61,975.61,0,0
1178.N,D,20160524,000000,975.91,975.91,975.91,975.91,0,0
1178.N,D,20160525,000000,998.46,998.46,998.46,998.46,0,0
1178.N,D,20160527,000000,998.87,998.87,998.87,998.87,0,0
1178.N,D,20160530,000000,1000.07,1000.07,1000.07,1000.07,0,0
1178.N,D,20160531,000000,1002.25,1002.25,1002.25,1002.25,0,0
1178.N,D,20160601,000000,996.11,996.11,996.11,996.11,0,0
1178.N,D,20160602,000000,991.95,991.95,991.95,991.95,0,0
1178.N,D,20160603,000000,997.11,997.11,997.11,997.11,0,0
1178.N,D,20160606,000000,985.26,985.26,985.26,985.26,0,0
1178.N,D,20160607,000000,998.45,998.45,998.45,998.45,0,0
1178.N,D,20160608,000000,990.55,990.55,990.55,990.55,0,0
1178.N,D,20160609,000000,983.47,983.47,983.47,983.47,0,0
1178.N,D,20160610,000000,970.7,970.7,970.7,970.7,0,0
1178.N,D,20160613,000000,947.38,947.38,947.38,947.38,0,0
1178.N,D,20160614,000000,929.46,929.46,929.46,929.46,0,0
1178.N,D,20160615,000000,936.63,936.63,936.63,936.63,0,0
1178.N,D,20160616,000000,926.33,926.33,926.33,926.33,0,0
1178.N,D,20160617,000000,937.41,937.41,937.41,937.41,0,0
1178.N,D,20160620,000000,963.51,963.51,963.51,963.51,0,0
1178.N,D,20160621,000000,970.04,970.04,970.04,970.04,0,0
1178.N,D,20160622,000000,973.98,973.98,973.98,973.98,0,0
1178.N,D,20160624,000000,938.34,938.34,938.34,938.34,0,0
1178.N,D,20160627,000000,927.8,927.8,927.8,927.8,0,0
1178.N,D,20160628,000000,923.77,923.77,923.77,923.77,0,0
1178.N,D,20160629,000000,939.71,939.71,939.71,939.71,0,0
1178.N,D,20160630,000000,954.89,954.89,954.89,954.89,0,0
1178.N,D,20160701,000000,965.12,965.12,965.12,965.12,0,0
1178.N,D,20160704,000000,966.11,966.11,966.11,966.11,0,0
1178.N,D,20160705,000000,951.33,951.33,951.33,951.33,0,0
1178.N,D,20160706,000000,939.51,939.51,939.51,939.51,0,0
1178.N,D,20160707,000000,949.43,949.43,949.43,949.43,0,0
1178.N,D,20160708,000000,946.51,946.51,946.51,946.51,0,0
1178.N,D,20160711,000000,961.13,961.13,961.13,961.13,0,0
1178.N,D,20160712,000000,979.49,979.49,979.49,979.49,0,0
1178.N,D,20160713,000000,978.87,978.87,978.87,978.87,0,0
1178.N,D,20160714,000000,983.77,983.77,983.77,983.77,0,0
1178.N,D,20160715,000000,976.21,976.21,976.21,976.21,0,0
1178.N,D,20160718,000000,984.02,984.02,984.02,984.02,0,0
1178.N,D,20160719,000000,978.4,978.4,978.4,978.4,0,0
1178.N,D,20160720,000000,994.62,994.62,994.62,994.62,0,0
1178.N,D,20160721,000000,994.46,994.46,994.46,994.46,0,0
1178.N,D,20160722,000000,989.86,989.86,989.86,989.86,0,0
1178.N,D,20160725,000000,1003.03,1003.03,1003.03,1003.03,0,0
1178.N,D,20160726,000000,999.91,999.91,999.91,999.91,0,0
1178.N,D,20160727,000000,1003.59,1003.59,1003.59,1003.59,0,0
1178.N,D,20160728,000000,1000.13,1000.13,1000.13,1000.13,0,0
1178.N,D,20160729,000000,997.44,997.44,997.44,997.44,0,0
1178.N,D,20160801,000000,1001.91,1001.91,1001.91,1001.91,0,0
1178.N,D,20160802,000000,987.57,987.57,987.57,987.57,0,0
1178.N,D,20160803,000000,984,984,984,984,0,0
1178.N,D,20160804,000000,985.89,985.89,985.89,985.89,0,0
1178.N,D,20160805,000000,989.5,989.5,989.5,989.5,0,0
1178.N,D,20160808,000000,993.4,993.4,993.4,993.4,0,0
1178.N,D,20160809,000000,992.49,992.49,992.49,992.49,0,0
1178.N,D,20160810,000000,1002.58,1002.58,1002.58,1002.58,0,0
1178.N,D,20160811,000000,1001.02,1001.02,1001.02,1001.02,0,0
1178.N,D,20160812,000000,1007.99,1007.99,1007.99,1007.99,0,0
1178.N,D,20160816,000000,1000.94,1000.94,1000.94,1000.94,0,0
1178.N,D,20160817,000000,993.96,993.96,993.96,993.96,0,0
1178.N,D,20160818,000000,995.98,995.98,995.98,995.98,0,0
1178.N,D,20160819,000000,991.85,991.85,991.85,991.85,0,0
1178.N,D,20160822,000000,999.86,999.86,999.86,999.86,0,0
1178.N,D,20160823,000000,999.66,999.66,999.66,999.66,0,0
1178.N,D,20160824,000000,1000.61,1000.61,1000.61,1000.61,0,0
1178.N,D,20160825,000000,988.68,988.68,988.68,988.68,0,0
1178.N,D,20160826,000000,989.19,989.19,989.19,989.19,0,0
1178.N,D,20160829,000000,991.26,991.26,991.26,991.26,0,0
1178.N,D,20160830,000000,996.33,996.33,996.33,996.33,0,0
1178.N,D,20160831,000000,995.43,995.43,995.43,995.43,0,0
1178.N,D,20160901,000000,995.59,995.59,995.59,995.59,0,0
1178.N,D,20160902,000000,991.43,991.43,991.43,991.43,0,0
1178.N,D,20160905,000000,1004.79,1004.79,1004.79,1004.79,0,0
1178.N,D,20160906,000000,1001.62,1001.62,1001.62,1001.62,0,0
1178.N,D,20160907,000000,1002.91,1002.91,1002.91,1002.91,0,0
1178.N,D,20160908,000000,1003.56,1003.56,1003.56,1003.56,0,0
1178.N,D,20160909,000000,991.86,991.86,991.86,991.86,0,0
1178.N,D,20160912,000000,967.89,967.89,967.89,967.89,0,0
1178.N,D,20160913,000000,983.43,983.43,983.43,983.43,0,0
1178.N,D,20160914,000000,979.82,979.82,979.82,979.82,0,0
1178.N,D,20160915,000000,978.01,978.01,978.01,978.01,0,0
1178.N,D,20160916,000000,982.5,982.5,982.5,982.5,0,0
1178.N,D,20160919,000000,986.24,986.24,986.24,986.24,0,0
1178.N,D,20160920,000000,992.82,992.82,992.82,992.82,0,0
1178.N,D,20160921,000000,996.32,996.32,996.32,996.32,0,0
1178.N,D,20160922,000000,1001.32,1001.32,1001.32,1001.32,0,0
1178.N,D,20160923,000000,1000.28,1000.28,1000.28,1000.28,0,0
1178.N,D,20160926,000000,987.45,987.45,987.45,987.45,0,0
1178.N,D,20160927,000000,987.34,987.34,987.34,987.34,0,0
1178.N,D,20160928,000000,995.62,995.62,995.62,995.62,0,0
1178.N,D,20160929,000000,995.94,995.94,995.94,995.94,0,0
1178.N,D,20160930,000000,981.38,981.38,981.38,981.38,0,0
1178.N,D,20161004,000000,991.93,991.93,991.93,991.93,0,0
1178.N,D,20161005,000000,986.16,986.16,986.16,986.16,0,0
1178.N,D,20161006,000000,984.66,984.66,984.66,984.66,0,0
1178.N,D,20161007,000000,973.53,973.53,973.53,973.53,0,0
1178.N,D,20161010,000000,967.81,967.81,967.81,967.81,0,0
1178.N,D,20161011,000000,975.36,975.36,975.36,975.36,0,0
1178.N,D,20161012,000000,971.74,971.74,971.74,971.74,0,0
1178.N,D,20161013,000000,964.31,964.31,964.31,964.31,0,0
1178.N,D,20161014,000000,973.23,973.23,973.23,973.23,0,0
1178.N,D,20161017,000000,966.46,966.46,966.46,966.46,0,0
1178.N,D,20161018,000000,973.86,973.86,973.86,973.86,0,0
1178.N,D,20161019,000000,976.71,976.71,976.71,976.71,0,0
1178.N,D,20161020,000000,977.81,977.81,977.81,977.81,0,0
1178.N,D,20161021,000000,983.98,983.98,983.98,983.98,0,0
1178.N,D,20161024,000000,983.42,983.42,983.42,983.42,0,0
1178.N,D,20161025,000000,982.44,982.44,982.44,982.44,0,0
1178.N,D,20161026,000000,964.91,964.91,964.91,964.91,0,0
1178.N,D,20161027,000000,965.18,965.18,965.18,965.18,0,0
1178.N,D,20161028,000000,951.08,951.08,951.08,951.08,0,0
1178.N,D,20161031,000000,946.28,946.28,946.28,946.28,0,0
1178.N,D,20161102,000000,930.93,930.93,930.93,930.93,0,0
1178.N,D,20161103,000000,927.97,927.97,927.97,927.97,0,0
1178.N,D,20161104,000000,920.27,920.27,920.27,920.27,0,0
1178.N,D,20161107,000000,928.21,928.21,928.21,928.21,0,0
1178.N,D,20161108,000000,934.5,934.5,934.5,934.5,0,0
1178.N,D,20161109,000000,931.92,931.92,931.92,931.92,0,0
1178.N,D,20161110,000000,953.1,953.1,953.1,953.1,0,0
1178.N,D,20161111,000000,936.96,936.96,936.96,936.96,0,0
1178.N,D,20161114,000000,941.58,941.58,941.58,941.58,0,0
1178.N,D,20161115,000000,932.95,932.95,932.95,932.95,0,0
1178.N,D,20161116,000000,937.22,937.22,937.22,937.22,0,0
1178.N,D,20161117,000000,940.23,940.23,940.23,940.23,0,0
1178.N,D,20161118,000000,949.09,949.09,949.09,949.09,0,0
1178.N,D,20161121,000000,946.02,946.02,946.02,946.02,0,0
1178.N,D,20161122,000000,948.14,948.14,948.14,948.14,0,0
1178.N,D,20161123,000000,947.68,947.68,947.68,947.68,0,0
1178.N,D,20161124,000000,951.06,951.06,951.06,951.06,0,0
1178.N,D,20161125,000000,952.98,952.98,952.98,952.98,0,0
1178.N,D,20161128,000000,952.48,952.48,952.48,952.48,0,0
1178.N,D,20161129,000000,954.67,954.67,954.67,954.67,0,0
1178.N,D,20161130,000000,960.38,960.38,960.38,960.38,0,0
1178.N,D,20161201,000000,948.61,948.61,948.61,948.61,0,0
1178.N,D,20161202,000000,936.38,936.38,936.38,936.38,0,0
1178.N,D,20161205,000000,956.27,956.27,956.27,956.27,0,0
1178.N,D,20161206,000000,948.26,948.26,948.26,948.26,0,0
1178.N,D,20161207,000000,952.69,952.69,952.69,952.69,0,0
1178.N,D,20161208,000000,949.89,949.89,949.89,949.89,0,0
1178.N,D,20161209,000000,962.76,962.76,962.76,962.76,0,0
1178.N,D,20161212,000000,962.85,962.85,962.85,962.85,0,0
1178.N,D,20161213,000000,968.17,968.17,968.17,968.17,0,0
1178.N,D,20161214,000000,969.56,969.56,969.56,969.56,0,0
1178.N,D,20161215,000000,970.73,970.73,970.73,970.73,0,0
1178.N,D,20161216,000000,975.39,975.39,975.39,975.39,0,0
1178.N,D,20161219,000000,981.21,981.21,981.21,981.21,0,0
1178.N,D,20161220,000000,986.52,986.52,986.52,986.52,0,0
1178.N,D,20161221,000000,986.34,986.34,986.34,986.34,0,0
1178.N,D,20161222,000000,982.89,982.89,982.89,982.89,0,0
1178.N,D,20161223,000000,985.31,985.31,985.31,985.31,0,0
1178.N,D,20161227,000000,988.6,988.6,988.6,988.6,0,0
1178.N,D,20161228,000000,988.92,988.92,988.92,988.92,0,0
1178.N,D,20161229,000000,991.28,991.28,991.28,991.28,0,0
1178.N,D,20161230,000000,987.3,987.3,987.3,987.3,0,0
1178.N,D,20170102,000000,995.41,995.41,995.41,995.41,0,0
1178.N,D,20170103,000000,1001.55,1001.55,1001.55,1001.55,0,0
1178.N,D,20170104,000000,996.4,996.4,996.4,996.4,0,0
1178.N,D,20170105,000000,996.43,996.43,996.43,996.43,0,0
1178.N,D,20170106,000000,993.35,993.35,993.35,993.35,0,0
1178.N,D,20170109,000000,994.23,994.23,994.23,994.23,0,0
1178.N,D,20170110,000000,994.09,994.09,994.09,994.09,0,0
1178.N,D,20170111,000000,995.22,995.22,995.22,995.22,0,0
1178.N,D,20170112,000000,992.5,992.5,992.5,992.5,0,0
1178.N,D,20170113,000000,999.42,999.42,999.42,999.42,0,0
1178.N,D,20170116,000000,1000.24,1000.24,1000.24,1000.24,0,0
1178.N,D,20170117,000000,993.8,993.8,993.8,993.8,0,0
1178.N,D,20170118,000000,995.07,995.07,995.07,995.07,0,0
1178.N,D,20170119,000000,994.81,994.81,994.81,994.81,0,0
1178.N,D,20170120,000000,995.32,995.32,995.32,995.32,0,0
1178.N,D,20170123,000000,993.7,993.7,993.7,993.7,0,0
1178.N,D,20170124,000000,994.89,994.89,994.89,994.89,0,0
1178.N,D,20170125,000000,1003.08,1003.08,1003.08,1003.08,0,0
1178.N,D,20170126,000000,1012.44,1012.44,1012.44,1012.44,0,0
1178.N,D,20170127,000000,1007.1,1007.1,1007.1,1007.1,0,0
1178.N,D,20170130,000000,1001.64,1001.64,1001.64,1001.64,0,0
1178.N,D,20170131,000000,1002.41,1002.41,1002.41,1002.41,0,0
1178.N,D,20170201,000000,1005.37,1005.37,1005.37,1005.37,0,0
1178.N,D,20170202,000000,1004.64,1004.64,1004.64,1004.64,0,0
1178.N,D,20170203,000000,1008.65,1008.65,1008.65,1008.65,0,0
1178.N,D,20170206,000000,1008.4,1008.4,1008.4,1008.4,0,0
1178.N,D,20170207,000000,1010.33,1010.33,1010.33,1010.33,0,0
1178.N,D,20170208,000000,1016.29,1016.29,1016.29,1016.29,0,0
1178.N,D,20170209,000000,1014.05,1014.05,1014.05,1014.05,0,0
1178.N,D,20170210,000000,1021.07,1021.07,1021.07,1021.07,0,0
1178.N,D,20170213,000000,1024.36,1024.36,1024.36,1024.36,0,0
1178.N,D,20170214,000000,1024.02,1024.02,1024.02,1024.02,0,0
1178.N,D,20170215,000000,1025.77,1025.77,1025.77,1025.77,0,0
1178.N,D,20170216,000000,1028.26,1028.26,1028.26,1028.26,0,0
1178.N,D,20170217,000000,1025.04,1025.04,1025.04,1025.04,0,0
1178.N,D,20170220,000000,1033.44,1033.44,1033.44,1033.44,0,0
1178.N,D,20170221,000000,1037.06,1037.06,1037.06,1037.06,0,0
1178.N,D,20170222,000000,1045.38,1045.38,1045.38,1045.38,0,0
1178.N,D,20170223,000000,1044.83,1044.83,1044.83,1044.83,0,0
1178.N,D,20170224,000000,1043.31,1043.31,1043.31,1043.31,0,0
1178.N,D,20170227,000000,1034.63,1034.63,1034.63,1034.63,0,0
1178.N,D,20170228,000000,1032.53,1032.53,1032.53,1032.53,0,0
1178.N,D,20170301,000000,1041.19,1041.19,1041.19,1041.19,0,0
1178.N,D,20170302,000000,1042.85,1042.85,1042.85,1042.85,0,0
1178.N,D,20170303,000000,1040.52,1040.52,1040.52,1040.52,0,0
1178.N,D,20170306,000000,1037.89,1037.89,1037.89,1037.89,0,0
1178.N,D,20170307,000000,1037.02,1037.02,1037.02,1037.02,0,0
1178.N,D,20170308,000000,1033.55,1033.55,1033.55,1033.55,0,0
1178.N,D,20170309,000000,1030.38,1030.38,1030.38,1030.38,0,0
1178.N,D,20170310,000000,1036.03,1036.03,1036.03,1036.03,0,0
1178.N,D,20170313,000000,1035.27,1035.27,1035.27,1035.27,0,0
1178.N,D,20170314,000000,1040.35,1040.35,1040.35,1040.35,0,0
1178.N,D,20170315,000000,1043.12,1043.12,1043.12,1043.12,0,0
1178.N,D,20170316,000000,1051.32,1051.32,1051.32,1051.32,0,0
1178.N,D,20170317,000000,1054.02,1054.02,1054.02,1054.02,0,0
1178.N,D,20170320,000000,1056.68,1056.68,1056.68,1056.68,0,0
1178.N,D,20170321,000000,1057.61,1057.61,1057.61,1057.61,0,0
1178.N,D,20170322,000000,1043.78,1043.78,1043.78,1043.78,0,0
1178.N,D,20170323,000000,1046.55,1046.55,1046.55,1046.55,0,0
1178.N,D,20170324,000000,1051.4,1051.4,1051.4,1051.4,0,0
1178.N,D,20170327,000000,1051.82,1051.82,1051.82,1051.82,0,0
1178.N,D,20170328,000000,1057.17,1057.17,1057.17,1057.17,0,0
1178.N,D,20170329,000000,1058.07,1058.07,1058.07,1058.07,0,0
1178.N,D,20170330,000000,1062.67,1062.67,1062.67,1062.67,0,0
1178.N,D,20170331,000000,1065.05,1065.05,1065.05,1065.05,0,0
1178.N,D,20170403,000000,1073.28,1073.28,1073.28,1073.28,0,0
1178.N,D,20170404,000000,1068.56,1068.56,1068.56,1068.56,0,0
1178.N,D,20170405,000000,1070.51,1070.51,1070.51,1070.51,0,0
1178.N,D,20170406,000000,1068.64,1068.64,1068.64,1068.64,0,0
1178.N,D,20170407,000000,1067.36,1067.36,1067.36,1067.36,0,0
1178.N,D,20170410,000000,1074.83,1074.83,1074.83,1074.83,0,0
1178.N,D,20170411,000000,1076.12,1076.12,1076.12,1076.12,0,0
1178.N,D,20170412,000000,1082.61,1082.61,1082.61,1082.61,0,0
1178.N,D,20170413,000000,1079.95,1079.95,1079.95,1079.95,0,0
1178.N,D,20170418,000000,1077.86,1077.86,1077.86,1077.86,0,0
1178.N,D,20170419,000000,1075.09,1075.09,1075.09,1075.09,0,0
1178.N,D,20170420,000000,1075.7,1075.7,1075.7,1075.7,0,0
1178.N,D,20170421,000000,1073.84,1073.84,1073.84,1073.84,0,0
1178.N,D,20170424,000000,1091.32,1091.32,1091.32,1091.32,0,0
1178.N,D,20170425,000000,1097.83,1097.83,1097.83,1097.83,0,0
1178.N,D,20170426,000000,1097.43,1097.43,1097.43,1097.43,0,0
1178.N,D,20170427,000000,1097.01,1097.01,1097.01,1097.01,0,0
1178.N,D,20170428,000000,1101.53,1101.53,1101.53,1101.53,0,0
1178.N,D,20170502,000000,1103.87,1103.87,1103.87,1103.87,0,0
1178.N,D,20170503,000000,1114.9,1114.9,1114.9,1114.9,0,0
1178.N,D,20170504,000000,1118.27,1118.27,1118.27,1118.27,0,0
1178.N,D,20170505,000000,1120.77,1120.77,1120.77,1120.77,0,0
1178.N,D,20170508,000000,1121.89,1121.89,1121.89,1121.89,0,0
1178.N,D,20170509,000000,1127.24,1127.24,1127.24,1127.24,0,0
1178.N,D,20170510,000000,1127.79,1127.79,1127.79,1127.79,0,0
1178.N,D,20170511,000000,1128.61,1128.61,1128.61,1128.61,0,0
1178.N,D,20170512,000000,1123.36,1123.36,1123.36,1123.36,0,0
1178.N,D,20170515,000000,1126.22,1126.22,1126.22,1126.22,0,0
1178.N,D,20170516,000000,1122.52,1122.52,1122.52,1122.52,0,0
1178.N,D,20170517,000000,1124.61,1124.61,1124.61,1124.61,0,0
1178.N,D,20170518,000000,1111.14,1111.14,1111.14,1111.14,0,0
1178.N,D,20170519,000000,1116.07,1116.07,1116.07,1116.07,0,0
1178.N,D,20170522,000000,1117.63,1117.63,1117.63,1117.63,0,0
1178.N,D,20170523,000000,1114.92,1114.92,1114.92,1114.92,0,0
1178.N,D,20170524,000000,1119.94,1119.94,1119.94,1119.94,0,0
1178.N,D,20170526,000000,1119.47,1119.47,1119.47,1119.47,0,0
1178.N,D,20170530,000000,1119.39,1119.39,1119.39,1119.39,0,0
1178.N,D,20170531,000000,1123.74,1123.74,1123.74,1123.74,0,0
1178.N,D,20170601,000000,1126.6,1126.6,1126.6,1126.6,0,0
1178.N,D,20170602,000000,1133.83,1133.83,1133.83,1133.83,0,0
1178.N,D,20170606,000000,1129.25,1129.25,1129.25,1129.25,0,0
1178.N,D,20170607,000000,1124.79,1124.79,1124.79,1124.79,0,0
1178.N,D,20170608,000000,1124.61,1124.61,1124.61,1124.61,0,0
1178.N,D,20170609,000000,1121.29,1121.29,1121.29,1121.29,0,0
1178.N,D,20170612,000000,1108.02,1108.02,1108.02,1108.02,0,0
1178.N,D,20170613,000000,1113.46,1113.46,1113.46,1113.46,0,0
1178.N,D,20170614,000000,1123.45,1123.45,1123.45,1123.45,0,0
1178.N,D,20170616,000000,1118.04,1118.04,1118.04,1118.04,0,0
1178.N,D,20170619,000000,1132.63,1132.63,1132.63,1132.63,0,0
1178.N,D,20170620,000000,1136.38,1136.38,1136.38,1136.38,0,0
1178.N,D,20170621,000000,1122.28,1122.28,1122.28,1122.28,0,0
1178.N,D,20170622,000000,1122.72,1122.72,1122.72,1122.72,0,0
1178.N,D,20170626,000000,1130.43,1130.43,1130.43,1130.43,0,0
1178.N,D,20170627,000000,1116.06,1116.06,1116.06,1116.06,0,0
1178.N,D,20170628,000000,1103.69,1103.69,1103.69,1103.69,0,0
1178.N,D,20170629,000000,1103.12,1103.12,1103.12,1103.12,0,0
1178.N,D,20170630,000000,1091.7,1091.7,1091.7,1091.7,0,0
1178.N,D,20170703,000000,1091.25,1091.25,1091.25,1091.25,0,0
1178.N,D,20170704,000000,1089.25,1089.25,1089.25,1089.25,0,0
1178.N,D,20170705,000000,1088.21,1088.21,1088.21,1088.21,0,0
1178.N,D,20170706,000000,1088.97,1088.97,1088.97,1088.97,0,0
1178.N,D,20170707,000000,1077.25,1077.25,1077.25,1077.25,0,0
1178.N,D,20170710,000000,1086.64,1086.64,1086.64,1086.64,0,0
1178.N,D,20170711,000000,1079.57,1079.57,1079.57,1079.57,0,0
1178.N,D,20170712,000000,1082.36,1082.36,1082.36,1082.36,0,0
1178.N,D,20170713,000000,1099.75,1099.75,1099.75,1099.75,0,0
1178.N,D,20170714,000000,1098.35,1098.35,1098.35,1098.35,0,0
1178.N,D,20170717,000000,1101.01,1101.01,1101.01,1101.01,0,0
1178.N,D,20170718,000000,1097.03,1097.03,1097.03,1097.03,0,0
1178.N,D,20170719,000000,1092.75,1092.75,1092.75,1092.75,0,0
1178.N,D,20170720,000000,1101.88,1101.88,1101.88,1101.88,0,0
1178.N,D,20170721,000000,1097.33,1097.33,1097.33,1097.33,0,0
1178.N,D,20170724,000000,1080.42,1080.42,1080.42,1080.42,0,0
1178.N,D,20170725,000000,1077.71,1077.71,1077.71,1077.71,0,0
1178.N,D,20170726,000000,1083.57,1083.57,1083.57,1083.57,0,0
1178.N,D,20170727,000000,1086.17,1086.17,1086.17,1086.17,0,0
1178.N,D,20170728,000000,1073.34,1073.34,1073.34,1073.34,0,0
1178.N,D,20170731,000000,1070.19,1070.19,1070.19,1070.19,0,0
1178.N,D,20170801,000000,1071.84,1071.84,1071.84,1071.84,0,0
1178.N,D,20170802,000000,1075.54,1075.54,1075.54,1075.54,0,0
1178.N,D,20170803,000000,1071.89,1071.89,1071.89,1071.89,0,0
1178.N,D,20170804,000000,1072.49,1072.49,1072.49,1072.49,0,0
1178.N,D,20170807,000000,1080.05,1080.05,1080.05,1080.05,0,0
1178.N,D,20170808,000000,1077.26,1077.26,1077.26,1077.26,0,0
1178.N,D,20170809,000000,1075.95,1075.95,1075.95,1075.95,0,0
1178.N,D,20170810,000000,1072.56,1072.56,1072.56,1072.56,0,0
1178.N,D,20170811,000000,1057.13,1057.13,1057.13,1057.13,0,0
1178.N,D,20170814,000000,1067.45,1067.45,1067.45,1067.45,0,0
1178.N,D,20170816,000000,1081.29,1081.29,1081.29,1081.29,0,0
1178.N,D,20170817,000000,1078.05,1078.05,1078.05,1078.05,0,0
1178.N,D,20170818,000000,1062.6,1062.6,1062.6,1062.6,0,0
1178.N,D,20170821,000000,1063.63,1063.63,1063.63,1063.63,0,0
1178.N,D,20170822,000000,1068.07,1068.07,1068.07,1068.07,0,0
1178.N,D,20170823,000000,1069.87,1069.87,1069.87,1069.87,0,0
1178.N,D,20170824,000000,1073.61,1073.61,1073.61,1073.61,0,0
1178.N,D,20170825,000000,1074.39,1074.39,1074.39,1074.39,0,0
1178.N,D,20170828,000000,1065.96,1065.96,1065.96,1065.96,0,0
1178.N,D,20170829,000000,1050.46,1050.46,1050.46,1050.46,0,0
1178.N,D,20170830,000000,1060.51,1060.51,1060.51,1060.51,0,0
1178.N,D,20170831,000000,1068.93,1068.93,1068.93,1068.93,0,0
1178.N,D,20170901,000000,1079.35,1079.35,1079.35,1079.35,0,0
1178.N,D,20170904,000000,1074.46,1074.46,1074.46,1074.46,0,0
1178.N,D,20170905,000000,1077.4,1077.4,1077.4,1077.4,0,0
1178.N,D,20170906,000000,1069.47,1069.47,1069.47,1069.47,0,0
1178.N,D,20170907,000000,1075.36,1075.36,1075.36,1075.36,0,0
1178.N,D,20170908,000000,1078.03,1078.03,1078.03,1078.03,0,0
1178.N,D,20170911,000000,1093,1093,1093,1093,0,0
1178.N,D,20170912,000000,1099.79,1099.79,1099.79,1099.79,0,0
1178.N,D,20170913,000000,1092.69,1092.69,1092.69,1092.69,0,0
1178.N,D,20170914,000000,1095.65,1095.65,1095.65,1095.65,0,0
1178.N,D,20170915,000000,1094.12,1094.12,1094.12,1094.12,0,0
1178.N,D,20170918,000000,1097.36,1097.36,1097.36,1097.36,0,0
1178.N,D,20170919,000000,1094.75,1094.75,1094.75,1094.75,0,0
1178.N,D,20170920,000000,1095.98,1095.98,1095.98,1095.98,0,0
1178.N,D,20170921,000000,1091.42,1091.42,1091.42,1091.42,0,0
1178.N,D,20170922,000000,1093.92,1093.92,1093.92,1093.92,0,0
1178.N,D,20170925,000000,1095.79,1095.79,1095.79,1095.79,0,0
1178.N,D,20170926,000000,1092.83,1092.83,1092.83,1092.83,0,0
1178.N,D,20170927,000000,1094.59,1094.59,1094.59,1094.59,0,0
1178.N,D,20170928,000000,1100.39,1100.39,1100.39,1100.39,0,0
1178.N,D,20170929,000000,1103.9,1103.9,1103.9,1103.9,0,0
1178.N,D,20171002,000000,1111.14,1111.14,1111.14,1111.14,0,0
1178.N,D,20171004,000000,1116,1116,1116,1116,0,0
1178.N,D,20171005,000000,1112.4,1112.4,1112.4,1112.4,0,0
1178.N,D,20171006,000000,1113.69,1113.69,1113.69,1113.69,0,0
1178.N,D,20171009,000000,1112.63,1112.63,1112.63,1112.63,0,0
1178.N,D,20171010,000000,1114.22,1114.22,1114.22,1114.22,0,0
1178.N,D,20171011,000000,1116.85,1116.85,1116.85,1116.85,0,0
1178.N,D,20171012,000000,1117.96,1117.96,1117.96,1117.96,0,0
1178.N,D,20171013,000000,1121.48,1121.48,1121.48,1121.48,0,0
1178.N,D,20171016,000000,1122.43,1122.43,1122.43,1122.43,0,0
1178.N,D,20171017,000000,1122.25,1122.25,1122.25,1122.25,0,0
1178.N,D,20171018,000000,1124.63,1124.63,1124.63,1124.63,0,0
1178.N,D,20171019,000000,1115.04,1115.04,1115.04,1115.04,0,0
1178.N,D,20171020,000000,1112.54,1112.54,1112.54,1112.54,0,0
1178.N,D,20171023,000000,1117.92,1117.92,1117.92,1117.92,0,0
1178.N,D,20171024,000000,1116.84,1116.84,1116.84,1116.84,0,0
1178.N,D,20171025,000000,1109.51,1109.51,1109.51,1109.51,0,0
1178.N,D,20171026,000000,1111.6,1111.6,1111.6,1111.6,0,0
1178.N,D,20171027,000000,1133.4,1133.4,1133.4,1133.4,0,0
1178.N,D,20171030,000000,1136.84,1136.84,1136.84,1136.84,0,0
1178.N,D,20171102,000000,1143.99,1143.99,1143.99,1143.99,0,0
1178.N,D,20171103,000000,1138.49,1138.49,1138.49,1138.49,0,0
1178.N,D,20171106,000000,1141.84,1141.84,1141.84,1141.84,0,0
1178.N,D,20171107,000000,1144.07,1144.07,1144.07,1144.07,0,0
1178.N,D,20171108,000000,1137.75,1137.75,1137.75,1137.75,0,0
1178.N,D,20171109,000000,1132.74,1132.74,1132.74,1132.74,0,0
1178.N,D,20171110,000000,1116.48,1116.48,1116.48,1116.48,0,0
1178.N,D,20171113,000000,1114.52,1114.52,1114.52,1114.52,0,0
1178.N,D,20171114,000000,1113.61,1113.61,1113.61,1113.61,0,0
1178.N,D,20171115,000000,1099.69,1099.69,1099.69,1099.69,0,0
1178.N,D,20171116,000000,1112.75,1112.75,1112.75,1112.75,0,0
1178.N,D,20171117,000000,1116.93,1116.93,1116.93,1116.93,0,0
1178.N,D,20171120,000000,1115.95,1115.95,1115.95,1115.95,0,0
1178.N,D,20171121,000000,1125.14,1125.14,1125.14,1125.14,0,0
1178.N,D,20171122,000000,1131.7,1131.7,1131.7,1131.7,0,0
1178.N,D,20171123,000000,1124.49,1124.49,1124.49,1124.49,0,0
1178.N,D,20171124,000000,1123.47,1123.47,1123.47,1123.47,0,0
1178.N,D,20171127,000000,1124.87,1124.87,1124.87,1124.87,0,0
1178.N,D,20171128,000000,1123.37,1123.37,1123.37,1123.37,0,0
1178.N,D,20171129,000000,1126.62,1126.62,1126.62,1126.62,0,0
1178.N,D,20171130,000000,1116.21,1116.21,1116.21,1116.21,0,0
1178.N,D,20171201,000000,1106.1,1106.1,1106.1,1106.1,0,0
1178.N,D,20171204,000000,1110.32,1110.32,1110.32,1110.32,0,0
1178.N,D,20171205,000000,1106.75,1106.75,1106.75,1106.75,0,0
1178.N,D,20171206,000000,1105.69,1105.69,1105.69,1105.69,0,0
1178.N,D,20171207,000000,1116.8,1116.8,1116.8,1116.8,0,0
1178.N,D,20171208,000000,1120.17,1120.17,1120.17,1120.17,0,0
1178.N,D,20171211,000000,1118.08,1118.08,1118.08,1118.08,0,0
1178.N,D,20171212,000000,1122.14,1122.14,1122.14,1122.14,0,0
1178.N,D,20171213,000000,1125.39,1125.39,1125.39,1125.39,0,0
1178.N,D,20171214,000000,1122.64,1122.64,1122.64,1122.64,0,0
1178.N,D,20171215,000000,1116.57,1116.57,1116.57,1116.57,0,0
1178.N,D,20171218,000000,1127.57,1127.57,1127.57,1127.57,0,0
1178.N,D,20171219,000000,1132.07,1132.07,1132.07,1132.07,0,0
1178.N,D,20171220,000000,1127.38,1127.38,1127.38,1127.38,0,0
1178.N,D,20171221,000000,1119.47,1119.47,1119.47,1119.47,0,0
1178.N,D,20171222,000000,1127.68,1127.68,1127.68,1127.68,0,0
1178.N,D,20171227,000000,1123.24,1123.24,1123.24,1123.24,0,0
1178.N,D,20171228,000000,1124.56,1124.56,1124.56,1124.56,0,0
1178.N,D,20171229,000000,1124.03,1124.03,1124.03,1124.03,0,0
1178.N,D,20180102,000000,1116.72,1116.72,1116.72,1116.72,0,0
1178.N,D,20180103,000000,1122.39,1122.39,1122.39,1122.39,0,0
1178.N,D,20180104,000000,1127.89,1127.89,1127.89,1127.89,0,0
1178.N,D,20180105,000000,1139.29,1139.29,1139.29,1139.29,0,0
1178.N,D,20180108,000000,1147.85,1147.85,1147.85,1147.85,0,0
1178.N,D,20180109,000000,1150.83,1150.83,1150.83,1150.83,0,0
1178.N,D,20180110,000000,1147.02,1147.02,1147.02,1147.02,0,0
1178.N,D,20180111,000000,1144.02,1144.02,1144.02,1144.02,0,0
1178.N,D,20180112,000000,1135.48,1135.48,1135.48,1135.48,0,0
1178.N,D,20180115,000000,1138.84,1138.84,1138.84,1138.84,0,0
1178.N,D,20180116,000000,1142.16,1142.16,1142.16,1142.16,0,0
1178.N,D,20180117,000000,1138.7,1138.7,1138.7,1138.7,0,0
1178.N,D,20180118,000000,1144.01,1144.01,1144.01,1144.01,0,0
1178.N,D,20180119,000000,1156.11,1156.11,1156.11,1156.11,0,0
1178.N,D,20180122,000000,1158.19,1158.19,1158.19,1158.19,0,0
1178.N,D,20180123,000000,1163.47,1163.47,1163.47,1163.47,0,0
1178.N,D,20180124,000000,1158.49,1158.49,1158.49,1158.49,0,0
1178.N,D,20180125,000000,1150.32,1150.32,1150.32,1150.32,0,0
1178.N,D,20180126,000000,1146.67,1146.67,1146.67,1146.67,0,0
1178.N,D,20180129,000000,1145.14,1145.14,1145.14,1145.14,0,0
1178.N,D,20180130,000000,1147.23,1147.23,1147.23,1147.23,0,0
1178.N,D,20180131,000000,1143.47,1143.47,1143.47,1143.47,0,0
1178.N,D,20180201,000000,1137.71,1137.71,1137.71,1137.71,0,0
1178.N,D,20180202,000000,1118.45,1118.45,1118.45,1118.45,0,0
1178.N,D,20180205,000000,1096.27,1096.27,1096.27,1096.27,0,0
1178.N,D,20180206,000000,1075.24,1075.24,1075.24,1075.24,0,0
1178.N,D,20180207,000000,1080.36,1080.36,1080.36,1080.36,0,0
1178.N,D,20180208,000000,1083.76,1083.76,1083.76,1083.76,0,0
1178.N,D,20180209,000000,1066.4,1066.4,1066.4,1066.4,0,0
1178.N,D,20180212,000000,1076.79,1076.79,1076.79,1076.79,0,0
1178.N,D,20180213,000000,1071.64,1071.64,1071.64,1071.64,0,0
1178.N,D,20180214,000000,1074.92,1074.92,1074.92,1074.92,0,0
1178.N,D,20180215,000000,1083.51,1083.51,1083.51,1083.51,0,0
1178.N,D,20180216,000000,1093.57,1093.57,1093.57,1093.57,0,0
1178.N,D,20180219,000000,1088.5,1088.5,1088.5,1088.5,0,0
1178.N,D,20180220,000000,1079.43,1079.43,1079.43,1079.43,0,0
1178.N,D,20180221,000000,1081.24,1081.24,1081.24,1081.24,0,0
1178.N,D,20180222,000000,1077.5,1077.5,1077.5,1077.5,0,0
1178.N,D,20180223,000000,1080.15,1080.15,1080.15,1080.15,0,0
1178.N,D,20180226,000000,1090.06,1090.06,1090.06,1090.06,0,0
1178.N,D,20180227,000000,1088.13,1088.13,1088.13,1088.13,0,0
1178.N,D,20180228,000000,1088.28,1088.28,1088.28,1088.28,0,0
1178.N,D,20180301,000000,1070.39,1070.39,1070.39,1070.39,0,0
1178.N,D,20180302,000000,1049.94,1049.94,1049.94,1049.94,0,0
1178.N,D,20180305,000000,1050.5,1050.5,1050.5,1050.5,0,0
1178.N,D,20180306,000000,1064.31,1064.31,1064.31,1064.31,0,0
1178.N,D,20180307,000000,1059.24,1059.24,1059.24,1059.24,0,0
1178.N,D,20180309,000000,1083.64,1083.64,1083.64,1083.64,0,0
1178.N,D,20180312,000000,1091.99,1091.99,1091.99,1091.99,0,0
1178.N,D,20180313,000000,1091.65,1091.65,1091.65,1091.65,0,0
1178.N,D,20180314,000000,1083.35,1083.35,1083.35,1083.35,0,0
1178.N,D,20180315,000000,1084.99,1084.99,1084.99,1084.99,0,0
1178.N,D,20180316,000000,1088.5,1088.5,1088.5,1088.5,0,0
1178.N,D,20180319,000000,1083.41,1083.41,1083.41,1083.41,0,0
1178.N,D,20180320,000000,1077.97,1077.97,1077.97,1077.97,0,0
1178.N,D,20180321,000000,1084.19,1084.19,1084.19,1084.19,0,0
1178.N,D,20180322,000000,1077.3,1077.3,1077.3,1077.3,0,0
1178.N,D,20180323,000000,1050.7,1050.7,1050.7,1050.7,0,0
1178.N,D,20180326,000000,1060.92,1060.92,1060.92,1060.92,0,0
1178.N,D,20180327,000000,1062.31,1062.31,1062.31,1062.31,0,0
1178.N,D,20180328,000000,1047.77,1047.77,1047.77,1047.77,0,0
1178.N,D,20180329,000000,1067.79,1067.79,1067.79,1067.79,0,0
1178.N,D,20180403,000000,1058.21,1058.21,1058.21,1058.21,0,0
1178.N,D,20180404,000000,1056.26,1056.26,1056.26,1056.26,0,0
1178.N,D,20180405,000000,1073.25,1073.25,1073.25,1073.25,0,0
1178.N,D,20180406,000000,1077.98,1077.98,1077.98,1077.98,0,0
1178.N,D,20180409,000000,1087.71,1087.71,1087.71,1087.71,0,0
1178.N,D,20180410,000000,1091.49,1091.49,1091.49,1091.49,0,0
1178.N,D,20180411,000000,1088.08,1088.08,1088.08,1088.08,0,0
1178.N,D,20180412,000000,1081.65,1081.65,1081.65,1081.65,0,0
1178.N,D,20180413,000000,1091.7,1091.7,1091.7,1091.7,0,0
1178.N,D,20180416,000000,1094.22,1094.22,1094.22,1094.22,0,0
1178.N,D,20180417,000000,1091.08,1091.08,1091.08,1091.08,0,0
1178.N,D,20180418,000000,1098.21,1098.21,1098.21,1098.21,0,0
1178.N,D,20180419,000000,1094.98,1094.98,1094.98,1094.98,0,0
1178.N,D,20180420,000000,1084.8,1084.8,1084.8,1084.8,0,0
1178.N,D,20180423,000000,1082.87,1082.87,1082.87,1082.87,0,0
1178.N,D,20180424,000000,1093.33,1093.33,1093.33,1093.33,0,0
1178.N,D,20180425,000000,1079.58,1079.58,1079.58,1079.58,0,0
1178.N,D,20180426,000000,1084.82,1084.82,1084.82,1084.82,0,0
1178.N,D,20180427,000000,1098.62,1098.62,1098.62,1098.62,0,0
1178.N,D,20180430,000000,1098,1098,1098,1098,0,0
1178.N,D,20180502,000000,1110.05,1110.05,1110.05,1110.05,0,0
1178.N,D,20180503,000000,1110.2,1110.2,1110.2,1110.2,0,0
1178.N,D,20180504,000000,1113.61,1113.61,1113.61,1113.61,0,0
1178.N,D,20180507,000000,1119.01,1119.01,1119.01,1119.01,0,0
1178.N,D,20180508,000000,1126.89,1126.89,1126.89,1126.89,0,0
1178.N,D,20180509,000000,1134.36,1134.36,1134.36,1134.36,0,0
1178.N,D,20180511,000000,1137.29,1137.29,1137.29,1137.29,0,0
1178.N,D,20180514,000000,1139.75,1139.75,1139.75,1139.75,0,0
1178.N,D,20180515,000000,1141.69,1141.69,1141.69,1141.69,0,0
1178.N,D,20180516,000000,1140.33,1140.33,1140.33,1140.33,0,0
1178.N,D,20180517,000000,1147.27,1147.27,1147.27,1147.27,0,0
1178.N,D,20180518,000000,1151.36,1151.36,1151.36,1151.36,0,0
1178.N,D,20180522,000000,1158.6,1158.6,1158.6,1158.6,0,0
1178.N,D,20180523,000000,1149.88,1149.88,1149.88,1149.88,0,0
1178.N,D,20180524,000000,1157.86,1157.86,1157.86,1157.86,0,0
1178.N,D,20180525,000000,1158.51,1158.51,1158.51,1158.51,0,0
1178.N,D,20180528,000000,1160.51,1160.51,1160.51,1160.51,0,0
1178.N,D,20180529,000000,1143.99,1143.99,1143.99,1143.99,0,0
1178.N,D,20180530,000000,1140.96,1140.96,1140.96,1140.96,0,0
1178.N,D,20180601,000000,1146.77,1146.77,1146.77,1146.77,0,0
1178.N,D,20180604,000000,1151.83,1151.83,1151.83,1151.83,0,0
1178.N,D,20180605,000000,1158.36,1158.36,1158.36,1158.36,0,0
1178.N,D,20180606,000000,1161.99,1161.99,1161.99,1161.99,0,0
1178.N,D,20180607,000000,1155.98,1155.98,1155.98,1155.98,0,0
1178.N,D,20180608,000000,1141.21,1141.21,1141.21,1141.21,0,0
1178.N,D,20180611,000000,1157.32,1157.32,1157.32,1157.32,0,0
1178.N,D,20180612,000000,1161.52,1161.52,1161.52,1161.52,0,0
1178.N,D,20180613,000000,1166.12,1166.12,1166.12,1166.12,0,0
1178.N,D,20180614,000000,1160.08,1160.08,1160.08,1160.08,0,0
1178.N,D,20180615,000000,1180.96,1180.96,1180.96,1180.96,0,0
1178.N,D,20180618,000000,1164.85,1164.85,1164.85,1164.85,0,0
1178.N,D,20180619,000000,1149.65,1149.65,1149.65,1149.65,0,0
1178.N,D,20180620,000000,1158.72,1158.72,1158.72,1158.72,0,0
1178.N,D,20180621,000000,1163.36,1163.36,1163.36,1163.36,0,0
1178.N,D,20180622,000000,1154.43,1154.43,1154.43,1154.43,0,0
1178.N,D,20180625,000000,1147.06,1147.06,1147.06,1147.06,0,0
1178.N,D,20180626,000000,1136.74,1136.74,1136.74,1136.74,0,0
1178.N,D,20180627,000000,1128.17,1128.17,1128.17,1128.17,0,0
1178.N,D,20180628,000000,1134.64,1134.64,1134.64,1134.64,0,0
1178.N,D,20180629,000000,1142.05,1142.05,1142.05,1142.05,0,0
1178.N,D,20180702,000000,1131.96,1131.96,1131.96,1131.96,0,0
1178.N,D,20180703,000000,1137.6,1137.6,1137.6,1137.6,0,0
1178.N,D,20180704,000000,1134.85,1134.85,1134.85,1134.85,0,0
1178.N,D,20180705,000000,1136.36,1136.36,1136.36,1136.36,0,0
1178.N,D,20180706,000000,1135.33,1135.33,1135.33,1135.33,0,0
1178.N,D,20180709,000000,1143.7,1143.7,1143.7,1143.7,0,0
1178.N,D,20180710,000000,1148.95,1148.95,1148.95,1148.95,0,0
1178.N,D,20180711,000000,1143.1,1143.1,1143.1,1143.1,0,0
1178.N,D,20180712,000000,1141.64,1141.64,1141.64,1141.64,0,0
1178.N,D,20180713,000000,1156.2,1156.2,1156.2,1156.2,0,0
1178.N,D,20180716,000000,1154.09,1154.09,1154.09,1154.09,0,0
1178.N,D,20180717,000000,1153.96,1153.96,1153.96,1153.96,0,0
1178.N,D,20180718,000000,1166.58,1166.58,1166.58,1166.58,0,0
1178.N,D,20180719,000000,1162.51,1162.51,1162.51,1162.51,0,0
1178.N,D,20180720,000000,1167.06,1167.06,1167.06,1167.06,0,0
1178.N,D,20180723,000000,1157.38,1157.38,1157.38,1157.38,0,0
1178.N,D,20180724,000000,1165.17,1165.17,1165.17,1165.17,0,0
1178.N,D,20180725,000000,1161.98,1161.98,1161.98,1161.98,0,0
1178.N,D,20180726,000000,1165.73,1165.73,1165.73,1165.73,0,0
1178.N,D,20180727,000000,1168.85,1168.85,1168.85,1168.85,0,0
1178.N,D,20180730,000000,1171.73,1171.73,1171.73,1171.73,0,0
1178.N,D,20180731,000000,1166.31,1166.31,1166.31,1166.31,0,0
1178.N,D,20180801,000000,1164.04,1164.04,1164.04,1164.04,0,0
1178.N,D,20180802,000000,1158.54,1158.54,1158.54,1158.54,0,0
1178.N,D,20180803,000000,1164.26,1164.26,1164.26,1164.26,0,0
1178.N,D,20180806,000000,1163.28,1163.28,1163.28,1163.28,0,0
1178.N,D,20180807,000000,1167.64,1167.64,1167.64,1167.64,0,0
1178.N,D,20180808,000000,1159.3,1159.3,1159.3,1159.3,0,0
1178.N,D,20180809,000000,1156.97,1156.97,1156.97,1156.97,0,0
1178.N,D,20180810,000000,1153.18,1153.18,1153.18,1153.18,0,0
1178.N,D,20180813,000000,1151.34,1151.34,1151.34,1151.34,0,0
1178.N,D,20180814,000000,1162.14,1162.14,1162.14,1162.14,0,0
1178.N,D,20180816,000000,1149.3,1149.3,1149.3,1149.3,0,0
1178.N,D,20180817,000000,1152.97,1152.97,1152.97,1152.97,0,0
1178.N,D,20180820,000000,1158.12,1158.12,1158.12,1158.12,0,0
1178.N,D,20180821,000000,1164.53,1164.53,1164.53,1164.53,0,0
1178.N,D,20180822,000000,1159.83,1159.83,1159.83,1159.83,0,0
1178.N,D,20180823,000000,1166.1,1166.1,1166.1,1166.1,0,0
1178.N,D,20180824,000000,1163.9,1163.9,1163.9,1163.9,0,0
1178.N,D,20180827,000000,1166.87,1166.87,1166.87,1166.87,0,0
1178.N,D,20180828,000000,1171.7,1171.7,1171.7,1171.7,0,0
1178.N,D,20180829,000000,1167.75,1167.75,1167.75,1167.75,0,0
1178.N,D,20180830,000000,1166.74,1166.74,1166.74,1166.74,0,0
1178.N,D,20180831,000000,1162.55,1162.55,1162.55,1162.55,0,0
1178.N,D,20180903,000000,1162.62,1162.62,1162.62,1162.62,0,0
1178.N,D,20180904,000000,1159.26,1159.26,1159.26,1159.26,0,0
1178.N,D,20180905,000000,1139.7,1139.7,1139.7,1139.7,0,0
1178.N,D,20180906,000000,1127.54,1127.54,1127.54,1127.54,0,0
1178.N,D,20180907,000000,1119.42,1119.42,1119.42,1119.42,0,0
1178.N,D,20180910,000000,1122.81,1122.81,1122.81,1122.81,0,0
1178.N,D,20180911,000000,1123.92,1123.92,1123.92,1123.92,0,0
1178.N,D,20180912,000000,1131.65,1131.65,1131.65,1131.65,0,0
1178.N,D,20180913,000000,1132.84,1132.84,1132.84,1132.84,0,0
1178.N,D,20180914,000000,1131.48,1131.48,1131.48,1131.48,0,0
1178.N,D,20180917,000000,1133.54,1133.54,1133.54,1133.54,0,0
1178.N,D,20180918,000000,1129.46,1129.46,1129.46,1129.46,0,0
1178.N,D,20180919,000000,1128.17,1128.17,1128.17,1128.17,0,0
1178.N,D,20180920,000000,1130.8,1130.8,1130.8,1130.8,0,0
1178.N,D,20180921,000000,1137.43,1137.43,1137.43,1137.43,0,0
1178.N,D,20180924,000000,1133.46,1133.46,1133.46,1133.46,0,0
1178.N,D,20180925,000000,1132.18,1132.18,1132.18,1132.18,0,0
1178.N,D,20180926,000000,1135.98,1135.98,1135.98,1135.98,0,0
1178.N,D,20180927,000000,1131.71,1131.71,1131.71,1131.71,0,0
1178.N,D,20180928,000000,1141.16,1141.16,1141.16,1141.16,0,0
1178.N,D,20181001,000000,1136.47,1136.47,1136.47,1136.47,0,0
1178.N,D,20181002,000000,1129.94,1129.94,1129.94,1129.94,0,0
1178.N,D,20181004,000000,1131.7,1131.7,1131.7,1131.7,0,0
1178.N,D,20181005,000000,1109.63,1109.63,1109.63,1109.63,0,0
1178.N,D,20181008,000000,1099.32,1099.32,1099.32,1099.32,0,0
1178.N,D,20181009,000000,1087.94,1087.94,1087.94,1087.94,0,0
1178.N,D,20181010,000000,1078.18,1078.18,1078.18,1078.18,0,0
1178.N,D,20181011,000000,1044.61,1044.61,1044.61,1044.61,0,0
1178.N,D,20181012,000000,1050.33,1050.33,1050.33,1050.33,0,0
1178.N,D,20181015,000000,1032.46,1032.46,1032.46,1032.46,0,0
1178.N,D,20181016,000000,1047.53,1047.53,1047.53,1047.53,0,0
1178.N,D,20181017,000000,1066.44,1066.44,1066.44,1066.44,0,0
1178.N,D,20181018,000000,1060.41,1060.41,1060.41,1060.41,0,0
1178.N,D,20181019,000000,1044.58,1044.58,1044.58,1044.58,0,0
1178.N,D,20181022,000000,1049.43,1049.43,1049.43,1049.43,0,0
1178.N,D,20181023,000000,1024.6,1024.6,1024.6,1024.6,0,0
1178.N,D,20181024,000000,1024.84,1024.84,1024.84,1024.84,0,0
1178.N,D,20181025,000000,1022.33,1022.33,1022.33,1022.33,0,0
1178.N,D,20181026,000000,1014.12,1014.12,1014.12,1014.12,0,0
1178.N,D,20181029,000000,1030.59,1030.59,1030.59,1030.59,0,0
1178.N,D,20181030,000000,1020.93,1020.93,1020.93,1020.93,0,0
1178.N,D,20181031,000000,1038.49,1038.49,1038.49,1038.49,0,0
1178.N,D,20181102,000000,1065.18,1065.18,1065.18,1065.18,0,0
1178.N,D,20181105,000000,1054.87,1054.87,1054.87,1054.87,0,0
1178.N,D,20181106,000000,1042.31,1042.31,1042.31,1042.31,0,0
1178.N,D,20181107,000000,1055.84,1055.84,1055.84,1055.84,0,0
1178.N,D,20181108,000000,1056.19,1056.19,1056.19,1056.19,0,0
1178.N,D,20181109,000000,1051.98,1051.98,1051.98,1051.98,0,0
1178.N,D,20181112,000000,1042.32,1042.32,1042.32,1042.32,0,0
1178.N,D,20181113,000000,1035.13,1035.13,1035.13,1035.13,0,0
1178.N,D,20181114,000000,1033.19,1033.19,1033.19,1033.19,0,0
1178.N,D,20181115,000000,1032.01,1032.01,1032.01,1032.01,0,0
1178.N,D,20181116,000000,1025.29,1025.29,1025.29,1025.29,0,0
1178.N,D,20181119,000000,1019.19,1019.19,1019.19,1019.19,0,0
1178.N,D,20181120,000000,993.08,993.08,993.08,993.08,0,0
1178.N,D,20181121,000000,996.21,996.21,996.21,996.21,0,0
1178.N,D,20181122,000000,999.47,999.47,999.47,999.47,0,0
1178.N,D,20181123,000000,1007.17,1007.17,1007.17,1007.17,0,0
1178.N,D,20181126,000000,1021.69,1021.69,1021.69,1021.69,0,0
1178.N,D,20181127,000000,1020.23,1020.23,1020.23,1020.23,0,0
1178.N,D,20181128,000000,1020.24,1020.24,1020.24,1020.24,0,0
1178.N,D,20181129,000000,1027.81,1027.81,1027.81,1027.81,0,0
1178.N,D,20181130,000000,1016.92,1016.92,1016.92,1016.92,0,0
1178.N,D,20181203,000000,1037.93,1037.93,1037.93,1037.93,0,0
1178.N,D,20181204,000000,1026.83,1026.83,1026.83,1026.83,0,0
1178.N,D,20181205,000000,1013.24,1013.24,1013.24,1013.24,0,0
1178.N,D,20181206,000000,978.81,978.81,978.81,978.81,0,0
1178.N,D,20181207,000000,987.76,987.76,987.76,987.76,0,0
1178.N,D,20181210,000000,968.34,968.34,968.34,968.34,0,0
1178.N,D,20181211,000000,971.71,971.71,971.71,971.71,0,0
1178.N,D,20181212,000000,984.5,984.5,984.5,984.5,0,0
1178.N,D,20181213,000000,983.9,983.9,983.9,983.9,0,0
1178.N,D,20181214,000000,973.3,973.3,973.3,973.3,0,0
1178.N,D,20181217,000000,962.82,962.82,962.82,962.82,0,0
1178.N,D,20181218,000000,962.02,962.02,962.02,962.02,0,0
1178.N,D,20181219,000000,954.73,954.73,954.73,954.73,0,0
1178.N,D,20181220,000000,943.74,943.74,943.74,943.74,0,0
1178.N,D,20181221,000000,929.53,929.53,929.53,929.53,0,0
1178.N,D,20181227,000000,925.32,925.32,925.32,925.32,0,0
1178.N,D,20181228,000000,937.08,937.08,937.08,937.08,0,0
1178.N,D,20190102,000000,939.22,939.22,939.22,939.22,0,0
1178.N,D,20190103,000000,930.08,930.08,930.08,930.08,0,0
1178.N,D,20190104,000000,937.02,937.02,937.02,937.02,0,0
1178.N,D,20190107,000000,951.3,951.3,951.3,951.3,0,0
1178.N,D,20190108,000000,962.09,962.09,962.09,962.09,0,0
1178.N,D,20190109,000000,981.63,981.63,981.63,981.63,0,0
1178.N,D,20190110,000000,968.99,968.99,968.99,968.99,0,0
1178.N,D,20190111,000000,979.35,979.35,979.35,979.35,0,0
1178.N,D,20190114,000000,967.41,967.41,967.41,967.41,0,0
1178.N,D,20190115,000000,970.82,970.82,970.82,970.82,0,0
1178.N,D,20190116,000000,972.39,972.39,972.39,972.39,0,0
1178.N,D,20190117,000000,971.62,971.62,971.62,971.62,0,0
1178.N,D,20190118,000000,987.67,987.67,987.67,987.67,0,0
1178.N,D,20190121,000000,997.62,997.62,997.62,997.62,0,0
1178.N,D,20190122,000000,1002.21,1002.21,1002.21,1002.21,0,0
1178.N,D,20190123,000000,995.42,995.42,995.42,995.42,0,0
1178.N,D,20190124,000000,1006.29,1006.29,1006.29,1006.29,0,0
1178.N,D,20190125,000000,1009.09,1009.09,1009.09,1009.09,0,0
1178.N,D,20190128,000000,1006.06,1006.06,1006.06,1006.06,0,0
1178.N,D,20190129,000000,1003.02,1003.02,1003.02,1003.02,0,0
1178.N,D,20190130,000000,1004.71,1004.71,1004.71,1004.71,0,0
1178.N,D,20190131,000000,1005.12,1005.12,1005.12,1005.12,0,0
1178.N,D,20190201,000000,1008.99,1008.99,1008.99,1008.99,0,0
1178.N,D,20190206,000000,1031.68,1031.68,1031.68,1031.68,0,0
1178.N,D,20190207,000000,1034.38,1034.38,1034.38,1034.38,0,0
1178.N,D,20190208,000000,1017.84,1017.84,1017.84,1017.84,0,0
1178.N,D,20190211,000000,1020.68,1020.68,1020.68,1020.68,0,0
1178.N,D,20190212,000000,1030.14,1030.14,1030.14,1030.14,0,0
1178.N,D,20190213,000000,1032.22,1032.22,1032.22,1032.22,0,0
1178.N,D,20190214,000000,1038.34,1038.34,1038.34,1038.34,0,0
1178.N,D,20190215,000000,1034.71,1034.71,1034.71,1034.71,0,0
1178.N,D,20190218,000000,1046.07,1046.07,1046.07,1046.07,0,0
1178.N,D,20190219,000000,1047.04,1047.04,1047.04,1047.04,0,0
1178.N,D,20190220,000000,1048.52,1048.52,1048.52,1048.52,0,0
1178.N,D,20190221,000000,1050.65,1050.65,1050.65,1050.65,0,0
1178.N,D,20190222,000000,1054.15,1054.15,1054.15,1054.15,0,0
1178.N,D,20190225,000000,1059.03,1059.03,1059.03,1059.03,0,0
1178.N,D,20190226,000000,1054.66,1054.66,1054.66,1054.66,0,0
1178.N,D,20190227,000000,1052.45,1052.45,1052.45,1052.45,0,0
1178.N,D,20190228,000000,1051.13,1051.13,1051.13,1051.13,0,0
1178.N,D,20190301,000000,1065.43,1065.43,1065.43,1065.43,0,0
1178.N,D,20190304,000000,1071.53,1071.53,1071.53,1071.53,0,0
1178.N,D,20190305,000000,1069.14,1069.14,1069.14,1069.14,0,0
1178.N,D,20190306,000000,1070.46,1070.46,1070.46,1070.46,0,0
1178.N,D,20190307,000000,1063.79,1063.79,1063.79,1063.79,0,0
1178.N,D,20190308,000000,1055.94,1055.94,1055.94,1055.94,0,0
1178.N,D,20190311,000000,1060.56,1060.56,1060.56,1060.56,0,0
1178.N,D,20190312,000000,1068.7,1068.7,1068.7,1068.7,0,0
1178.N,D,20190313,000000,1064.08,1064.08,1064.08,1064.08,0,0
1178.N,D,20190314,000000,1076.23,1076.23,1076.23,1076.23,0,0
1178.N,D,20190315,000000,1081.91,1081.91,1081.91,1081.91,0,0
1178.N,D,20190318,000000,1090.91,1090.91,1090.91,1090.91,0,0
1178.N,D,20190319,000000,1093.56,1093.56,1093.56,1093.56,0,0
1178.N,D,20190320,000000,1097.07,1097.07,1097.07,1097.07,0,0
1178.N,D,20190321,000000,1089.02,1089.02,1089.02,1089.02,0,0
1178.N,D,20190322,000000,1088.94,1088.94,1088.94,1088.94,0,0
1178.N,D,20190325,000000,1073.83,1073.83,1073.83,1073.83,0,0
1178.N,D,20190326,000000,1080.37,1080.37,1080.37,1080.37,0,0
1178.N,D,20190327,000000,1087.3,1087.3,1087.3,1087.3,0,0
1178.N,D,20190328,000000,1092.74,1092.74,1092.74,1092.74,0,0
1178.N,D,20190329,000000,1095.21,1095.21,1095.21,1095.21,0,0
1178.N,D,20190401,000000,1111.94,1111.94,1111.94,1111.94,0,0
1178.N,D,20190402,000000,1112.26,1112.26,1112.26,1112.26,0,0
1178.N,D,20190403,000000,1125.72,1125.72,1125.72,1125.72,0,0
1178.N,D,20190404,000000,1127.56,1127.56,1127.56,1127.56,0,0
1178.N,D,20190405,000000,1126.98,1126.98,1126.98,1126.98,0,0
1178.N,D,20190408,000000,1123.17,1123.17,1123.17,1123.17,0,0
1178.N,D,20190409,000000,1125.11,1125.11,1125.11,1125.11,0,0
1178.N,D,20190410,000000,1117.52,1117.52,1117.52,1117.52,0,0
1178.N,D,20190411,000000,1119.16,1119.16,1119.16,1119.16,0,0
1178.N,D,20190412,000000,1123.2,1123.2,1123.2,1123.2,0,0
1178.N,D,20190415,000000,1124.9,1124.9,1124.9,1124.9,0,0
1178.N,D,20190416,000000,1133.16,1133.16,1133.16,1133.16,0,0
1178.N,D,20190417,000000,1134.78,1134.78,1134.78,1134.78,0,0
1178.N,D,20190418,000000,1137.41,1137.41,1137.41,1137.41,0,0
1178.N,D,20190423,000000,1137.87,1137.87,1137.87,1137.87,0,0
1178.N,D,20190424,000000,1154.64,1154.64,1154.64,1154.64,0,0
1178.N,D,20190425,000000,1156.8,1156.8,1156.8,1156.8,0,0
1178.N,D,20190426,000000,1160.13,1160.13,1160.13,1160.13,0,0
1178.N,D,20190429,000000,1160.5,1160.5,1160.5,1160.5,0,0
1178.N,D,20190430,000000,1166.49,1166.49,1166.49,1166.49,0,0
1178.N,D,20190502,000000,1154.22,1154.22,1154.22,1154.22,0,0
1178.N,D,20190503,000000,1155.5,1155.5,1155.5,1155.5,0,0
1178.N,D,20190506,000000,1135.97,1135.97,1135.97,1135.97,0,0
1178.N,D,20190507,000000,1143.41,1143.41,1143.41,1143.41,0,0
1178.N,D,20190508,000000,1131.44,1131.44,1131.44,1131.44,0,0
1178.N,D,20190510,000000,1118.77,1118.77,1118.77,1118.77,0,0
1178.N,D,20190513,000000,1100.38,1100.38,1100.38,1100.38,0,0
1178.N,D,20190514,000000,1095.12,1095.12,1095.12,1095.12,0,0
1178.N,D,20190515,000000,1103.96,1103.96,1103.96,1103.96,0,0
1178.N,D,20190516,000000,1110.38,1110.38,1110.38,1110.38,0,0
1178.N,D,20190517,000000,1119.67,1119.67,1119.67,1119.67,0,0
1178.N,D,20190520,000000,1112.83,1112.83,1112.83,1112.83,0,0
1178.N,D,20190521,000000,1111.93,1111.93,1111.93,1111.93,0,0
1178.N,D,20190522,000000,1118.91,1118.91,1118.91,1118.91,0,0
1178.N,D,20190523,000000,1103.33,1103.33,1103.33,1103.33,0,0
1178.N,D,20190524,000000,1107.29,1107.29,1107.29,1107.29,0,0
1178.N,D,20190527,000000,1105.37,1105.37,1105.37,1105.37,0,0
1178.N,D,20190528,000000,1100.4,1100.4,1100.4,1100.4,0,0
1178.N,D,20190529,000000,1086.26,1086.26,1086.26,1086.26,0,0
1178.N,D,20190531,000000,1076.19,1076.19,1076.19,1076.19,0,0
1178.N,D,20190603,000000,1069.61,1069.61,1069.61,1069.61,0,0
1178.N,D,20190604,000000,1073.53,1073.53,1073.53,1073.53,0,0
1178.N,D,20190605,000000,1090.95,1090.95,1090.95,1090.95,0,0
1178.N,D,20190606,000000,1098.32,1098.32,1098.32,1098.32,0,0
1178.N,D,20190607,000000,1103.44,1103.44,1103.44,1103.44,0,0
1178.N,D,20190611,000000,1119.41,1119.41,1119.41,1119.41,0,0
1178.N,D,20190612,000000,1112.66,1112.66,1112.66,1112.66,0,0
1178.N,D,20190613,000000,1121.04,1121.04,1121.04,1121.04,0,0
1178.N,D,20190614,000000,1110.96,1110.96,1110.96,1110.96,0,0
1178.N,D,20190617,000000,1111.68,1111.68,1111.68,1111.68,0,0
1178.N,D,20190618,000000,1114.53,1114.53,1114.53,1114.53,0,0
1178.N,D,20190619,000000,1123.09,1123.09,1123.09,1123.09,0,0
1178.N,D,20190621,000000,1133.8,1133.8,1133.8,1133.8,0,0
1178.N,D,20190624,000000,1132.56,1132.56,1132.56,1132.56,0,0
1178.N,D,20190625,000000,1132.15,1132.15,1132.15,1132.15,0,0
1178.N,D,20190626,000000,1128.73,1128.73,1128.73,1128.73,0,0
1178.N,D,20190627,000000,1132.83,1132.83,1132.83,1132.83,0,0
1178.N,D,20190628,000000,1138.76,1138.76,1138.76,1138.76,0,0
1178.N,D,20190701,000000,1154.14,1154.14,1154.14,1154.14,0,0
1178.N,D,20190702,000000,1158.85,1158.85,1158.85,1158.85,0,0
1178.N,D,20190704,000000,1167.57,1167.57,1167.57,1167.57,0,0
1178.N,D,20190705,000000,1154.86,1154.86,1154.86,1154.86,0,0
1178.N,D,20190708,000000,1152.03,1152.03,1152.03,1152.03,0,0
1178.N,D,20190709,000000,1143.37,1143.37,1143.37,1143.37,0,0
1178.N,D,20190710,000000,1139.69,1139.69,1139.69,1139.69,0,0
1178.N,D,20190711,000000,1142.9,1142.9,1142.9,1142.9,0,0
1178.N,D,20190712,000000,1139.78,1139.78,1139.78,1139.78,0,0
1178.N,D,20190715,000000,1142.6,1142.6,1142.6,1142.6,0,0
1178.N,D,20190716,000000,1145.66,1145.66,1145.66,1145.66,0,0
1178.N,D,20190717,000000,1158.24,1158.24,1158.24,1158.24,0,0
1178.N,D,20190718,000000,1135.52,1135.52,1135.52,1135.52,0,0
1178.N,D,20190719,000000,1147.19,1147.19,1147.19,1147.19,0,0
1178.N,D,20190722,000000,1143.27,1143.27,1143.27,1143.27,0,0
1178.N,D,20190723,000000,1152.19,1152.19,1152.19,1152.19,0,0
1178.N,D,20190724,000000,1155.39,1155.39,1155.39,1155.39,0,0
1178.N,D,20190725,000000,1164.22,1164.22,1164.22,1164.22,0,0
1178.N,D,20190726,000000,1153.31,1153.31,1153.31,1153.31,0,0
1178.N,D,20190729,000000,1156.46,1156.46,1156.46,1156.46,0,0
1178.N,D,20190730,000000,1141.17,1141.17,1141.17,1141.17,0,0
1178.N,D,20190731,000000,1134.48,1134.48,1134.48,1134.48,0,0
1178.N,D,20190801,000000,1141.81,1141.81,1141.81,1141.81,0,0
1178.N,D,20190802,000000,1119.26,1119.26,1119.26,1119.26,0,0
1178.N,D,20190805,000000,1085.92,1085.92,1085.92,1085.92,0,0
1178.N,D,20190806,000000,1091.29,1091.29,1091.29,1091.29,0,0
1178.N,D,20190807,000000,1092.26,1092.26,1092.26,1092.26,0,0
1178.N,D,20190808,000000,1101,1101,1101,1101,0,0
1178.N,D,20190809,000000,1101.62,1101.62,1101.62,1101.62,0,0
1178.N,D,20190812,000000,1094.49,1094.49,1094.49,1094.49,0,0
1178.N,D,20190813,000000,1085.66,1085.66,1085.66,1085.66,0,0
1178.N,D,20190814,000000,1091.68,1091.68,1091.68,1091.68,0,0
1178.N,D,20190816,000000,1085.54,1085.54,1085.54,1085.54,0,0
1178.N,D,20190819,000000,1092.61,1092.61,1092.61,1092.61,0,0
1178.N,D,20190820,000000,1103.55,1103.55,1103.55,1103.55,0,0
1178.N,D,20190821,000000,1111.26,1111.26,1111.26,1111.26,0,0
1178.N,D,20190822,000000,1109.15,1109.15,1109.15,1109.15,0,0
1178.N,D,20190823,000000,1114.61,1114.61,1114.61,1114.61,0,0
1178.N,D,20190826,000000,1093.85,1093.85,1093.85,1093.85,0,0
1178.N,D,20190827,000000,1090.64,1090.64,1090.64,1090.64,0,0
1178.N,D,20190828,000000,1094.05,1094.05,1094.05,1094.05,0,0
1178.N,D,20190829,000000,1107.85,1107.85,1107.85,1107.85,0,0
1178.N,D,20190830,000000,1121.15,1121.15,1121.15,1121.15,0,0
1178.N,D,20190902,000000,1124.84,1124.84,1124.84,1124.84,0,0
1178.N,D,20190903,000000,1123.2,1123.2,1123.2,1123.2,0,0
1178.N,D,20190904,000000,1140.21,1140.21,1140.21,1140.21,0,0
1178.N,D,20190905,000000,1148.65,1148.65,1148.65,1148.65,0,0
1178.N,D,20190906,000000,1152.77,1152.77,1152.77,1152.77,0,0
1178.N,D,20190909,000000,1152.56,1152.56,1152.56,1152.56,0,0
1178.N,D,20190910,000000,1139.5,1139.5,1139.5,1139.5,0,0
1178.N,D,20190911,000000,1151.01,1151.01,1151.01,1151.01,0,0
1178.N,D,20190912,000000,1155.37,1155.37,1155.37,1155.37,0,0
1178.N,D,20190913,000000,1156.82,1156.82,1156.82,1156.82,0,0
1178.N,D,20190916,000000,1150.53,1150.53,1150.53,1150.53,0,0
1178.N,D,20190917,000000,1145.64,1145.64,1145.64,1145.64,0,0
1178.N,D,20190918,000000,1147.33,1147.33,1147.33,1147.33,0,0
1178.N,D,20190919,000000,1152.97,1152.97,1152.97,1152.97,0,0
1178.N,D,20190920,000000,1145.31,1145.31,1145.31,1145.31,0,0
1178.N,D,20190923,000000,1134.81,1134.81,1134.81,1134.81,0,0
1178.N,D,20190924,000000,1143.56,1143.56,1143.56,1143.56,0,0
1178.N,D,20190925,000000,1123.8,1123.8,1123.8,1123.8,0,0
1178.N,D,20190926,000000,1142.14,1142.14,1142.14,1142.14,0,0
1178.N,D,20190927,000000,1142.24,1142.24,1142.24,1142.24,0,0
1178.N,D,20190930,000000,1143.13,1143.13,1143.13,1143.13,0,0
1178.N,D,20191001,000000,1146.04,1146.04,1146.04,1146.04,0,0
1178.N,D,20191002,000000,1117.96,1117.96,1117.96,1117.96,0,0
1178.N,D,20191004,000000,1107.87,1107.87,1107.87,1107.87,0,0
1178.N,D,20191007,000000,1117.17,1117.17,1117.17,1117.17,0,0
1178.N,D,20191008,000000,1119.99,1119.99,1119.99,1119.99,0,0
1178.N,D,20191009,000000,1114.1,1114.1,1114.1,1114.1,0,0
1178.N,D,20191010,000000,1113.95,1113.95,1113.95,1113.95,0,0
1178.N,D,20191011,000000,1137.53,1137.53,1137.53,1137.53,0,0
1178.N,D,20191014,000000,1146.36,1146.36,1146.36,1146.36,0,0
1178.N,D,20191015,000000,1148.61,1148.61,1148.61,1148.61,0,0
1178.N,D,20191016,000000,1159.76,1159.76,1159.76,1159.76,0,0
1178.N,D,20191017,000000,1158.13,1158.13,1158.13,1158.13,0,0
1178.N,D,20191018,000000,1156.3,1156.3,1156.3,1156.3,0,0
1178.N,D,20191022,000000,1164.03,1164.03,1164.03,1164.03,0,0
1178.N,D,20191023,000000,1155.15,1155.15,1155.15,1155.15,0,0
1178.N,D,20191025,000000,1168.22,1168.22,1168.22,1168.22,0,0
1178.N,D,20191030,000000,1186.86,1186.86,1186.86,1186.86,0,0
1178.N,D,20191031,000000,1187.09,1187.09,1187.09,1187.09,0,0
1178.N,D,20191107,000000,1227.52,1227.52,1227.52,1227.52,0,0
1178.N,D,20191108,000000,1219.7,1219.7,1219.7,1219.7,0,0
1178.N,D,20191111,000000,1220.76,1220.76,1220.76,1220.76,0,0
1178.N,D,20191112,000000,1223.65,1223.65,1223.65,1223.65,0,0
1178.N,D,20191113,000000,1222.24,1222.24,1222.24,1222.24,0,0
1178.N,D,20191114,000000,1226.52,1226.52,1226.52,1226.52,0,0
1178.N,D,20191115,000000,1230.49,1230.49,1230.49,1230.49,0,0
1178.N,D,20191118,000000,1231.69,1231.69,1231.69,1231.69,0,0
1178.N,D,20191119,000000,1240,1240,1240,1240,0,0
1178.N,D,20191120,000000,1221.65,1221.65,1221.65,1221.65,0,0
1178.N,D,20191121,000000,1211.88,1211.88,1211.88,1211.88,0,0
1178.N,D,20191122,000000,1217.69,1217.69,1217.69,1217.69,0,0
1178.N,D,20191125,000000,1230.71,1230.71,1230.71,1230.71,0,0
1178.N,D,20191126,000000,1233.29,1233.29,1233.29,1233.29,0,0
1178.N,D,20191127,000000,1244.51,1244.51,1244.51,1244.51,0,0
1178.N,D,20191128,000000,1240.68,1240.68,1240.68,1240.68,0,0
1178.N,D,20191129,000000,1242.8,1242.8,1242.8,1242.8,0,0
1178.N,D,20191202,000000,1244.35,1244.35,1244.35,1244.35,0,0
1178.N,D,20191203,000000,1230.07,1230.07,1230.07,1230.07,0,0
1178.N,D,20191204,000000,1234.84,1234.84,1234.84,1234.84,0,0
1178.N,D,20191205,000000,1238.92,1238.92,1238.92,1238.92,0,0
1178.N,D,20191206,000000,1243.24,1243.24,1243.24,1243.24,0,0
1178.N,D,20191209,000000,1249.02,1249.02,1249.02,1249.02,0,0
1178.N,D,20191210,000000,1230.11,1230.11,1230.11,1230.11,0,0
1178.N,D,20191211,000000,1237.73,1237.73,1237.73,1237.73,0,0
1178.N,D,20191212,000000,1250.82,1250.82,1250.82,1250.82,0,0
1178.N,D,20191213,000000,1267.72,1267.72,1267.72,1267.72,0,0
1178.N,D,20191216,000000,1276.3,1276.3,1276.3,1276.3,0,0
1178.N,D,20191217,000000,1269.03,1269.03,1269.03,1269.03,0,0
1178.N,D,20191218,000000,1270.2,1270.2,1270.2,1270.2,0,0
1178.N,D,20191219,000000,1262.66,1262.66,1262.66,1262.66,0,0
1178.N,D,20191220,000000,1268.15,1268.15,1268.15,1268.15,0,0
1178.N,D,20191223,000000,1280.68,1280.68,1280.68,1280.68,0,0
1178.N,D,20191227,000000,1282.43,1282.43,1282.43,1282.43,0,0
1178.N,D,20191230,000000,1280.77,1280.77,1280.77,1280.77,0,0
1178.N,D,20200102,000000,1283.17,1283.17,1283.17,1283.17,0,0
1178.N,D,20200103,000000,1273.78,1273.78,1273.78,1273.78,0,0
1178.N,D,20200106,000000,1255.59,1255.59,1255.59,1255.59,0,0
1178.N,D,20200107,000000,1280.41,1280.41,1280.41,1280.41,0,0
1178.N,D,20200108,000000,1274.2,1274.2,1274.2,1274.2,0,0
1178.N,D,20200109,000000,1289.43,1289.43,1289.43,1289.43,0,0
1178.N,D,20200110,000000,1293.43,1293.43,1293.43,1293.43,0,0
1178.N,D,20200113,000000,1292.1,1292.1,1292.1,1292.1,0,0
1178.N,D,20200114,000000,1289.47,1289.47,1289.47,1289.47,0,0
1178.N,D,20200115,000000,1298,1298,1298,1298,0,0
1178.N,D,20200116,000000,1301.7,1301.7,1301.7,1301.7,0,0
1178.N,D,20200117,000000,1313.43,1313.43,1313.43,1313.43,0,0
1178.N,D,20200120,000000,1311.84,1311.84,1311.84,1311.84,0,0
1178.N,D,20200121,000000,1299.71,1299.71,1299.71,1299.71,0,0
1178.N,D,20200122,000000,1312.85,1312.85,1312.85,1312.85,0,0
1178.N,D,20200123,000000,1304.3,1304.3,1304.3,1304.3,0,0
1178.N,D,20200124,000000,1317.48,1317.48,1317.48,1317.48,0,0
1178.N,D,20200127,000000,1288.72,1288.72,1288.72,1288.72,0,0
1178.N,D,20200128,000000,1275.99,1275.99,1275.99,1275.99,0,0
1178.N,D,20200129,000000,1292.3,1292.3,1292.3,1292.3,0,0
1178.N,D,20200130,000000,1283.05,1283.05,1283.05,1283.05,0,0
1178.N,D,20200131,000000,1273.9,1273.9,1273.9,1273.9,0,0
1178.N,D,20200203,000000,1265.84,1265.84,1265.84,1265.84,0,0
1178.N,D,20200204,000000,1292.14,1292.14,1292.14,1292.14,0,0
1178.N,D,20200205,000000,1324.74,1324.74,1324.74,1324.74,0,0
1178.N,D,20200206,000000,1322.95,1322.95,1322.95,1322.95,0,0
1178.N,D,20200207,000000,1324.64,1324.64,1324.64,1324.64,0,0
1178.N,D,20200210,000000,1316.51,1316.51,1316.51,1316.51,0,0
1178.N,D,20200211,000000,1336.57,1336.57,1336.57,1336.57,0,0
1178.N,D,20200212,000000,1346.67,1346.67,1346.67,1346.67,0,0
1178.N,D,20200213,000000,1347.4,1347.4,1347.4,1347.4,0,0
1178.N,D,20200214,000000,1355.34,1355.34,1355.34,1355.34,0,0
1178.N,D,20200217,000000,1356.05,1356.05,1356.05,1356.05,0,0
1178.N,D,20200218,000000,1346.33,1346.33,1346.33,1346.33,0,0
1178.N,D,20200219,000000,1359.83,1359.83,1359.83,1359.83,0,0
1178.N,D,20200220,000000,1364.6,1364.6,1364.6,1364.6,0,0
1178.N,D,20200221,000000,1351.33,1351.33,1351.33,1351.33,0,0
1178.N,D,20200224,000000,1298.97,1298.97,1298.97,1298.97,0,0
1178.N,D,20200225,000000,1284.88,1284.88,1284.88,1284.88,0,0
1178.N,D,20200226,000000,1242.54,1242.54,1242.54,1242.54,0,0
1178.N,D,20200227,000000,1245.04,1245.04,1245.04,1245.04,0,0
1178.N,D,20200228,000000,1182.13,1182.13,1182.13,1182.13,0,0
1178.N,D,20200302,000000,1201.05,1201.05,1201.05,1201.05,0,0
1178.N,D,20200303,000000,1233.9,1233.9,1233.9,1233.9,0,0
1178.N,D,20200304,000000,1227.43,1227.43,1227.43,1227.43,0,0
1178.N,D,20200305,000000,1214.17,1214.17,1214.17,1214.17,0,0
1178.N,D,20200306,000000,1163.15,1163.15,1163.15,1163.15,0,0
1178.N,D,20200309,000000,1104.34,1104.34,1104.34,1104.34,0,0
1178.N,D,20200310,000000,1133.32,1133.32,1133.32,1133.32,0,0
1178.N,D,20200311,000000,1096.03,1096.03,1096.03,1096.03,0,0
1178.N,D,20200312,000000,1011.38,1011.38,1011.38,1011.38,0,0
1178.N,D,20200313,000000,995.36,995.36,995.36,995.36,0,0
1178.N,D,20200316,000000,907.15,907.15,907.15,907.15,0,0
1178.N,D,20200317,000000,914.26,914.26,914.26,914.26,0,0
1178.N,D,20200318,000000,921.02,921.02,921.02,921.02,0,0
1178.N,D,20200319,000000,916.71,916.71,916.71,916.71,0,0
1178.N,D,20200320,000000,972.94,972.94,972.94,972.94,0,0
1178.N,D,20200323,000000,901.17,901.17,901.17,901.17,0,0
1178.N,D,20200324,000000,964.1,964.1,964.1,964.1,0,0
1178.N,D,20200325,000000,1020.86,1020.86,1020.86,1020.86,0,0
1178.N,D,20200326,000000,1012.23,1012.23,1012.23,1012.23,0,0
1178.N,D,20200327,000000,1035.07,1035.07,1035.07,1035.07,0,0
1178.N,D,20200330,000000,1015.1,1015.1,1015.1,1015.1,0,0
1178.N,D,20200331,000000,1059.2,1059.2,1059.2,1059.2,0,0
1178.N,D,20200401,000000,1020.96,1020.96,1020.96,1020.96,0,0
1178.N,D,20200402,000000,1012.66,1012.66,1012.66,1012.66,0,0
1178.N,D,20200403,000000,1011.17,1011.17,1011.17,1011.17,0,0
1178.N,D,20200406,000000,1037.66,1037.66,1037.66,1037.66,0,0
1178.N,D,20200407,000000,1086.79,1086.79,1086.79,1086.79,0,0
1178.N,D,20200408,000000,1074.8,1074.8,1074.8,1074.8,0,0
1178.N,D,20200409,000000,1098.73,1098.73,1098.73,1098.73,0,0
1178.N,D,20200414,000000,1118.1,1118.1,1118.1,1118.1,0,0
1178.N,D,20200415,000000,1105.91,1105.91,1105.91,1105.91,0,0
1178.N,D,20200416,000000,1107.79,1107.79,1107.79,1107.79,0,0
1178.N,D,20200417,000000,1126.85,1126.85,1126.85,1126.85,0,0
1178.N,D,20200420,000000,1136.98,1136.98,1136.98,1136.98,0,0
1178.N,D,20200421,000000,1127.85,1127.85,1127.85,1127.85,0,0
1178.N,D,20200422,000000,1122.61,1122.61,1122.61,1122.61,0,0
1178.N,D,20200423,000000,1118.26,1118.26,1118.26,1118.26,0,0
1178.N,D,20200424,000000,1116.56,1116.56,1116.56,1116.56,0,0
1178.N,D,20200427,000000,1133.88,1133.88,1133.88,1133.88,0,0
1178.N,D,20200428,000000,1137.09,1137.09,1137.09,1137.09,0,0
1178.N,D,20200429,000000,1138.91,1138.91,1138.91,1138.91,0,0
1178.N,D,20200430,000000,1154.64,1154.64,1154.64,1154.64,0,0
1178.N,D,20200504,000000,1102.84,1102.84,1102.84,1102.84,0,0
1178.N,D,20200505,000000,1106.19,1106.19,1106.19,1106.19,0,0
1178.N,D,20200506,000000,1129.96,1129.96,1129.96,1129.96,0,0
1178.N,D,20200507,000000,1140.62,1140.62,1140.62,1140.62,0,0
1178.N,D,20200508,000000,1158.63,1158.63,1158.63,1158.63,0,0
1178.N,D,20200511,000000,1159.97,1159.97,1159.97,1159.97,0,0
1178.N,D,20200512,000000,1159.86,1159.86,1159.86,1159.86,0,0
1178.N,D,20200513,000000,1143.68,1143.68,1143.68,1143.68,0,0
1178.N,D,20200514,000000,1121.96,1121.96,1121.96,1121.96,0,0
1178.N,D,20200515,000000,1124.1,1124.1,1124.1,1124.1,0,0
1178.N,D,20200518,000000,1140.28,1140.28,1140.28,1140.28,0,0
1178.N,D,20200519,000000,1162.76,1162.76,1162.76,1162.76,0,0
1178.N,D,20200520,000000,1176.69,1176.69,1176.69,1176.69,0,0
1178.N,D,20200522,000000,1184.2,1184.2,1184.2,1184.2,0,0
1178.N,D,20200525,000000,1204.85,1204.85,1204.85,1204.85,0,0
1178.N,D,20200526,000000,1224.89,1224.89,1224.89,1224.89,0,0
1178.N,D,20200527,000000,1213.34,1213.34,1213.34,1213.34,0,0
1178.N,D,20200528,000000,1226.49,1226.49,1226.49,1226.49,0,0
1178.N,D,20200529,000000,1224.76,1224.76,1224.76,1224.76,0,0
1178.N,D,20200602,000000,1242.21,1242.21,1242.21,1242.21,0,0
1178.N,D,20200603,000000,1253.26,1253.26,1253.26,1253.26,0,0
1178.N,D,20200604,000000,1266.24,1266.24,1266.24,1266.24,0,0
1178.N,D,20200605,000000,1274.2,1274.2,1274.2,1274.2,0,0
1178.N,D,20200608,000000,1271.15,1271.15,1271.15,1271.15,0,0
1178.N,D,20200609,000000,1263.49,1263.49,1263.49,1263.49,0,0
1178.N,D,20200610,000000,1269.34,1269.34,1269.34,1269.34,0,0
1178.N,D,20200612,000000,1236.45,1236.45,1236.45,1236.45,0,0
1178.N,D,20200615,000000,1209.17,1209.17,1209.17,1209.17,0,0
1178.N,D,20200616,000000,1245.66,1245.66,1245.66,1245.66,0,0
1178.N,D,20200617,000000,1260.31,1260.31,1260.31,1260.31,0,0
1178.N,D,20200618,000000,1274.25,1274.25,1274.25,1274.25,0,0
1178.N,D,20200619,000000,1279.57,1279.57,1279.57,1279.57,0,0
1178.N,D,20200622,000000,1281.92,1281.92,1281.92,1281.92,0,0
1178.N,D,20200624,000000,1275.31,1275.31,1275.31,1275.31,0,0
1178.N,D,20200625,000000,1257.71,1257.71,1257.71,1257.71,0,0
1178.N,D,20200626,000000,1278.57,1278.57,1278.57,1278.57,0,0
1178.N,D,20200629,000000,1268.46,1268.46,1268.46,1268.46,0,0
1178.N,D,20200630,000000,1265.14,1265.14,1265.14,1265.14,0,0
1178.N,D,20200701,000000,1277.87,1277.87,1277.87,1277.87,0,0
1178.N,D,20200702,000000,1289.56,1289.56,1289.56,1289.56,0,0
1178.N,D,20200703,000000,1304.21,1304.21,1304.21,1304.21,0,0
1178.N,D,20200706,000000,1304.76,1304.76,1304.76,1304.76,0,0
