<TICKER>,<PER>,<DATE>,<TIME>,<OPEN>,<HIGH>,<LOW>,<CLOSE>,<VOL>,<OPENINT>
3464.N,D,20140211,000000,182.34,182.34,182.34,182.34,0,0
3464.N,D,20140212,000000,182.44,182.44,182.44,182.44,0,0
3464.N,D,20140213,000000,182.3,182.3,182.3,182.3,0,0
3464.N,D,20140214,000000,182.56,182.56,182.56,182.56,0,0
3464.N,D,20140217,000000,182.53,182.53,182.53,182.53,0,0
3464.N,D,20140218,000000,182.58,182.58,182.58,182.58,0,0
3464.N,D,20140219,000000,182.72,182.72,182.72,182.72,0,0
3464.N,D,20140220,000000,182.82,182.82,182.82,182.82,0,0
3464.N,D,20140221,000000,182.63,182.63,182.63,182.63,0,0
3464.N,D,20140224,000000,182.88,182.88,182.88,182.88,0,0
3464.N,D,20140225,000000,182.84,182.84,182.84,182.84,0,0
3464.N,D,20140226,000000,183.05,183.05,183.05,183.05,0,0
3464.N,D,20140227,000000,183.33,183.33,183.33,183.33,0,0
3464.N,D,20140228,000000,183.61,183.61,183.61,183.61,0,0
3464.N,D,20140303,000000,183.27,183.27,183.27,183.27,0,0
3464.N,D,20140304,000000,183.58,183.58,183.58,183.58,0,0
3464.N,D,20140305,000000,183.51,183.51,183.51,183.51,0,0
3464.N,D,20140306,000000,183.57,183.57,183.57,183.57,0,0
3464.N,D,20140307,000000,183.32,183.32,183.32,183.32,0,0
3464.N,D,20140310,000000,183.38,183.38,183.38,183.38,0,0
3464.N,D,20140311,000000,183.51,183.51,183.51,183.51,0,0
3464.N,D,20140312,000000,183.47,183.47,183.47,183.47,0,0
3464.N,D,20140313,000000,183.64,183.64,183.64,183.64,0,0
3464.N,D,20140314,000000,183.91,183.91,183.91,183.91,0,0
3464.N,D,20140317,000000,183.75,183.75,183.75,183.75,0,0
3464.N,D,20140318,000000,183.68,183.68,183.68,183.68,0,0
3464.N,D,20140319,000000,183.73,183.73,183.73,183.73,0,0
3464.N,D,20140320,000000,183.59,183.59,183.59,183.59,0,0
3464.N,D,20140321,000000,183.19,183.19,183.19,183.19,0,0
3464.N,D,20140324,000000,183.25,183.25,183.25,183.25,0,0
3464.N,D,20140325,000000,183.54,183.54,183.54,183.54,0,0
3464.N,D,20140326,000000,183.64,183.64,183.64,183.64,0,0
3464.N,D,20140327,000000,183.76,183.76,183.76,183.76,0,0
3464.N,D,20140328,000000,183.97,183.97,183.97,183.97,0,0
3464.N,D,20140331,000000,183.85,183.85,183.85,183.85,0,0
3464.N,D,20140401,000000,183.77,183.77,183.77,183.77,0,0
3464.N,D,20140402,000000,183.74,183.74,183.74,183.74,0,0
3464.N,D,20140403,000000,183.55,183.55,183.55,183.55,0,0
3464.N,D,20140404,000000,183.7,183.7,183.7,183.7,0,0
3464.N,D,20140407,000000,184.12,184.12,184.12,184.12,0,0
3464.N,D,20140408,000000,184.17,184.17,184.17,184.17,0,0
3464.N,D,20140409,000000,184.08,184.08,184.08,184.08,0,0
3464.N,D,20140410,000000,184.03,184.03,184.03,184.03,0,0
3464.N,D,20140411,000000,184.42,184.42,184.42,184.42,0,0
3464.N,D,20140414,000000,184.52,184.52,184.52,184.52,0,0
3464.N,D,20140415,000000,184.44,184.44,184.44,184.44,0,0
3464.N,D,20140416,000000,184.82,184.82,184.82,184.82,0,0
3464.N,D,20140417,000000,184.71,184.71,184.71,184.71,0,0
3464.N,D,20140422,000000,184.57,184.57,184.57,184.57,0,0
3464.N,D,20140423,000000,184.49,184.49,184.49,184.49,0,0
3464.N,D,20140424,000000,184.66,184.66,184.66,184.66,0,0
3464.N,D,20140425,000000,184.67,184.67,184.67,184.67,0,0
3464.N,D,20140428,000000,184.98,184.98,184.98,184.98,0,0
3464.N,D,20140429,000000,184.93,184.93,184.93,184.93,0,0
3464.N,D,20140430,000000,185.11,185.11,185.11,185.11,0,0
3464.N,D,20140502,000000,185.43,185.43,185.43,185.43,0,0
3464.N,D,20140505,000000,185.68,185.68,185.68,185.68,0,0
3464.N,D,20140506,000000,185.64,185.64,185.64,185.64,0,0
3464.N,D,20140507,000000,185.65,185.65,185.65,185.65,0,0
3464.N,D,20140508,000000,185.67,185.67,185.67,185.67,0,0
3464.N,D,20140509,000000,186.03,186.03,186.03,186.03,0,0
3464.N,D,20140512,000000,186.13,186.13,186.13,186.13,0,0
3464.N,D,20140513,000000,186.18,186.18,186.18,186.18,0,0
3464.N,D,20140514,000000,186.52,186.52,186.52,186.52,0,0
3464.N,D,20140515,000000,186.71,186.71,186.71,186.71,0,0
3464.N,D,20140516,000000,186.89,186.89,186.89,186.89,0,0
3464.N,D,20140519,000000,186.66,186.66,186.66,186.66,0,0
3464.N,D,20140520,000000,186.63,186.63,186.63,186.63,0,0
3464.N,D,20140521,000000,186.55,186.55,186.55,186.55,0,0
3464.N,D,20140522,000000,186.37,186.37,186.37,186.37,0,0
3464.N,D,20140523,000000,186.53,186.53,186.53,186.53,0,0
3464.N,D,20140526,000000,186.55,186.55,186.55,186.55,0,0
3464.N,D,20140527,000000,186.6,186.6,186.6,186.6,0,0
3464.N,D,20140528,000000,186.83,186.83,186.83,186.83,0,0
3464.N,D,20140530,000000,187.02,187.02,187.02,187.02,0,0
3464.N,D,20140602,000000,187.01,187.01,187.01,187.01,0,0
3464.N,D,20140603,000000,186.99,186.99,186.99,186.99,0,0
3464.N,D,20140604,000000,186.75,186.75,186.75,186.75,0,0
3464.N,D,20140605,000000,186.64,186.64,186.64,186.64,0,0
3464.N,D,20140606,000000,186.9,186.9,186.9,186.9,0,0
3464.N,D,20140610,000000,187.41,187.41,187.41,187.41,0,0
3464.N,D,20140611,000000,187.32,187.32,187.32,187.32,0,0
3464.N,D,20140612,000000,187.4,187.4,187.4,187.4,0,0
3464.N,D,20140613,000000,187.47,187.47,187.47,187.47,0,0
3464.N,D,20140616,000000,187.51,187.51,187.51,187.51,0,0
3464.N,D,20140617,000000,187.6,187.6,187.6,187.6,0,0
3464.N,D,20140618,000000,187.32,187.32,187.32,187.32,0,0
3464.N,D,20140620,000000,187.82,187.82,187.82,187.82,0,0
3464.N,D,20140623,000000,187.69,187.69,187.69,187.69,0,0
3464.N,D,20140624,000000,187.82,187.82,187.82,187.82,0,0
3464.N,D,20140625,000000,187.8,187.8,187.8,187.8,0,0
3464.N,D,20140626,000000,188.07,188.07,188.07,188.07,0,0
3464.N,D,20140627,000000,188.15,188.15,188.15,188.15,0,0
3464.N,D,20140630,000000,188.03,188.03,188.03,188.03,0,0
3464.N,D,20140701,000000,188.1,188.1,188.1,188.1,0,0
3464.N,D,20140702,000000,188.17,188.17,188.17,188.17,0,0
3464.N,D,20140703,000000,188,188,188,188,0,0
3464.N,D,20140704,000000,187.98,187.98,187.98,187.98,0,0
3464.N,D,20140707,000000,188.16,188.16,188.16,188.16,0,0
3464.N,D,20140708,000000,188.25,188.25,188.25,188.25,0,0
3464.N,D,20140709,000000,188.4,188.4,188.4,188.4,0,0
3464.N,D,20140710,000000,188.3,188.3,188.3,188.3,0,0
3464.N,D,20140711,000000,188.31,188.31,188.31,188.31,0,0
3464.N,D,20140714,000000,188.35,188.35,188.35,188.35,0,0
3464.N,D,20140715,000000,188.35,188.35,188.35,188.35,0,0
3464.N,D,20140716,000000,188.32,188.32,188.32,188.32,0,0
3464.N,D,20140717,000000,188.46,188.46,188.46,188.46,0,0
3464.N,D,20140718,000000,188.59,188.59,188.59,188.59,0,0
3464.N,D,20140721,000000,188.56,188.56,188.56,188.56,0,0
3464.N,D,20140722,000000,188.64,188.64,188.64,188.64,0,0
3464.N,D,20140723,000000,188.51,188.51,188.51,188.51,0,0
3464.N,D,20140724,000000,188.72,188.72,188.72,188.72,0,0
3464.N,D,20140725,000000,188.59,188.59,188.59,188.59,0,0
3464.N,D,20140728,000000,188.84,188.84,188.84,188.84,0,0
3464.N,D,20140729,000000,188.84,188.84,188.84,188.84,0,0
3464.N,D,20140730,000000,189.06,189.06,189.06,189.06,0,0
3464.N,D,20140731,000000,188.84,188.84,188.84,188.84,0,0
3464.N,D,20140801,000000,188.88,188.88,188.88,188.88,0,0
3464.N,D,20140804,000000,188.9,188.9,188.9,188.9,0,0
3464.N,D,20140805,000000,188.92,188.92,188.92,188.92,0,0
3464.N,D,20140806,000000,188.72,188.72,188.72,188.72,0,0
3464.N,D,20140807,000000,188.9,188.9,188.9,188.9,0,0
3464.N,D,20140808,000000,189.02,189.02,189.02,189.02,0,0
3464.N,D,20140811,000000,188.92,188.92,188.92,188.92,0,0
3464.N,D,20140812,000000,188.98,188.98,188.98,188.98,0,0
3464.N,D,20140813,000000,189.11,189.11,189.11,189.11,0,0
3464.N,D,20140814,000000,189.38,189.38,189.38,189.38,0,0
3464.N,D,20140818,000000,189.79,189.79,189.79,189.79,0,0
3464.N,D,20140819,000000,189.59,189.59,189.59,189.59,0,0
3464.N,D,20140820,000000,189.78,189.78,189.78,189.78,0,0
3464.N,D,20140821,000000,189.9,189.9,189.9,189.9,0,0
3464.N,D,20140822,000000,189.93,189.93,189.93,189.93,0,0
3464.N,D,20140825,000000,190,190,190,190,0,0
3464.N,D,20140826,000000,190.21,190.21,190.21,190.21,0,0
3464.N,D,20140827,000000,190.41,190.41,190.41,190.41,0,0
3464.N,D,20140828,000000,190.73,190.73,190.73,190.73,0,0
3464.N,D,20140829,000000,190.82,190.82,190.82,190.82,0,0
3464.N,D,20140901,000000,190.84,190.84,190.84,190.84,0,0
3464.N,D,20140902,000000,190.92,190.92,190.92,190.92,0,0
3464.N,D,20140903,000000,190.78,190.78,190.78,190.78,0,0
3464.N,D,20140904,000000,190.69,190.69,190.69,190.69,0,0
3464.N,D,20140905,000000,190.87,190.87,190.87,190.87,0,0
3464.N,D,20140908,000000,191.13,191.13,191.13,191.13,0,0
3464.N,D,20140909,000000,191.14,191.14,191.14,191.14,0,0
3464.N,D,20140910,000000,190.83,190.83,190.83,190.83,0,0
3464.N,D,20140911,000000,190.76,190.76,190.76,190.76,0,0
3464.N,D,20140912,000000,190.83,190.83,190.83,190.83,0,0
3464.N,D,20140915,000000,190.57,190.57,190.57,190.57,0,0
3464.N,D,20140916,000000,190.7,190.7,190.7,190.7,0,0
3464.N,D,20140917,000000,190.58,190.58,190.58,190.58,0,0
3464.N,D,20140918,000000,190.72,190.72,190.72,190.72,0,0
3464.N,D,20140919,000000,190.43,190.43,190.43,190.43,0,0
3464.N,D,20140922,000000,190.85,190.85,190.85,190.85,0,0
3464.N,D,20140923,000000,190.88,190.88,190.88,190.88,0,0
3464.N,D,20140924,000000,190.82,190.82,190.82,190.82,0,0
3464.N,D,20140925,000000,190.84,190.84,190.84,190.84,0,0
3464.N,D,20140926,000000,191.02,191.02,191.02,191.02,0,0
3464.N,D,20140929,000000,190.98,190.98,190.98,190.98,0,0
3464.N,D,20140930,000000,190.84,190.84,190.84,190.84,0,0
3464.N,D,20141001,000000,191,191,191,191,0,0
3464.N,D,20141002,000000,191.27,191.27,191.27,191.27,0,0
3464.N,D,20141006,000000,191.04,191.04,191.04,191.04,0,0
3464.N,D,20141007,000000,191.26,191.26,191.26,191.26,0,0
3464.N,D,20141008,000000,191.23,191.23,191.23,191.23,0,0
3464.N,D,20141009,000000,191.24,191.24,191.24,191.24,0,0
3464.N,D,20141010,000000,191.26,191.26,191.26,191.26,0,0
3464.N,D,20141013,000000,191.27,191.27,191.27,191.27,0,0
3464.N,D,20141014,000000,191.14,191.14,191.14,191.14,0,0
3464.N,D,20141015,000000,191.37,191.37,191.37,191.37,0,0
3464.N,D,20141016,000000,191.71,191.71,191.71,191.71,0,0
3464.N,D,20141017,000000,191.08,191.08,191.08,191.08,0,0
3464.N,D,20141020,000000,190.93,190.93,190.93,190.93,0,0
3464.N,D,20141021,000000,191.05,191.05,191.05,191.05,0,0
3464.N,D,20141022,000000,191.06,191.06,191.06,191.06,0,0
3464.N,D,20141023,000000,191.19,191.19,191.19,191.19,0,0
3464.N,D,20141024,000000,191.07,191.07,191.07,191.07,0,0
3464.N,D,20141027,000000,191.12,191.12,191.12,191.12,0,0
3464.N,D,20141028,000000,191.29,191.29,191.29,191.29,0,0
3464.N,D,20141029,000000,191.32,191.32,191.32,191.32,0,0
3464.N,D,20141030,000000,191.27,191.27,191.27,191.27,0,0
3464.N,D,20141031,000000,191.56,191.56,191.56,191.56,0,0
3464.N,D,20141103,000000,191.78,191.78,191.78,191.78,0,0
3464.N,D,20141104,000000,191.74,191.74,191.74,191.74,0,0
3464.N,D,20141105,000000,192.05,192.05,192.05,192.05,0,0
3464.N,D,20141106,000000,192.01,192.01,192.01,192.01,0,0
3464.N,D,20141107,000000,192.07,192.07,192.07,192.07,0,0
3464.N,D,20141110,000000,192.23,192.23,192.23,192.23,0,0
3464.N,D,20141111,000000,192.27,192.27,192.27,192.27,0,0
3464.N,D,20141112,000000,192.38,192.38,192.38,192.38,0,0
3464.N,D,20141113,000000,192.53,192.53,192.53,192.53,0,0
3464.N,D,20141114,000000,192.61,192.61,192.61,192.61,0,0
3464.N,D,20141117,000000,192.59,192.59,192.59,192.59,0,0
3464.N,D,20141118,000000,192.5,192.5,192.5,192.5,0,0
3464.N,D,20141119,000000,192.45,192.45,192.45,192.45,0,0
3464.N,D,20141120,000000,192.09,192.09,192.09,192.09,0,0
3464.N,D,20141121,000000,192.28,192.28,192.28,192.28,0,0
3464.N,D,20141124,000000,192.49,192.49,192.49,192.49,0,0
3464.N,D,20141125,000000,192.5,192.5,192.5,192.5,0,0
3464.N,D,20141126,000000,192.65,192.65,192.65,192.65,0,0
3464.N,D,20141127,000000,192.73,192.73,192.73,192.73,0,0
3464.N,D,20141128,000000,192.83,192.83,192.83,192.83,0,0
3464.N,D,20141201,000000,192.81,192.81,192.81,192.81,0,0
3464.N,D,20141202,000000,192.66,192.66,192.66,192.66,0,0
3464.N,D,20141203,000000,192.46,192.46,192.46,192.46,0,0
3464.N,D,20141204,000000,192.48,192.48,192.48,192.48,0,0
3464.N,D,20141205,000000,192.5,192.5,192.5,192.5,0,0
3464.N,D,20141209,000000,192.78,192.78,192.78,192.78,0,0
3464.N,D,20141210,000000,192.8,192.8,192.8,192.8,0,0
3464.N,D,20141211,000000,192.76,192.76,192.76,192.76,0,0
3464.N,D,20141212,000000,192.74,192.74,192.74,192.74,0,0
3464.N,D,20141215,000000,192.8,192.8,192.8,192.8,0,0
3464.N,D,20141216,000000,192.67,192.67,192.67,192.67,0,0
3464.N,D,20141217,000000,192.77,192.77,192.77,192.77,0,0
3464.N,D,20141218,000000,192.79,192.79,192.79,192.79,0,0
3464.N,D,20141219,000000,192.87,192.87,192.87,192.87,0,0
3464.N,D,20141222,000000,193.08,193.08,193.08,193.08,0,0
3464.N,D,20141223,000000,193.15,193.15,193.15,193.15,0,0
3464.N,D,20141229,000000,193.14,193.14,193.14,193.14,0,0
3464.N,D,20141230,000000,193.49,193.49,193.49,193.49,0,0
3464.N,D,20150102,000000,193.56,193.56,193.56,193.56,0,0
3464.N,D,20150105,000000,193.81,193.81,193.81,193.81,0,0
3464.N,D,20150107,000000,193.98,193.98,193.98,193.98,0,0
3464.N,D,20150108,000000,193.96,193.96,193.96,193.96,0,0
3464.N,D,20150109,000000,193.9,193.9,193.9,193.9,0,0
3464.N,D,20150112,000000,193.98,193.98,193.98,193.98,0,0
3464.N,D,20150113,000000,194.15,194.15,194.15,194.15,0,0
3464.N,D,20150114,000000,194.05,194.05,194.05,194.05,0,0
3464.N,D,20150115,000000,194.29,194.29,194.29,194.29,0,0
3464.N,D,20150116,000000,194.47,194.47,194.47,194.47,0,0
3464.N,D,20150119,000000,194.44,194.44,194.44,194.44,0,0
3464.N,D,20150120,000000,194.56,194.56,194.56,194.56,0,0
3464.N,D,20150121,000000,194.57,194.57,194.57,194.57,0,0
3464.N,D,20150122,000000,194.27,194.27,194.27,194.27,0,0
3464.N,D,20150123,000000,194.63,194.63,194.63,194.63,0,0
3464.N,D,20150126,000000,195.37,195.37,195.37,195.37,0,0
3464.N,D,20150127,000000,195.18,195.18,195.18,195.18,0,0
3464.N,D,20150128,000000,195.1,195.1,195.1,195.1,0,0
3464.N,D,20150129,000000,195.42,195.42,195.42,195.42,0,0
3464.N,D,20150130,000000,195.42,195.42,195.42,195.42,0,0
3464.N,D,20150202,000000,195.53,195.53,195.53,195.53,0,0
3464.N,D,20150203,000000,195.7,195.7,195.7,195.7,0,0
3464.N,D,20150204,000000,195.69,195.69,195.69,195.69,0,0
3464.N,D,20150205,000000,195.66,195.66,195.66,195.66,0,0
3464.N,D,20150206,000000,195.69,195.69,195.69,195.69,0,0
3464.N,D,20150209,000000,195.79,195.79,195.79,195.79,0,0
3464.N,D,20150210,000000,195.94,195.94,195.94,195.94,0,0
3464.N,D,20150211,000000,195.88,195.88,195.88,195.88,0,0
3464.N,D,20150212,000000,195.97,195.97,195.97,195.97,0,0
3464.N,D,20150213,000000,196.23,196.23,196.23,196.23,0,0
3464.N,D,20150216,000000,196.3,196.3,196.3,196.3,0,0
3464.N,D,20150217,000000,196.35,196.35,196.35,196.35,0,0
3464.N,D,20150218,000000,196.21,196.21,196.21,196.21,0,0
3464.N,D,20150219,000000,196.32,196.32,196.32,196.32,0,0
3464.N,D,20150220,000000,196.41,196.41,196.41,196.41,0,0
3464.N,D,20150223,000000,196.56,196.56,196.56,196.56,0,0
3464.N,D,20150224,000000,196.56,196.56,196.56,196.56,0,0
3464.N,D,20150225,000000,196.62,196.62,196.62,196.62,0,0
3464.N,D,20150226,000000,196.88,196.88,196.88,196.88,0,0
3464.N,D,20150227,000000,197.13,197.13,197.13,197.13,0,0
3464.N,D,20150302,000000,197.01,197.01,197.01,197.01,0,0
3464.N,D,20150303,000000,196.85,196.85,196.85,196.85,0,0
3464.N,D,20150304,000000,196.82,196.82,196.82,196.82,0,0
3464.N,D,20150305,000000,196.71,196.71,196.71,196.71,0,0
3464.N,D,20150306,000000,196.87,196.87,196.87,196.87,0,0
3464.N,D,20150309,000000,196.69,196.69,196.69,196.69,0,0
3464.N,D,20150310,000000,197.11,197.11,197.11,197.11,0,0
3464.N,D,20150311,000000,197.43,197.43,197.43,197.43,0,0
3464.N,D,20150312,000000,197.42,197.42,197.42,197.42,0,0
3464.N,D,20150313,000000,197.04,197.04,197.04,197.04,0,0
3464.N,D,20150316,000000,196.85,196.85,196.85,196.85,0,0
3464.N,D,20150317,000000,196.54,196.54,196.54,196.54,0,0
3464.N,D,20150318,000000,196.17,196.17,196.17,196.17,0,0
3464.N,D,20150319,000000,196.53,196.53,196.53,196.53,0,0
3464.N,D,20150320,000000,196.51,196.51,196.51,196.51,0,0
3464.N,D,20150323,000000,196.56,196.56,196.56,196.56,0,0
3464.N,D,20150324,000000,196.28,196.28,196.28,196.28,0,0
3464.N,D,20150325,000000,196.11,196.11,196.11,196.11,0,0
3464.N,D,20150326,000000,196.18,196.18,196.18,196.18,0,0
3464.N,D,20150327,000000,196.28,196.28,196.28,196.28,0,0
3464.N,D,20150330,000000,196.52,196.52,196.52,196.52,0,0
3464.N,D,20150331,000000,196.56,196.56,196.56,196.56,0,0
3464.N,D,20150401,000000,196.77,196.77,196.77,196.77,0,0
3464.N,D,20150402,000000,196.87,196.87,196.87,196.87,0,0
3464.N,D,20150407,000000,196.9,196.9,196.9,196.9,0,0
3464.N,D,20150408,000000,197,197,197,197,0,0
3464.N,D,20150409,000000,197.27,197.27,197.27,197.27,0,0
3464.N,D,20150410,000000,197.38,197.38,197.38,197.38,0,0
3464.N,D,20150413,000000,197.48,197.48,197.48,197.48,0,0
3464.N,D,20150414,000000,197.5,197.5,197.5,197.5,0,0
3464.N,D,20150415,000000,197.54,197.54,197.54,197.54,0,0
3464.N,D,20150416,000000,197.67,197.67,197.67,197.67,0,0
3464.N,D,20150417,000000,197.67,197.67,197.67,197.67,0,0
3464.N,D,20150420,000000,197.61,197.61,197.61,197.61,0,0
3464.N,D,20150421,000000,197.55,197.55,197.55,197.55,0,0
3464.N,D,20150422,000000,197.36,197.36,197.36,197.36,0,0
3464.N,D,20150423,000000,196.92,196.92,196.92,196.92,0,0
3464.N,D,20150424,000000,196.97,196.97,196.97,196.97,0,0
3464.N,D,20150427,000000,197.02,197.02,197.02,197.02,0,0
3464.N,D,20150428,000000,197.06,197.06,197.06,197.06,0,0
3464.N,D,20150429,000000,197.18,197.18,197.18,197.18,0,0
3464.N,D,20150430,000000,196.33,196.33,196.33,196.33,0,0
3464.N,D,20150504,000000,195.76,195.76,195.76,195.76,0,0
3464.N,D,20150505,000000,195.25,195.25,195.25,195.25,0,0
3464.N,D,20150506,000000,194.83,194.83,194.83,194.83,0,0
3464.N,D,20150507,000000,194.26,194.26,194.26,194.26,0,0
3464.N,D,20150508,000000,194.06,194.06,194.06,194.06,0,0
3464.N,D,20150511,000000,194.65,194.65,194.65,194.65,0,0
3464.N,D,20150512,000000,194.37,194.37,194.37,194.37,0,0
3464.N,D,20150513,000000,193.75,193.75,193.75,193.75,0,0
3464.N,D,20150515,000000,193.56,193.56,193.56,193.56,0,0
3464.N,D,20150518,000000,194.08,194.08,194.08,194.08,0,0
3464.N,D,20150519,000000,194.04,194.04,194.04,194.04,0,0
3464.N,D,20150520,000000,194.28,194.28,194.28,194.28,0,0
3464.N,D,20150521,000000,194.12,194.12,194.12,194.12,0,0
3464.N,D,20150522,000000,194.03,194.03,194.03,194.03,0,0
3464.N,D,20150526,000000,194.2,194.2,194.2,194.2,0,0
3464.N,D,20150527,000000,194.49,194.49,194.49,194.49,0,0
3464.N,D,20150528,000000,194.39,194.39,194.39,194.39,0,0
3464.N,D,20150529,000000,194.36,194.36,194.36,194.36,0,0
3464.N,D,20150601,000000,194.52,194.52,194.52,194.52,0,0
3464.N,D,20150602,000000,194.28,194.28,194.28,194.28,0,0
3464.N,D,20150603,000000,193.12,193.12,193.12,193.12,0,0
3464.N,D,20150605,000000,191.9,191.9,191.9,191.9,0,0
3464.N,D,20150608,000000,191.79,191.79,191.79,191.79,0,0
3464.N,D,20150609,000000,191.39,191.39,191.39,191.39,0,0
3464.N,D,20150610,000000,190.6,190.6,190.6,190.6,0,0
3464.N,D,20150611,000000,190.23,190.23,190.23,190.23,0,0
3464.N,D,20150612,000000,190.92,190.92,190.92,190.92,0,0
3464.N,D,20150615,000000,191.19,191.19,191.19,191.19,0,0
3464.N,D,20150616,000000,191,191,191,191,0,0
3464.N,D,20150617,000000,190.76,190.76,190.76,190.76,0,0
3464.N,D,20150618,000000,190.52,190.52,190.52,190.52,0,0
3464.N,D,20150619,000000,190.19,190.19,190.19,190.19,0,0
3464.N,D,20150622,000000,190.48,190.48,190.48,190.48,0,0
3464.N,D,20150623,000000,190.01,190.01,190.01,190.01,0,0
3464.N,D,20150624,000000,190.34,190.34,190.34,190.34,0,0
3464.N,D,20150625,000000,190.48,190.48,190.48,190.48,0,0
3464.N,D,20150626,000000,190.36,190.36,190.36,190.36,0,0
3464.N,D,20150629,000000,190.02,190.02,190.02,190.02,0,0
3464.N,D,20150630,000000,190.2,190.2,190.2,190.2,0,0
3464.N,D,20150701,000000,190.28,190.28,190.28,190.28,0,0
3464.N,D,20150702,000000,190.2,190.2,190.2,190.2,0,0
3464.N,D,20150703,000000,190.13,190.13,190.13,190.13,0,0
3464.N,D,20150706,000000,190.52,190.52,190.52,190.52,0,0
3464.N,D,20150707,000000,190.45,190.45,190.45,190.45,0,0
3464.N,D,20150708,000000,191.07,191.07,191.07,191.07,0,0
3464.N,D,20150709,000000,190.64,190.64,190.64,190.64,0,0
3464.N,D,20150710,000000,190.44,190.44,190.44,190.44,0,0
3464.N,D,20150713,000000,189.72,189.72,189.72,189.72,0,0
3464.N,D,20150714,000000,190.2,190.2,190.2,190.2,0,0
3464.N,D,20150715,000000,190.46,190.46,190.46,190.46,0,0
3464.N,D,20150716,000000,191,191,191,191,0,0
3464.N,D,20150717,000000,191.14,191.14,191.14,191.14,0,0
3464.N,D,20150720,000000,191.71,191.71,191.71,191.71,0,0
3464.N,D,20150721,000000,192.06,192.06,192.06,192.06,0,0
3464.N,D,20150722,000000,192.04,192.04,192.04,192.04,0,0
3464.N,D,20150723,000000,192.24,192.24,192.24,192.24,0,0
3464.N,D,20150724,000000,192.26,192.26,192.26,192.26,0,0
3464.N,D,20150727,000000,192.59,192.59,192.59,192.59,0,0
3464.N,D,20150728,000000,192.46,192.46,192.46,192.46,0,0
3464.N,D,20150729,000000,192.45,192.45,192.45,192.45,0,0
3464.N,D,20150730,000000,192.37,192.37,192.37,192.37,0,0
3464.N,D,20150731,000000,192.76,192.76,192.76,192.76,0,0
3464.N,D,20150803,000000,192.87,192.87,192.87,192.87,0,0
3464.N,D,20150804,000000,192.96,192.96,192.96,192.96,0,0
3464.N,D,20150805,000000,192.95,192.95,192.95,192.95,0,0
3464.N,D,20150806,000000,192.33,192.33,192.33,192.33,0,0
3464.N,D,20150807,000000,192.4,192.4,192.4,192.4,0,0
3464.N,D,20150810,000000,192.75,192.75,192.75,192.75,0,0
3464.N,D,20150811,000000,192.51,192.51,192.51,192.51,0,0
3464.N,D,20150812,000000,193.01,193.01,193.01,193.01,0,0
3464.N,D,20150813,000000,192.96,192.96,192.96,192.96,0,0
3464.N,D,20150814,000000,192.77,192.77,192.77,192.77,0,0
3464.N,D,20150817,000000,192.55,192.55,192.55,192.55,0,0
3464.N,D,20150818,000000,192.68,192.68,192.68,192.68,0,0
3464.N,D,20150819,000000,192.51,192.51,192.51,192.51,0,0
3464.N,D,20150820,000000,192.46,192.46,192.46,192.46,0,0
3464.N,D,20150821,000000,192.55,192.55,192.55,192.55,0,0
3464.N,D,20150824,000000,192.43,192.43,192.43,192.43,0,0
3464.N,D,20150825,000000,191.91,191.91,191.91,191.91,0,0
3464.N,D,20150826,000000,190.89,190.89,190.89,190.89,0,0
3464.N,D,20150827,000000,191.15,191.15,191.15,191.15,0,0
3464.N,D,20150828,000000,191.04,191.04,191.04,191.04,0,0
3464.N,D,20150831,000000,191.08,191.08,191.08,191.08,0,0
3464.N,D,20150901,000000,190.79,190.79,190.79,190.79,0,0
3464.N,D,20150902,000000,190.56,190.56,190.56,190.56,0,0
3464.N,D,20150903,000000,190.58,190.58,190.58,190.58,0,0
3464.N,D,20150904,000000,190.96,190.96,190.96,190.96,0,0
3464.N,D,20150907,000000,191.23,191.23,191.23,191.23,0,0
3464.N,D,20150908,000000,191.31,191.31,191.31,191.31,0,0
3464.N,D,20150909,000000,191.25,191.25,191.25,191.25,0,0
3464.N,D,20150910,000000,191.15,191.15,191.15,191.15,0,0
3464.N,D,20150911,000000,191.02,191.02,191.02,191.02,0,0
3464.N,D,20150914,000000,191,191,191,191,0,0
3464.N,D,20150915,000000,190.81,190.81,190.81,190.81,0,0
3464.N,D,20150916,000000,189.93,189.93,189.93,189.93,0,0
3464.N,D,20150917,000000,189.75,189.75,189.75,189.75,0,0
3464.N,D,20150918,000000,189.69,189.69,189.69,189.69,0,0
3464.N,D,20150921,000000,190.38,190.38,190.38,190.38,0,0
3464.N,D,20150922,000000,190.02,190.02,190.02,190.02,0,0
3464.N,D,20150923,000000,190.02,190.02,190.02,190.02,0,0
3464.N,D,20150924,000000,189.73,189.73,189.73,189.73,0,0
3464.N,D,20150925,000000,189.45,189.45,189.45,189.45,0,0
3464.N,D,20150928,000000,188.97,188.97,188.97,188.97,0,0
3464.N,D,20150929,000000,188.48,188.48,188.48,188.48,0,0
3464.N,D,20150930,000000,187.86,187.86,187.86,187.86,0,0
3464.N,D,20151001,000000,188.23,188.23,188.23,188.23,0,0
3464.N,D,20151002,000000,188.65,188.65,188.65,188.65,0,0
3464.N,D,20151005,000000,188.81,188.81,188.81,188.81,0,0
3464.N,D,20151006,000000,188.7,188.7,188.7,188.7,0,0
3464.N,D,20151007,000000,188.76,188.76,188.76,188.76,0,0
3464.N,D,20151008,000000,189.22,189.22,189.22,189.22,0,0
3464.N,D,20151009,000000,189.35,189.35,189.35,189.35,0,0
3464.N,D,20151012,000000,189.51,189.51,189.51,189.51,0,0
3464.N,D,20151013,000000,190.02,190.02,190.02,190.02,0,0
3464.N,D,20151014,000000,189.82,189.82,189.82,189.82,0,0
3464.N,D,20151015,000000,190.06,190.06,190.06,190.06,0,0
3464.N,D,20151016,000000,189.94,189.94,189.94,189.94,0,0
3464.N,D,20151019,000000,190.12,190.12,190.12,190.12,0,0
3464.N,D,20151020,000000,190.05,190.05,190.05,190.05,0,0
3464.N,D,20151021,000000,189.66,189.66,189.66,189.66,0,0
3464.N,D,20151022,000000,190.06,190.06,190.06,190.06,0,0
3464.N,D,20151023,000000,190.69,190.69,190.69,190.69,0,0
3464.N,D,20151027,000000,191.34,191.34,191.34,191.34,0,0
3464.N,D,20151028,000000,191.77,191.77,191.77,191.77,0,0
3464.N,D,20151029,000000,191.85,191.85,191.85,191.85,0,0
3464.N,D,20151030,000000,191.33,191.33,191.33,191.33,0,0
3464.N,D,20151102,000000,191.41,191.41,191.41,191.41,0,0
3464.N,D,20151103,000000,191.22,191.22,191.22,191.22,0,0
3464.N,D,20151104,000000,191.38,191.38,191.38,191.38,0,0
3464.N,D,20151105,000000,191.41,191.41,191.41,191.41,0,0
3464.N,D,20151106,000000,191.37,191.37,191.37,191.37,0,0
3464.N,D,20151109,000000,190.83,190.83,190.83,190.83,0,0
3464.N,D,20151110,000000,191.03,191.03,191.03,191.03,0,0
3464.N,D,20151111,000000,191.28,191.28,191.28,191.28,0,0
3464.N,D,20151112,000000,191.42,191.42,191.42,191.42,0,0
3464.N,D,20151113,000000,191.3,191.3,191.3,191.3,0,0
3464.N,D,20151116,000000,191.49,191.49,191.49,191.49,0,0
3464.N,D,20151117,000000,191.6,191.6,191.6,191.6,0,0
3464.N,D,20151118,000000,191.74,191.74,191.74,191.74,0,0
3464.N,D,20151119,000000,191.89,191.89,191.89,191.89,0,0
3464.N,D,20151120,000000,192.15,192.15,192.15,192.15,0,0
3464.N,D,20151123,000000,192.28,192.28,192.28,192.28,0,0
3464.N,D,20151124,000000,192.01,192.01,192.01,192.01,0,0
3464.N,D,20151125,000000,192.09,192.09,192.09,192.09,0,0
3464.N,D,20151126,000000,192.36,192.36,192.36,192.36,0,0
3464.N,D,20151127,000000,192.38,192.38,192.38,192.38,0,0
3464.N,D,20151130,000000,192.56,192.56,192.56,192.56,0,0
3464.N,D,20151201,000000,192.38,192.38,192.38,192.38,0,0
3464.N,D,20151202,000000,192.5,192.5,192.5,192.5,0,0
3464.N,D,20151203,000000,192.43,192.43,192.43,192.43,0,0
3464.N,D,20151204,000000,191.14,191.14,191.14,191.14,0,0
3464.N,D,20151207,000000,190.78,190.78,190.78,190.78,0,0
3464.N,D,20151209,000000,191.15,191.15,191.15,191.15,0,0
3464.N,D,20151210,000000,190.91,190.91,190.91,190.91,0,0
3464.N,D,20151211,000000,191.12,191.12,191.12,191.12,0,0
3464.N,D,20151214,000000,191.05,191.05,191.05,191.05,0,0
3464.N,D,20151215,000000,190.54,190.54,190.54,190.54,0,0
3464.N,D,20151216,000000,190.08,190.08,190.08,190.08,0,0
3464.N,D,20151217,000000,190.11,190.11,190.11,190.11,0,0
3464.N,D,20151218,000000,190.55,190.55,190.55,190.55,0,0
3464.N,D,20151221,000000,190.81,190.81,190.81,190.81,0,0
3464.N,D,20151222,000000,190.81,190.81,190.81,190.81,0,0
3464.N,D,20151223,000000,190.45,190.45,190.45,190.45,0,0
3464.N,D,20151228,000000,190.23,190.23,190.23,190.23,0,0
3464.N,D,20151229,000000,190.64,190.64,190.64,190.64,0,0
3464.N,D,20151230,000000,190.27,190.27,190.27,190.27,0,0
3464.N,D,20160104,000000,190.36,190.36,190.36,190.36,0,0
3464.N,D,20160105,000000,190.69,190.69,190.69,190.69,0,0
3464.N,D,20160107,000000,190.95,190.95,190.95,190.95,0,0
3464.N,D,20160108,000000,190.33,190.33,190.33,190.33,0,0
3464.N,D,20160111,000000,190.54,190.54,190.54,190.54,0,0
3464.N,D,20160112,000000,190.26,190.26,190.26,190.26,0,0
3464.N,D,20160113,000000,190,190,190,190,0,0
3464.N,D,20160114,000000,190.02,190.02,190.02,190.02,0,0
3464.N,D,20160115,000000,189.49,189.49,189.49,189.49,0,0
3464.N,D,20160118,000000,189.42,189.42,189.42,189.42,0,0
3464.N,D,20160119,000000,188.9,188.9,188.9,188.9,0,0
3464.N,D,20160120,000000,188.93,188.93,188.93,188.93,0,0
3464.N,D,20160122,000000,189.06,189.06,189.06,189.06,0,0
3464.N,D,20160125,000000,189.47,189.47,189.47,189.47,0,0
3464.N,D,20160126,000000,189.6,189.6,189.6,189.6,0,0
3464.N,D,20160127,000000,189.79,189.79,189.79,189.79,0,0
3464.N,D,20160128,000000,190.03,190.03,190.03,190.03,0,0
3464.N,D,20160129,000000,190.55,190.55,190.55,190.55,0,0
3464.N,D,20160201,000000,191.3,191.3,191.3,191.3,0,0
3464.N,D,20160202,000000,191.22,191.22,191.22,191.22,0,0
3464.N,D,20160203,000000,191.13,191.13,191.13,191.13,0,0
3464.N,D,20160204,000000,191.21,191.21,191.21,191.21,0,0
3464.N,D,20160205,000000,191.11,191.11,191.11,191.11,0,0
3464.N,D,20160208,000000,191.18,191.18,191.18,191.18,0,0
3464.N,D,20160209,000000,191.27,191.27,191.27,191.27,0,0
3464.N,D,20160210,000000,190.91,190.91,190.91,190.91,0,0
3464.N,D,20160211,000000,190.85,190.85,190.85,190.85,0,0
3464.N,D,20160212,000000,190.82,190.82,190.82,190.82,0,0
3464.N,D,20160215,000000,190.3,190.3,190.3,190.3,0,0
3464.N,D,20160216,000000,190.69,190.69,190.69,190.69,0,0
3464.N,D,20160217,000000,190.58,190.58,190.58,190.58,0,0
3464.N,D,20160218,000000,190.74,190.74,190.74,190.74,0,0
3464.N,D,20160219,000000,191.44,191.44,191.44,191.44,0,0
3464.N,D,20160222,000000,191.47,191.47,191.47,191.47,0,0
3464.N,D,20160223,000000,191.76,191.76,191.76,191.76,0,0
3464.N,D,20160224,000000,191.86,191.86,191.86,191.86,0,0
3464.N,D,20160225,000000,191.92,191.92,191.92,191.92,0,0
3464.N,D,20160226,000000,192.06,192.06,192.06,192.06,0,0
3464.N,D,20160229,000000,192.27,192.27,192.27,192.27,0,0
3464.N,D,20160301,000000,192.64,192.64,192.64,192.64,0,0
3464.N,D,20160302,000000,192.67,192.67,192.67,192.67,0,0
3464.N,D,20160303,000000,192.67,192.67,192.67,192.67,0,0
3464.N,D,20160304,000000,192.98,192.98,192.98,192.98,0,0
3464.N,D,20160307,000000,192.76,192.76,192.76,192.76,0,0
3464.N,D,20160308,000000,192.97,192.97,192.97,192.97,0,0
3464.N,D,20160309,000000,193.19,193.19,193.19,193.19,0,0
3464.N,D,20160310,000000,192.73,192.73,192.73,192.73,0,0
3464.N,D,20160311,000000,192.6,192.6,192.6,192.6,0,0
3464.N,D,20160314,000000,194.29,194.29,194.29,194.29,0,0
3464.N,D,20160315,000000,195.04,195.04,195.04,195.04,0,0
3464.N,D,20160316,000000,194.61,194.61,194.61,194.61,0,0
3464.N,D,20160317,000000,194.58,194.58,194.58,194.58,0,0
3464.N,D,20160318,000000,194.93,194.93,194.93,194.93,0,0
3464.N,D,20160321,000000,195.18,195.18,195.18,195.18,0,0
3464.N,D,20160322,000000,195.25,195.25,195.25,195.25,0,0
3464.N,D,20160323,000000,195.41,195.41,195.41,195.41,0,0
3464.N,D,20160324,000000,195.64,195.64,195.64,195.64,0,0
3464.N,D,20160329,000000,195.67,195.67,195.67,195.67,0,0
3464.N,D,20160330,000000,195.98,195.98,195.98,195.98,0,0
3464.N,D,20160331,000000,195.95,195.95,195.95,195.95,0,0
3464.N,D,20160401,000000,196.09,196.09,196.09,196.09,0,0
3464.N,D,20160404,000000,196.28,196.28,196.28,196.28,0,0
3464.N,D,20160405,000000,196.6,196.6,196.6,196.6,0,0
3464.N,D,20160406,000000,196.92,196.92,196.92,196.92,0,0
3464.N,D,20160407,000000,196.91,196.91,196.91,196.91,0,0
3464.N,D,20160408,000000,197.09,197.09,197.09,197.09,0,0
3464.N,D,20160411,000000,196.95,196.95,196.95,196.95,0,0
3464.N,D,20160412,000000,196.83,196.83,196.83,196.83,0,0
3464.N,D,20160413,000000,196.52,196.52,196.52,196.52,0,0
3464.N,D,20160414,000000,196.8,196.8,196.8,196.8,0,0
3464.N,D,20160415,000000,196.82,196.82,196.82,196.82,0,0
3464.N,D,20160418,000000,197.13,197.13,197.13,197.13,0,0
3464.N,D,20160419,000000,196.93,196.93,196.93,196.93,0,0
3464.N,D,20160420,000000,197.03,197.03,197.03,197.03,0,0
3464.N,D,20160421,000000,197.29,197.29,197.29,197.29,0,0
3464.N,D,20160422,000000,196.98,196.98,196.98,196.98,0,0
3464.N,D,20160425,000000,197.34,197.34,197.34,197.34,0,0
3464.N,D,20160426,000000,197.23,197.23,197.23,197.23,0,0
3464.N,D,20160427,000000,196.94,196.94,196.94,196.94,0,0
3464.N,D,20160428,000000,197,197,197,197,0,0
3464.N,D,20160429,000000,197.18,197.18,197.18,197.18,0,0
3464.N,D,20160502,000000,196.95,196.95,196.95,196.95,0,0
3464.N,D,20160503,000000,196.94,196.94,196.94,196.94,0,0
3464.N,D,20160504,000000,197.44,197.44,197.44,197.44,0,0
3464.N,D,20160506,000000,197.53,197.53,197.53,197.53,0,0
3464.N,D,20160509,000000,197.61,197.61,197.61,197.61,0,0
3464.N,D,20160510,000000,197.55,197.55,197.55,197.55,0,0
3464.N,D,20160511,000000,197.46,197.46,197.46,197.46,0,0
3464.N,D,20160512,000000,197.32,197.32,197.32,197.32,0,0
3464.N,D,20160513,000000,197.03,197.03,197.03,197.03,0,0
3464.N,D,20160517,000000,196.96,196.96,196.96,196.96,0,0
3464.N,D,20160518,000000,197.06,197.06,197.06,197.06,0,0
3464.N,D,20160519,000000,196.77,196.77,196.77,196.77,0,0
3464.N,D,20160520,000000,196.64,196.64,196.64,196.64,0,0
3464.N,D,20160523,000000,196.6,196.6,196.6,196.6,0,0
3464.N,D,20160524,000000,196.49,196.49,196.49,196.49,0,0
3464.N,D,20160525,000000,196.58,196.58,196.58,196.58,0,0
3464.N,D,20160527,000000,197.16,197.16,197.16,197.16,0,0
3464.N,D,20160530,000000,197.22,197.22,197.22,197.22,0,0
3464.N,D,20160531,000000,197.11,197.11,197.11,197.11,0,0
3464.N,D,20160601,000000,197.35,197.35,197.35,197.35,0,0
3464.N,D,20160602,000000,197.48,197.48,197.48,197.48,0,0
3464.N,D,20160603,000000,197.68,197.68,197.68,197.68,0,0
3464.N,D,20160606,000000,198.16,198.16,198.16,198.16,0,0
3464.N,D,20160607,000000,198.21,198.21,198.21,198.21,0,0
3464.N,D,20160608,000000,198.57,198.57,198.57,198.57,0,0
3464.N,D,20160609,000000,198.74,198.74,198.74,198.74,0,0
3464.N,D,20160610,000000,199,199,199,199,0,0
3464.N,D,20160613,000000,199.09,199.09,199.09,199.09,0,0
3464.N,D,20160614,000000,198.87,198.87,198.87,198.87,0,0
3464.N,D,20160615,000000,198.85,198.85,198.85,198.85,0,0
3464.N,D,20160616,000000,198.93,198.93,198.93,198.93,0,0
3464.N,D,20160617,000000,198.87,198.87,198.87,198.87,0,0
3464.N,D,20160620,000000,198.71,198.71,198.71,198.71,0,0
3464.N,D,20160621,000000,198.64,198.64,198.64,198.64,0,0
3464.N,D,20160622,000000,198.81,198.81,198.81,198.81,0,0
3464.N,D,20160623,000000,198.78,198.78,198.78,198.78,0,0
3464.N,D,20160624,000000,198.82,198.82,198.82,198.82,0,0
3464.N,D,20160627,000000,198.57,198.57,198.57,198.57,0,0
3464.N,D,20160628,000000,198.65,198.65,198.65,198.65,0,0
3464.N,D,20160629,000000,198.92,198.92,198.92,198.92,0,0
3464.N,D,20160630,000000,199.37,199.37,199.37,199.37,0,0
3464.N,D,20160701,000000,199.63,199.63,199.63,199.63,0,0
3464.N,D,20160704,000000,200.08,200.08,200.08,200.08,0,0
3464.N,D,20160705,000000,200.48,200.48,200.48,200.48,0,0
3464.N,D,20160706,000000,200.93,200.93,200.93,200.93,0,0
3464.N,D,20160707,000000,200.88,200.88,200.88,200.88,0,0
3464.N,D,20160708,000000,200.97,200.97,200.97,200.97,0,0
3464.N,D,20160711,000000,201.29,201.29,201.29,201.29,0,0
3464.N,D,20160712,000000,201.53,201.53,201.53,201.53,0,0
3464.N,D,20160713,000000,201.6,201.6,201.6,201.6,0,0
3464.N,D,20160714,000000,202.29,202.29,202.29,202.29,0,0
3464.N,D,20160715,000000,202.27,202.27,202.27,202.27,0,0
3464.N,D,20160718,000000,202.14,202.14,202.14,202.14,0,0
3464.N,D,20160719,000000,202.45,202.45,202.45,202.45,0,0
3464.N,D,20160720,000000,202.66,202.66,202.66,202.66,0,0
3464.N,D,20160721,000000,202.75,202.75,202.75,202.75,0,0
3464.N,D,20160722,000000,202.85,202.85,202.85,202.85,0,0
3464.N,D,20160725,000000,202.99,202.99,202.99,202.99,0,0
3464.N,D,20160726,000000,203.26,203.26,203.26,203.26,0,0
3464.N,D,20160727,000000,203.14,203.14,203.14,203.14,0,0
3464.N,D,20160728,000000,203.5,203.5,203.5,203.5,0,0
3464.N,D,20160729,000000,203.47,203.47,203.47,203.47,0,0
3464.N,D,20160801,000000,203.72,203.72,203.72,203.72,0,0
3464.N,D,20160802,000000,203.63,203.63,203.63,203.63,0,0
3464.N,D,20160803,000000,203.15,203.15,203.15,203.15,0,0
3464.N,D,20160804,000000,203.16,203.16,203.16,203.16,0,0
3464.N,D,20160805,000000,203.75,203.75,203.75,203.75,0,0
3464.N,D,20160808,000000,203.67,203.67,203.67,203.67,0,0
3464.N,D,20160809,000000,203.81,203.81,203.81,203.81,0,0
3464.N,D,20160810,000000,204.07,204.07,204.07,204.07,0,0
3464.N,D,20160811,000000,204.37,204.37,204.37,204.37,0,0
3464.N,D,20160812,000000,204.31,204.31,204.31,204.31,0,0
3464.N,D,20160816,000000,204.13,204.13,204.13,204.13,0,0
3464.N,D,20160817,000000,203.9,203.9,203.9,203.9,0,0
3464.N,D,20160818,000000,204.02,204.02,204.02,204.02,0,0
3464.N,D,20160819,000000,204.28,204.28,204.28,204.28,0,0
3464.N,D,20160822,000000,204.04,204.04,204.04,204.04,0,0
3464.N,D,20160823,000000,204.3,204.3,204.3,204.3,0,0
3464.N,D,20160824,000000,204.42,204.42,204.42,204.42,0,0
3464.N,D,20160825,000000,204.36,204.36,204.36,204.36,0,0
3464.N,D,20160826,000000,204.3,204.3,204.3,204.3,0,0
3464.N,D,20160829,000000,204.44,204.44,204.44,204.44,0,0
3464.N,D,20160830,000000,204.38,204.38,204.38,204.38,0,0
3464.N,D,20160831,000000,204.51,204.51,204.51,204.51,0,0
3464.N,D,20160901,000000,204.38,204.38,204.38,204.38,0,0
3464.N,D,20160902,000000,204.34,204.34,204.34,204.34,0,0
3464.N,D,20160905,000000,204.15,204.15,204.15,204.15,0,0
3464.N,D,20160906,000000,204.33,204.33,204.33,204.33,0,0
3464.N,D,20160907,000000,204.83,204.83,204.83,204.83,0,0
3464.N,D,20160908,000000,205.01,205.01,205.01,205.01,0,0
3464.N,D,20160909,000000,204.54,204.54,204.54,204.54,0,0
3464.N,D,20160912,000000,203.83,203.83,203.83,203.83,0,0
3464.N,D,20160913,000000,203.32,203.32,203.32,203.32,0,0
3464.N,D,20160914,000000,203.2,203.2,203.2,203.2,0,0
3464.N,D,20160915,000000,203.29,203.29,203.29,203.29,0,0
3464.N,D,20160916,000000,203.17,203.17,203.17,203.17,0,0
3464.N,D,20160919,000000,203.34,203.34,203.34,203.34,0,0
3464.N,D,20160920,000000,203.24,203.24,203.24,203.24,0,0
3464.N,D,20160921,000000,203.38,203.38,203.38,203.38,0,0
3464.N,D,20160922,000000,203.21,203.21,203.21,203.21,0,0
3464.N,D,20160923,000000,204.05,204.05,204.05,204.05,0,0
3464.N,D,20160926,000000,204.04,204.04,204.04,204.04,0,0
3464.N,D,20160927,000000,204.2,204.2,204.2,204.2,0,0
3464.N,D,20160928,000000,204.35,204.35,204.35,204.35,0,0
3464.N,D,20160929,000000,204.45,204.45,204.45,204.45,0,0
3464.N,D,20160930,000000,204.23,204.23,204.23,204.23,0,0
3464.N,D,20161003,000000,204.08,204.08,204.08,204.08,0,0
3464.N,D,20161004,000000,203.98,203.98,203.98,203.98,0,0
3464.N,D,20161005,000000,203.98,203.98,203.98,203.98,0,0
3464.N,D,20161006,000000,203.39,203.39,203.39,203.39,0,0
3464.N,D,20161007,000000,203.36,203.36,203.36,203.36,0,0
3464.N,D,20161010,000000,203.21,203.21,203.21,203.21,0,0
3464.N,D,20161011,000000,202.97,202.97,202.97,202.97,0,0
3464.N,D,20161012,000000,203.11,203.11,203.11,203.11,0,0
3464.N,D,20161013,000000,202.86,202.86,202.86,202.86,0,0
3464.N,D,20161014,000000,203.07,203.07,203.07,203.07,0,0
3464.N,D,20161017,000000,202.96,202.96,202.96,202.96,0,0
3464.N,D,20161018,000000,202.99,202.99,202.99,202.99,0,0
3464.N,D,20161019,000000,203.22,203.22,203.22,203.22,0,0
3464.N,D,20161020,000000,203.35,203.35,203.35,203.35,0,0
3464.N,D,20161021,000000,203.59,203.59,203.59,203.59,0,0
3464.N,D,20161024,000000,203.57,203.57,203.57,203.57,0,0
3464.N,D,20161025,000000,203.51,203.51,203.51,203.51,0,0
3464.N,D,20161027,000000,202.98,202.98,202.98,202.98,0,0
3464.N,D,20161028,000000,202.36,202.36,202.36,202.36,0,0
3464.N,D,20161031,000000,202.31,202.31,202.31,202.31,0,0
3464.N,D,20161102,000000,202.15,202.15,202.15,202.15,0,0
3464.N,D,20161103,000000,202.44,202.44,202.44,202.44,0,0
3464.N,D,20161104,000000,202.19,202.19,202.19,202.19,0,0
3464.N,D,20161107,000000,202.3,202.3,202.3,202.3,0,0
3464.N,D,20161108,000000,202.25,202.25,202.25,202.25,0,0
3464.N,D,20161109,000000,202.04,202.04,202.04,202.04,0,0
3464.N,D,20161110,000000,201.79,201.79,201.79,201.79,0,0
3464.N,D,20161111,000000,201.03,201.03,201.03,201.03,0,0
3464.N,D,20161114,000000,200.53,200.53,200.53,200.53,0,0
3464.N,D,20161115,000000,199.82,199.82,199.82,199.82,0,0
3464.N,D,20161116,000000,200.06,200.06,200.06,200.06,0,0
3464.N,D,20161117,000000,199.6,199.6,199.6,199.6,0,0
3464.N,D,20161118,000000,199.54,199.54,199.54,199.54,0,0
3464.N,D,20161121,000000,199.14,199.14,199.14,199.14,0,0
3464.N,D,20161122,000000,199.03,199.03,199.03,199.03,0,0
3464.N,D,20161123,000000,199.69,199.69,199.69,199.69,0,0
3464.N,D,20161124,000000,199.39,199.39,199.39,199.39,0,0
3464.N,D,20161125,000000,199.53,199.53,199.53,199.53,0,0
3464.N,D,20161128,000000,199.69,199.69,199.69,199.69,0,0
3464.N,D,20161129,000000,199.97,199.97,199.97,199.97,0,0
3464.N,D,20161130,000000,199.68,199.68,199.68,199.68,0,0
3464.N,D,20161201,000000,199.42,199.42,199.42,199.42,0,0
3464.N,D,20161202,000000,198.98,198.98,198.98,198.98,0,0
3464.N,D,20161205,000000,199.2,199.2,199.2,199.2,0,0
3464.N,D,20161206,000000,198.85,198.85,198.85,198.85,0,0
3464.N,D,20161207,000000,198.76,198.76,198.76,198.76,0,0
3464.N,D,20161209,000000,199.02,199.02,199.02,199.02,0,0
3464.N,D,20161212,000000,199.41,199.41,199.41,199.41,0,0
3464.N,D,20161213,000000,199.12,199.12,199.12,199.12,0,0
3464.N,D,20161214,000000,199.57,199.57,199.57,199.57,0,0
3464.N,D,20161215,000000,200,200,200,200,0,0
3464.N,D,20161216,000000,199.56,199.56,199.56,199.56,0,0
3464.N,D,20161219,000000,199.88,199.88,199.88,199.88,0,0
3464.N,D,20161220,000000,200.39,200.39,200.39,200.39,0,0
3464.N,D,20161221,000000,200.32,200.32,200.32,200.32,0,0
3464.N,D,20161222,000000,200.44,200.44,200.44,200.44,0,0
3464.N,D,20161223,000000,200.39,200.39,200.39,200.39,0,0
3464.N,D,20161227,000000,200.5,200.5,200.5,200.5,0,0
3464.N,D,20161228,000000,200.94,200.94,200.94,200.94,0,0
3464.N,D,20161229,000000,200.91,200.91,200.91,200.91,0,0
3464.N,D,20161230,000000,201.05,201.05,201.05,201.05,0,0
3464.N,D,20170102,000000,200.92,200.92,200.92,200.92,0,0
3464.N,D,20170103,000000,200.97,200.97,200.97,200.97,0,0
3464.N,D,20170104,000000,200.57,200.57,200.57,200.57,0,0
3464.N,D,20170105,000000,200.62,200.62,200.62,200.62,0,0
3464.N,D,20170109,000000,200.44,200.44,200.44,200.44,0,0
3464.N,D,20170110,000000,200.46,200.46,200.46,200.46,0,0
3464.N,D,20170111,000000,200.47,200.47,200.47,200.47,0,0
3464.N,D,20170112,000000,200.59,200.59,200.59,200.59,0,0
3464.N,D,20170113,000000,200.7,200.7,200.7,200.7,0,0
3464.N,D,20170116,000000,200.53,200.53,200.53,200.53,0,0
3464.N,D,20170117,000000,200.63,200.63,200.63,200.63,0,0
3464.N,D,20170118,000000,200.65,200.65,200.65,200.65,0,0
3464.N,D,20170119,000000,200.39,200.39,200.39,200.39,0,0
3464.N,D,20170120,000000,200.21,200.21,200.21,200.21,0,0
3464.N,D,20170123,000000,199.88,199.88,199.88,199.88,0,0
3464.N,D,20170124,000000,200.3,200.3,200.3,200.3,0,0
3464.N,D,20170125,000000,200.12,200.12,200.12,200.12,0,0
3464.N,D,20170126,000000,199.73,199.73,199.73,199.73,0,0
3464.N,D,20170127,000000,199.57,199.57,199.57,199.57,0,0
3464.N,D,20170130,000000,199.68,199.68,199.68,199.68,0,0
3464.N,D,20170131,000000,199.73,199.73,199.73,199.73,0,0
3464.N,D,20170201,000000,199.77,199.77,199.77,199.77,0,0
3464.N,D,20170202,000000,199.58,199.58,199.58,199.58,0,0
3464.N,D,20170203,000000,199.98,199.98,199.98,199.98,0,0
3464.N,D,20170206,000000,200.11,200.11,200.11,200.11,0,0
3464.N,D,20170207,000000,200.5,200.5,200.5,200.5,0,0
3464.N,D,20170208,000000,200.51,200.51,200.51,200.51,0,0
3464.N,D,20170209,000000,200.82,200.82,200.82,200.82,0,0
3464.N,D,20170210,000000,200.85,200.85,200.85,200.85,0,0
3464.N,D,20170213,000000,200.76,200.76,200.76,200.76,0,0
3464.N,D,20170214,000000,200.74,200.74,200.74,200.74,0,0
3464.N,D,20170215,000000,200.67,200.67,200.67,200.67,0,0
3464.N,D,20170216,000000,200.64,200.64,200.64,200.64,0,0
3464.N,D,20170217,000000,200.89,200.89,200.89,200.89,0,0
3464.N,D,20170220,000000,201.2,201.2,201.2,201.2,0,0
3464.N,D,20170221,000000,201.33,201.33,201.33,201.33,0,0
3464.N,D,20170222,000000,201.28,201.28,201.28,201.28,0,0
3464.N,D,20170223,000000,201.58,201.58,201.58,201.58,0,0
3464.N,D,20170224,000000,201.99,201.99,201.99,201.99,0,0
3464.N,D,20170227,000000,202.32,202.32,202.32,202.32,0,0
3464.N,D,20170228,000000,202.2,202.2,202.2,202.2,0,0
3464.N,D,20170301,000000,202.13,202.13,202.13,202.13,0,0
3464.N,D,20170302,000000,201.51,201.51,201.51,201.51,0,0
3464.N,D,20170303,000000,201.35,201.35,201.35,201.35,0,0
3464.N,D,20170306,000000,200.95,200.95,200.95,200.95,0,0
3464.N,D,20170307,000000,201.05,201.05,201.05,201.05,0,0
3464.N,D,20170308,000000,201.46,201.46,201.46,201.46,0,0
3464.N,D,20170309,000000,200.93,200.93,200.93,200.93,0,0
3464.N,D,20170310,000000,200.57,200.57,200.57,200.57,0,0
3464.N,D,20170313,000000,199.97,199.97,199.97,199.97,0,0
3464.N,D,20170314,000000,200.09,200.09,200.09,200.09,0,0
3464.N,D,20170315,000000,200.26,200.26,200.26,200.26,0,0
3464.N,D,20170316,000000,200.61,200.61,200.61,200.61,0,0
3464.N,D,20170317,000000,200.46,200.46,200.46,200.46,0,0
3464.N,D,20170320,000000,200.55,200.55,200.55,200.55,0,0
3464.N,D,20170321,000000,200.6,200.6,200.6,200.6,0,0
3464.N,D,20170322,000000,200.42,200.42,200.42,200.42,0,0
3464.N,D,20170323,000000,200.75,200.75,200.75,200.75,0,0
3464.N,D,20170324,000000,200.64,200.64,200.64,200.64,0,0
3464.N,D,20170327,000000,200.73,200.73,200.73,200.73,0,0
3464.N,D,20170328,000000,200.67,200.67,200.67,200.67,0,0
3464.N,D,20170329,000000,200.89,200.89,200.89,200.89,0,0
3464.N,D,20170330,000000,201.28,201.28,201.28,201.28,0,0
3464.N,D,20170331,000000,201.37,201.37,201.37,201.37,0,0
3464.N,D,20170403,000000,201.43,201.43,201.43,201.43,0,0
3464.N,D,20170404,000000,201.89,201.89,201.89,201.89,0,0
3464.N,D,20170405,000000,202.08,202.08,202.08,202.08,0,0
3464.N,D,20170406,000000,202.08,202.08,202.08,202.08,0,0
3464.N,D,20170407,000000,202.03,202.03,202.03,202.03,0,0
3464.N,D,20170410,000000,202.34,202.34,202.34,202.34,0,0
3464.N,D,20170411,000000,202.47,202.47,202.47,202.47,0,0
3464.N,D,20170412,000000,202.56,202.56,202.56,202.56,0,0
3464.N,D,20170413,000000,202.56,202.56,202.56,202.56,0,0
3464.N,D,20170418,000000,202.71,202.71,202.71,202.71,0,0
3464.N,D,20170419,000000,202.77,202.77,202.77,202.77,0,0
3464.N,D,20170420,000000,202.45,202.45,202.45,202.45,0,0
3464.N,D,20170421,000000,202.23,202.23,202.23,202.23,0,0
3464.N,D,20170424,000000,202.24,202.24,202.24,202.24,0,0
3464.N,D,20170425,000000,201.84,201.84,201.84,201.84,0,0
3464.N,D,20170426,000000,201.75,201.75,201.75,201.75,0,0
3464.N,D,20170427,000000,202.13,202.13,202.13,202.13,0,0
3464.N,D,20170428,000000,202.6,202.6,202.6,202.6,0,0
3464.N,D,20170502,000000,202.62,202.62,202.62,202.62,0,0
3464.N,D,20170503,000000,202.69,202.69,202.69,202.69,0,0
3464.N,D,20170504,000000,202.81,202.81,202.81,202.81,0,0
3464.N,D,20170505,000000,202.56,202.56,202.56,202.56,0,0
3464.N,D,20170508,000000,202.35,202.35,202.35,202.35,0,0
3464.N,D,20170509,000000,202.53,202.53,202.53,202.53,0,0
3464.N,D,20170510,000000,202.59,202.59,202.59,202.59,0,0
3464.N,D,20170511,000000,202.77,202.77,202.77,202.77,0,0
3464.N,D,20170512,000000,202.66,202.66,202.66,202.66,0,0
3464.N,D,20170515,000000,202.87,202.87,202.87,202.87,0,0
3464.N,D,20170516,000000,202.67,202.67,202.67,202.67,0,0
3464.N,D,20170517,000000,202.6,202.6,202.6,202.6,0,0
3464.N,D,20170518,000000,202.84,202.84,202.84,202.84,0,0
3464.N,D,20170519,000000,202.83,202.83,202.83,202.83,0,0
3464.N,D,20170522,000000,202.75,202.75,202.75,202.75,0,0
3464.N,D,20170523,000000,202.61,202.61,202.61,202.61,0,0
3464.N,D,20170524,000000,202.57,202.57,202.57,202.57,0,0
3464.N,D,20170526,000000,202.88,202.88,202.88,202.88,0,0
3464.N,D,20170529,000000,203.14,203.14,203.14,203.14,0,0
3464.N,D,20170530,000000,203.42,203.42,203.42,203.42,0,0
3464.N,D,20170531,000000,203.43,203.43,203.43,203.43,0,0
3464.N,D,20170601,000000,203.47,203.47,203.47,203.47,0,0
3464.N,D,20170602,000000,203.41,203.41,203.41,203.41,0,0
3464.N,D,20170606,000000,203.52,203.52,203.52,203.52,0,0
3464.N,D,20170607,000000,203.76,203.76,203.76,203.76,0,0
3464.N,D,20170608,000000,203.72,203.72,203.72,203.72,0,0
3464.N,D,20170609,000000,203.69,203.69,203.69,203.69,0,0
3464.N,D,20170612,000000,203.65,203.65,203.65,203.65,0,0
3464.N,D,20170613,000000,203.74,203.74,203.74,203.74,0,0
3464.N,D,20170614,000000,203.72,203.72,203.72,203.72,0,0
3464.N,D,20170616,000000,203.56,203.56,203.56,203.56,0,0
3464.N,D,20170619,000000,203.73,203.73,203.73,203.73,0,0
3464.N,D,20170620,000000,203.83,203.83,203.83,203.83,0,0
3464.N,D,20170621,000000,204.07,204.07,204.07,204.07,0,0
3464.N,D,20170622,000000,204.03,204.03,204.03,204.03,0,0
3464.N,D,20170623,000000,204.11,204.11,204.11,204.11,0,0
3464.N,D,20170626,000000,204.13,204.13,204.13,204.13,0,0
3464.N,D,20170627,000000,204.21,204.21,204.21,204.21,0,0
3464.N,D,20170628,000000,203.37,203.37,203.37,203.37,0,0
3464.N,D,20170629,000000,203.24,203.24,203.24,203.24,0,0
3464.N,D,20170630,000000,202.5,202.5,202.5,202.5,0,0
3464.N,D,20170703,000000,202.4,202.4,202.4,202.4,0,0
3464.N,D,20170704,000000,202.41,202.41,202.41,202.41,0,0
3464.N,D,20170705,000000,202.65,202.65,202.65,202.65,0,0
3464.N,D,20170706,000000,202.85,202.85,202.85,202.85,0,0
3464.N,D,20170707,000000,202.17,202.17,202.17,202.17,0,0
3464.N,D,20170710,000000,202.16,202.16,202.16,202.16,0,0
3464.N,D,20170711,000000,202.42,202.42,202.42,202.42,0,0
3464.N,D,20170712,000000,202.3,202.3,202.3,202.3,0,0
3464.N,D,20170713,000000,202.8,202.8,202.8,202.8,0,0
3464.N,D,20170714,000000,202.79,202.79,202.79,202.79,0,0
3464.N,D,20170717,000000,202.83,202.83,202.83,202.83,0,0
3464.N,D,20170718,000000,203.09,203.09,203.09,203.09,0,0
3464.N,D,20170719,000000,203.34,203.34,203.34,203.34,0,0
3464.N,D,20170720,000000,203.53,203.53,203.53,203.53,0,0
3464.N,D,20170721,000000,203.61,203.61,203.61,203.61,0,0
3464.N,D,20170724,000000,203.91,203.91,203.91,203.91,0,0
3464.N,D,20170725,000000,203.95,203.95,203.95,203.95,0,0
3464.N,D,20170726,000000,203.49,203.49,203.49,203.49,0,0
3464.N,D,20170727,000000,203.58,203.58,203.58,203.58,0,0
3464.N,D,20170728,000000,203.88,203.88,203.88,203.88,0,0
3464.N,D,20170731,000000,203.79,203.79,203.79,203.79,0,0
3464.N,D,20170801,000000,203.81,203.81,203.81,203.81,0,0
3464.N,D,20170802,000000,204.31,204.31,204.31,204.31,0,0
3464.N,D,20170803,000000,204.45,204.45,204.45,204.45,0,0
3464.N,D,20170804,000000,204.69,204.69,204.69,204.69,0,0
3464.N,D,20170807,000000,204.62,204.62,204.62,204.62,0,0
3464.N,D,20170808,000000,204.7,204.7,204.7,204.7,0,0
3464.N,D,20170809,000000,204.54,204.54,204.54,204.54,0,0
3464.N,D,20170810,000000,204.84,204.84,204.84,204.84,0,0
3464.N,D,20170811,000000,204.88,204.88,204.88,204.88,0,0
3464.N,D,20170814,000000,204.95,204.95,204.95,204.95,0,0
3464.N,D,20170816,000000,204.63,204.63,204.63,204.63,0,0
3464.N,D,20170817,000000,204.58,204.58,204.58,204.58,0,0
3464.N,D,20170818,000000,204.65,204.65,204.65,204.65,0,0
3464.N,D,20170821,000000,204.73,204.73,204.73,204.73,0,0
3464.N,D,20170822,000000,204.8,204.8,204.8,204.8,0,0
3464.N,D,20170823,000000,204.81,204.81,204.81,204.81,0,0
3464.N,D,20170824,000000,204.95,204.95,204.95,204.95,0,0
3464.N,D,20170825,000000,204.89,204.89,204.89,204.89,0,0
3464.N,D,20170828,000000,204.87,204.87,204.87,204.87,0,0
3464.N,D,20170829,000000,205.01,205.01,205.01,205.01,0,0
3464.N,D,20170830,000000,205.15,205.15,205.15,205.15,0,0
3464.N,D,20170831,000000,204.94,204.94,204.94,204.94,0,0
3464.N,D,20170901,000000,204.81,204.81,204.81,204.81,0,0
3464.N,D,20170904,000000,204.67,204.67,204.67,204.67,0,0
3464.N,D,20170905,000000,204.74,204.74,204.74,204.74,0,0
3464.N,D,20170906,000000,204.97,204.97,204.97,204.97,0,0
3464.N,D,20170907,000000,204.87,204.87,204.87,204.87,0,0
3464.N,D,20170908,000000,205.18,205.18,205.18,205.18,0,0
3464.N,D,20170911,000000,205.09,205.09,205.09,205.09,0,0
3464.N,D,20170912,000000,205.06,205.06,205.06,205.06,0,0
3464.N,D,20170913,000000,204.71,204.71,204.71,204.71,0,0
3464.N,D,20170914,000000,204.66,204.66,204.66,204.66,0,0
3464.N,D,20170915,000000,204.59,204.59,204.59,204.59,0,0
3464.N,D,20170918,000000,204.44,204.44,204.44,204.44,0,0
3464.N,D,20170919,000000,204.41,204.41,204.41,204.41,0,0
3464.N,D,20170920,000000,204.55,204.55,204.55,204.55,0,0
3464.N,D,20170921,000000,204.68,204.68,204.68,204.68,0,0
3464.N,D,20170922,000000,204.56,204.56,204.56,204.56,0,0
3464.N,D,20170925,000000,204.55,204.55,204.55,204.55,0,0
3464.N,D,20170926,000000,204.95,204.95,204.95,204.95,0,0
3464.N,D,20170927,000000,204.87,204.87,204.87,204.87,0,0
3464.N,D,20170928,000000,204.56,204.56,204.56,204.56,0,0
3464.N,D,20170929,000000,204.46,204.46,204.46,204.46,0,0
3464.N,D,20171002,000000,204.62,204.62,204.62,204.62,0,0
3464.N,D,20171003,000000,204.76,204.76,204.76,204.76,0,0
3464.N,D,20171004,000000,204.77,204.77,204.77,204.77,0,0
3464.N,D,20171005,000000,204.83,204.83,204.83,204.83,0,0
3464.N,D,20171006,000000,204.82,204.82,204.82,204.82,0,0
3464.N,D,20171009,000000,204.78,204.78,204.78,204.78,0,0
3464.N,D,20171010,000000,204.98,204.98,204.98,204.98,0,0
3464.N,D,20171011,000000,205.05,205.05,205.05,205.05,0,0
3464.N,D,20171012,000000,205,205,205,205,0,0
3464.N,D,20171013,000000,205.19,205.19,205.19,205.19,0,0
3464.N,D,20171016,000000,205.54,205.54,205.54,205.54,0,0
3464.N,D,20171017,000000,205.87,205.87,205.87,205.87,0,0
3464.N,D,20171018,000000,205.97,205.97,205.97,205.97,0,0
3464.N,D,20171019,000000,205.84,205.84,205.84,205.84,0,0
3464.N,D,20171020,000000,205.87,205.87,205.87,205.87,0,0
3464.N,D,20171023,000000,205.54,205.54,205.54,205.54,0,0
3464.N,D,20171024,000000,205.69,205.69,205.69,205.69,0,0
3464.N,D,20171025,000000,205.42,205.42,205.42,205.42,0,0
3464.N,D,20171027,000000,205.76,205.76,205.76,205.76,0,0
3464.N,D,20171030,000000,206.36,206.36,206.36,206.36,0,0
3464.N,D,20171031,000000,206.69,206.69,206.69,206.69,0,0
3464.N,D,20171102,000000,207.1,207.1,207.1,207.1,0,0
3464.N,D,20171103,000000,207.14,207.14,207.14,207.14,0,0
3464.N,D,20171106,000000,207.2,207.2,207.2,207.2,0,0
3464.N,D,20171107,000000,207.44,207.44,207.44,207.44,0,0
3464.N,D,20171108,000000,207.49,207.49,207.49,207.49,0,0
3464.N,D,20171109,000000,207.39,207.39,207.39,207.39,0,0
3464.N,D,20171110,000000,206.81,206.81,206.81,206.81,0,0
3464.N,D,20171113,000000,206.51,206.51,206.51,206.51,0,0
3464.N,D,20171114,000000,206.38,206.38,206.38,206.38,0,0
3464.N,D,20171115,000000,206.33,206.33,206.33,206.33,0,0
3464.N,D,20171116,000000,206.14,206.14,206.14,206.14,0,0
3464.N,D,20171117,000000,206.25,206.25,206.25,206.25,0,0
3464.N,D,20171120,000000,206.38,206.38,206.38,206.38,0,0
3464.N,D,20171121,000000,206.4,206.4,206.4,206.4,0,0
3464.N,D,20171122,000000,206.51,206.51,206.51,206.51,0,0
3464.N,D,20171123,000000,206.46,206.46,206.46,206.46,0,0
3464.N,D,20171124,000000,206.51,206.51,206.51,206.51,0,0
3464.N,D,20171127,000000,206.5,206.5,206.5,206.5,0,0
3464.N,D,20171128,000000,206.71,206.71,206.71,206.71,0,0
3464.N,D,20171129,000000,206.75,206.75,206.75,206.75,0,0
3464.N,D,20171130,000000,206.4,206.4,206.4,206.4,0,0
3464.N,D,20171201,000000,206.52,206.52,206.52,206.52,0,0
3464.N,D,20171204,000000,206.92,206.92,206.92,206.92,0,0
3464.N,D,20171205,000000,206.77,206.77,206.77,206.77,0,0
3464.N,D,20171206,000000,206.87,206.87,206.87,206.87,0,0
3464.N,D,20171207,000000,206.92,206.92,206.92,206.92,0,0
3464.N,D,20171211,000000,206.82,206.82,206.82,206.82,0,0
3464.N,D,20171212,000000,206.85,206.85,206.85,206.85,0,0
3464.N,D,20171213,000000,206.75,206.75,206.75,206.75,0,0
3464.N,D,20171214,000000,206.74,206.74,206.74,206.74,0,0
3464.N,D,20171215,000000,206.66,206.66,206.66,206.66,0,0
3464.N,D,20171218,000000,206.73,206.73,206.73,206.73,0,0
3464.N,D,20171219,000000,206.66,206.66,206.66,206.66,0,0
3464.N,D,20171220,000000,206.24,206.24,206.24,206.24,0,0
3464.N,D,20171221,000000,205.96,205.96,205.96,205.96,0,0
3464.N,D,20171222,000000,205.86,205.86,205.86,205.86,0,0
3464.N,D,20171227,000000,205.85,205.85,205.85,205.85,0,0
3464.N,D,20171228,000000,206.02,206.02,206.02,206.02,0,0
3464.N,D,20171229,000000,205.77,205.77,205.77,205.77,0,0
3464.N,D,20180102,000000,205.73,205.73,205.73,205.73,0,0
3464.N,D,20180103,000000,205.66,205.66,205.66,205.66,0,0
3464.N,D,20180104,000000,205.89,205.89,205.89,205.89,0,0
3464.N,D,20180105,000000,206.01,206.01,206.01,206.01,0,0
3464.N,D,20180108,000000,206.2,206.2,206.2,206.2,0,0
3464.N,D,20180109,000000,206.35,206.35,206.35,206.35,0,0
3464.N,D,20180110,000000,206.17,206.17,206.17,206.17,0,0
3464.N,D,20180111,000000,205.99,205.99,205.99,205.99,0,0
3464.N,D,20180112,000000,205.55,205.55,205.55,205.55,0,0
3464.N,D,20180115,000000,205.53,205.53,205.53,205.53,0,0
3464.N,D,20180116,000000,205.62,205.62,205.62,205.62,0,0
3464.N,D,20180117,000000,205.86,205.86,205.86,205.86,0,0
3464.N,D,20180118,000000,205.94,205.94,205.94,205.94,0,0
3464.N,D,20180119,000000,205.9,205.9,205.9,205.9,0,0
3464.N,D,20180122,000000,206.05,206.05,206.05,206.05,0,0
3464.N,D,20180123,000000,206.18,206.18,206.18,206.18,0,0
3464.N,D,20180124,000000,206.28,206.28,206.28,206.28,0,0
3464.N,D,20180125,000000,206.13,206.13,206.13,206.13,0,0
3464.N,D,20180126,000000,205.88,205.88,205.88,205.88,0,0
3464.N,D,20180129,000000,205.76,205.76,205.76,205.76,0,0
3464.N,D,20180130,000000,205.32,205.32,205.32,205.32,0,0
3464.N,D,20180131,000000,205.38,205.38,205.38,205.38,0,0
3464.N,D,20180201,000000,205.38,205.38,205.38,205.38,0,0
3464.N,D,20180202,000000,205.41,205.41,205.41,205.41,0,0
3464.N,D,20180205,000000,205.05,205.05,205.05,205.05,0,0
3464.N,D,20180206,000000,205.12,205.12,205.12,205.12,0,0
3464.N,D,20180207,000000,205.27,205.27,205.27,205.27,0,0
3464.N,D,20180208,000000,205.12,205.12,205.12,205.12,0,0
3464.N,D,20180209,000000,204.76,204.76,204.76,204.76,0,0
3464.N,D,20180212,000000,204.63,204.63,204.63,204.63,0,0
3464.N,D,20180213,000000,204.58,204.58,204.58,204.58,0,0
3464.N,D,20180214,000000,204.32,204.32,204.32,204.32,0,0
3464.N,D,20180215,000000,204.16,204.16,204.16,204.16,0,0
3464.N,D,20180216,000000,204.26,204.26,204.26,204.26,0,0
3464.N,D,20180219,000000,204.78,204.78,204.78,204.78,0,0
3464.N,D,20180220,000000,204.64,204.64,204.64,204.64,0,0
3464.N,D,20180221,000000,204.63,204.63,204.63,204.63,0,0
3464.N,D,20180222,000000,204.66,204.66,204.66,204.66,0,0
3464.N,D,20180223,000000,204.68,204.68,204.68,204.68,0,0
3464.N,D,20180226,000000,204.93,204.93,204.93,204.93,0,0
3464.N,D,20180227,000000,205,205,205,205,0,0
3464.N,D,20180228,000000,204.85,204.85,204.85,204.85,0,0
3464.N,D,20180301,000000,204.99,204.99,204.99,204.99,0,0
3464.N,D,20180302,000000,204.98,204.98,204.98,204.98,0,0
3464.N,D,20180305,000000,204.77,204.77,204.77,204.77,0,0
3464.N,D,20180306,000000,204.7,204.7,204.7,204.7,0,0
3464.N,D,20180307,000000,204.51,204.51,204.51,204.51,0,0
3464.N,D,20180308,000000,204.59,204.59,204.59,204.59,0,0
3464.N,D,20180309,000000,204.89,204.89,204.89,204.89,0,0
3464.N,D,20180312,000000,204.91,204.91,204.91,204.91,0,0
3464.N,D,20180313,000000,205.14,205.14,205.14,205.14,0,0
3464.N,D,20180314,000000,205.14,205.14,205.14,205.14,0,0
3464.N,D,20180315,000000,205.1,205.1,205.1,205.1,0,0
3464.N,D,20180316,000000,204.78,204.78,204.78,204.78,0,0
3464.N,D,20180319,000000,204.73,204.73,204.73,204.73,0,0
3464.N,D,20180320,000000,204.38,204.38,204.38,204.38,0,0
3464.N,D,20180321,000000,204.21,204.21,204.21,204.21,0,0
3464.N,D,20180322,000000,204.19,204.19,204.19,204.19,0,0
3464.N,D,20180323,000000,204.56,204.56,204.56,204.56,0,0
3464.N,D,20180326,000000,204.35,204.35,204.35,204.35,0,0
3464.N,D,20180327,000000,204.31,204.31,204.31,204.31,0,0
3464.N,D,20180328,000000,204.55,204.55,204.55,204.55,0,0
3464.N,D,20180329,000000,204.5,204.5,204.5,204.5,0,0
3464.N,D,20180403,000000,204.62,204.62,204.62,204.62,0,0
3464.N,D,20180404,000000,204.51,204.51,204.51,204.51,0,0
3464.N,D,20180405,000000,204.58,204.58,204.58,204.58,0,0
3464.N,D,20180406,000000,204.48,204.48,204.48,204.48,0,0
3464.N,D,20180409,000000,204.75,204.75,204.75,204.75,0,0
3464.N,D,20180410,000000,204.65,204.65,204.65,204.65,0,0
3464.N,D,20180411,000000,204.6,204.6,204.6,204.6,0,0
3464.N,D,20180412,000000,204.86,204.86,204.86,204.86,0,0
3464.N,D,20180413,000000,204.83,204.83,204.83,204.83,0,0
3464.N,D,20180416,000000,205.03,205.03,205.03,205.03,0,0
3464.N,D,20180417,000000,205.05,205.05,205.05,205.05,0,0
3464.N,D,20180418,000000,205.26,205.26,205.26,205.26,0,0
3464.N,D,20180419,000000,205.07,205.07,205.07,205.07,0,0
3464.N,D,20180420,000000,204.54,204.54,204.54,204.54,0,0
3464.N,D,20180423,000000,204.53,204.53,204.53,204.53,0,0
3464.N,D,20180424,000000,204.29,204.29,204.29,204.29,0,0
3464.N,D,20180425,000000,204.29,204.29,204.29,204.29,0,0
3464.N,D,20180426,000000,204.2,204.2,204.2,204.2,0,0
3464.N,D,20180427,000000,204.53,204.53,204.53,204.53,0,0
3464.N,D,20180430,000000,204.74,204.74,204.74,204.74,0,0
3464.N,D,20180502,000000,204.8,204.8,204.8,204.8,0,0
3464.N,D,20180503,000000,204.68,204.68,204.68,204.68,0,0
3464.N,D,20180504,000000,204.89,204.89,204.89,204.89,0,0
3464.N,D,20180507,000000,204.71,204.71,204.71,204.71,0,0
3464.N,D,20180508,000000,204.8,204.8,204.8,204.8,0,0
3464.N,D,20180509,000000,204.55,204.55,204.55,204.55,0,0
3464.N,D,20180511,000000,204.56,204.56,204.56,204.56,0,0
3464.N,D,20180514,000000,204.52,204.52,204.52,204.52,0,0
3464.N,D,20180515,000000,204.13,204.13,204.13,204.13,0,0
3464.N,D,20180516,000000,203.87,203.87,203.87,203.87,0,0
3464.N,D,20180517,000000,203.84,203.84,203.84,203.84,0,0
3464.N,D,20180518,000000,203.56,203.56,203.56,203.56,0,0
3464.N,D,20180522,000000,203.87,203.87,203.87,203.87,0,0
3464.N,D,20180523,000000,203.54,203.54,203.54,203.54,0,0
3464.N,D,20180524,000000,203.45,203.45,203.45,203.45,0,0
3464.N,D,20180525,000000,203.64,203.64,203.64,203.64,0,0
3464.N,D,20180528,000000,203.69,203.69,203.69,203.69,0,0
3464.N,D,20180529,000000,204.15,204.15,204.15,204.15,0,0
3464.N,D,20180530,000000,203.67,203.67,203.67,203.67,0,0
3464.N,D,20180601,000000,203.55,203.55,203.55,203.55,0,0
3464.N,D,20180604,000000,203.48,203.48,203.48,203.48,0,0
3464.N,D,20180605,000000,203.53,203.53,203.53,203.53,0,0
3464.N,D,20180606,000000,203.81,203.81,203.81,203.81,0,0
3464.N,D,20180607,000000,203.02,203.02,203.02,203.02,0,0
3464.N,D,20180608,000000,202.79,202.79,202.79,202.79,0,0
3464.N,D,20180611,000000,202.98,202.98,202.98,202.98,0,0
3464.N,D,20180612,000000,202.71,202.71,202.71,202.71,0,0
3464.N,D,20180613,000000,202.81,202.81,202.81,202.81,0,0
3464.N,D,20180614,000000,202.98,202.98,202.98,202.98,0,0
3464.N,D,20180615,000000,203.57,203.57,203.57,203.57,0,0
3464.N,D,20180618,000000,203.93,203.93,203.93,203.93,0,0
3464.N,D,20180619,000000,203.92,203.92,203.92,203.92,0,0
3464.N,D,20180620,000000,204.02,204.02,204.02,204.02,0,0
3464.N,D,20180621,000000,204.01,204.01,204.01,204.01,0,0
3464.N,D,20180622,000000,204.2,204.2,204.2,204.2,0,0
3464.N,D,20180625,000000,204.14,204.14,204.14,204.14,0,0
3464.N,D,20180626,000000,203.98,203.98,203.98,203.98,0,0
3464.N,D,20180627,000000,203.63,203.63,203.63,203.63,0,0
3464.N,D,20180628,000000,203.44,203.44,203.44,203.44,0,0
3464.N,D,20180629,000000,203.25,203.25,203.25,203.25,0,0
3464.N,D,20180702,000000,203.38,203.38,203.38,203.38,0,0
3464.N,D,20180703,000000,203.34,203.34,203.34,203.34,0,0
3464.N,D,20180704,000000,203.44,203.44,203.44,203.44,0,0
3464.N,D,20180705,000000,203.37,203.37,203.37,203.37,0,0
3464.N,D,20180706,000000,203.65,203.65,203.65,203.65,0,0
3464.N,D,20180709,000000,203.9,203.9,203.9,203.9,0,0
3464.N,D,20180710,000000,204,204,204,204,0,0
3464.N,D,20180711,000000,204.2,204.2,204.2,204.2,0,0
3464.N,D,20180712,000000,204.2,204.2,204.2,204.2,0,0
3464.N,D,20180713,000000,204.41,204.41,204.41,204.41,0,0
3464.N,D,20180716,000000,204.64,204.64,204.64,204.64,0,0
3464.N,D,20180717,000000,204.47,204.47,204.47,204.47,0,0
3464.N,D,20180718,000000,204.65,204.65,204.65,204.65,0,0
3464.N,D,20180719,000000,204.72,204.72,204.72,204.72,0,0
3464.N,D,20180720,000000,204.72,204.72,204.72,204.72,0,0
3464.N,D,20180723,000000,204.35,204.35,204.35,204.35,0,0
3464.N,D,20180724,000000,204.12,204.12,204.12,204.12,0,0
3464.N,D,20180725,000000,204.31,204.31,204.31,204.31,0,0
3464.N,D,20180726,000000,204.41,204.41,204.41,204.41,0,0
3464.N,D,20180727,000000,204.5,204.5,204.5,204.5,0,0
3464.N,D,20180730,000000,204.56,204.56,204.56,204.56,0,0
3464.N,D,20180731,000000,204.26,204.26,204.26,204.26,0,0
3464.N,D,20180801,000000,204.38,204.38,204.38,204.38,0,0
3464.N,D,20180802,000000,204.14,204.14,204.14,204.14,0,0
3464.N,D,20180803,000000,204.31,204.31,204.31,204.31,0,0
3464.N,D,20180806,000000,204.7,204.7,204.7,204.7,0,0
3464.N,D,20180807,000000,204.88,204.88,204.88,204.88,0,0
3464.N,D,20180808,000000,204.78,204.78,204.78,204.78,0,0
3464.N,D,20180809,000000,204.84,204.84,204.84,204.84,0,0
3464.N,D,20180810,000000,205.03,205.03,205.03,205.03,0,0
3464.N,D,20180813,000000,205.24,205.24,205.24,205.24,0,0
3464.N,D,20180814,000000,205.05,205.05,205.05,205.05,0,0
3464.N,D,20180816,000000,205.1,205.1,205.1,205.1,0,0
3464.N,D,20180817,000000,204.91,204.91,204.91,204.91,0,0
3464.N,D,20180820,000000,205.02,205.02,205.02,205.02,0,0
3464.N,D,20180821,000000,204.96,204.96,204.96,204.96,0,0
3464.N,D,20180822,000000,204.77,204.77,204.77,204.77,0,0
3464.N,D,20180823,000000,204.62,204.62,204.62,204.62,0,0
3464.N,D,20180824,000000,204.55,204.55,204.55,204.55,0,0
3464.N,D,20180827,000000,204.47,204.47,204.47,204.47,0,0
3464.N,D,20180828,000000,204.26,204.26,204.26,204.26,0,0
3464.N,D,20180829,000000,204.08,204.08,204.08,204.08,0,0
3464.N,D,20180830,000000,203.85,203.85,203.85,203.85,0,0
3464.N,D,20180831,000000,204.13,204.13,204.13,204.13,0,0
3464.N,D,20180903,000000,204.11,204.11,204.11,204.11,0,0
3464.N,D,20180904,000000,203.93,203.93,203.93,203.93,0,0
3464.N,D,20180905,000000,203.65,203.65,203.65,203.65,0,0
3464.N,D,20180906,000000,203.24,203.24,203.24,203.24,0,0
3464.N,D,20180907,000000,203.55,203.55,203.55,203.55,0,0
3464.N,D,20180910,000000,203.39,203.39,203.39,203.39,0,0
3464.N,D,20180911,000000,203.36,203.36,203.36,203.36,0,0
3464.N,D,20180912,000000,203.3,203.3,203.3,203.3,0,0
3464.N,D,20180913,000000,203.54,203.54,203.54,203.54,0,0
3464.N,D,20180914,000000,203.59,203.59,203.59,203.59,0,0
3464.N,D,20180917,000000,203.56,203.56,203.56,203.56,0,0
3464.N,D,20180918,000000,203.58,203.58,203.58,203.58,0,0
3464.N,D,20180919,000000,203.56,203.56,203.56,203.56,0,0
3464.N,D,20180920,000000,203.65,203.65,203.65,203.65,0,0
3464.N,D,20180921,000000,203.83,203.83,203.83,203.83,0,0
3464.N,D,20180924,000000,204.07,204.07,204.07,204.07,0,0
3464.N,D,20180925,000000,203.61,203.61,203.61,203.61,0,0
3464.N,D,20180926,000000,203.29,203.29,203.29,203.29,0,0
3464.N,D,20180927,000000,203.37,203.37,203.37,203.37,0,0
3464.N,D,20180928,000000,203.32,203.32,203.32,203.32,0,0
3464.N,D,20181001,000000,203.7,203.7,203.7,203.7,0,0
3464.N,D,20181002,000000,203.75,203.75,203.75,203.75,0,0
3464.N,D,20181003,000000,204.06,204.06,204.06,204.06,0,0
3464.N,D,20181004,000000,203.75,203.75,203.75,203.75,0,0
3464.N,D,20181005,000000,203.28,203.28,203.28,203.28,0,0
3464.N,D,20181008,000000,203.08,203.08,203.08,203.08,0,0
3464.N,D,20181009,000000,203.22,203.22,203.22,203.22,0,0
3464.N,D,20181010,000000,203.18,203.18,203.18,203.18,0,0
3464.N,D,20181011,000000,203.05,203.05,203.05,203.05,0,0
3464.N,D,20181012,000000,203.12,203.12,203.12,203.12,0,0
3464.N,D,20181015,000000,203.24,203.24,203.24,203.24,0,0
3464.N,D,20181016,000000,203.22,203.22,203.22,203.22,0,0
3464.N,D,20181017,000000,203.23,203.23,203.23,203.23,0,0
3464.N,D,20181018,000000,203.49,203.49,203.49,203.49,0,0
3464.N,D,20181019,000000,203.6,203.6,203.6,203.6,0,0
3464.N,D,20181022,000000,203.26,203.26,203.26,203.26,0,0
3464.N,D,20181023,000000,203.22,203.22,203.22,203.22,0,0
3464.N,D,20181024,000000,203.24,203.24,203.24,203.24,0,0
3464.N,D,20181025,000000,203.29,203.29,203.29,203.29,0,0
3464.N,D,20181029,000000,203.16,203.16,203.16,203.16,0,0
3464.N,D,20181030,000000,202.84,202.84,202.84,202.84,0,0
3464.N,D,20181031,000000,202.87,202.87,202.87,202.87,0,0
3464.N,D,20181102,000000,202.71,202.71,202.71,202.71,0,0
3464.N,D,20181105,000000,202.71,202.71,202.71,202.71,0,0
3464.N,D,20181106,000000,202.77,202.77,202.77,202.77,0,0
3464.N,D,20181107,000000,202.81,202.81,202.81,202.81,0,0
3464.N,D,20181108,000000,202.9,202.9,202.9,202.9,0,0
3464.N,D,20181109,000000,202.93,202.93,202.93,202.93,0,0
3464.N,D,20181112,000000,203.15,203.15,203.15,203.15,0,0
3464.N,D,20181113,000000,202.97,202.97,202.97,202.97,0,0
3464.N,D,20181114,000000,202.6,202.6,202.6,202.6,0,0
3464.N,D,20181115,000000,202.34,202.34,202.34,202.34,0,0
3464.N,D,20181116,000000,202.21,202.21,202.21,202.21,0,0
3464.N,D,20181119,000000,201.74,201.74,201.74,201.74,0,0
3464.N,D,20181120,000000,201.34,201.34,201.34,201.34,0,0
3464.N,D,20181121,000000,200.88,200.88,200.88,200.88,0,0
3464.N,D,20181122,000000,200.9,200.9,200.9,200.9,0,0
3464.N,D,20181123,000000,201.01,201.01,201.01,201.01,0,0
3464.N,D,20181126,000000,201.32,201.32,201.32,201.32,0,0
3464.N,D,20181127,000000,201.22,201.22,201.22,201.22,0,0
3464.N,D,20181128,000000,201.28,201.28,201.28,201.28,0,0
3464.N,D,20181129,000000,201.1,201.1,201.1,201.1,0,0
3464.N,D,20181130,000000,201.24,201.24,201.24,201.24,0,0
3464.N,D,20181203,000000,201.18,201.18,201.18,201.18,0,0
3464.N,D,20181204,000000,201.24,201.24,201.24,201.24,0,0
3464.N,D,20181205,000000,201.25,201.25,201.25,201.25,0,0
3464.N,D,20181206,000000,200.9,200.9,200.9,200.9,0,0
3464.N,D,20181207,000000,200.98,200.98,200.98,200.98,0,0
3464.N,D,20181210,000000,200.69,200.69,200.69,200.69,0,0
3464.N,D,20181211,000000,200.5,200.5,200.5,200.5,0,0
3464.N,D,20181212,000000,200.67,200.67,200.67,200.67,0,0
3464.N,D,20181213,000000,200.67,200.67,200.67,200.67,0,0
3464.N,D,20181214,000000,201.13,201.13,201.13,201.13,0,0
3464.N,D,20181217,000000,201.38,201.38,201.38,201.38,0,0
3464.N,D,20181218,000000,201.34,201.34,201.34,201.34,0,0
3464.N,D,20181219,000000,201.32,201.32,201.32,201.32,0,0
3464.N,D,20181220,000000,201.36,201.36,201.36,201.36,0,0
3464.N,D,20181221,000000,201.34,201.34,201.34,201.34,0,0
3464.N,D,20181227,000000,201.27,201.27,201.27,201.27,0,0
3464.N,D,20181228,000000,201.43,201.43,201.43,201.43,0,0
3464.N,D,20190102,000000,201.3,201.3,201.3,201.3,0,0
3464.N,D,20190103,000000,201.68,201.68,201.68,201.68,0,0
3464.N,D,20190104,000000,201.44,201.44,201.44,201.44,0,0
3464.N,D,20190107,000000,200.8,200.8,200.8,200.8,0,0
3464.N,D,20190109,000000,200.5,200.5,200.5,200.5,0,0
3464.N,D,20190110,000000,200.81,200.81,200.81,200.81,0,0
3464.N,D,20190111,000000,200.95,200.95,200.95,200.95,0,0
3464.N,D,20190114,000000,201.24,201.24,201.24,201.24,0,0
3464.N,D,20190115,000000,201.29,201.29,201.29,201.29,0,0
3464.N,D,20190116,000000,201.62,201.62,201.62,201.62,0,0
3464.N,D,20190117,000000,201.84,201.84,201.84,201.84,0,0
3464.N,D,20190118,000000,201.76,201.76,201.76,201.76,0,0
3464.N,D,20190121,000000,201.93,201.93,201.93,201.93,0,0
3464.N,D,20190122,000000,202.11,202.11,202.11,202.11,0,0
3464.N,D,20190123,000000,202.28,202.28,202.28,202.28,0,0
3464.N,D,20190124,000000,202.31,202.31,202.31,202.31,0,0
3464.N,D,20190125,000000,202.67,202.67,202.67,202.67,0,0
3464.N,D,20190128,000000,202.69,202.69,202.69,202.69,0,0
3464.N,D,20190129,000000,202.68,202.68,202.68,202.68,0,0
3464.N,D,20190130,000000,202.78,202.78,202.78,202.78,0,0
3464.N,D,20190131,000000,202.95,202.95,202.95,202.95,0,0
3464.N,D,20190201,000000,203.75,203.75,203.75,203.75,0,0
3464.N,D,20190206,000000,204.41,204.41,204.41,204.41,0,0
3464.N,D,20190207,000000,204.8,204.8,204.8,204.8,0,0
3464.N,D,20190208,000000,205.05,205.05,205.05,205.05,0,0
3464.N,D,20190211,000000,204.99,204.99,204.99,204.99,0,0
3464.N,D,20190212,000000,204.76,204.76,204.76,204.76,0,0
3464.N,D,20190213,000000,204.73,204.73,204.73,204.73,0,0
3464.N,D,20190214,000000,204.92,204.92,204.92,204.92,0,0
3464.N,D,20190215,000000,205.15,205.15,205.15,205.15,0,0
3464.N,D,20190218,000000,205.22,205.22,205.22,205.22,0,0
3464.N,D,20190219,000000,205.31,205.31,205.31,205.31,0,0
3464.N,D,20190220,000000,205.47,205.47,205.47,205.47,0,0
3464.N,D,20190221,000000,205.46,205.46,205.46,205.46,0,0
3464.N,D,20190222,000000,205.2,205.2,205.2,205.2,0,0
3464.N,D,20190225,000000,205.39,205.39,205.39,205.39,0,0
3464.N,D,20190226,000000,205.41,205.41,205.41,205.41,0,0
3464.N,D,20190227,000000,205.48,205.48,205.48,205.48,0,0
3464.N,D,20190228,000000,205.4,205.4,205.4,205.4,0,0
3464.N,D,20190301,000000,205.33,205.33,205.33,205.33,0,0
3464.N,D,20190304,000000,205.4,205.4,205.4,205.4,0,0
3464.N,D,20190305,000000,205.69,205.69,205.69,205.69,0,0
3464.N,D,20190306,000000,205.65,205.65,205.65,205.65,0,0
3464.N,D,20190307,000000,205.77,205.77,205.77,205.77,0,0
3464.N,D,20190308,000000,206.15,206.15,206.15,206.15,0,0
3464.N,D,20190311,000000,205.87,205.87,205.87,205.87,0,0
3464.N,D,20190312,000000,206.02,206.02,206.02,206.02,0,0
3464.N,D,20190313,000000,206.27,206.27,206.27,206.27,0,0
3464.N,D,20190314,000000,206.42,206.42,206.42,206.42,0,0
3464.N,D,20190315,000000,206.56,206.56,206.56,206.56,0,0
3464.N,D,20190318,000000,206.73,206.73,206.73,206.73,0,0
3464.N,D,20190319,000000,207.07,207.07,207.07,207.07,0,0
3464.N,D,20190320,000000,207.11,207.11,207.11,207.11,0,0
3464.N,D,20190321,000000,207.15,207.15,207.15,207.15,0,0
3464.N,D,20190322,000000,207.38,207.38,207.38,207.38,0,0
3464.N,D,20190325,000000,207.74,207.74,207.74,207.74,0,0
3464.N,D,20190326,000000,207.58,207.58,207.58,207.58,0,0
3464.N,D,20190327,000000,207.61,207.61,207.61,207.61,0,0
3464.N,D,20190328,000000,208.26,208.26,208.26,208.26,0,0
3464.N,D,20190329,000000,208.12,208.12,208.12,208.12,0,0
3464.N,D,20190401,000000,208.29,208.29,208.29,208.29,0,0
3464.N,D,20190402,000000,208.3,208.3,208.3,208.3,0,0
3464.N,D,20190403,000000,208.66,208.66,208.66,208.66,0,0
3464.N,D,20190404,000000,208.41,208.41,208.41,208.41,0,0
3464.N,D,20190405,000000,208.41,208.41,208.41,208.41,0,0
3464.N,D,20190408,000000,208.41,208.41,208.41,208.41,0,0
3464.N,D,20190409,000000,208.38,208.38,208.38,208.38,0,0
3464.N,D,20190410,000000,208.45,208.45,208.45,208.45,0,0
3464.N,D,20190411,000000,208.75,208.75,208.75,208.75,0,0
3464.N,D,20190412,000000,208.73,208.73,208.73,208.73,0,0
3464.N,D,20190415,000000,208.44,208.44,208.44,208.44,0,0
3464.N,D,20190416,000000,208.65,208.65,208.65,208.65,0,0
3464.N,D,20190417,000000,208.76,208.76,208.76,208.76,0,0
3464.N,D,20190418,000000,208.75,208.75,208.75,208.75,0,0
3464.N,D,20190419,000000,209.2,209.2,209.2,209.2,0,0
3464.N,D,20190423,000000,209.21,209.21,209.21,209.21,0,0
3464.N,D,20190424,000000,209.25,209.25,209.25,209.25,0,0
3464.N,D,20190425,000000,209.83,209.83,209.83,209.83,0,0
3464.N,D,20190426,000000,209.87,209.87,209.87,209.87,0,0
3464.N,D,20190429,000000,209.97,209.97,209.97,209.97,0,0
3464.N,D,20190430,000000,209.97,209.97,209.97,209.97,0,0
3464.N,D,20190502,000000,210.04,210.04,210.04,210.04,0,0
3464.N,D,20190503,000000,210.14,210.14,210.14,210.14,0,0
3464.N,D,20190506,000000,210.13,210.13,210.13,210.13,0,0
3464.N,D,20190507,000000,210.2,210.2,210.2,210.2,0,0
3464.N,D,20190508,000000,210.25,210.25,210.25,210.25,0,0
3464.N,D,20190509,000000,209.87,209.87,209.87,209.87,0,0
3464.N,D,20190510,000000,209.55,209.55,209.55,209.55,0,0
3464.N,D,20190513,000000,209.51,209.51,209.51,209.51,0,0
3464.N,D,20190514,000000,209.38,209.38,209.38,209.38,0,0
3464.N,D,20190515,000000,209.33,209.33,209.33,209.33,0,0
3464.N,D,20190516,000000,209.49,209.49,209.49,209.49,0,0
3464.N,D,20190517,000000,209.63,209.63,209.63,209.63,0,0
3464.N,D,20190520,000000,209.73,209.73,209.73,209.73,0,0
3464.N,D,20190521,000000,209.59,209.59,209.59,209.59,0,0
3464.N,D,20190522,000000,209.38,209.38,209.38,209.38,0,0
3464.N,D,20190523,000000,209.36,209.36,209.36,209.36,0,0
3464.N,D,20190524,000000,209.2,209.2,209.2,209.2,0,0
3464.N,D,20190527,000000,209.25,209.25,209.25,209.25,0,0
3464.N,D,20190528,000000,209.45,209.45,209.45,209.45,0,0
3464.N,D,20190529,000000,209.5,209.5,209.5,209.5,0,0
3464.N,D,20190531,000000,209.53,209.53,209.53,209.53,0,0
3464.N,D,20190603,000000,209.61,209.61,209.61,209.61,0,0
3464.N,D,20190604,000000,209.47,209.47,209.47,209.47,0,0
3464.N,D,20190605,000000,209.63,209.63,209.63,209.63,0,0
3464.N,D,20190606,000000,210.06,210.06,210.06,210.06,0,0
3464.N,D,20190607,000000,210.21,210.21,210.21,210.21,0,0
3464.N,D,20190611,000000,210.5,210.5,210.5,210.5,0,0
3464.N,D,20190612,000000,210.81,210.81,210.81,210.81,0,0
3464.N,D,20190613,000000,210.85,210.85,210.85,210.85,0,0
3464.N,D,20190614,000000,210.89,210.89,210.89,210.89,0,0
3464.N,D,20190617,000000,211.03,211.03,211.03,211.03,0,0
3464.N,D,20190618,000000,211,211,211,211,0,0
3464.N,D,20190619,000000,212.02,212.02,212.02,212.02,0,0
3464.N,D,20190621,000000,212.89,212.89,212.89,212.89,0,0
3464.N,D,20190624,000000,212.77,212.77,212.77,212.77,0,0
3464.N,D,20190625,000000,213.03,213.03,213.03,213.03,0,0
3464.N,D,20190626,000000,213.22,213.22,213.22,213.22,0,0
3464.N,D,20190627,000000,212.96,212.96,212.96,212.96,0,0
3464.N,D,20190628,000000,213,213,213,213,0,0
3464.N,D,20190701,000000,213.19,213.19,213.19,213.19,0,0
3464.N,D,20190702,000000,213.61,213.61,213.61,213.61,0,0
3464.N,D,20190703,000000,213.76,213.76,213.76,213.76,0,0
3464.N,D,20190704,000000,214.08,214.08,214.08,214.08,0,0
3464.N,D,20190705,000000,214.35,214.35,214.35,214.35,0,0
3464.N,D,20190708,000000,214.17,214.17,214.17,214.17,0,0
3464.N,D,20190709,000000,214.23,214.23,214.23,214.23,0,0
3464.N,D,20190710,000000,214.01,214.01,214.01,214.01,0,0
3464.N,D,20190711,000000,213.75,213.75,213.75,213.75,0,0
3464.N,D,20190712,000000,213.61,213.61,213.61,213.61,0,0
3464.N,D,20190715,000000,213.59,213.59,213.59,213.59,0,0
3464.N,D,20190716,000000,213.91,213.91,213.91,213.91,0,0
3464.N,D,20190717,000000,214.08,214.08,214.08,214.08,0,0
3464.N,D,20190718,000000,214.34,214.34,214.34,214.34,0,0
3464.N,D,20190719,000000,214.41,214.41,214.41,214.41,0,0
3464.N,D,20190722,000000,214.57,214.57,214.57,214.57,0,0
3464.N,D,20190723,000000,214.79,214.79,214.79,214.79,0,0
3464.N,D,20190724,000000,215.03,215.03,215.03,215.03,0,0
3464.N,D,20190725,000000,215.52,215.52,215.52,215.52,0,0
3464.N,D,20190726,000000,215.79,215.79,215.79,215.79,0,0
3464.N,D,20190729,000000,216,216,216,216,0,0
3464.N,D,20190730,000000,216.26,216.26,216.26,216.26,0,0
3464.N,D,20190731,000000,216.11,216.11,216.11,216.11,0,0
3464.N,D,20190801,000000,216.34,216.34,216.34,216.34,0,0
3464.N,D,20190802,000000,216.37,216.37,216.37,216.37,0,0
3464.N,D,20190805,000000,216.21,216.21,216.21,216.21,0,0
3464.N,D,20190806,000000,215.94,215.94,215.94,215.94,0,0
3464.N,D,20190807,000000,216.13,216.13,216.13,216.13,0,0
3464.N,D,20190808,000000,216.62,216.62,216.62,216.62,0,0
3464.N,D,20190809,000000,216.53,216.53,216.53,216.53,0,0
3464.N,D,20190812,000000,216.66,216.66,216.66,216.66,0,0
3464.N,D,20190813,000000,216.82,216.82,216.82,216.82,0,0
3464.N,D,20190814,000000,216.84,216.84,216.84,216.84,0,0
3464.N,D,20190816,000000,217.23,217.23,217.23,217.23,0,0
3464.N,D,20190819,000000,217.04,217.04,217.04,217.04,0,0
3464.N,D,20190820,000000,216.97,216.97,216.97,216.97,0,0
3464.N,D,20190821,000000,217.36,217.36,217.36,217.36,0,0
3464.N,D,20190822,000000,217.3,217.3,217.3,217.3,0,0
3464.N,D,20190823,000000,217.09,217.09,217.09,217.09,0,0
3464.N,D,20190826,000000,217.44,217.44,217.44,217.44,0,0
3464.N,D,20190827,000000,217.39,217.39,217.39,217.39,0,0
3464.N,D,20190828,000000,217.54,217.54,217.54,217.54,0,0
3464.N,D,20190829,000000,217.69,217.69,217.69,217.69,0,0
3464.N,D,20190830,000000,217.59,217.59,217.59,217.59,0,0
3464.N,D,20190902,000000,217.67,217.67,217.67,217.67,0,0
3464.N,D,20190903,000000,217.53,217.53,217.53,217.53,0,0
3464.N,D,20190904,000000,217.46,217.46,217.46,217.46,0,0
3464.N,D,20190905,000000,217.05,217.05,217.05,217.05,0,0
3464.N,D,20190906,000000,216.49,216.49,216.49,216.49,0,0
3464.N,D,20190909,000000,216.76,216.76,216.76,216.76,0,0
3464.N,D,20190910,000000,216.26,216.26,216.26,216.26,0,0
3464.N,D,20190911,000000,215.9,215.9,215.9,215.9,0,0
3464.N,D,20190912,000000,215.75,215.75,215.75,215.75,0,0
3464.N,D,20190913,000000,215.91,215.91,215.91,215.91,0,0
3464.N,D,20190916,000000,215.46,215.46,215.46,215.46,0,0
3464.N,D,20190917,000000,215.77,215.77,215.77,215.77,0,0
3464.N,D,20190918,000000,215.53,215.53,215.53,215.53,0,0
3464.N,D,20190919,000000,215.64,215.64,215.64,215.64,0,0
3464.N,D,20190920,000000,215.48,215.48,215.48,215.48,0,0
3464.N,D,20190923,000000,215.59,215.59,215.59,215.59,0,0
3464.N,D,20190924,000000,216.06,216.06,216.06,216.06,0,0
3464.N,D,20190925,000000,216.15,216.15,216.15,216.15,0,0
3464.N,D,20190926,000000,215.92,215.92,215.92,215.92,0,0
3464.N,D,20190927,000000,215.97,215.97,215.97,215.97,0,0
3464.N,D,20190930,000000,216,216,216,216,0,0
3464.N,D,20191001,000000,216.1,216.1,216.1,216.1,0,0
3464.N,D,20191002,000000,216.29,216.29,216.29,216.29,0,0
3464.N,D,20191003,000000,216.01,216.01,216.01,216.01,0,0
3464.N,D,20191004,000000,216.23,216.23,216.23,216.23,0,0
3464.N,D,20191007,000000,216.21,216.21,216.21,216.21,0,0
3464.N,D,20191008,000000,216.05,216.05,216.05,216.05,0,0
3464.N,D,20191009,000000,216.17,216.17,216.17,216.17,0,0
3464.N,D,20191010,000000,215.8,215.8,215.8,215.8,0,0
3464.N,D,20191011,000000,215.18,215.18,215.18,215.18,0,0
3464.N,D,20191014,000000,215.02,215.02,215.02,215.02,0,0
3464.N,D,20191015,000000,215.15,215.15,215.15,215.15,0,0
3464.N,D,20191016,000000,214.85,214.85,214.85,214.85,0,0
3464.N,D,20191017,000000,214.8,214.8,214.8,214.8,0,0
3464.N,D,20191018,000000,214.98,214.98,214.98,214.98,0,0
3464.N,D,20191021,000000,214.9,214.9,214.9,214.9,0,0
3464.N,D,20191022,000000,214.65,214.65,214.65,214.65,0,0
3464.N,D,20191023,000000,214.97,214.97,214.97,214.97,0,0
3464.N,D,20191024,000000,215.18,215.18,215.18,215.18,0,0
3464.N,D,20191025,000000,215.39,215.39,215.39,215.39,0,0
3464.N,D,20191028,000000,215.23,215.23,215.23,215.23,0,0
3464.N,D,20191029,000000,214.99,214.99,214.99,214.99,0,0
3464.N,D,20191030,000000,215.15,215.15,215.15,215.15,0,0
3464.N,D,20191031,000000,215.17,215.17,215.17,215.17,0,0
3464.N,D,20191104,000000,215.59,215.59,215.59,215.59,0,0
3464.N,D,20191105,000000,215.57,215.57,215.57,215.57,0,0
3464.N,D,20191106,000000,215.49,215.49,215.49,215.49,0,0
3464.N,D,20191107,000000,215.57,215.57,215.57,215.57,0,0
3464.N,D,20191108,000000,214.9,214.9,214.9,214.9,0,0
3464.N,D,20191111,000000,214.93,214.93,214.93,214.93,0,0
3464.N,D,20191112,000000,214.76,214.76,214.76,214.76,0,0
3464.N,D,20191113,000000,214.76,214.76,214.76,214.76,0,0
3464.N,D,20191114,000000,215.11,215.11,215.11,215.11,0,0
3464.N,D,20191115,000000,215.31,215.31,215.31,215.31,0,0
3464.N,D,20191118,000000,215.12,215.12,215.12,215.12,0,0
3464.N,D,20191119,000000,215.02,215.02,215.02,215.02,0,0
3464.N,D,20191120,000000,214.91,214.91,214.91,214.91,0,0
3464.N,D,20191121,000000,214.75,214.75,214.75,214.75,0,0
3464.N,D,20191122,000000,214.44,214.44,214.44,214.44,0,0
3464.N,D,20191125,000000,214.75,214.75,214.75,214.75,0,0
3464.N,D,20191126,000000,214.8,214.8,214.8,214.8,0,0
3464.N,D,20191127,000000,215.17,215.17,215.17,215.17,0,0
3464.N,D,20191128,000000,215.21,215.21,215.21,215.21,0,0
3464.N,D,20191129,000000,215.14,215.14,215.14,215.14,0,0
3464.N,D,20191202,000000,215.1,215.1,215.1,215.1,0,0
3464.N,D,20191203,000000,214.56,214.56,214.56,214.56,0,0
3464.N,D,20191204,000000,215.21,215.21,215.21,215.21,0,0
3464.N,D,20191205,000000,215.05,215.05,215.05,215.05,0,0
3464.N,D,20191206,000000,214.9,214.9,214.9,214.9,0,0
3464.N,D,20191209,000000,214.93,214.93,214.93,214.93,0,0
3464.N,D,20191210,000000,215.21,215.21,215.21,215.21,0,0
3464.N,D,20191211,000000,215.26,215.26,215.26,215.26,0,0
3464.N,D,20191212,000000,215.46,215.46,215.46,215.46,0,0
3464.N,D,20191213,000000,215.1,215.1,215.1,215.1,0,0
3464.N,D,20191216,000000,215.54,215.54,215.54,215.54,0,0
3464.N,D,20191217,000000,215.66,215.66,215.66,215.66,0,0
3464.N,D,20191218,000000,215.81,215.81,215.81,215.81,0,0
3464.N,D,20191219,000000,215.59,215.59,215.59,215.59,0,0
3464.N,D,20191220,000000,215.53,215.53,215.53,215.53,0,0
3464.N,D,20191223,000000,215.7,215.7,215.7,215.7,0,0
3464.N,D,20191227,000000,215.65,215.65,215.65,215.65,0,0
3464.N,D,20191230,000000,215.7,215.7,215.7,215.7,0,0
3464.N,D,20191231,000000,215.13,215.13,215.13,215.13,0,0
3464.N,D,20200102,000000,215.14,215.14,215.14,215.14,0,0
3464.N,D,20200103,000000,215.7,215.7,215.7,215.7,0,0
3464.N,D,20200107,000000,216.24,216.24,216.24,216.24,0,0
3464.N,D,20200108,000000,216.12,216.12,216.12,216.12,0,0
3464.N,D,20200109,000000,215.78,215.78,215.78,215.78,0,0
3464.N,D,20200110,000000,215.41,215.41,215.41,215.41,0,0
3464.N,D,20200113,000000,215.55,215.55,215.55,215.55,0,0
3464.N,D,20200114,000000,215.21,215.21,215.21,215.21,0,0
3464.N,D,20200115,000000,215.33,215.33,215.33,215.33,0,0
3464.N,D,20200116,000000,215.6,215.6,215.6,215.6,0,0
3464.N,D,20200117,000000,215.86,215.86,215.86,215.86,0,0
3464.N,D,20200120,000000,215.95,215.95,215.95,215.95,0,0
3464.N,D,20200121,000000,216.11,216.11,216.11,216.11,0,0
3464.N,D,20200122,000000,216.45,216.45,216.45,216.45,0,0
3464.N,D,20200123,000000,216.59,216.59,216.59,216.59,0,0
3464.N,D,20200124,000000,217,217,217,217,0,0
3464.N,D,20200127,000000,217.16,217.16,217.16,217.16,0,0
3464.N,D,20200128,000000,217.33,217.33,217.33,217.33,0,0
3464.N,D,20200129,000000,217.02,217.02,217.02,217.02,0,0
3464.N,D,20200130,000000,217.3,217.3,217.3,217.3,0,0
3464.N,D,20200131,000000,217.47,217.47,217.47,217.47,0,0
3464.N,D,20200203,000000,217.75,217.75,217.75,217.75,0,0
3464.N,D,20200204,000000,217.67,217.67,217.67,217.67,0,0
3464.N,D,20200205,000000,217.55,217.55,217.55,217.55,0,0
3464.N,D,20200206,000000,217.34,217.34,217.34,217.34,0,0
3464.N,D,20200207,000000,217.34,217.34,217.34,217.34,0,0
3464.N,D,20200210,000000,217.5,217.5,217.5,217.5,0,0
3464.N,D,20200211,000000,217.63,217.63,217.63,217.63,0,0
3464.N,D,20200212,000000,217.51,217.51,217.51,217.51,0,0
3464.N,D,20200213,000000,217.47,217.47,217.47,217.47,0,0
3464.N,D,20200214,000000,217.59,217.59,217.59,217.59,0,0
3464.N,D,20200217,000000,217.81,217.81,217.81,217.81,0,0
3464.N,D,20200219,000000,217.92,217.92,217.92,217.92,0,0
3464.N,D,20200220,000000,218.05,218.05,218.05,218.05,0,0
3464.N,D,20200221,000000,218.23,218.23,218.23,218.23,0,0
3464.N,D,20200224,000000,218.19,218.19,218.19,218.19,0,0
3464.N,D,20200225,000000,218.1,218.1,218.1,218.1,0,0
3464.N,D,20200226,000000,218.05,218.05,218.05,218.05,0,0
3464.N,D,20200227,000000,217.45,217.45,217.45,217.45,0,0
3464.N,D,20200228,000000,217.29,217.29,217.29,217.29,0,0
3464.N,D,20200302,000000,216.45,216.45,216.45,216.45,0,0
3464.N,D,20200303,000000,216.33,216.33,216.33,216.33,0,0
3464.N,D,20200304,000000,216.46,216.46,216.46,216.46,0,0
3464.N,D,20200305,000000,216.71,216.71,216.71,216.71,0,0
3464.N,D,20200306,000000,216.9,216.9,216.9,216.9,0,0
3464.N,D,20200309,000000,216.1,216.1,216.1,216.1,0,0
3464.N,D,20200310,000000,213.42,213.42,213.42,213.42,0,0
3464.N,D,20200311,000000,212.94,212.94,212.94,212.94,0,0
3464.N,D,20200312,000000,212.35,212.35,212.35,212.35,0,0
3464.N,D,20200313,000000,210.04,210.04,210.04,210.04,0,0
3464.N,D,20200316,000000,208.57,208.57,208.57,208.57,0,0
3464.N,D,20200317,000000,205.66,205.66,205.66,205.66,0,0
3464.N,D,20200318,000000,203.94,203.94,203.94,203.94,0,0
3464.N,D,20200319,000000,199.11,199.11,199.11,199.11,0,0
3464.N,D,20200320,000000,198.04,198.04,198.04,198.04,0,0
3464.N,D,20200323,000000,199.39,199.39,199.39,199.39,0,0
3464.N,D,20200324,000000,198.66,198.66,198.66,198.66,0,0
3464.N,D,20200325,000000,197.97,197.97,197.97,197.97,0,0
3464.N,D,20200326,000000,197.9,197.9,197.9,197.9,0,0
3464.N,D,20200327,000000,198.7,198.7,198.7,198.7,0,0
3464.N,D,20200330,000000,199.91,199.91,199.91,199.91,0,0
3464.N,D,20200331,000000,200.38,200.38,200.38,200.38,0,0
3464.N,D,20200401,000000,199.89,199.89,199.89,199.89,0,0
3464.N,D,20200402,000000,199.64,199.64,199.64,199.64,0,0
3464.N,D,20200403,000000,199.34,199.34,199.34,199.34,0,0
3464.N,D,20200406,000000,199.41,199.41,199.41,199.41,0,0
3464.N,D,20200407,000000,199.5,199.5,199.5,199.5,0,0
3464.N,D,20200408,000000,199.57,199.57,199.57,199.57,0,0
3464.N,D,20200409,000000,200.06,200.06,200.06,200.06,0,0
3464.N,D,20200410,000000,201.98,201.98,201.98,201.98,0,0
3464.N,D,20200414,000000,201.99,201.99,201.99,201.99,0,0
3464.N,D,20200415,000000,204.12,204.12,204.12,204.12,0,0
3464.N,D,20200416,000000,205.1,205.1,205.1,205.1,0,0
3464.N,D,20200417,000000,204.99,204.99,204.99,204.99,0,0
3464.N,D,20200420,000000,205.2,205.2,205.2,205.2,0,0
3464.N,D,20200421,000000,205.08,205.08,205.08,205.08,0,0
3464.N,D,20200422,000000,205.16,205.16,205.16,205.16,0,0
3464.N,D,20200423,000000,204.92,204.92,204.92,204.92,0,0
3464.N,D,20200424,000000,205.61,205.61,205.61,205.61,0,0
3464.N,D,20200427,000000,206.63,206.63,206.63,206.63,0,0
3464.N,D,20200428,000000,207.33,207.33,207.33,207.33,0,0
3464.N,D,20200429,000000,207.73,207.73,207.73,207.73,0,0
3464.N,D,20200430,000000,208.01,208.01,208.01,208.01,0,0
3464.N,D,20200504,000000,208.86,208.86,208.86,208.86,0,0
3464.N,D,20200505,000000,208.24,208.24,208.24,208.24,0,0
3464.N,D,20200506,000000,208.41,208.41,208.41,208.41,0,0
3464.N,D,20200507,000000,207.65,207.65,207.65,207.65,0,0
3464.N,D,20200508,000000,207.74,207.74,207.74,207.74,0,0
3464.N,D,20200511,000000,207.79,207.79,207.79,207.79,0,0
3464.N,D,20200512,000000,207.43,207.43,207.43,207.43,0,0
3464.N,D,20200513,000000,207.15,207.15,207.15,207.15,0,0
3464.N,D,20200514,000000,207.11,207.11,207.11,207.11,0,0
3464.N,D,20200515,000000,206.63,206.63,206.63,206.63,0,0
3464.N,D,20200518,000000,206.56,206.56,206.56,206.56,0,0
3464.N,D,20200519,000000,206.26,206.26,206.26,206.26,0,0
3464.N,D,20200520,000000,206.48,206.48,206.48,206.48,0,0
3464.N,D,20200522,000000,207.73,207.73,207.73,207.73,0,0
3464.N,D,20200525,000000,207.77,207.77,207.77,207.77,0,0
3464.N,D,20200526,000000,207.75,207.75,207.75,207.75,0,0
3464.N,D,20200527,000000,208.08,208.08,208.08,208.08,0,0
3464.N,D,20200528,000000,208.86,208.86,208.86,208.86,0,0
3464.N,D,20200529,000000,209.25,209.25,209.25,209.25,0,0
3464.N,D,20200602,000000,209.15,209.15,209.15,209.15,0,0
3464.N,D,20200603,000000,209.69,209.69,209.69,209.69,0,0
3464.N,D,20200604,000000,210,210,210,210,0,0
3464.N,D,20200605,000000,210.7,210.7,210.7,210.7,0,0
3464.N,D,20200608,000000,211.84,211.84,211.84,211.84,0,0
3464.N,D,20200609,000000,212.8,212.8,212.8,212.8,0,0
3464.N,D,20200610,000000,212.32,212.32,212.32,212.32,0,0
3464.N,D,20200612,000000,212.03,212.03,212.03,212.03,0,0
3464.N,D,20200615,000000,212.1,212.1,212.1,212.1,0,0
3464.N,D,20200616,000000,211.84,211.84,211.84,211.84,0,0
3464.N,D,20200617,000000,212.82,212.82,212.82,212.82,0,0
3464.N,D,20200618,000000,212.71,212.71,212.71,212.71,0,0
3464.N,D,20200619,000000,212.44,212.44,212.44,212.44,0,0
3464.N,D,20200622,000000,212.43,212.43,212.43,212.43,0,0
3464.N,D,20200623,000000,212.37,212.37,212.37,212.37,0,0
3464.N,D,20200624,000000,212.04,212.04,212.04,212.04,0,0
3464.N,D,20200625,000000,212.09,212.09,212.09,212.09,0,0
3464.N,D,20200626,000000,212.16,212.16,212.16,212.16,0,0
3464.N,D,20200629,000000,212.11,212.11,212.11,212.11,0,0
3464.N,D,20200630,000000,211.9,211.9,211.9,211.9,0,0
3464.N,D,20200701,000000,211.9,211.9,211.9,211.9,0,0
3464.N,D,20200702,000000,211.42,211.42,211.42,211.42,0,0
3464.N,D,20200703,000000,212.06,212.06,212.06,212.06,0,0
3464.N,D,20200706,000000,212.19,212.19,212.19,212.19,0,0
3464.N,D,20200707,000000,212.39,212.39,212.39,212.39,0,0
3464.N,D,20200708,000000,212.36,212.36,212.36,212.36,0,0
3464.N,D,20200709,000000,212.49,212.49,212.49,212.49,0,0
3464.N,D,20200710,000000,212.81,212.81,212.81,212.81,0,0
3464.N,D,20200713,000000,212.89,212.89,212.89,212.89,0,0
3464.N,D,20200714,000000,212.44,212.44,212.44,212.44,0,0
3464.N,D,20200715,000000,212.83,212.83,212.83,212.83,0,0
3464.N,D,20200716,000000,213.26,213.26,213.26,213.26,0,0
3464.N,D,20200717,000000,213.72,213.72,213.72,213.72,0,0
3464.N,D,20200720,000000,213.76,213.76,213.76,213.76,0,0
3464.N,D,20200721,000000,214.12,214.12,214.12,214.12,0,0
3464.N,D,20200722,000000,214.62,214.62,214.62,214.62,0,0
3464.N,D,20200723,000000,215.09,215.09,215.09,215.09,0,0
3464.N,D,20200724,000000,215.17,215.17,215.17,215.17,0,0
3464.N,D,20200727,000000,214.81,214.81,214.81,214.81,0,0
3464.N,D,20200728,000000,215.26,215.26,215.26,215.26,0,0
3464.N,D,20200729,000000,215.49,215.49,215.49,215.49,0,0
3464.N,D,20200730,000000,215.32,215.32,215.32,215.32,0,0
3464.N,D,20200731,000000,215.57,215.57,215.57,215.57,0,0
3464.N,D,20200803,000000,215.41,215.41,215.41,215.41,0,0
3464.N,D,20200804,000000,215.28,215.28,215.28,215.28,0,0
3464.N,D,20200805,000000,215.65,215.65,215.65,215.65,0,0
3464.N,D,20200806,000000,215.38,215.38,215.38,215.38,0,0
3464.N,D,20200807,000000,215.81,215.81,215.81,215.81,0,0
3464.N,D,20200810,000000,215.72,215.72,215.72,215.72,0,0
3464.N,D,20200811,000000,216.11,216.11,216.11,216.11,0,0
3464.N,D,20200812,000000,216.01,216.01,216.01,216.01,0,0
3464.N,D,20200813,000000,215.96,215.96,215.96,215.96,0,0
3464.N,D,20200814,000000,215.79,215.79,215.79,215.79,0,0
3464.N,D,20200817,000000,215.85,215.85,215.85,215.85,0,0
3464.N,D,20200818,000000,216.09,216.09,216.09,216.09,0,0
3464.N,D,20200819,000000,216.21,216.21,216.21,216.21,0,0
3464.N,D,20200820,000000,216.37,216.37,216.37,216.37,0,0
3464.N,D,20200821,000000,216.56,216.56,216.56,216.56,0,0
3464.N,D,20200824,000000,216.64,216.64,216.64,216.64,0,0
3464.N,D,20200825,000000,216.62,216.62,216.62,216.62,0,0
3464.N,D,20200826,000000,216.04,216.04,216.04,216.04,0,0
3464.N,D,20200827,000000,215.85,215.85,215.85,215.85,0,0
3464.N,D,20200828,000000,215.8,215.8,215.8,215.8,0,0
3464.N,D,20200831,000000,215.88,215.88,215.88,215.88,0,0
3464.N,D,20200901,000000,215.78,215.78,215.78,215.78,0,0
3464.N,D,20200902,000000,215.93,215.93,215.93,215.93,0,0
3464.N,D,20200903,000000,216.55,216.55,216.55,216.55,0,0
3464.N,D,20200904,000000,216.83,216.83,216.83,216.83,0,0
3464.N,D,20200907,000000,216.6,216.6,216.6,216.6,0,0
3464.N,D,20200908,000000,216.49,216.49,216.49,216.49,0,0
3464.N,D,20200909,000000,216.71,216.71,216.71,216.71,0,0
3464.N,D,20200910,000000,216.39,216.39,216.39,216.39,0,0
3464.N,D,20200911,000000,216.11,216.11,216.11,216.11,0,0
3464.N,D,20200914,000000,216.55,216.55,216.55,216.55,0,0
3464.N,D,20200915,000000,216.59,216.59,216.59,216.59,0,0
3464.N,D,20200916,000000,216.62,216.62,216.62,216.62,0,0
3464.N,D,20200917,000000,216.68,216.68,216.68,216.68,0,0
3464.N,D,20200918,000000,216.88,216.88,216.88,216.88,0,0
3464.N,D,20200921,000000,216.85,216.85,216.85,216.85,0,0
3464.N,D,20200922,000000,216.95,216.95,216.95,216.95,0,0
3464.N,D,20200923,000000,216.47,216.47,216.47,216.47,0,0
3464.N,D,20200924,000000,216.42,216.42,216.42,216.42,0,0
3464.N,D,20200925,000000,216.17,216.17,216.17,216.17,0,0
3464.N,D,20200928,000000,216.11,216.11,216.11,216.11,0,0
3464.N,D,20200929,000000,216.14,216.14,216.14,216.14,0,0
3464.N,D,20200930,000000,216.33,216.33,216.33,216.33,0,0
3464.N,D,20201001,000000,216.3,216.3,216.3,216.3,0,0
3464.N,D,20201002,000000,216.62,216.62,216.62,216.62,0,0
3464.N,D,20201005,000000,216.81,216.81,216.81,216.81,0,0
3464.N,D,20201006,000000,216.89,216.89,216.89,216.89,0,0
3464.N,D,20201007,000000,217.16,217.16,217.16,217.16,0,0
3464.N,D,20201008,000000,217.15,217.15,217.15,217.15,0,0
3464.N,D,20201009,000000,217.52,217.52,217.52,217.52,0,0
3464.N,D,20201012,000000,217.67,217.67,217.67,217.67,0,0
3464.N,D,20201013,000000,217.79,217.79,217.79,217.79,0,0
3464.N,D,20201014,000000,217.97,217.97,217.97,217.97,0,0
3464.N,D,20201015,000000,218.13,218.13,218.13,218.13,0,0
3464.N,D,20201016,000000,218.27,218.27,218.27,218.27,0,0
