<TICKER>,<PER>,<DATE>,<TIME>,<OPEN>,<HIGH>,<LOW>,<CLOSE>,<VOL>,<OPENINT>
3540.N,D,20151112,000000,99.95,99.95,99.95,99.95,0,0
3540.N,D,20151113,000000,99.98,99.98,99.98,99.98,0,0
3540.N,D,20151116,000000,99.97,99.97,99.97,99.97,0,0
3540.N,D,20151117,000000,99.98,99.98,99.98,99.98,0,0
3540.N,D,20151118,000000,99.99,99.99,99.99,99.99,0,0
3540.N,D,20151119,000000,100.03,100.03,100.03,100.03,0,0
3540.N,D,20151120,000000,100.03,100.03,100.03,100.03,0,0
3540.N,D,20151123,000000,99.97,99.97,99.97,99.97,0,0
3540.N,D,20151124,000000,99.96,99.96,99.96,99.96,0,0
3540.N,D,20151125,000000,100.03,100.03,100.03,100.03,0,0
3540.N,D,20151126,000000,100.05,100.05,100.05,100.05,0,0
3540.N,D,20151127,000000,100.08,100.08,100.08,100.08,0,0
3540.N,D,20151130,000000,100.02,100.02,100.02,100.02,0,0
3540.N,D,20151201,000000,100.05,100.05,100.05,100.05,0,0
3540.N,D,20151202,000000,100.08,100.08,100.08,100.08,0,0
3540.N,D,20151203,000000,99.84,99.84,99.84,99.84,0,0
3540.N,D,20151204,000000,99.94,99.94,99.94,99.94,0,0
3540.N,D,20151207,000000,100.03,100.03,100.03,100.03,0,0
3540.N,D,20151208,000000,99.99,99.99,99.99,99.99,0,0
3540.N,D,20151209,000000,99.95,99.95,99.95,99.95,0,0
3540.N,D,20151210,000000,99.97,99.97,99.97,99.97,0,0
3540.N,D,20151211,000000,99.95,99.95,99.95,99.95,0,0
3540.N,D,20151214,000000,99.83,99.83,99.83,99.83,0,0
3540.N,D,20151215,000000,99.71,99.71,99.71,99.71,0,0
3540.N,D,20151216,000000,99.83,99.83,99.83,99.83,0,0
3540.N,D,20151217,000000,99.83,99.83,99.83,99.83,0,0
3540.N,D,20151218,000000,99.84,99.84,99.84,99.84,0,0
3540.N,D,20151221,000000,99.81,99.81,99.81,99.81,0,0
3540.N,D,20151222,000000,99.76,99.76,99.76,99.76,0,0
3540.N,D,20151223,000000,99.79,99.79,99.79,99.79,0,0
3540.N,D,20151228,000000,99.86,99.86,99.86,99.86,0,0
3540.N,D,20151229,000000,99.79,99.79,99.79,99.79,0,0
3540.N,D,20151230,000000,99.82,99.82,99.82,99.82,0,0
3540.N,D,20151231,000000,99.85,99.85,99.85,99.85,0,0
3540.N,D,20160104,000000,99.9,99.9,99.9,99.9,0,0
3540.N,D,20160105,000000,99.89,99.89,99.89,99.89,0,0
3540.N,D,20160106,000000,99.88,99.88,99.88,99.88,0,0
3540.N,D,20160107,000000,99.75,99.75,99.75,99.75,0,0
3540.N,D,20160108,000000,99.81,99.81,99.81,99.81,0,0
3540.N,D,20160111,000000,99.73,99.73,99.73,99.73,0,0
3540.N,D,20160112,000000,99.65,99.65,99.65,99.65,0,0
3540.N,D,20160113,000000,99.72,99.72,99.72,99.72,0,0
3540.N,D,20160114,000000,99.61,99.61,99.61,99.61,0,0
3540.N,D,20160115,000000,99.61,99.61,99.61,99.61,0,0
3540.N,D,20160118,000000,99.43,99.43,99.43,99.43,0,0
3540.N,D,20160119,000000,99.33,99.33,99.33,99.33,0,0
3540.N,D,20160120,000000,99.15,99.15,99.15,99.15,0,0
3540.N,D,20160121,000000,99.1,99.1,99.1,99.1,0,0
3540.N,D,20160122,000000,99.13,99.13,99.13,99.13,0,0
3540.N,D,20160125,000000,99.13,99.13,99.13,99.13,0,0
3540.N,D,20160126,000000,99.1,99.1,99.1,99.1,0,0
3540.N,D,20160127,000000,99.13,99.13,99.13,99.13,0,0
3540.N,D,20160128,000000,99.25,99.25,99.25,99.25,0,0
3540.N,D,20160129,000000,99.32,99.32,99.32,99.32,0,0
3540.N,D,20160201,000000,99.26,99.26,99.26,99.26,0,0
3540.N,D,20160202,000000,99.28,99.28,99.28,99.28,0,0
3540.N,D,20160203,000000,99.13,99.13,99.13,99.13,0,0
3540.N,D,20160204,000000,99,99,99,99,0,0
3540.N,D,20160205,000000,98.96,98.96,98.96,98.96,0,0
3540.N,D,20160208,000000,98.83,98.83,98.83,98.83,0,0
3540.N,D,20160209,000000,98.9,98.9,98.9,98.9,0,0
3540.N,D,20160210,000000,98.63,98.63,98.63,98.63,0,0
3540.N,D,20160211,000000,98.49,98.49,98.49,98.49,0,0
3540.N,D,20160212,000000,98.35,98.35,98.35,98.35,0,0
3540.N,D,20160215,000000,98.48,98.48,98.48,98.48,0,0
3540.N,D,20160216,000000,98.47,98.47,98.47,98.47,0,0
3540.N,D,20160217,000000,98.52,98.52,98.52,98.52,0,0
3540.N,D,20160218,000000,98.65,98.65,98.65,98.65,0,0
3540.N,D,20160219,000000,98.63,98.63,98.63,98.63,0,0
3540.N,D,20160222,000000,98.65,98.65,98.65,98.65,0,0
3540.N,D,20160223,000000,98.61,98.61,98.61,98.61,0,0
3540.N,D,20160224,000000,98.7,98.7,98.7,98.7,0,0
3540.N,D,20160225,000000,98.66,98.66,98.66,98.66,0,0
3540.N,D,20160226,000000,98.73,98.73,98.73,98.73,0,0
3540.N,D,20160229,000000,98.77,98.77,98.77,98.77,0,0
3540.N,D,20160301,000000,98.79,98.79,98.79,98.79,0,0
3540.N,D,20160302,000000,98.86,98.86,98.86,98.86,0,0
3540.N,D,20160303,000000,98.94,98.94,98.94,98.94,0,0
3540.N,D,20160304,000000,98.95,98.95,98.95,98.95,0,0
3540.N,D,20160307,000000,99.05,99.05,99.05,99.05,0,0
3540.N,D,20160308,000000,99.11,99.11,99.11,99.11,0,0
3540.N,D,20160309,000000,99.01,99.01,99.01,99.01,0,0
3540.N,D,20160310,000000,99.23,99.23,99.23,99.23,0,0
3540.N,D,20160311,000000,99.71,99.71,99.71,99.71,0,0
3540.N,D,20160314,000000,100.09,100.09,100.09,100.09,0,0
3540.N,D,20160315,000000,100.04,100.04,100.04,100.04,0,0
3540.N,D,20160316,000000,100.02,100.02,100.02,100.02,0,0
3540.N,D,20160317,000000,100.14,100.14,100.14,100.14,0,0
3540.N,D,20160318,000000,100.1,100.1,100.1,100.1,0,0
3540.N,D,20160321,000000,100.14,100.14,100.14,100.14,0,0
3540.N,D,20160322,000000,100.17,100.17,100.17,100.17,0,0
3540.N,D,20160323,000000,100.23,100.23,100.23,100.23,0,0
3540.N,D,20160324,000000,100.28,100.28,100.28,100.28,0,0
3540.N,D,20160329,000000,100.33,100.33,100.33,100.33,0,0
3540.N,D,20160330,000000,100.3,100.3,100.3,100.3,0,0
3540.N,D,20160331,000000,99.96,99.96,99.96,99.96,0,0
3540.N,D,20160401,000000,100.03,100.03,100.03,100.03,0,0
3540.N,D,20160404,000000,100.12,100.12,100.12,100.12,0,0
3540.N,D,20160405,000000,100.26,100.26,100.26,100.26,0,0
3540.N,D,20160406,000000,100.21,100.21,100.21,100.21,0,0
3540.N,D,20160407,000000,100.27,100.27,100.27,100.27,0,0
3540.N,D,20160408,000000,100.2,100.2,100.2,100.2,0,0
3540.N,D,20160411,000000,100.17,100.17,100.17,100.17,0,0
3540.N,D,20160412,000000,100.11,100.11,100.11,100.11,0,0
3540.N,D,20160413,000000,100.14,100.14,100.14,100.14,0,0
3540.N,D,20160414,000000,100.13,100.13,100.13,100.13,0,0
3540.N,D,20160415,000000,100.23,100.23,100.23,100.23,0,0
3540.N,D,20160418,000000,100.22,100.22,100.22,100.22,0,0
3540.N,D,20160419,000000,100.31,100.31,100.31,100.31,0,0
3540.N,D,20160420,000000,100.37,100.37,100.37,100.37,0,0
3540.N,D,20160421,000000,100.29,100.29,100.29,100.29,0,0
3540.N,D,20160422,000000,100.62,100.62,100.62,100.62,0,0
3540.N,D,20160425,000000,100.68,100.68,100.68,100.68,0,0
3540.N,D,20160426,000000,100.63,100.63,100.63,100.63,0,0
3540.N,D,20160427,000000,100.65,100.65,100.65,100.65,0,0
3540.N,D,20160428,000000,100.64,100.64,100.64,100.64,0,0
3540.N,D,20160429,000000,100.58,100.58,100.58,100.58,0,0
3540.N,D,20160502,000000,100.6287,100.6287,100.6287,100.6287,0,0
3540.N,D,20160503,000000,100.6971,100.6971,100.6971,100.6971,0,0
3540.N,D,20160504,000000,100.6047,100.6047,100.6047,100.6047,0,0
3540.N,D,20160505,000000,100.6326,100.6326,100.6326,100.6326,0,0
3540.N,D,20160506,000000,100.6191,100.6191,100.6191,100.6191,0,0
3540.N,D,20160509,000000,100.5795,100.5795,100.5795,100.5795,0,0
3540.N,D,20160510,000000,100.4938,100.4938,100.4938,100.4938,0,0
3540.N,D,20160511,000000,100.4676,100.4676,100.4676,100.4676,0,0
3540.N,D,20160512,000000,100.417,100.417,100.417,100.417,0,0
3540.N,D,20160513,000000,100.423,100.423,100.423,100.423,0,0
3540.N,D,20160516,000000,100.4015,100.4015,100.4015,100.4015,0,0
3540.N,D,20160517,000000,100.407,100.407,100.407,100.407,0,0
3540.N,D,20160518,000000,100.3979,100.3979,100.3979,100.3979,0,0
3540.N,D,20160519,000000,100.3401,100.3401,100.3401,100.3401,0,0
3540.N,D,20160520,000000,100.3496,100.3496,100.3496,100.3496,0,0
3540.N,D,20160523,000000,100.354,100.354,100.354,100.354,0,0
3540.N,D,20160524,000000,100.3792,100.3792,100.3792,100.3792,0,0
3540.N,D,20160525,000000,100.4289,100.4289,100.4289,100.4289,0,0
3540.N,D,20160526,000000,100.4954,100.4954,100.4954,100.4954,0,0
3540.N,D,20160527,000000,100.5406,100.5406,100.5406,100.5406,0,0
3540.N,D,20160530,000000,100.5128,100.5128,100.5128,100.5128,0,0
3540.N,D,20160531,000000,100.5232,100.5232,100.5232,100.5232,0,0
3540.N,D,20160601,000000,100.6225,100.6225,100.6225,100.6225,0,0
3540.N,D,20160602,000000,100.5977,100.5977,100.5977,100.5977,0,0
3540.N,D,20160603,000000,100.7276,100.7276,100.7276,100.7276,0,0
3540.N,D,20160606,000000,100.7423,100.7423,100.7423,100.7423,0,0
3540.N,D,20160607,000000,100.8154,100.8154,100.8154,100.8154,0,0
3540.N,D,20160608,000000,100.8467,100.8467,100.8467,100.8467,0,0
3540.N,D,20160609,000000,100.9521,100.9521,100.9521,100.9521,0,0
3540.N,D,20160610,000000,100.9414,100.9414,100.9414,100.9414,0,0
3540.N,D,20160613,000000,100.8809,100.8809,100.8809,100.8809,0,0
3540.N,D,20160614,000000,100.7858,100.7858,100.7858,100.7858,0,0
3540.N,D,20160615,000000,100.7438,100.7438,100.7438,100.7438,0,0
3540.N,D,20160616,000000,100.6815,100.6815,100.6815,100.6815,0,0
3540.N,D,20160617,000000,100.6302,100.6302,100.6302,100.6302,0,0
3540.N,D,20160620,000000,100.6301,100.6301,100.6301,100.6301,0,0
3540.N,D,20160621,000000,100.6837,100.6837,100.6837,100.6837,0,0
3540.N,D,20160622,000000,100.7164,100.7164,100.7164,100.7164,0,0
3540.N,D,20160623,000000,100.7506,100.7506,100.7506,100.7506,0,0
3540.N,D,20160624,000000,100.5413,100.5413,100.5413,100.5413,0,0
3540.N,D,20160627,000000,100.3748,100.3748,100.3748,100.3748,0,0
3540.N,D,20160628,000000,100.3268,100.3268,100.3268,100.3268,0,0
3540.N,D,20160629,000000,100.4465,100.4465,100.4465,100.4465,0,0
3540.N,D,20160630,000000,99.9961,99.9961,99.9961,99.9961,0,0
3540.N,D,20160701,000000,100.2078,100.2078,100.2078,100.2078,0,0
3540.N,D,20160704,000000,100.3141,100.3141,100.3141,100.3141,0,0
3540.N,D,20160705,000000,100.3391,100.3391,100.3391,100.3391,0,0
3540.N,D,20160706,000000,100.2979,100.2979,100.2979,100.2979,0,0
3540.N,D,20160707,000000,100.2827,100.2827,100.2827,100.2827,0,0
3540.N,D,20160708,000000,100.3344,100.3344,100.3344,100.3344,0,0
3540.N,D,20160711,000000,100.433,100.433,100.433,100.433,0,0
3540.N,D,20160712,000000,100.5693,100.5693,100.5693,100.5693,0,0
3540.N,D,20160713,000000,100.7582,100.7582,100.7582,100.7582,0,0
3540.N,D,20160714,000000,100.7623,100.7623,100.7623,100.7623,0,0
3540.N,D,20160715,000000,101.1012,101.1012,101.1012,101.1012,0,0
3540.N,D,20160718,000000,100.981,100.981,100.981,100.981,0,0
3540.N,D,20160719,000000,100.9697,100.9697,100.9697,100.9697,0,0
3540.N,D,20160720,000000,101.018,101.018,101.018,101.018,0,0
3540.N,D,20160721,000000,101.034,101.034,101.034,101.034,0,0
3540.N,D,20160722,000000,101.1488,101.1488,101.1488,101.1488,0,0
3540.N,D,20160725,000000,101.2135,101.2135,101.2135,101.2135,0,0
3540.N,D,20160726,000000,101.2573,101.2573,101.2573,101.2573,0,0
3540.N,D,20160727,000000,101.2605,101.2605,101.2605,101.2605,0,0
3540.N,D,20160728,000000,101.2277,101.2277,101.2277,101.2277,0,0
3540.N,D,20160729,000000,101.276,101.276,101.276,101.276,0,0
3540.N,D,20160801,000000,101.2789,101.2789,101.2789,101.2789,0,0
3540.N,D,20160802,000000,101.1945,101.1945,101.1945,101.1945,0,0
3540.N,D,20160803,000000,101.2479,101.2479,101.2479,101.2479,0,0
3540.N,D,20160804,000000,101.3887,101.3887,101.3887,101.3887,0,0
3540.N,D,20160805,000000,101.4632,101.4632,101.4632,101.4632,0,0
3540.N,D,20160808,000000,101.5285,101.5285,101.5285,101.5285,0,0
3540.N,D,20160809,000000,101.5655,101.5655,101.5655,101.5655,0,0
3540.N,D,20160810,000000,101.6627,101.6627,101.6627,101.6627,0,0
3540.N,D,20160811,000000,101.6341,101.6341,101.6341,101.6341,0,0
3540.N,D,20160812,000000,101.6378,101.6378,101.6378,101.6378,0,0
3540.N,D,20160815,000000,101.5934,101.5934,101.5934,101.5934,0,0
3540.N,D,20160816,000000,101.6332,101.6332,101.6332,101.6332,0,0
3540.N,D,20160817,000000,101.6155,101.6155,101.6155,101.6155,0,0
3540.N,D,20160818,000000,101.6468,101.6468,101.6468,101.6468,0,0
3540.N,D,20160819,000000,101.6213,101.6213,101.6213,101.6213,0,0
3540.N,D,20160822,000000,101.6839,101.6839,101.6839,101.6839,0,0
3540.N,D,20160823,000000,101.7002,101.7002,101.7002,101.7002,0,0
3540.N,D,20160824,000000,101.7523,101.7523,101.7523,101.7523,0,0
3540.N,D,20160825,000000,101.7213,101.7213,101.7213,101.7213,0,0
3540.N,D,20160826,000000,101.769,101.769,101.769,101.769,0,0
3540.N,D,20160829,000000,101.7258,101.7258,101.7258,101.7258,0,0
3540.N,D,20160830,000000,101.8884,101.8884,101.8884,101.8884,0,0
3540.N,D,20160831,000000,101.8815,101.8815,101.8815,101.8815,0,0
3540.N,D,20160901,000000,101.8252,101.8252,101.8252,101.8252,0,0
3540.N,D,20160902,000000,101.8578,101.8578,101.8578,101.8578,0,0
3540.N,D,20160905,000000,101.8739,101.8739,101.8739,101.8739,0,0
3540.N,D,20160906,000000,101.9159,101.9159,101.9159,101.9159,0,0
3540.N,D,20160907,000000,101.9395,101.9395,101.9395,101.9395,0,0
3540.N,D,20160908,000000,101.826,101.826,101.826,101.826,0,0
3540.N,D,20160909,000000,101.742,101.742,101.742,101.742,0,0
3540.N,D,20160912,000000,101.6464,101.6464,101.6464,101.6464,0,0
3540.N,D,20160913,000000,101.705,101.705,101.705,101.705,0,0
3540.N,D,20160914,000000,101.6202,101.6202,101.6202,101.6202,0,0
3540.N,D,20160915,000000,101.5778,101.5778,101.5778,101.5778,0,0
3540.N,D,20160916,000000,101.6075,101.6075,101.6075,101.6075,0,0
3540.N,D,20160919,000000,101.5712,101.5712,101.5712,101.5712,0,0
3540.N,D,20160920,000000,101.6592,101.6592,101.6592,101.6592,0,0
3540.N,D,20160921,000000,101.6324,101.6324,101.6324,101.6324,0,0
3540.N,D,20160922,000000,101.7974,101.7974,101.7974,101.7974,0,0
3540.N,D,20160923,000000,101.7724,101.7724,101.7724,101.7724,0,0
3540.N,D,20160926,000000,101.7735,101.7735,101.7735,101.7735,0,0
3540.N,D,20160927,000000,102.0355,102.0355,102.0355,102.0355,0,0
3540.N,D,20160928,000000,102.0229,102.0229,102.0229,102.0229,0,0
3540.N,D,20160929,000000,101.3011,101.3011,101.3011,101.3011,0,0
3540.N,D,20160930,000000,101.2971,101.2971,101.2971,101.2971,0,0
3540.N,D,20161003,000000,101.2795,101.2795,101.2795,101.2795,0,0
3540.N,D,20161004,000000,101.567,101.567,101.567,101.567,0,0
3540.N,D,20161005,000000,101.2619,101.2619,101.2619,101.2619,0,0
3540.N,D,20161006,000000,101.2905,101.2905,101.2905,101.2905,0,0
3540.N,D,20161007,000000,101.4442,101.4442,101.4442,101.4442,0,0
3540.N,D,20161010,000000,101.2231,101.2231,101.2231,101.2231,0,0
3540.N,D,20161011,000000,101.2244,101.2244,101.2244,101.2244,0,0
3540.N,D,20161012,000000,101.1667,101.1667,101.1667,101.1667,0,0
3540.N,D,20161013,000000,101.184,101.184,101.184,101.184,0,0
3540.N,D,20161014,000000,101.1586,101.1586,101.1586,101.1586,0,0
3540.N,D,20161017,000000,101.3902,101.3902,101.3902,101.3902,0,0
3540.N,D,20161018,000000,101.2169,101.2169,101.2169,101.2169,0,0
3540.N,D,20161019,000000,101.2318,101.2318,101.2318,101.2318,0,0
3540.N,D,20161020,000000,101.241,101.241,101.241,101.241,0,0
3540.N,D,20161021,000000,101.3109,101.3109,101.3109,101.3109,0,0
3540.N,D,20161024,000000,101.3673,101.3673,101.3673,101.3673,0,0
3540.N,D,20161025,000000,101.3735,101.3735,101.3735,101.3735,0,0
3540.N,D,20161026,000000,101.5385,101.5385,101.5385,101.5385,0,0
3540.N,D,20161027,000000,101.2944,101.2944,101.2944,101.2944,0,0
3540.N,D,20161028,000000,101.285,101.285,101.285,101.285,0,0
3540.N,D,20161031,000000,101.2973,101.2973,101.2973,101.2973,0,0
3540.N,D,20161101,000000,101.2432,101.2432,101.2432,101.2432,0,0
3540.N,D,20161102,000000,101.5098,101.5098,101.5098,101.5098,0,0
3540.N,D,20161103,000000,101.4429,101.4429,101.4429,101.4429,0,0
3540.N,D,20161104,000000,101.522,101.522,101.522,101.522,0,0
3540.N,D,20161107,000000,101.2609,101.2609,101.2609,101.2609,0,0
3540.N,D,20161108,000000,101.279,101.279,101.279,101.279,0,0
3540.N,D,20161109,000000,101.1804,101.1804,101.1804,101.1804,0,0
3540.N,D,20161110,000000,101.1049,101.1049,101.1049,101.1049,0,0
3540.N,D,20161111,000000,101.0933,101.0933,101.0933,101.0933,0,0
3540.N,D,20161114,000000,100.922,100.922,100.922,100.922,0,0
3540.N,D,20161115,000000,101.0067,101.0067,101.0067,101.0067,0,0
3540.N,D,20161116,000000,100.9077,100.9077,100.9077,100.9077,0,0
3540.N,D,20161117,000000,100.8992,100.8992,100.8992,100.8992,0,0
3540.N,D,20161118,000000,100.8045,100.8045,100.8045,100.8045,0,0
3540.N,D,20161121,000000,100.7798,100.7798,100.7798,100.7798,0,0
3540.N,D,20161122,000000,100.9015,100.9015,100.9015,100.9015,0,0
3540.N,D,20161123,000000,100.8357,100.8357,100.8357,100.8357,0,0
3540.N,D,20161124,000000,100.8856,100.8856,100.8856,100.8856,0,0
3540.N,D,20161125,000000,100.8926,100.8926,100.8926,100.8926,0,0
3540.N,D,20161128,000000,100.9348,100.9348,100.9348,100.9348,0,0
3540.N,D,20161129,000000,100.8733,100.8733,100.8733,100.8733,0,0
3540.N,D,20161130,000000,100.8806,100.8806,100.8806,100.8806,0,0
3540.N,D,20161201,000000,100.8047,100.8047,100.8047,100.8047,0,0
3540.N,D,20161202,000000,100.5754,100.5754,100.5754,100.5754,0,0
3540.N,D,20161205,000000,100.7523,100.7523,100.7523,100.7523,0,0
3540.N,D,20161206,000000,100.8544,100.8544,100.8544,100.8544,0,0
3540.N,D,20161207,000000,100.7134,100.7134,100.7134,100.7134,0,0
3540.N,D,20161208,000000,100.9968,100.9968,100.9968,100.9968,0,0
3540.N,D,20161209,000000,101.0805,101.0805,101.0805,101.0805,0,0
3540.N,D,20161212,000000,101.0191,101.0191,101.0191,101.0191,0,0
3540.N,D,20161213,000000,101.182,101.182,101.182,101.182,0,0
3540.N,D,20161214,000000,101.2158,101.2158,101.2158,101.2158,0,0
3540.N,D,20161215,000000,100.7778,100.7778,100.7778,100.7778,0,0
3540.N,D,20161216,000000,100.9379,100.9379,100.9379,100.9379,0,0
3540.N,D,20161219,000000,100.9907,100.9907,100.9907,100.9907,0,0
3540.N,D,20161220,000000,100.9706,100.9706,100.9706,100.9706,0,0
3540.N,D,20161221,000000,101.018,101.018,101.018,101.018,0,0
3540.N,D,20161222,000000,101.0237,101.0237,101.0237,101.0237,0,0
3540.N,D,20161223,000000,101.0803,101.0803,101.0803,101.0803,0,0
3540.N,D,20161227,000000,101.1263,101.1263,101.1263,101.1263,0,0
3540.N,D,20161228,000000,101.1453,101.1453,101.1453,101.1453,0,0
3540.N,D,20161229,000000,101.1627,101.1627,101.1627,101.1627,0,0
3540.N,D,20161230,000000,101.1081,101.1081,101.1081,101.1081,0,0
3540.N,D,20170102,000000,101.1125,101.1125,101.1125,101.1125,0,0
3540.N,D,20170103,000000,101.0898,101.0898,101.0898,101.0898,0,0
3540.N,D,20170104,000000,101.1846,101.1846,101.1846,101.1846,0,0
3540.N,D,20170105,000000,101.1856,101.1856,101.1856,101.1856,0,0
3540.N,D,20170106,000000,101.1765,101.1765,101.1765,101.1765,0,0
3540.N,D,20170109,000000,101.2423,101.2423,101.2423,101.2423,0,0
3540.N,D,20170110,000000,101.1978,101.1978,101.1978,101.1978,0,0
3540.N,D,20170111,000000,101.185,101.185,101.185,101.185,0,0
3540.N,D,20170112,000000,101.1709,101.1709,101.1709,101.1709,0,0
3540.N,D,20170113,000000,101.1392,101.1392,101.1392,101.1392,0,0
3540.N,D,20170116,000000,101.2322,101.2322,101.2322,101.2322,0,0
3540.N,D,20170117,000000,101.2403,101.2403,101.2403,101.2403,0,0
3540.N,D,20170118,000000,101.1766,101.1766,101.1766,101.1766,0,0
3540.N,D,20170119,000000,101.1638,101.1638,101.1638,101.1638,0,0
3540.N,D,20170120,000000,101.1924,101.1924,101.1924,101.1924,0,0
3540.N,D,20170123,000000,101.2759,101.2759,101.2759,101.2759,0,0
3540.N,D,20170124,000000,101.2507,101.2507,101.2507,101.2507,0,0
3540.N,D,20170125,000000,101.2131,101.2131,101.2131,101.2131,0,0
3540.N,D,20170126,000000,101.2732,101.2732,101.2732,101.2732,0,0
3540.N,D,20170127,000000,101.3277,101.3277,101.3277,101.3277,0,0
3540.N,D,20170130,000000,101.317,101.317,101.317,101.317,0,0
3540.N,D,20170131,000000,101.2634,101.2634,101.2634,101.2634,0,0
3540.N,D,20170201,000000,101.2813,101.2813,101.2813,101.2813,0,0
3540.N,D,20170202,000000,101.4307,101.4307,101.4307,101.4307,0,0
3540.N,D,20170203,000000,101.4243,101.4243,101.4243,101.4243,0,0
3540.N,D,20170206,000000,101.5523,101.5523,101.5523,101.5523,0,0
3540.N,D,20170207,000000,101.5065,101.5065,101.5065,101.5065,0,0
3540.N,D,20170208,000000,101.586,101.586,101.586,101.586,0,0
3540.N,D,20170209,000000,101.5479,101.5479,101.5479,101.5479,0,0
3540.N,D,20170210,000000,101.5507,101.5507,101.5507,101.5507,0,0
3540.N,D,20170213,000000,101.6191,101.6191,101.6191,101.6191,0,0
3540.N,D,20170214,000000,101.7043,101.7043,101.7043,101.7043,0,0
3540.N,D,20170215,000000,101.7269,101.7269,101.7269,101.7269,0,0
3540.N,D,20170216,000000,101.7664,101.7664,101.7664,101.7664,0,0
3540.N,D,20170217,000000,101.8119,101.8119,101.8119,101.8119,0,0
3540.N,D,20170220,000000,101.801,101.801,101.801,101.801,0,0
3540.N,D,20170221,000000,101.7965,101.7965,101.7965,101.7965,0,0
3540.N,D,20170222,000000,101.9712,101.9712,101.9712,101.9712,0,0
3540.N,D,20170223,000000,101.9966,101.9966,101.9966,101.9966,0,0
3540.N,D,20170224,000000,102.0631,102.0631,102.0631,102.0631,0,0
3540.N,D,20170227,000000,102.0604,102.0604,102.0604,102.0604,0,0
3540.N,D,20170228,000000,102.0558,102.0558,102.0558,102.0558,0,0
3540.N,D,20170301,000000,101.9955,101.9955,101.9955,101.9955,0,0
3540.N,D,20170302,000000,102.0703,102.0703,102.0703,102.0703,0,0
3540.N,D,20170303,000000,102.3128,102.3128,102.3128,102.3128,0,0
3540.N,D,20170306,000000,102.2004,102.2004,102.2004,102.2004,0,0
3540.N,D,20170307,000000,102.4464,102.4464,102.4464,102.4464,0,0
3540.N,D,20170308,000000,102.3554,102.3554,102.3554,102.3554,0,0
3540.N,D,20170309,000000,102.0392,102.0392,102.0392,102.0392,0,0
3540.N,D,20170310,000000,102.0591,102.0591,102.0591,102.0591,0,0
3540.N,D,20170313,000000,102.099,102.099,102.099,102.099,0,0
3540.N,D,20170314,000000,102.026,102.026,102.026,102.026,0,0
3540.N,D,20170315,000000,102.2968,102.2968,102.2968,102.2968,0,0
3540.N,D,20170316,000000,102.0855,102.0855,102.0855,102.0855,0,0
3540.N,D,20170317,000000,102.0915,102.0915,102.0915,102.0915,0,0
3540.N,D,20170320,000000,102.3418,102.3418,102.3418,102.3418,0,0
3540.N,D,20170321,000000,102.3098,102.3098,102.3098,102.3098,0,0
3540.N,D,20170322,000000,102.168,102.168,102.168,102.168,0,0
3540.N,D,20170323,000000,102.1238,102.1238,102.1238,102.1238,0,0
3540.N,D,20170324,000000,102.1251,102.1251,102.1251,102.1251,0,0
3540.N,D,20170327,000000,102.1442,102.1442,102.1442,102.1442,0,0
3540.N,D,20170328,000000,102.1338,102.1338,102.1338,102.1338,0,0
3540.N,D,20170329,000000,102.1795,102.1795,102.1795,102.1795,0,0
3540.N,D,20170330,000000,101.6933,101.6933,101.6933,101.6933,0,0
3540.N,D,20170331,000000,101.6768,101.6768,101.6768,101.6768,0,0
3540.N,D,20170403,000000,101.7626,101.7626,101.7626,101.7626,0,0
3540.N,D,20170404,000000,101.8059,101.8059,101.8059,101.8059,0,0
3540.N,D,20170405,000000,101.7456,101.7456,101.7456,101.7456,0,0
3540.N,D,20170406,000000,101.7838,101.7838,101.7838,101.7838,0,0
3540.N,D,20170407,000000,101.8417,101.8417,101.8417,101.8417,0,0
3540.N,D,20170410,000000,101.8449,101.8449,101.8449,101.8449,0,0
3540.N,D,20170411,000000,101.8615,101.8615,101.8615,101.8615,0,0
3540.N,D,20170412,000000,101.8489,101.8489,101.8489,101.8489,0,0
3540.N,D,20170413,000000,101.8839,101.8839,101.8839,101.8839,0,0
3540.N,D,20170418,000000,101.8516,101.8516,101.8516,101.8516,0,0
3540.N,D,20170419,000000,101.8057,101.8057,101.8057,101.8057,0,0
3540.N,D,20170420,000000,101.7733,101.7733,101.7733,101.7733,0,0
3540.N,D,20170421,000000,101.8401,101.8401,101.8401,101.8401,0,0
3540.N,D,20170424,000000,101.856,101.856,101.856,101.856,0,0
3540.N,D,20170425,000000,102.1523,102.1523,102.1523,102.1523,0,0
3540.N,D,20170426,000000,102.3481,102.3481,102.3481,102.3481,0,0
3540.N,D,20170427,000000,102.1803,102.1803,102.1803,102.1803,0,0
3540.N,D,20170428,000000,102.1972,102.1972,102.1972,102.1972,0,0
3540.N,D,20170501,000000,102.2922,102.2922,102.2922,102.2922,0,0
3540.N,D,20170502,000000,102.3048,102.3048,102.3048,102.3048,0,0
3540.N,D,20170503,000000,102.4132,102.4132,102.4132,102.4132,0,0
3540.N,D,20170504,000000,102.4054,102.4054,102.4054,102.4054,0,0
3540.N,D,20170505,000000,102.4648,102.4648,102.4648,102.4648,0,0
3540.N,D,20170508,000000,102.541,102.541,102.541,102.541,0,0
3540.N,D,20170509,000000,102.5448,102.5448,102.5448,102.5448,0,0
3540.N,D,20170510,000000,102.6254,102.6254,102.6254,102.6254,0,0
3540.N,D,20170511,000000,102.579,102.579,102.579,102.579,0,0
3540.N,D,20170512,000000,102.8381,102.8381,102.8381,102.8381,0,0
3540.N,D,20170515,000000,102.8026,102.8026,102.8026,102.8026,0,0
3540.N,D,20170516,000000,102.5769,102.5769,102.5769,102.5769,0,0
3540.N,D,20170517,000000,102.5967,102.5967,102.5967,102.5967,0,0
3540.N,D,20170518,000000,102.4207,102.4207,102.4207,102.4207,0,0
3540.N,D,20170519,000000,102.4569,102.4569,102.4569,102.4569,0,0
3540.N,D,20170522,000000,102.4761,102.4761,102.4761,102.4761,0,0
3540.N,D,20170523,000000,102.5266,102.5266,102.5266,102.5266,0,0
3540.N,D,20170524,000000,102.5814,102.5814,102.5814,102.5814,0,0
3540.N,D,20170525,000000,102.6739,102.6739,102.6739,102.6739,0,0
3540.N,D,20170526,000000,102.7028,102.7028,102.7028,102.7028,0,0
3540.N,D,20170529,000000,102.6715,102.6715,102.6715,102.6715,0,0
3540.N,D,20170530,000000,102.8879,102.8879,102.8879,102.8879,0,0
3540.N,D,20170531,000000,102.7076,102.7076,102.7076,102.7076,0,0
3540.N,D,20170601,000000,102.6778,102.6778,102.6778,102.6778,0,0
3540.N,D,20170602,000000,102.7452,102.7452,102.7452,102.7452,0,0
3540.N,D,20170605,000000,102.7087,102.7087,102.7087,102.7087,0,0
3540.N,D,20170606,000000,102.784,102.784,102.784,102.784,0,0
3540.N,D,20170607,000000,102.7909,102.7909,102.7909,102.7909,0,0
3540.N,D,20170608,000000,102.7513,102.7513,102.7513,102.7513,0,0
3540.N,D,20170609,000000,102.7267,102.7267,102.7267,102.7267,0,0
3540.N,D,20170612,000000,102.7697,102.7697,102.7697,102.7697,0,0
3540.N,D,20170613,000000,102.7233,102.7233,102.7233,102.7233,0,0
3540.N,D,20170614,000000,102.8761,102.8761,102.8761,102.8761,0,0
3540.N,D,20170615,000000,102.7237,102.7237,102.7237,102.7237,0,0
3540.N,D,20170616,000000,102.7991,102.7991,102.7991,102.7991,0,0
3540.N,D,20170619,000000,102.8012,102.8012,102.8012,102.8012,0,0
3540.N,D,20170620,000000,102.87,102.87,102.87,102.87,0,0
3540.N,D,20170621,000000,102.8118,102.8118,102.8118,102.8118,0,0
3540.N,D,20170622,000000,102.8314,102.8314,102.8314,102.8314,0,0
3540.N,D,20170623,000000,102.7803,102.7803,102.7803,102.7803,0,0
3540.N,D,20170626,000000,103.0781,103.0781,103.0781,103.0781,0,0
3540.N,D,20170627,000000,102.766,102.766,102.766,102.766,0,0
3540.N,D,20170628,000000,102.7776,102.7776,102.7776,102.7776,0,0
3540.N,D,20170629,000000,102.1478,102.1478,102.1478,102.1478,0,0
3540.N,D,20170630,000000,102.1988,102.1988,102.1988,102.1988,0,0
3540.N,D,20170703,000000,102.2658,102.2658,102.2658,102.2658,0,0
3540.N,D,20170704,000000,102.3169,102.3169,102.3169,102.3169,0,0
3540.N,D,20170705,000000,102.3356,102.3356,102.3356,102.3356,0,0
3540.N,D,20170706,000000,102.2511,102.2511,102.2511,102.2511,0,0
3540.N,D,20170707,000000,102.2695,102.2695,102.2695,102.2695,0,0
3540.N,D,20170710,000000,102.3569,102.3569,102.3569,102.3569,0,0
3540.N,D,20170711,000000,102.2759,102.2759,102.2759,102.2759,0,0
3540.N,D,20170712,000000,102.4216,102.4216,102.4216,102.4216,0,0
3540.N,D,20170713,000000,102.3574,102.3574,102.3574,102.3574,0,0
3540.N,D,20170714,000000,102.4927,102.4927,102.4927,102.4927,0,0
3540.N,D,20170717,000000,102.4913,102.4913,102.4913,102.4913,0,0
3540.N,D,20170718,000000,102.5623,102.5623,102.5623,102.5623,0,0
3540.N,D,20170719,000000,102.5993,102.5993,102.5993,102.5993,0,0
3540.N,D,20170720,000000,102.5841,102.5841,102.5841,102.5841,0,0
3540.N,D,20170721,000000,102.9201,102.9201,102.9201,102.9201,0,0
3540.N,D,20170724,000000,102.6836,102.6836,102.6836,102.6836,0,0
3540.N,D,20170725,000000,102.6164,102.6164,102.6164,102.6164,0,0
3540.N,D,20170726,000000,102.6985,102.6985,102.6985,102.6985,0,0
3540.N,D,20170727,000000,102.7674,102.7674,102.7674,102.7674,0,0
3540.N,D,20170728,000000,102.9362,102.9362,102.9362,102.9362,0,0
3540.N,D,20170731,000000,103.0151,103.0151,103.0151,103.0151,0,0
3540.N,D,20170801,000000,102.9104,102.9104,102.9104,102.9104,0,0
3540.N,D,20170802,000000,102.9671,102.9671,102.9671,102.9671,0,0
3540.N,D,20170803,000000,103.025,103.025,103.025,103.025,0,0
3540.N,D,20170804,000000,103.028,103.028,103.028,103.028,0,0
3540.N,D,20170807,000000,103.0536,103.0536,103.0536,103.0536,0,0
3540.N,D,20170808,000000,103.0452,103.0452,103.0452,103.0452,0,0
3540.N,D,20170809,000000,103.0781,103.0781,103.0781,103.0781,0,0
3540.N,D,20170810,000000,103.172,103.172,103.172,103.172,0,0
3540.N,D,20170811,000000,102.7313,102.7313,102.7313,102.7313,0,0
3540.N,D,20170814,000000,102.8957,102.8957,102.8957,102.8957,0,0
3540.N,D,20170815,000000,103.0641,103.0641,103.0641,103.0641,0,0
3540.N,D,20170816,000000,102.9388,102.9388,102.9388,102.9388,0,0
3540.N,D,20170817,000000,102.9677,102.9677,102.9677,102.9677,0,0
3540.N,D,20170818,000000,103.1663,103.1663,103.1663,103.1663,0,0
3540.N,D,20170821,000000,102.9383,102.9383,102.9383,102.9383,0,0
3540.N,D,20170822,000000,102.8978,102.8978,102.8978,102.8978,0,0
3540.N,D,20170823,000000,102.9435,102.9435,102.9435,102.9435,0,0
3540.N,D,20170824,000000,102.9182,102.9182,102.9182,102.9182,0,0
3540.N,D,20170825,000000,102.8927,102.8927,102.8927,102.8927,0,0
3540.N,D,20170828,000000,102.9665,102.9665,102.9665,102.9665,0,0
3540.N,D,20170829,000000,103.0018,103.0018,103.0018,103.0018,0,0
3540.N,D,20170830,000000,102.9025,102.9025,102.9025,102.9025,0,0
3540.N,D,20170831,000000,102.9375,102.9375,102.9375,102.9375,0,0
3540.N,D,20170901,000000,102.8841,102.8841,102.8841,102.8841,0,0
3540.N,D,20170904,000000,102.9533,102.9533,102.9533,102.9533,0,0
3540.N,D,20170905,000000,102.9888,102.9888,102.9888,102.9888,0,0
3540.N,D,20170906,000000,102.9384,102.9384,102.9384,102.9384,0,0
3540.N,D,20170907,000000,102.9625,102.9625,102.9625,102.9625,0,0
3540.N,D,20170908,000000,102.9654,102.9654,102.9654,102.9654,0,0
3540.N,D,20170911,000000,102.9726,102.9726,102.9726,102.9726,0,0
3540.N,D,20170912,000000,102.9624,102.9624,102.9624,102.9624,0,0
3540.N,D,20170913,000000,102.9842,102.9842,102.9842,102.9842,0,0
3540.N,D,20170914,000000,103.002,103.002,103.002,103.002,0,0
3540.N,D,20170915,000000,102.9795,102.9795,102.9795,102.9795,0,0
3540.N,D,20170918,000000,103.0373,103.0373,103.0373,103.0373,0,0
3540.N,D,20170919,000000,103.144,103.144,103.144,103.144,0,0
3540.N,D,20170920,000000,103.3266,103.3266,103.3266,103.3266,0,0
3540.N,D,20170921,000000,103.2278,103.2278,103.2278,103.2278,0,0
3540.N,D,20170922,000000,103.0924,103.0924,103.0924,103.0924,0,0
3540.N,D,20170925,000000,103.1506,103.1506,103.1506,103.1506,0,0
3540.N,D,20170926,000000,103.119,103.119,103.119,103.119,0,0
3540.N,D,20170927,000000,102.987,102.987,102.987,102.987,0,0
3540.N,D,20170928,000000,102.5421,102.5421,102.5421,102.5421,0,0
3540.N,D,20170929,000000,102.8775,102.8775,102.8775,102.8775,0,0
3540.N,D,20171002,000000,102.7,102.7,102.7,102.7,0,0
3540.N,D,20171003,000000,102.8601,102.8601,102.8601,102.8601,0,0
3540.N,D,20171004,000000,102.9676,102.9676,102.9676,102.9676,0,0
3540.N,D,20171005,000000,102.7942,102.7942,102.7942,102.7942,0,0
3540.N,D,20171006,000000,102.8841,102.8841,102.8841,102.8841,0,0
3540.N,D,20171009,000000,102.8203,102.8203,102.8203,102.8203,0,0
3540.N,D,20171010,000000,102.9585,102.9585,102.9585,102.9585,0,0
3540.N,D,20171011,000000,102.8641,102.8641,102.8641,102.8641,0,0
3540.N,D,20171012,000000,102.9092,102.9092,102.9092,102.9092,0,0
3540.N,D,20171013,000000,102.9921,102.9921,102.9921,102.9921,0,0
3540.N,D,20171016,000000,103.0268,103.0268,103.0268,103.0268,0,0
3540.N,D,20171017,000000,103.2255,103.2255,103.2255,103.2255,0,0
3540.N,D,20171018,000000,103.0181,103.0181,103.0181,103.0181,0,0
3540.N,D,20171019,000000,103.059,103.059,103.059,103.059,0,0
3540.N,D,20171020,000000,102.9722,102.9722,102.9722,102.9722,0,0
3540.N,D,20171023,000000,103.26,103.26,103.26,103.26,0,0
3540.N,D,20171024,000000,103.2009,103.2009,103.2009,103.2009,0,0
3540.N,D,20171025,000000,102.9571,102.9571,102.9571,102.9571,0,0
3540.N,D,20171026,000000,103.0911,103.0911,103.0911,103.0911,0,0
3540.N,D,20171027,000000,103.1467,103.1467,103.1467,103.1467,0,0
3540.N,D,20171030,000000,103.4586,103.4586,103.4586,103.4586,0,0
3540.N,D,20171031,000000,103.3156,103.3156,103.3156,103.3156,0,0
3540.N,D,20171101,000000,103.5929,103.5929,103.5929,103.5929,0,0
3540.N,D,20171102,000000,103.4655,103.4655,103.4655,103.4655,0,0
3540.N,D,20171103,000000,103.5226,103.5226,103.5226,103.5226,0,0
3540.N,D,20171106,000000,103.7751,103.7751,103.7751,103.7751,0,0
3540.N,D,20171107,000000,103.5559,103.5559,103.5559,103.5559,0,0
3540.N,D,20171108,000000,103.5276,103.5276,103.5276,103.5276,0,0
3540.N,D,20171109,000000,103.3484,103.3484,103.3484,103.3484,0,0
3540.N,D,20171110,000000,103.453,103.453,103.453,103.453,0,0
3540.N,D,20171113,000000,103.2669,103.2669,103.2669,103.2669,0,0
3540.N,D,20171114,000000,103.24,103.24,103.24,103.24,0,0
3540.N,D,20171115,000000,103.2084,103.2084,103.2084,103.2084,0,0
3540.N,D,20171116,000000,103.1617,103.1617,103.1617,103.1617,0,0
3540.N,D,20171117,000000,103.3752,103.3752,103.3752,103.3752,0,0
3540.N,D,20171120,000000,103.2049,103.2049,103.2049,103.2049,0,0
3540.N,D,20171121,000000,103.2636,103.2636,103.2636,103.2636,0,0
3540.N,D,20171122,000000,103.4561,103.4561,103.4561,103.4561,0,0
3540.N,D,20171123,000000,103.3323,103.3323,103.3323,103.3323,0,0
3540.N,D,20171124,000000,103.3152,103.3152,103.3152,103.3152,0,0
3540.N,D,20171127,000000,103.5798,103.5798,103.5798,103.5798,0,0
3540.N,D,20171128,000000,103.3809,103.3809,103.3809,103.3809,0,0
3540.N,D,20171129,000000,103.2786,103.2786,103.2786,103.2786,0,0
3540.N,D,20171130,000000,103.3169,103.3169,103.3169,103.3169,0,0
3540.N,D,20171201,000000,103.3937,103.3937,103.3937,103.3937,0,0
3540.N,D,20171204,000000,103.4063,103.4063,103.4063,103.4063,0,0
3540.N,D,20171205,000000,103.4371,103.4371,103.4371,103.4371,0,0
3540.N,D,20171206,000000,103.4935,103.4935,103.4935,103.4935,0,0
3540.N,D,20171207,000000,103.4281,103.4281,103.4281,103.4281,0,0
3540.N,D,20171208,000000,103.412,103.412,103.412,103.412,0,0
3540.N,D,20171211,000000,103.4711,103.4711,103.4711,103.4711,0,0
3540.N,D,20171212,000000,103.4157,103.4157,103.4157,103.4157,0,0
3540.N,D,20171213,000000,103.4509,103.4509,103.4509,103.4509,0,0
3540.N,D,20171214,000000,103.414,103.414,103.414,103.414,0,0
3540.N,D,20171215,000000,103.255,103.255,103.255,103.255,0,0
3540.N,D,20171218,000000,103.2354,103.2354,103.2354,103.2354,0,0
3540.N,D,20171219,000000,103.5398,103.5398,103.5398,103.5398,0,0
3540.N,D,20171220,000000,103.1162,103.1162,103.1162,103.1162,0,0
3540.N,D,20171221,000000,102.9831,102.9831,102.9831,102.9831,0,0
3540.N,D,20171222,000000,103.0214,103.0214,103.0214,103.0214,0,0
3540.N,D,20171227,000000,103.0701,103.0701,103.0701,103.0701,0,0
3540.N,D,20171228,000000,103.0244,103.0244,103.0244,103.0244,0,0
3540.N,D,20171229,000000,102.9826,102.9826,102.9826,102.9826,0,0
3540.N,D,20180102,000000,102.994,102.994,102.994,102.994,0,0
3540.N,D,20180103,000000,103.0992,103.0992,103.0992,103.0992,0,0
3540.N,D,20180104,000000,103.121,103.121,103.121,103.121,0,0
3540.N,D,20180105,000000,103.246,103.246,103.246,103.246,0,0
3540.N,D,20180108,000000,103.3106,103.3106,103.3106,103.3106,0,0
3540.N,D,20180109,000000,103.2673,103.2673,103.2673,103.2673,0,0
3540.N,D,20180110,000000,103.1408,103.1408,103.1408,103.1408,0,0
3540.N,D,20180111,000000,103.0973,103.0973,103.0973,103.0973,0,0
3540.N,D,20180112,000000,103.2485,103.2485,103.2485,103.2485,0,0
3540.N,D,20180115,000000,103.359,103.359,103.359,103.359,0,0
3540.N,D,20180116,000000,103.406,103.406,103.406,103.406,0,0
3540.N,D,20180117,000000,103.184,103.184,103.184,103.184,0,0
3540.N,D,20180118,000000,103.156,103.156,103.156,103.156,0,0
3540.N,D,20180119,000000,103.245,103.245,103.245,103.245,0,0
3540.N,D,20180122,000000,103.254,103.254,103.254,103.254,0,0
3540.N,D,20180123,000000,103.359,103.359,103.359,103.359,0,0
3540.N,D,20180124,000000,103.459,103.459,103.459,103.459,0,0
3540.N,D,20180125,000000,103.445,103.445,103.445,103.445,0,0
3540.N,D,20180126,000000,103.297,103.297,103.297,103.297,0,0
3540.N,D,20180129,000000,103.402,103.402,103.402,103.402,0,0
3540.N,D,20180130,000000,103.296,103.296,103.296,103.296,0,0
3540.N,D,20180131,000000,103.275,103.275,103.275,103.275,0,0
3540.N,D,20180201,000000,103.404,103.404,103.404,103.404,0,0
3540.N,D,20180202,000000,103.123,103.123,103.123,103.123,0,0
3540.N,D,20180205,000000,103.165,103.165,103.165,103.165,0,0
3540.N,D,20180206,000000,103.05,103.05,103.05,103.05,0,0
3540.N,D,20180207,000000,103.021,103.021,103.021,103.021,0,0
3540.N,D,20180208,000000,102.909,102.909,102.909,102.909,0,0
3540.N,D,20180209,000000,102.789,102.789,102.789,102.789,0,0
3540.N,D,20180212,000000,102.714,102.714,102.714,102.714,0,0
3540.N,D,20180213,000000,102.664,102.664,102.664,102.664,0,0
3540.N,D,20180214,000000,102.553,102.553,102.553,102.553,0,0
3540.N,D,20180215,000000,102.624,102.624,102.624,102.624,0,0
3540.N,D,20180216,000000,102.831,102.831,102.831,102.831,0,0
3540.N,D,20180219,000000,102.805,102.805,102.805,102.805,0,0
3540.N,D,20180220,000000,102.816,102.816,102.816,102.816,0,0
3540.N,D,20180221,000000,102.85,102.85,102.85,102.85,0,0
3540.N,D,20180222,000000,102.766,102.766,102.766,102.766,0,0
3540.N,D,20180223,000000,102.763,102.763,102.763,102.763,0,0
3540.N,D,20180226,000000,102.768,102.768,102.768,102.768,0,0
3540.N,D,20180227,000000,102.761,102.761,102.761,102.761,0,0
3540.N,D,20180228,000000,102.794,102.794,102.794,102.794,0,0
3540.N,D,20180301,000000,102.609,102.609,102.609,102.609,0,0
3540.N,D,20180305,000000,102.656,102.656,102.656,102.656,0,0
3540.N,D,20180306,000000,102.568,102.568,102.568,102.568,0,0
3540.N,D,20180307,000000,102.695,102.695,102.695,102.695,0,0
3540.N,D,20180308,000000,102.654,102.654,102.654,102.654,0,0
3540.N,D,20180309,000000,102.923,102.923,102.923,102.923,0,0
3540.N,D,20180312,000000,102.86,102.86,102.86,102.86,0,0
3540.N,D,20180313,000000,102.842,102.842,102.842,102.842,0,0
3540.N,D,20180314,000000,102.774,102.774,102.774,102.774,0,0
3540.N,D,20180315,000000,102.627,102.627,102.627,102.627,0,0
3540.N,D,20180316,000000,102.589,102.589,102.589,102.589,0,0
3540.N,D,20180319,000000,102.494,102.494,102.494,102.494,0,0
3540.N,D,20180320,000000,102.427,102.427,102.427,102.427,0,0
3540.N,D,20180321,000000,102.408,102.408,102.408,102.408,0,0
3540.N,D,20180322,000000,102.515,102.515,102.515,102.515,0,0
3540.N,D,20180323,000000,102.271,102.271,102.271,102.271,0,0
3540.N,D,20180326,000000,102.276,102.276,102.276,102.276,0,0
3540.N,D,20180327,000000,102.402,102.402,102.402,102.402,0,0
3540.N,D,20180328,000000,102.404,102.404,102.404,102.404,0,0
3540.N,D,20180329,000000,101.922,101.922,101.922,101.922,0,0
3540.N,D,20180403,000000,101.959,101.959,101.959,101.959,0,0
3540.N,D,20180404,000000,101.783,101.783,101.783,101.783,0,0
3540.N,D,20180405,000000,101.94,101.94,101.94,101.94,0,0
3540.N,D,20180406,000000,102.05,102.05,102.05,102.05,0,0
3540.N,D,20180409,000000,102.044,102.044,102.044,102.044,0,0
3540.N,D,20180410,000000,102.017,102.017,102.017,102.017,0,0
3540.N,D,20180411,000000,102.105,102.105,102.105,102.105,0,0
3540.N,D,20180412,000000,102.279,102.279,102.279,102.279,0,0
3540.N,D,20180413,000000,102.351,102.351,102.351,102.351,0,0
3540.N,D,20180416,000000,101.963,101.963,101.963,101.963,0,0
3540.N,D,20180417,000000,102.288,102.288,102.288,102.288,0,0
3540.N,D,20180418,000000,102.258,102.258,102.258,102.258,0,0
3540.N,D,20180419,000000,102.096,102.096,102.096,102.096,0,0
3540.N,D,20180420,000000,102.088,102.088,102.088,102.088,0,0
3540.N,D,20180423,000000,102.044,102.044,102.044,102.044,0,0
3540.N,D,20180424,000000,102.052,102.052,102.052,102.052,0,0
3540.N,D,20180425,000000,102.003,102.003,102.003,102.003,0,0
3540.N,D,20180426,000000,102.037,102.037,102.037,102.037,0,0
3540.N,D,20180427,000000,101.874,101.874,101.874,101.874,0,0
3540.N,D,20180430,000000,102.088,102.088,102.088,102.088,0,0
3540.N,D,20180501,000000,102.083,102.083,102.083,102.083,0,0
3540.N,D,20180502,000000,101.99,101.99,101.99,101.99,0,0
3540.N,D,20180503,000000,102.003,102.003,102.003,102.003,0,0
3540.N,D,20180504,000000,101.873,101.873,101.873,101.873,0,0
3540.N,D,20180507,000000,101.887,101.887,101.887,101.887,0,0
3540.N,D,20180508,000000,101.804,101.804,101.804,101.804,0,0
3540.N,D,20180509,000000,101.73,101.73,101.73,101.73,0,0
3540.N,D,20180510,000000,101.839,101.839,101.839,101.839,0,0
3540.N,D,20180511,000000,101.838,101.838,101.838,101.838,0,0
3540.N,D,20180514,000000,101.8,101.8,101.8,101.8,0,0
3540.N,D,20180515,000000,101.756,101.756,101.756,101.756,0,0
3540.N,D,20180516,000000,101.741,101.741,101.741,101.741,0,0
3540.N,D,20180517,000000,101.63,101.63,101.63,101.63,0,0
3540.N,D,20180518,000000,101.599,101.599,101.599,101.599,0,0
3540.N,D,20180521,000000,101.504,101.504,101.504,101.504,0,0
3540.N,D,20180522,000000,101.45,101.45,101.45,101.45,0,0
3540.N,D,20180523,000000,101.349,101.349,101.349,101.349,0,0
3540.N,D,20180524,000000,101.295,101.295,101.295,101.295,0,0
3540.N,D,20180525,000000,101.234,101.234,101.234,101.234,0,0
3540.N,D,20180528,000000,101.198,101.198,101.198,101.198,0,0
3540.N,D,20180529,000000,100.735,100.735,100.735,100.735,0,0
3540.N,D,20180530,000000,100.663,100.663,100.663,100.663,0,0
3540.N,D,20180531,000000,100.929,100.929,100.929,100.929,0,0
3540.N,D,20180601,000000,101,101,101,101,0,0
3540.N,D,20180604,000000,101.209,101.209,101.209,101.209,0,0
3540.N,D,20180605,000000,101.293,101.293,101.293,101.293,0,0
3540.N,D,20180606,000000,101.019,101.019,101.019,101.019,0,0
3540.N,D,20180607,000000,100.992,100.992,100.992,100.992,0,0
3540.N,D,20180608,000000,100.941,100.941,100.941,100.941,0,0
3540.N,D,20180611,000000,100.884,100.884,100.884,100.884,0,0
3540.N,D,20180612,000000,100.883,100.883,100.883,100.883,0,0
3540.N,D,20180613,000000,100.972,100.972,100.972,100.972,0,0
3540.N,D,20180614,000000,101.108,101.108,101.108,101.108,0,0
3540.N,D,20180615,000000,101.235,101.235,101.235,101.235,0,0
3540.N,D,20180618,000000,101.151,101.151,101.151,101.151,0,0
3540.N,D,20180619,000000,101.099,101.099,101.099,101.099,0,0
3540.N,D,20180620,000000,101.063,101.063,101.063,101.063,0,0
3540.N,D,20180621,000000,101.025,101.025,101.025,101.025,0,0
3540.N,D,20180622,000000,100.994,100.994,100.994,100.994,0,0
3540.N,D,20180625,000000,100.883,100.883,100.883,100.883,0,0
3540.N,D,20180626,000000,100.757,100.757,100.757,100.757,0,0
3540.N,D,20180627,000000,100.62,100.62,100.62,100.62,0,0
3540.N,D,20180628,000000,100.037,100.037,100.037,100.037,0,0
3540.N,D,20180629,000000,100.005,100.005,100.005,100.005,0,0
3540.N,D,20180702,000000,99.983,99.983,99.983,99.983,0,0
3540.N,D,20180703,000000,100.057,100.057,100.057,100.057,0,0
3540.N,D,20180704,000000,100.097,100.097,100.097,100.097,0,0
3540.N,D,20180705,000000,100.173,100.173,100.173,100.173,0,0
3540.N,D,20180706,000000,100.297,100.297,100.297,100.297,0,0
3540.N,D,20180709,000000,100.552,100.552,100.552,100.552,0,0
3540.N,D,20180710,000000,100.478,100.478,100.478,100.478,0,0
3540.N,D,20180711,000000,100.481,100.481,100.481,100.481,0,0
3540.N,D,20180712,000000,100.529,100.529,100.529,100.529,0,0
3540.N,D,20180713,000000,100.644,100.644,100.644,100.644,0,0
3540.N,D,20180716,000000,100.643,100.643,100.643,100.643,0,0
3540.N,D,20180717,000000,100.662,100.662,100.662,100.662,0,0
3540.N,D,20180718,000000,100.677,100.677,100.677,100.677,0,0
3540.N,D,20180719,000000,100.651,100.651,100.651,100.651,0,0
3540.N,D,20180720,000000,100.564,100.564,100.564,100.564,0,0
3540.N,D,20180723,000000,100.532,100.532,100.532,100.532,0,0
3540.N,D,20180724,000000,100.315,100.315,100.315,100.315,0,0
3540.N,D,20180725,000000,100.865,100.865,100.865,100.865,0,0
3540.N,D,20180726,000000,100.722,100.722,100.722,100.722,0,0
3540.N,D,20180727,000000,100.811,100.811,100.811,100.811,0,0
3540.N,D,20180731,000000,100.812,100.812,100.812,100.812,0,0
3540.N,D,20180801,000000,100.996,100.996,100.996,100.996,0,0
3540.N,D,20180802,000000,100.795,100.795,100.795,100.795,0,0
3540.N,D,20180803,000000,100.803,100.803,100.803,100.803,0,0
3540.N,D,20180806,000000,100.824,100.824,100.824,100.824,0,0
3540.N,D,20180807,000000,100.82,100.82,100.82,100.82,0,0
3540.N,D,20180808,000000,100.838,100.838,100.838,100.838,0,0
3540.N,D,20180809,000000,100.827,100.827,100.827,100.827,0,0
3540.N,D,20180810,000000,100.757,100.757,100.757,100.757,0,0
3540.N,D,20180813,000000,100.568,100.568,100.568,100.568,0,0
3540.N,D,20180814,000000,100.557,100.557,100.557,100.557,0,0
3540.N,D,20180815,000000,100.563,100.563,100.563,100.563,0,0
3540.N,D,20180816,000000,100.484,100.484,100.484,100.484,0,0
3540.N,D,20180817,000000,100.518,100.518,100.518,100.518,0,0
3540.N,D,20180820,000000,100.507,100.507,100.507,100.507,0,0
3540.N,D,20180821,000000,100.5,100.5,100.5,100.5,0,0
3540.N,D,20180822,000000,100.54,100.54,100.54,100.54,0,0
3540.N,D,20180823,000000,100.489,100.489,100.489,100.489,0,0
3540.N,D,20180824,000000,100.424,100.424,100.424,100.424,0,0
3540.N,D,20180827,000000,100.399,100.399,100.399,100.399,0,0
3540.N,D,20180828,000000,100.377,100.377,100.377,100.377,0,0
3540.N,D,20180829,000000,100.329,100.329,100.329,100.329,0,0
3540.N,D,20180830,000000,100.369,100.369,100.369,100.369,0,0
3540.N,D,20180831,000000,100.284,100.284,100.284,100.284,0,0
3540.N,D,20180903,000000,100.469,100.469,100.469,100.469,0,0
3540.N,D,20180904,000000,100.159,100.159,100.159,100.159,0,0
3540.N,D,20180905,000000,100.057,100.057,100.057,100.057,0,0
3540.N,D,20180906,000000,100.096,100.096,100.096,100.096,0,0
3540.N,D,20180907,000000,100.082,100.082,100.082,100.082,0,0
3540.N,D,20180910,000000,100.126,100.126,100.126,100.126,0,0
3540.N,D,20180911,000000,100.138,100.138,100.138,100.138,0,0
3540.N,D,20180912,000000,100.208,100.208,100.208,100.208,0,0
3540.N,D,20180913,000000,100.253,100.253,100.253,100.253,0,0
3540.N,D,20180914,000000,100.263,100.263,100.263,100.263,0,0
3540.N,D,20180917,000000,100.296,100.296,100.296,100.296,0,0
3540.N,D,20180918,000000,100.314,100.314,100.314,100.314,0,0
3540.N,D,20180919,000000,100.37,100.37,100.37,100.37,0,0
3540.N,D,20180920,000000,100.383,100.383,100.383,100.383,0,0
3540.N,D,20180921,000000,100.5,100.5,100.5,100.5,0,0
3540.N,D,20180924,000000,100.425,100.425,100.425,100.425,0,0
3540.N,D,20180925,000000,100.354,100.354,100.354,100.354,0,0
3540.N,D,20180926,000000,100.391,100.391,100.391,100.391,0,0
3540.N,D,20180927,000000,99.885,99.885,99.885,99.885,0,0
3540.N,D,20180928,000000,99.954,99.954,99.954,99.954,0,0
3540.N,D,20181001,000000,100.122,100.122,100.122,100.122,0,0
3540.N,D,20181002,000000,99.958,99.958,99.958,99.958,0,0
3540.N,D,20181003,000000,99.934,99.934,99.934,99.934,0,0
3540.N,D,20181004,000000,99.807,99.807,99.807,99.807,0,0
3540.N,D,20181005,000000,99.763,99.763,99.763,99.763,0,0
3540.N,D,20181008,000000,99.779,99.779,99.779,99.779,0,0
3540.N,D,20181009,000000,99.683,99.683,99.683,99.683,0,0
3540.N,D,20181010,000000,99.612,99.612,99.612,99.612,0,0
3540.N,D,20181011,000000,99.544,99.544,99.544,99.544,0,0
3540.N,D,20181012,000000,99.3272,99.3272,99.3272,99.3272,0,0
3540.N,D,20181015,000000,99.584,99.584,99.584,99.584,0,0
3540.N,D,20181016,000000,99.55,99.55,99.55,99.55,0,0
3540.N,D,20181017,000000,99.643,99.643,99.643,99.643,0,0
3540.N,D,20181018,000000,99.503,99.503,99.503,99.503,0,0
3540.N,D,20181019,000000,99.4123,99.4123,99.4123,99.4123,0,0
3540.N,D,20181022,000000,99.4143,99.4143,99.4143,99.4143,0,0
3540.N,D,20181023,000000,99.3486,99.3486,99.3486,99.3486,0,0
3540.N,D,20181024,000000,99.2761,99.2761,99.2761,99.2761,0,0
3540.N,D,20181025,000000,99.1576,99.1576,99.1576,99.1576,0,0
3540.N,D,20181026,000000,99.1314,99.1314,99.1314,99.1314,0,0
3540.N,D,20181029,000000,98.9975,98.9975,98.9975,98.9975,0,0
3540.N,D,20181030,000000,99.0387,99.0387,99.0387,99.0387,0,0
3540.N,D,20181031,000000,99.0319,99.0319,99.0319,99.0319,0,0
3540.N,D,20181101,000000,99.09,99.09,99.09,99.09,0,0
3540.N,D,20181102,000000,99.1857,99.1857,99.1857,99.1857,0,0
3540.N,D,20181105,000000,99.2065,99.2065,99.2065,99.2065,0,0
3540.N,D,20181106,000000,99.2085,99.2085,99.2085,99.2085,0,0
3540.N,D,20181107,000000,99.2638,99.2638,99.2638,99.2638,0,0
3540.N,D,20181108,000000,99.3026,99.3026,99.3026,99.3026,0,0
3540.N,D,20181109,000000,99.0529,99.0529,99.0529,99.0529,0,0
3540.N,D,20181112,000000,99.2669,99.2669,99.2669,99.2669,0,0
3540.N,D,20181113,000000,99.0814,99.0814,99.0814,99.0814,0,0
3540.N,D,20181114,000000,98.8921,98.8921,98.8921,98.8921,0,0
3540.N,D,20181115,000000,98.7878,98.7878,98.7878,98.7878,0,0
3540.N,D,20181116,000000,98.4315,98.4315,98.4315,98.4315,0,0
3540.N,D,20181119,000000,98.2202,98.2202,98.2202,98.2202,0,0
3540.N,D,20181120,000000,97.817,97.817,97.817,97.817,0,0
3540.N,D,20181121,000000,97.5941,97.5941,97.5941,97.5941,0,0
3540.N,D,20181122,000000,97.8834,97.8834,97.8834,97.8834,0,0
3540.N,D,20181123,000000,98.0155,98.0155,98.0155,98.0155,0,0
3540.N,D,20181126,000000,97.9785,97.9785,97.9785,97.9785,0,0
3540.N,D,20181127,000000,97.9408,97.9408,97.9408,97.9408,0,0
3540.N,D,20181128,000000,97.8092,97.8092,97.8092,97.8092,0,0
3540.N,D,20181129,000000,97.7331,97.7331,97.7331,97.7331,0,0
3540.N,D,20181130,000000,97.581,97.581,97.581,97.581,0,0
3540.N,D,20181203,000000,97.8709,97.8709,97.8709,97.8709,0,0
3540.N,D,20181204,000000,97.5213,97.5213,97.5213,97.5213,0,0
3540.N,D,20181205,000000,97.2471,97.2471,97.2471,97.2471,0,0
3540.N,D,20181206,000000,97.1936,97.1936,97.1936,97.1936,0,0
3540.N,D,20181207,000000,97.0594,97.0594,97.0594,97.0594,0,0
3540.N,D,20181210,000000,97.0331,97.0331,97.0331,97.0331,0,0
3540.N,D,20181211,000000,96.9898,96.9898,96.9898,96.9898,0,0
3540.N,D,20181212,000000,97.1295,97.1295,97.1295,97.1295,0,0
3540.N,D,20181213,000000,97.3963,97.3963,97.3963,97.3963,0,0
3540.N,D,20181214,000000,97.5008,97.5008,97.5008,97.5008,0,0
3540.N,D,20181217,000000,97.4696,97.4696,97.4696,97.4696,0,0
3540.N,D,20181218,000000,97.4462,97.4462,97.4462,97.4462,0,0
3540.N,D,20181219,000000,97.418,97.418,97.418,97.418,0,0
3540.N,D,20181220,000000,96.8658,96.8658,96.8658,96.8658,0,0
3540.N,D,20181221,000000,96.7411,96.7411,96.7411,96.7411,0,0
3540.N,D,20181227,000000,96.7378,96.7378,96.7378,96.7378,0,0
3540.N,D,20181228,000000,96.7331,96.7331,96.7331,96.7331,0,0
3540.N,D,20181231,000000,96.7072,96.7072,96.7072,96.7072,0,0
3540.N,D,20190102,000000,96.7973,96.7973,96.7973,96.7973,0,0
3540.N,D,20190103,000000,96.5284,96.5284,96.5284,96.5284,0,0
3540.N,D,20190104,000000,96.3401,96.3401,96.3401,96.3401,0,0
3540.N,D,20190107,000000,96.3852,96.3852,96.3852,96.3852,0,0
3540.N,D,20190108,000000,96.3821,96.3821,96.3821,96.3821,0,0
3540.N,D,20190109,000000,96.4037,96.4037,96.4037,96.4037,0,0
3540.N,D,20190110,000000,96.6985,96.6985,96.6985,96.6985,0,0
3540.N,D,20190111,000000,96.8468,96.8468,96.8468,96.8468,0,0
3540.N,D,20190114,000000,96.8506,96.8506,96.8506,96.8506,0,0
3540.N,D,20190115,000000,96.9368,96.9368,96.9368,96.9368,0,0
3540.N,D,20190116,000000,97.0848,97.0848,97.0848,97.0848,0,0
3540.N,D,20190117,000000,97.1809,97.1809,97.1809,97.1809,0,0
3540.N,D,20190118,000000,97.2913,97.2913,97.2913,97.2913,0,0
3540.N,D,20190121,000000,97.4231,97.4231,97.4231,97.4231,0,0
3540.N,D,20190122,000000,97.4114,97.4114,97.4114,97.4114,0,0
3540.N,D,20190123,000000,97.3441,97.3441,97.3441,97.3441,0,0
3540.N,D,20190124,000000,97.5046,97.5046,97.5046,97.5046,0,0
3540.N,D,20190125,000000,97.559,97.559,97.559,97.559,0,0
3540.N,D,20190128,000000,97.8401,97.8401,97.8401,97.8401,0,0
3540.N,D,20190129,000000,97.6404,97.6404,97.6404,97.6404,0,0
3540.N,D,20190130,000000,98.0093,98.0093,98.0093,98.0093,0,0
3540.N,D,20190131,000000,98.0435,98.0435,98.0435,98.0435,0,0
3540.N,D,20190201,000000,97.7622,97.7622,97.7622,97.7622,0,0
3540.N,D,20190206,000000,98.401,98.401,98.401,98.401,0,0
3540.N,D,20190207,000000,98.3846,98.3846,98.3846,98.3846,0,0
3540.N,D,20190208,000000,98.2536,98.2536,98.2536,98.2536,0,0
3540.N,D,20190211,000000,98.1543,98.1543,98.1543,98.1543,0,0
3540.N,D,20190212,000000,98.2498,98.2498,98.2498,98.2498,0,0
3540.N,D,20190213,000000,98.3418,98.3418,98.3418,98.3418,0,0
3540.N,D,20190214,000000,98.4377,98.4377,98.4377,98.4377,0,0
3540.N,D,20190215,000000,98.3637,98.3637,98.3637,98.3637,0,0
3540.N,D,20190218,000000,98.4609,98.4609,98.4609,98.4609,0,0
3540.N,D,20190219,000000,98.5512,98.5512,98.5512,98.5512,0,0
3540.N,D,20190220,000000,98.5552,98.5552,98.5552,98.5552,0,0
3540.N,D,20190221,000000,98.4952,98.4952,98.4952,98.4952,0,0
3540.N,D,20190222,000000,98.5762,98.5762,98.5762,98.5762,0,0
3540.N,D,20190225,000000,98.5912,98.5912,98.5912,98.5912,0,0
3540.N,D,20190226,000000,98.6987,98.6987,98.6987,98.6987,0,0
3540.N,D,20190227,000000,98.7628,98.7628,98.7628,98.7628,0,0
3540.N,D,20190228,000000,98.8212,98.8212,98.8212,98.8212,0,0
3540.N,D,20190301,000000,98.8481,98.8481,98.8481,98.8481,0,0
3540.N,D,20190304,000000,98.9269,98.9269,98.9269,98.9269,0,0
3540.N,D,20190305,000000,98.9348,98.9348,98.9348,98.9348,0,0
3540.N,D,20190306,000000,98.919,98.919,98.919,98.919,0,0
3540.N,D,20190307,000000,98.9801,98.9801,98.9801,98.9801,0,0
3540.N,D,20190308,000000,98.8524,98.8524,98.8524,98.8524,0,0
3540.N,D,20190311,000000,98.8774,98.8774,98.8774,98.8774,0,0
3540.N,D,20190312,000000,99.0347,99.0347,99.0347,99.0347,0,0
3540.N,D,20190313,000000,99.1382,99.1382,99.1382,99.1382,0,0
3540.N,D,20190314,000000,99.2908,99.2908,99.2908,99.2908,0,0
3540.N,D,20190315,000000,99.4008,99.4008,99.4008,99.4008,0,0
3540.N,D,20190318,000000,99.4721,99.4721,99.4721,99.4721,0,0
3540.N,D,20190319,000000,99.526,99.526,99.526,99.526,0,0
3540.N,D,20190320,000000,99.541,99.541,99.541,99.541,0,0
3540.N,D,20190321,000000,99.531,99.531,99.531,99.531,0,0
3540.N,D,20190322,000000,99.592,99.592,99.592,99.592,0,0
3540.N,D,20190325,000000,99.4427,99.4427,99.4427,99.4427,0,0
3540.N,D,20190326,000000,99.4807,99.4807,99.4807,99.4807,0,0
3540.N,D,20190327,000000,99.65,99.65,99.65,99.65,0,0
3540.N,D,20190328,000000,99.0768,99.0768,99.0768,99.0768,0,0
3540.N,D,20190329,000000,99.1961,99.1961,99.1961,99.1961,0,0
3540.N,D,20190401,000000,99.3583,99.3583,99.3583,99.3583,0,0
3540.N,D,20190402,000000,99.4645,99.4645,99.4645,99.4645,0,0
3540.N,D,20190403,000000,99.4236,99.4236,99.4236,99.4236,0,0
3540.N,D,20190404,000000,99.798,99.798,99.798,99.798,0,0
3540.N,D,20190405,000000,99.4898,99.4898,99.4898,99.4898,0,0
3540.N,D,20190408,000000,99.535,99.535,99.535,99.535,0,0
3540.N,D,20190409,000000,99.561,99.561,99.561,99.561,0,0
3540.N,D,20190410,000000,99.604,99.604,99.604,99.604,0,0
3540.N,D,20190411,000000,99.648,99.648,99.648,99.648,0,0
3540.N,D,20190412,000000,99.673,99.673,99.673,99.673,0,0
3540.N,D,20190415,000000,99.764,99.764,99.764,99.764,0,0
3540.N,D,20190416,000000,99.853,99.853,99.853,99.853,0,0
3540.N,D,20190417,000000,99.855,99.855,99.855,99.855,0,0
3540.N,D,20190418,000000,99.935,99.935,99.935,99.935,0,0
3540.N,D,20190423,000000,99.934,99.934,99.934,99.934,0,0
3540.N,D,20190424,000000,100.1,100.1,100.1,100.1,0,0
3540.N,D,20190425,000000,100.067,100.067,100.067,100.067,0,0
3540.N,D,20190426,000000,100.062,100.062,100.062,100.062,0,0
3540.N,D,20190429,000000,100.043,100.043,100.043,100.043,0,0
3540.N,D,20190430,000000,100.056,100.056,100.056,100.056,0,0
3540.N,D,20190501,000000,100.14,100.14,100.14,100.14,0,0
3540.N,D,20190502,000000,100.2,100.2,100.2,100.2,0,0
3540.N,D,20190503,000000,100.142,100.142,100.142,100.142,0,0
3540.N,D,20190506,000000,100.154,100.154,100.154,100.154,0,0
3540.N,D,20190507,000000,100.117,100.117,100.117,100.117,0,0
3540.N,D,20190508,000000,99.934,99.934,99.934,99.934,0,0
3540.N,D,20190509,000000,99.833,99.833,99.833,99.833,0,0
3540.N,D,20190510,000000,99.783,99.783,99.783,99.783,0,0
3540.N,D,20190513,000000,99.717,99.717,99.717,99.717,0,0
3540.N,D,20190514,000000,99.706,99.706,99.706,99.706,0,0
3540.N,D,20190515,000000,99.756,99.756,99.756,99.756,0,0
3540.N,D,20190516,000000,99.716,99.716,99.716,99.716,0,0
3540.N,D,20190517,000000,99.8,99.8,99.8,99.8,0,0
3540.N,D,20190520,000000,99.736,99.736,99.736,99.736,0,0
3540.N,D,20190521,000000,99.662,99.662,99.662,99.662,0,0
3540.N,D,20190522,000000,99.654,99.654,99.654,99.654,0,0
3540.N,D,20190523,000000,99.47,99.47,99.47,99.47,0,0
3540.N,D,20190524,000000,99.4358,99.4358,99.4358,99.4358,0,0
3540.N,D,20190527,000000,99.4569,99.4569,99.4569,99.4569,0,0
3540.N,D,20190528,000000,99.4266,99.4266,99.4266,99.4266,0,0
3540.N,D,20190529,000000,99.3742,99.3742,99.3742,99.3742,0,0
3540.N,D,20190530,000000,99.4002,99.4002,99.4002,99.4002,0,0
3540.N,D,20190531,000000,99.396,99.396,99.396,99.396,0,0
3540.N,D,20190603,000000,99.3748,99.3748,99.3748,99.3748,0,0
3540.N,D,20190604,000000,99.4634,99.4634,99.4634,99.4634,0,0
3540.N,D,20190605,000000,99.97,99.97,99.97,99.97,0,0
3540.N,D,20190606,000000,99.67,99.67,99.67,99.67,0,0
3540.N,D,20190607,000000,99.804,99.804,99.804,99.804,0,0
3540.N,D,20190610,000000,99.846,99.846,99.846,99.846,0,0
3540.N,D,20190611,000000,99.98,99.98,99.98,99.98,0,0
3540.N,D,20190612,000000,99.986,99.986,99.986,99.986,0,0
3540.N,D,20190613,000000,100.018,100.018,100.018,100.018,0,0
3540.N,D,20190614,000000,100.037,100.037,100.037,100.037,0,0
3540.N,D,20190617,000000,100.039,100.039,100.039,100.039,0,0
3540.N,D,20190618,000000,100.435,100.435,100.435,100.435,0,0
3540.N,D,20190619,000000,100.444,100.444,100.444,100.444,0,0
3540.N,D,20190620,000000,100.808,100.808,100.808,100.808,0,0
3540.N,D,20190621,000000,100.716,100.716,100.716,100.716,0,0
3540.N,D,20190624,000000,100.814,100.814,100.814,100.814,0,0
3540.N,D,20190625,000000,100.837,100.837,100.837,100.837,0,0
3540.N,D,20190626,000000,100.805,100.805,100.805,100.805,0,0
3540.N,D,20190627,000000,100.288,100.288,100.288,100.288,0,0
3540.N,D,20190628,000000,100.349,100.349,100.349,100.349,0,0
3540.N,D,20190701,000000,100.48,100.48,100.48,100.48,0,0
3540.N,D,20190702,000000,100.615,100.615,100.615,100.615,0,0
3540.N,D,20190703,000000,100.789,100.789,100.789,100.789,0,0
3540.N,D,20190704,000000,100.931,100.931,100.931,100.931,0,0
3540.N,D,20190705,000000,100.94,100.94,100.94,100.94,0,0
3540.N,D,20190708,000000,100.945,100.945,100.945,100.945,0,0
3540.N,D,20190709,000000,100.783,100.783,100.783,100.783,0,0
3540.N,D,20190710,000000,100.744,100.744,100.744,100.744,0,0
3540.N,D,20190711,000000,100.746,100.746,100.746,100.746,0,0
3540.N,D,20190712,000000,100.796,100.796,100.796,100.796,0,0
3540.N,D,20190715,000000,100.898,100.898,100.898,100.898,0,0
3540.N,D,20190716,000000,100.932,100.932,100.932,100.932,0,0
3540.N,D,20190717,000000,100.994,100.994,100.994,100.994,0,0
3540.N,D,20190718,000000,100.908,100.908,100.908,100.908,0,0
3540.N,D,20190719,000000,100.962,100.962,100.962,100.962,0,0
3540.N,D,20190722,000000,101.002,101.002,101.002,101.002,0,0
3540.N,D,20190723,000000,101.082,101.082,101.082,101.082,0,0
3540.N,D,20190724,000000,101.234,101.234,101.234,101.234,0,0
3540.N,D,20190725,000000,101.41,101.41,101.41,101.41,0,0
3540.N,D,20190726,000000,101.372,101.372,101.372,101.372,0,0
3540.N,D,20190729,000000,101.513,101.513,101.513,101.513,0,0
3540.N,D,20190730,000000,101.348,101.348,101.348,101.348,0,0
3540.N,D,20190731,000000,101.381,101.381,101.381,101.381,0,0
3540.N,D,20190801,000000,101.366,101.366,101.366,101.366,0,0
3540.N,D,20190802,000000,101.062,101.062,101.062,101.062,0,0
3540.N,D,20190805,000000,101.211,101.211,101.211,101.211,0,0
3540.N,D,20190806,000000,101.182,101.182,101.182,101.182,0,0
3540.N,D,20190807,000000,101.374,101.374,101.374,101.374,0,0
3540.N,D,20190808,000000,101.208,101.208,101.208,101.208,0,0
3540.N,D,20190809,000000,101.307,101.307,101.307,101.307,0,0
3540.N,D,20190812,000000,101.247,101.247,101.247,101.247,0,0
3540.N,D,20190813,000000,101.152,101.152,101.152,101.152,0,0
3540.N,D,20190814,000000,101.155,101.155,101.155,101.155,0,0
3540.N,D,20190815,000000,101.014,101.014,101.014,101.014,0,0
3540.N,D,20190816,000000,101.015,101.015,101.015,101.015,0,0
3540.N,D,20190819,000000,100.977,100.977,100.977,100.977,0,0
3540.N,D,20190820,000000,101.416,101.416,101.416,101.416,0,0
3540.N,D,20190821,000000,101.37,101.37,101.37,101.37,0,0
3540.N,D,20190822,000000,101.091,101.091,101.091,101.091,0,0
3540.N,D,20190823,000000,101.251,101.251,101.251,101.251,0,0
3540.N,D,20190826,000000,101.278,101.278,101.278,101.278,0,0
3540.N,D,20190827,000000,101.327,101.327,101.327,101.327,0,0
3540.N,D,20190828,000000,101.665,101.665,101.665,101.665,0,0
3540.N,D,20190829,000000,101.372,101.372,101.372,101.372,0,0
3540.N,D,20190830,000000,101.339,101.339,101.339,101.339,0,0
3540.N,D,20190902,000000,101.272,101.272,101.272,101.272,0,0
3540.N,D,20190903,000000,101.242,101.242,101.242,101.242,0,0
3540.N,D,20190904,000000,101.118,101.118,101.118,101.118,0,0
3540.N,D,20190905,000000,101.126,101.126,101.126,101.126,0,0
3540.N,D,20190906,000000,101.268,101.268,101.268,101.268,0,0
3540.N,D,20190909,000000,101.141,101.141,101.141,101.141,0,0
3540.N,D,20190910,000000,101.134,101.134,101.134,101.134,0,0
3540.N,D,20190911,000000,101.026,101.026,101.026,101.026,0,0
3540.N,D,20190912,000000,101.32,101.32,101.32,101.32,0,0
3540.N,D,20190913,000000,101.169,101.169,101.169,101.169,0,0
3540.N,D,20190916,000000,101.401,101.401,101.401,101.401,0,0
3540.N,D,20190917,000000,101.288,101.288,101.288,101.288,0,0
3540.N,D,20190918,000000,101.217,101.217,101.217,101.217,0,0
3540.N,D,20190919,000000,101.116,101.116,101.116,101.116,0,0
3540.N,D,20190920,000000,101.17,101.17,101.17,101.17,0,0
3540.N,D,20190923,000000,101.291,101.291,101.291,101.291,0,0
3540.N,D,20190924,000000,101.178,101.178,101.178,101.178,0,0
3540.N,D,20190925,000000,101.166,101.166,101.166,101.166,0,0
3540.N,D,20190926,000000,100.665,100.665,100.665,100.665,0,0
3540.N,D,20190927,000000,100.735,100.735,100.735,100.735,0,0
3540.N,D,20190930,000000,100.741,100.741,100.741,100.741,0,0
3540.N,D,20191001,000000,100.745,100.745,100.745,100.745,0,0
3540.N,D,20191002,000000,100.776,100.776,100.776,100.776,0,0
3540.N,D,20191003,000000,100.767,100.767,100.767,100.767,0,0
3540.N,D,20191004,000000,100.695,100.695,100.695,100.695,0,0
3540.N,D,20191007,000000,100.699,100.699,100.699,100.699,0,0
3540.N,D,20191008,000000,100.719,100.719,100.719,100.719,0,0
3540.N,D,20191009,000000,100.627,100.627,100.627,100.627,0,0
3540.N,D,20191010,000000,100.486,100.486,100.486,100.486,0,0
3540.N,D,20191011,000000,100.485,100.485,100.485,100.485,0,0
3540.N,D,20191014,000000,100.671,100.671,100.671,100.671,0,0
3540.N,D,20191015,000000,100.681,100.681,100.681,100.681,0,0
3540.N,D,20191016,000000,100.673,100.673,100.673,100.673,0,0
3540.N,D,20191017,000000,100.702,100.702,100.702,100.702,0,0
3540.N,D,20191018,000000,100.702,100.702,100.702,100.702,0,0
3540.N,D,20191021,000000,100.667,100.667,100.667,100.667,0,0
3540.N,D,20191022,000000,100.82,100.82,100.82,100.82,0,0
3540.N,D,20191023,000000,100.869,100.869,100.869,100.869,0,0
3540.N,D,20191024,000000,100.783,100.783,100.783,100.783,0,0
3540.N,D,20191029,000000,100.864,100.864,100.864,100.864,0,0
3540.N,D,20191030,000000,100.859,100.859,100.859,100.859,0,0
3540.N,D,20191031,000000,100.982,100.982,100.982,100.982,0,0
3540.N,D,20191101,000000,100.93,100.93,100.93,100.93,0,0
3540.N,D,20191104,000000,100.926,100.926,100.926,100.926,0,0
3540.N,D,20191105,000000,100.961,100.961,100.961,100.961,0,0
3540.N,D,20191106,000000,101.024,101.024,101.024,101.024,0,0
3540.N,D,20191107,000000,100.92,100.92,100.92,100.92,0,0
3540.N,D,20191108,000000,100.885,100.885,100.885,100.885,0,0
3540.N,D,20191111,000000,100.899,100.899,100.899,100.899,0,0
3540.N,D,20191112,000000,100.869,100.869,100.869,100.869,0,0
3540.N,D,20191113,000000,100.95,100.95,100.95,100.95,0,0
3540.N,D,20191114,000000,100.891,100.891,100.891,100.891,0,0
3540.N,D,20191115,000000,100.792,100.792,100.792,100.792,0,0
3540.N,D,20191118,000000,100.766,100.766,100.766,100.766,0,0
3540.N,D,20191119,000000,100.733,100.733,100.733,100.733,0,0
3540.N,D,20191120,000000,100.497,100.497,100.497,100.497,0,0
3540.N,D,20191121,000000,100.573,100.573,100.573,100.573,0,0
3540.N,D,20191122,000000,100.701,100.701,100.701,100.701,0,0
3540.N,D,20191125,000000,101.012,101.012,101.012,101.012,0,0
3540.N,D,20191126,000000,100.916,100.916,100.916,100.916,0,0
3540.N,D,20191127,000000,100.903,100.903,100.903,100.903,0,0
3540.N,D,20191128,000000,100.944,100.944,100.944,100.944,0,0
3540.N,D,20191129,000000,100.943,100.943,100.943,100.943,0,0
3540.N,D,20191202,000000,100.827,100.827,100.827,100.827,0,0
3540.N,D,20191203,000000,101.229,101.229,101.229,101.229,0,0
3540.N,D,20191204,000000,100.92,100.92,100.92,100.92,0,0
3540.N,D,20191205,000000,101.136,101.136,101.136,101.136,0,0
3540.N,D,20191206,000000,100.98,100.98,100.98,100.98,0,0
3540.N,D,20191209,000000,101.125,101.125,101.125,101.125,0,0
3540.N,D,20191210,000000,101.14,101.14,101.14,101.14,0,0
3540.N,D,20191211,000000,101.204,101.204,101.204,101.204,0,0
3540.N,D,20191212,000000,101.241,101.241,101.241,101.241,0,0
3540.N,D,20191213,000000,101.293,101.293,101.293,101.293,0,0
3540.N,D,20191216,000000,101.43,101.43,101.43,101.43,0,0
3540.N,D,20191217,000000,101.434,101.434,101.434,101.434,0,0
3540.N,D,20191218,000000,101.447,101.447,101.447,101.447,0,0
3540.N,D,20191219,000000,100.977,100.977,100.977,100.977,0,0
3540.N,D,20191220,000000,101.039,101.039,101.039,101.039,0,0
3540.N,D,20191223,000000,101.072,101.072,101.072,101.072,0,0
3540.N,D,20191227,000000,101.058,101.058,101.058,101.058,0,0
3540.N,D,20191230,000000,100.883,100.883,100.883,100.883,0,0
3540.N,D,20191231,000000,101.027,101.027,101.027,101.027,0,0
3540.N,D,20200102,000000,101.039,101.039,101.039,101.039,0,0
3540.N,D,20200103,000000,101.171,101.171,101.171,101.171,0,0
3540.N,D,20200106,000000,101.094,101.094,101.094,101.094,0,0
3540.N,D,20200107,000000,101.053,101.053,101.053,101.053,0,0
3540.N,D,20200108,000000,100.96,100.96,100.96,100.96,0,0
3540.N,D,20200109,000000,100.906,100.906,100.906,100.906,0,0
3540.N,D,20200110,000000,100.967,100.967,100.967,100.967,0,0
3540.N,D,20200113,000000,100.99,100.99,100.99,100.99,0,0
3540.N,D,20200114,000000,101.058,101.058,101.058,101.058,0,0
3540.N,D,20200115,000000,101.186,101.186,101.186,101.186,0,0
3540.N,D,20200116,000000,101.198,101.198,101.198,101.198,0,0
3540.N,D,20200117,000000,101.265,101.265,101.265,101.265,0,0
3540.N,D,20200120,000000,101.347,101.347,101.347,101.347,0,0
3540.N,D,20200121,000000,101.378,101.378,101.378,101.378,0,0
3540.N,D,20200122,000000,101.425,101.425,101.425,101.425,0,0
3540.N,D,20200123,000000,101.499,101.499,101.499,101.499,0,0
3540.N,D,20200124,000000,101.519,101.519,101.519,101.519,0,0
3540.N,D,20200127,000000,101.533,101.533,101.533,101.533,0,0
3540.N,D,20200128,000000,101.384,101.384,101.384,101.384,0,0
3540.N,D,20200129,000000,101.527,101.527,101.527,101.527,0,0
3540.N,D,20200130,000000,101.479,101.479,101.479,101.479,0,0
3540.N,D,20200131,000000,101.527,101.527,101.527,101.527,0,0
3540.N,D,20200203,000000,101.488,101.488,101.488,101.488,0,0
3540.N,D,20200204,000000,101.501,101.501,101.501,101.501,0,0
3540.N,D,20200205,000000,101.523,101.523,101.523,101.523,0,0
3540.N,D,20200206,000000,101.634,101.634,101.634,101.634,0,0
3540.N,D,20200207,000000,101.724,101.724,101.724,101.724,0,0
3540.N,D,20200210,000000,101.713,101.713,101.713,101.713,0,0
3540.N,D,20200211,000000,101.71,101.71,101.71,101.71,0,0
3540.N,D,20200212,000000,101.713,101.713,101.713,101.713,0,0
3540.N,D,20200213,000000,101.737,101.737,101.737,101.737,0,0
3540.N,D,20200214,000000,101.782,101.782,101.782,101.782,0,0
3540.N,D,20200217,000000,101.771,101.771,101.771,101.771,0,0
3540.N,D,20200218,000000,101.824,101.824,101.824,101.824,0,0
3540.N,D,20200219,000000,101.799,101.799,101.799,101.799,0,0
3540.N,D,20200220,000000,101.885,101.885,101.885,101.885,0,0
3540.N,D,20200221,000000,101.854,101.854,101.854,101.854,0,0
3540.N,D,20200224,000000,101.731,101.731,101.731,101.731,0,0
3540.N,D,20200225,000000,101.577,101.577,101.577,101.577,0,0
3540.N,D,20200226,000000,101.301,101.301,101.301,101.301,0,0
3540.N,D,20200227,000000,101.314,101.314,101.314,101.314,0,0
3540.N,D,20200228,000000,100.793,100.793,100.793,100.793,0,0
3540.N,D,20200302,000000,101.048,101.048,101.048,101.048,0,0
3540.N,D,20200303,000000,100.804,100.804,100.804,100.804,0,0
3540.N,D,20200304,000000,101.008,101.008,101.008,101.008,0,0
3540.N,D,20200305,000000,100.746,100.746,100.746,100.746,0,0
3540.N,D,20200306,000000,100.6697,100.6697,100.6697,100.6697,0,0
3540.N,D,20200309,000000,99.7315,99.7315,99.7315,99.7315,0,0
3540.N,D,20200310,000000,99.1188,99.1188,99.1188,99.1188,0,0
3540.N,D,20200311,000000,98.8024,98.8024,98.8024,98.8024,0,0
3540.N,D,20200312,000000,97.8028,97.8028,97.8028,97.8028,0,0
3540.N,D,20200313,000000,97.3064,97.3064,97.3064,97.3064,0,0
3540.N,D,20200316,000000,96.0775,96.0775,96.0775,96.0775,0,0
3540.N,D,20200317,000000,94.9135,94.9135,94.9135,94.9135,0,0
3540.N,D,20200318,000000,93.6153,93.6153,93.6153,93.6153,0,0
3540.N,D,20200319,000000,90.9334,90.9334,90.9334,90.9334,0,0
3540.N,D,20200320,000000,93.3795,93.3795,93.3795,93.3795,0,0
3540.N,D,20200323,000000,90.8975,90.8975,90.8975,90.8975,0,0
3540.N,D,20200324,000000,90.4431,90.4431,90.4431,90.4431,0,0
3540.N,D,20200325,000000,90.5997,90.5997,90.5997,90.5997,0,0
3540.N,D,20200326,000000,90.493,90.493,90.493,90.493,0,0
3540.N,D,20200327,000000,91.0932,91.0932,91.0932,91.0932,0,0
3540.N,D,20200330,000000,92.7738,92.7738,92.7738,92.7738,0,0
3540.N,D,20200331,000000,92.7722,92.7722,92.7722,92.7722,0,0
3540.N,D,20200401,000000,92.9447,92.9447,92.9447,92.9447,0,0
3540.N,D,20200402,000000,92.8572,92.8572,92.8572,92.8572,0,0
3540.N,D,20200403,000000,92.8909,92.8909,92.8909,92.8909,0,0
3540.N,D,20200406,000000,92.9132,92.9132,92.9132,92.9132,0,0
3540.N,D,20200407,000000,93.1977,93.1977,93.1977,93.1977,0,0
3540.N,D,20200408,000000,93.4394,93.4394,93.4394,93.4394,0,0
3540.N,D,20200409,000000,94.1285,94.1285,94.1285,94.1285,0,0
3540.N,D,20200414,000000,95.6366,95.6366,95.6366,95.6366,0,0
3540.N,D,20200415,000000,96.0785,96.0785,96.0785,96.0785,0,0
3540.N,D,20200416,000000,95.8897,95.8897,95.8897,95.8897,0,0
3540.N,D,20200417,000000,95.9143,95.9143,95.9143,95.9143,0,0
3540.N,D,20200420,000000,95.8069,95.8069,95.8069,95.8069,0,0
3540.N,D,20200421,000000,95.3806,95.3806,95.3806,95.3806,0,0
3540.N,D,20200422,000000,95.1877,95.1877,95.1877,95.1877,0,0
3540.N,D,20200423,000000,95.9035,95.9035,95.9035,95.9035,0,0
3540.N,D,20200424,000000,95.6199,95.6199,95.6199,95.6199,0,0
3540.N,D,20200427,000000,95.8736,95.8736,95.8736,95.8736,0,0
3540.N,D,20200428,000000,95.9917,95.9917,95.9917,95.9917,0,0
3540.N,D,20200429,000000,96.5068,96.5068,96.5068,96.5068,0,0
3540.N,D,20200430,000000,96.1706,96.1706,96.1706,96.1706,0,0
3540.N,D,20200501,000000,96.6529,96.6529,96.6529,96.6529,0,0
3540.N,D,20200504,000000,96.4568,96.4568,96.4568,96.4568,0,0
3540.N,D,20200505,000000,95.9949,95.9949,95.9949,95.9949,0,0
3540.N,D,20200506,000000,95.8385,95.8385,95.8385,95.8385,0,0
3540.N,D,20200507,000000,95.836,95.836,95.836,95.836,0,0
3540.N,D,20200508,000000,95.8613,95.8613,95.8613,95.8613,0,0
3540.N,D,20200511,000000,96.2662,96.2662,96.2662,96.2662,0,0
3540.N,D,20200512,000000,95.9176,95.9176,95.9176,95.9176,0,0
3540.N,D,20200513,000000,95.9285,95.9285,95.9285,95.9285,0,0
3540.N,D,20200514,000000,95.768,95.768,95.768,95.768,0,0
3540.N,D,20200515,000000,95.7613,95.7613,95.7613,95.7613,0,0
3540.N,D,20200518,000000,95.6804,95.6804,95.6804,95.6804,0,0
3540.N,D,20200519,000000,95.713,95.713,95.713,95.713,0,0
3540.N,D,20200520,000000,95.9764,95.9764,95.9764,95.9764,0,0
3540.N,D,20200521,000000,96.2331,96.2331,96.2331,96.2331,0,0
3540.N,D,20200522,000000,96.2568,96.2568,96.2568,96.2568,0,0
3540.N,D,20200525,000000,96.2925,96.2925,96.2925,96.2925,0,0
3540.N,D,20200526,000000,96.4337,96.4337,96.4337,96.4337,0,0
3540.N,D,20200527,000000,96.8048,96.8048,96.8048,96.8048,0,0
3540.N,D,20200528,000000,96.956,96.956,96.956,96.956,0,0
3540.N,D,20200529,000000,97.0747,97.0747,97.0747,97.0747,0,0
3540.N,D,20200601,000000,97.088,97.088,97.088,97.088,0,0
3540.N,D,20200602,000000,97.2931,97.2931,97.2931,97.2931,0,0
3540.N,D,20200603,000000,97.5746,97.5746,97.5746,97.5746,0,0
3540.N,D,20200604,000000,97.9436,97.9436,97.9436,97.9436,0,0
3540.N,D,20200605,000000,98.4552,98.4552,98.4552,98.4552,0,0
3540.N,D,20200608,000000,98.9986,98.9986,98.9986,98.9986,0,0
3540.N,D,20200609,000000,98.8476,98.8476,98.8476,98.8476,0,0
3540.N,D,20200610,000000,98.626,98.626,98.626,98.626,0,0
3540.N,D,20200611,000000,98.4758,98.4758,98.4758,98.4758,0,0
3540.N,D,20200612,000000,98.368,98.368,98.368,98.368,0,0
3540.N,D,20200615,000000,98.3113,98.3113,98.3113,98.3113,0,0
3540.N,D,20200616,000000,98.6981,98.6981,98.6981,98.6981,0,0
3540.N,D,20200617,000000,98.7673,98.7673,98.7673,98.7673,0,0
3540.N,D,20200618,000000,98.6754,98.6754,98.6754,98.6754,0,0
3540.N,D,20200619,000000,98.627,98.627,98.627,98.627,0,0
3540.N,D,20200622,000000,98.6884,98.6884,98.6884,98.6884,0,0
3540.N,D,20200623,000000,98.5249,98.5249,98.5249,98.5249,0,0
3540.N,D,20200624,000000,98.455,98.455,98.455,98.455,0,0
3540.N,D,20200625,000000,98.0889,98.0889,98.0889,98.0889,0,0
3540.N,D,20200626,000000,98.0096,98.0096,98.0096,98.0096,0,0
3540.N,D,20200629,000000,97.9099,97.9099,97.9099,97.9099,0,0
3540.N,D,20200630,000000,97.9705,97.9705,97.9705,97.9705,0,0
3540.N,D,20200701,000000,97.8384,97.8384,97.8384,97.8384,0,0
3540.N,D,20200702,000000,98.0337,98.0337,98.0337,98.0337,0,0
3540.N,D,20200703,000000,98.19,98.19,98.19,98.19,0,0
3540.N,D,20200706,000000,98.2645,98.2645,98.2645,98.2645,0,0
3540.N,D,20200707,000000,98.2671,98.2671,98.2671,98.2671,0,0
3540.N,D,20200708,000000,98.3153,98.3153,98.3153,98.3153,0,0
3540.N,D,20200709,000000,98.3202,98.3202,98.3202,98.3202,0,0
3540.N,D,20200710,000000,98.1448,98.1448,98.1448,98.1448,0,0
3540.N,D,20200713,000000,98.2191,98.2191,98.2191,98.2191,0,0
3540.N,D,20200714,000000,98.3812,98.3812,98.3812,98.3812,0,0
3540.N,D,20200715,000000,98.4317,98.4317,98.4317,98.4317,0,0
3540.N,D,20200716,000000,98.6021,98.6021,98.6021,98.6021,0,0
3540.N,D,20200717,000000,98.7054,98.7054,98.7054,98.7054,0,0
3540.N,D,20200720,000000,98.8335,98.8335,98.8335,98.8335,0,0
3540.N,D,20200721,000000,99.0535,99.0535,99.0535,99.0535,0,0
3540.N,D,20200722,000000,99.1733,99.1733,99.1733,99.1733,0,0
3540.N,D,20200723,000000,99.2555,99.2555,99.2555,99.2555,0,0
3540.N,D,20200724,000000,99.1354,99.1354,99.1354,99.1354,0,0
3540.N,D,20200727,000000,99.3044,99.3044,99.3044,99.3044,0,0
3540.N,D,20200728,000000,99.3411,99.3411,99.3411,99.3411,0,0
3540.N,D,20200729,000000,99.3127,99.3127,99.3127,99.3127,0,0
3540.N,D,20200730,000000,99.3861,99.3861,99.3861,99.3861,0,0
3540.N,D,20200731,000000,99.3033,99.3033,99.3033,99.3033,0,0
3540.N,D,20200803,000000,99.2073,99.2073,99.2073,99.2073,0,0
3540.N,D,20200804,000000,99.3642,99.3642,99.3642,99.3642,0,0
3540.N,D,20200805,000000,99.2853,99.2853,99.2853,99.2853,0,0
3540.N,D,20200806,000000,99.4555,99.4555,99.4555,99.4555,0,0
3540.N,D,20200807,000000,99.4773,99.4773,99.4773,99.4773,0,0
3540.N,D,20200810,000000,99.6065,99.6065,99.6065,99.6065,0,0
3540.N,D,20200811,000000,99.5944,99.5944,99.5944,99.5944,0,0
3540.N,D,20200812,000000,99.6119,99.6119,99.6119,99.6119,0,0
3540.N,D,20200813,000000,99.6701,99.6701,99.6701,99.6701,0,0
3540.N,D,20200814,000000,99.652,99.652,99.652,99.652,0,0
3540.N,D,20200817,000000,99.6775,99.6775,99.6775,99.6775,0,0
3540.N,D,20200818,000000,99.6671,99.6671,99.6671,99.6671,0,0
3540.N,D,20200819,000000,99.748,99.748,99.748,99.748,0,0
3540.N,D,20200820,000000,99.7932,99.7932,99.7932,99.7932,0,0
3540.N,D,20200821,000000,99.8143,99.8143,99.8143,99.8143,0,0
3540.N,D,20200824,000000,99.7863,99.7863,99.7863,99.7863,0,0
3540.N,D,20200825,000000,99.6447,99.6447,99.6447,99.6447,0,0
3540.N,D,20200826,000000,99.6334,99.6334,99.6334,99.6334,0,0
3540.N,D,20200827,000000,99.7541,99.7541,99.7541,99.7541,0,0
3540.N,D,20200828,000000,99.6784,99.6784,99.6784,99.6784,0,0
3540.N,D,20200831,000000,99.6571,99.6571,99.6571,99.6571,0,0
3540.N,D,20200901,000000,99.7049,99.7049,99.7049,99.7049,0,0
3540.N,D,20200902,000000,99.8842,99.8842,99.8842,99.8842,0,0
3540.N,D,20200903,000000,99.9383,99.9383,99.9383,99.9383,0,0
3540.N,D,20200904,000000,99.8858,99.8858,99.8858,99.8858,0,0
3540.N,D,20200907,000000,99.8971,99.8971,99.8971,99.8971,0,0
3540.N,D,20200908,000000,99.968,99.968,99.968,99.968,0,0
3540.N,D,20200909,000000,99.8363,99.8363,99.8363,99.8363,0,0
3540.N,D,20200910,000000,99.8077,99.8077,99.8077,99.8077,0,0
3540.N,D,20200911,000000,99.911,99.911,99.911,99.911,0,0
3540.N,D,20200914,000000,99.913,99.913,99.913,99.913,0,0
3540.N,D,20200915,000000,99.8721,99.8721,99.8721,99.8721,0,0
3540.N,D,20200916,000000,99.9833,99.9833,99.9833,99.9833,0,0
3540.N,D,20200917,000000,100.0384,100.0384,100.0384,100.0384,0,0
3540.N,D,20200918,000000,100.0432,100.0432,100.0432,100.0432,0,0
3540.N,D,20200921,000000,99.9618,99.9618,99.9618,99.9618,0,0
3540.N,D,20200922,000000,99.707,99.707,99.707,99.707,0,0
3540.N,D,20200923,000000,99.7193,99.7193,99.7193,99.7193,0,0
3540.N,D,20200924,000000,99.169,99.169,99.169,99.169,0,0
3540.N,D,20200925,000000,99.0231,99.0231,99.0231,99.0231,0,0
3540.N,D,20200928,000000,99.0076,99.0076,99.0076,99.0076,0,0
3540.N,D,20200929,000000,99.0938,99.0938,99.0938,99.0938,0,0
3540.N,D,20200930,000000,99.1612,99.1612,99.1612,99.1612,0,0
3540.N,D,20201001,000000,99.2056,99.2056,99.2056,99.2056,0,0
3540.N,D,20201002,000000,99.3614,99.3614,99.3614,99.3614,0,0
3540.N,D,20201005,000000,99.382,99.382,99.382,99.382,0,0
3540.N,D,20201006,000000,99.4762,99.4762,99.4762,99.4762,0,0
3540.N,D,20201007,000000,99.518,99.518,99.518,99.518,0,0
3540.N,D,20201008,000000,99.648,99.648,99.648,99.648,0,0
3540.N,D,20201009,000000,99.6902,99.6902,99.6902,99.6902,0,0
3540.N,D,20201012,000000,99.7469,99.7469,99.7469,99.7469,0,0
3540.N,D,20201013,000000,99.7986,99.7986,99.7986,99.7986,0,0
3540.N,D,20201014,000000,99.8375,99.8375,99.8375,99.8375,0,0
3540.N,D,20201015,000000,99.8454,99.8454,99.8454,99.8454,0,0
3540.N,D,20201016,000000,99.7723,99.7723,99.7723,99.7723,0,0
