<TICKER>,<PER>,<DATE>,<TIME>,<OPEN>,<HIGH>,<LOW>,<CLOSE>,<VOL>,<OPENINT>
3541.N,D,20151001,000000,451.09,451.09,451.09,451.09,0,0
3541.N,D,20151002,000000,451.52,451.52,451.52,451.52,0,0
3541.N,D,20151005,000000,451.52,451.52,451.52,451.52,0,0
3541.N,D,20151006,000000,451.74,451.74,451.74,451.74,0,0
3541.N,D,20151007,000000,452.93,452.93,452.93,452.93,0,0
3541.N,D,20151008,000000,453.73,453.73,453.73,453.73,0,0
3541.N,D,20151009,000000,453.88,453.88,453.88,453.88,0,0
3541.N,D,20151012,000000,455,455,455,455,0,0
3541.N,D,20151013,000000,455.05,455.05,455.05,455.05,0,0
3541.N,D,20151014,000000,455.1,455.1,455.1,455.1,0,0
3541.N,D,20151015,000000,455.05,455.05,455.05,455.05,0,0
3541.N,D,20151016,000000,455.38,455.38,455.38,455.38,0,0
3541.N,D,20151019,000000,455.5,455.5,455.5,455.5,0,0
3541.N,D,20151020,000000,454.82,454.82,454.82,454.82,0,0
3541.N,D,20151021,000000,455.22,455.22,455.22,455.22,0,0
3541.N,D,20151022,000000,456.31,456.31,456.31,456.31,0,0
3541.N,D,20151023,000000,457.47,457.47,457.47,457.47,0,0
3541.N,D,20151026,000000,458.69,458.69,458.69,458.69,0,0
3541.N,D,20151027,000000,459.31,459.31,459.31,459.31,0,0
3541.N,D,20151028,000000,459.67,459.67,459.67,459.67,0,0
3541.N,D,20151029,000000,459.27,459.27,459.27,459.27,0,0
3541.N,D,20151030,000000,459.19,459.19,459.19,459.19,0,0
3541.N,D,20151102,000000,460.4,460.4,460.4,460.4,0,0
3541.N,D,20151103,000000,459.45,459.45,459.45,459.45,0,0
3541.N,D,20151104,000000,460.13,460.13,460.13,460.13,0,0
3541.N,D,20151105,000000,460.12,460.12,460.12,460.12,0,0
3541.N,D,20151106,000000,459.33,459.33,459.33,459.33,0,0
3541.N,D,20151109,000000,459.1,459.1,459.1,459.1,0,0
3541.N,D,20151110,000000,459.66,459.66,459.66,459.66,0,0
3541.N,D,20151111,000000,459.9,459.9,459.9,459.9,0,0
3541.N,D,20151112,000000,459.85,459.85,459.85,459.85,0,0
3541.N,D,20151113,000000,460.26,460.26,460.26,460.26,0,0
3541.N,D,20151116,000000,460.41,460.41,460.41,460.41,0,0
3541.N,D,20151117,000000,460.73,460.73,460.73,460.73,0,0
3541.N,D,20151118,000000,461.18,461.18,461.18,461.18,0,0
3541.N,D,20151119,000000,462.03,462.03,462.03,462.03,0,0
3541.N,D,20151120,000000,462.3,462.3,462.3,462.3,0,0
3541.N,D,20151123,000000,461.94,461.94,461.94,461.94,0,0
3541.N,D,20151124,000000,462.25,462.25,462.25,462.25,0,0
3541.N,D,20151125,000000,462.53,462.53,462.53,462.53,0,0
3541.N,D,20151126,000000,462.92,462.92,462.92,462.92,0,0
3541.N,D,20151127,000000,463.15,463.15,463.15,463.15,0,0
3541.N,D,20151130,000000,463.02,463.02,463.02,463.02,0,0
3541.N,D,20151201,000000,463.12,463.12,463.12,463.12,0,0
3541.N,D,20151202,000000,463.67,463.67,463.67,463.67,0,0
3541.N,D,20151203,000000,462.21,462.21,462.21,462.21,0,0
3541.N,D,20151204,000000,460.65,460.65,460.65,460.65,0,0
3541.N,D,20151207,000000,461.3,461.3,461.3,461.3,0,0
3541.N,D,20151208,000000,461.63,461.63,461.63,461.63,0,0
3541.N,D,20151209,000000,461.05,461.05,461.05,461.05,0,0
3541.N,D,20151210,000000,461.09,461.09,461.09,461.09,0,0
3541.N,D,20151211,000000,460.71,460.71,460.71,460.71,0,0
3541.N,D,20151214,000000,459.57,459.57,459.57,459.57,0,0
3541.N,D,20151215,000000,459.59,459.59,459.59,459.59,0,0
3541.N,D,20151216,000000,458.6,458.6,458.6,458.6,0,0
3541.N,D,20151217,000000,459.66,459.66,459.66,459.66,0,0
3541.N,D,20151218,000000,460.17,460.17,460.17,460.17,0,0
3541.N,D,20151221,000000,460.32,460.32,460.32,460.32,0,0
3541.N,D,20151222,000000,459.76,459.76,459.76,459.76,0,0
3541.N,D,20151223,000000,459.49,459.49,459.49,459.49,0,0
3541.N,D,20151228,000000,459.69,459.69,459.69,459.69,0,0
3541.N,D,20151229,000000,459.85,459.85,459.85,459.85,0,0
3541.N,D,20151230,000000,459.72,459.72,459.72,459.72,0,0
3541.N,D,20151231,000000,459.9,459.9,459.9,459.9,0,0
3541.N,D,20160104,000000,460.43,460.43,460.43,460.43,0,0
3541.N,D,20160105,000000,460.62,460.62,460.62,460.62,0,0
3541.N,D,20160106,000000,460.89,460.89,460.89,460.89,0,0
3541.N,D,20160107,000000,459.83,459.83,459.83,459.83,0,0
3541.N,D,20160108,000000,459.97,459.97,459.97,459.97,0,0
3541.N,D,20160111,000000,459.53,459.53,459.53,459.53,0,0
3541.N,D,20160112,000000,458.64,458.64,458.64,458.64,0,0
3541.N,D,20160113,000000,459.1,459.1,459.1,459.1,0,0
3541.N,D,20160114,000000,457.82,457.82,457.82,457.82,0,0
3541.N,D,20160115,000000,457.34,457.34,457.34,457.34,0,0
3541.N,D,20160118,000000,455.88,455.88,455.88,455.88,0,0
3541.N,D,20160119,000000,455.33,455.33,455.33,455.33,0,0
3541.N,D,20160120,000000,453.76,453.76,453.76,453.76,0,0
3541.N,D,20160121,000000,453.87,453.87,453.87,453.87,0,0
3541.N,D,20160122,000000,454.79,454.79,454.79,454.79,0,0
3541.N,D,20160125,000000,455.33,455.33,455.33,455.33,0,0
3541.N,D,20160126,000000,454.98,454.98,454.98,454.98,0,0
3541.N,D,20160127,000000,455.34,455.34,455.34,455.34,0,0
3541.N,D,20160128,000000,456.77,456.77,456.77,456.77,0,0
3541.N,D,20160129,000000,457.78,457.78,457.78,457.78,0,0
3541.N,D,20160201,000000,458.02,458.02,458.02,458.02,0,0
3541.N,D,20160202,000000,457.92,457.92,457.92,457.92,0,0
3541.N,D,20160203,000000,458.16,458.16,458.16,458.16,0,0
3541.N,D,20160204,000000,456.32,456.32,456.32,456.32,0,0
3541.N,D,20160205,000000,455.82,455.82,455.82,455.82,0,0
3541.N,D,20160208,000000,454.91,454.91,454.91,454.91,0,0
3541.N,D,20160209,000000,453.25,453.25,453.25,453.25,0,0
3541.N,D,20160210,000000,452.44,452.44,452.44,452.44,0,0
3541.N,D,20160211,000000,451.22,451.22,451.22,451.22,0,0
3541.N,D,20160212,000000,449.77,449.77,449.77,449.77,0,0
3541.N,D,20160215,000000,449.21,449.21,449.21,449.21,0,0
3541.N,D,20160216,000000,450.84,450.84,450.84,450.84,0,0
3541.N,D,20160217,000000,451.21,451.21,451.21,451.21,0,0
3541.N,D,20160218,000000,452.81,452.81,452.81,452.81,0,0
3541.N,D,20160219,000000,453.16,453.16,453.16,453.16,0,0
3541.N,D,20160222,000000,453.46,453.46,453.46,453.46,0,0
3541.N,D,20160223,000000,453.23,453.23,453.23,453.23,0,0
3541.N,D,20160224,000000,452.45,452.45,452.45,452.45,0,0
3541.N,D,20160225,000000,453.54,453.54,453.54,453.54,0,0
3541.N,D,20160226,000000,454.32,454.32,454.32,454.32,0,0
3541.N,D,20160229,000000,456.47,456.47,456.47,456.47,0,0
3541.N,D,20160301,000000,456.08,456.08,456.08,456.08,0,0
3541.N,D,20160302,000000,456.82,456.82,456.82,456.82,0,0
3541.N,D,20160303,000000,457.62,457.62,457.62,457.62,0,0
3541.N,D,20160304,000000,458.13,458.13,458.13,458.13,0,0
3541.N,D,20160307,000000,458.48,458.48,458.48,458.48,0,0
3541.N,D,20160308,000000,459.14,459.14,459.14,459.14,0,0
3541.N,D,20160309,000000,458.56,458.56,458.56,458.56,0,0
3541.N,D,20160310,000000,460.32,460.32,460.32,460.32,0,0
3541.N,D,20160311,000000,463.77,463.77,463.77,463.77,0,0
3541.N,D,20160314,000000,468.61,468.61,468.61,468.61,0,0
3541.N,D,20160315,000000,467.9,467.9,467.9,467.9,0,0
3541.N,D,20160316,000000,466.03,466.03,466.03,466.03,0,0
3541.N,D,20160317,000000,467.06,467.06,467.06,467.06,0,0
3541.N,D,20160318,000000,467.29,467.29,467.29,467.29,0,0
3541.N,D,20160321,000000,467.41,467.41,467.41,467.41,0,0
3541.N,D,20160322,000000,467.77,467.77,467.77,467.77,0,0
3541.N,D,20160323,000000,468.31,468.31,468.31,468.31,0,0
3541.N,D,20160324,000000,468.9,468.9,468.9,468.9,0,0
3541.N,D,20160329,000000,469.25,469.25,469.25,469.25,0,0
3541.N,D,20160330,000000,469.38,469.38,469.38,469.38,0,0
3541.N,D,20160331,000000,469.44,469.44,469.44,469.44,0,0
3541.N,D,20160401,000000,471.57,471.57,471.57,471.57,0,0
3541.N,D,20160404,000000,470.95,470.95,470.95,470.95,0,0
3541.N,D,20160405,000000,471.71,471.71,471.71,471.71,0,0
3541.N,D,20160406,000000,471.52,471.52,471.52,471.52,0,0
3541.N,D,20160407,000000,472.04,472.04,472.04,472.04,0,0
3541.N,D,20160408,000000,471.5,471.5,471.5,471.5,0,0
3541.N,D,20160411,000000,471.19,471.19,471.19,471.19,0,0
3541.N,D,20160412,000000,470.66,470.66,470.66,470.66,0,0
3541.N,D,20160413,000000,470.78,470.78,470.78,470.78,0,0
3541.N,D,20160414,000000,471.2,471.2,471.2,471.2,0,0
3541.N,D,20160415,000000,472.09,472.09,472.09,472.09,0,0
3541.N,D,20160418,000000,472.16,472.16,472.16,472.16,0,0
3541.N,D,20160419,000000,472.69,472.69,472.69,472.69,0,0
3541.N,D,20160420,000000,473.36,473.36,473.36,473.36,0,0
3541.N,D,20160421,000000,473.01,473.01,473.01,473.01,0,0
3541.N,D,20160422,000000,475.38,475.38,475.38,475.38,0,0
3541.N,D,20160425,000000,475.99,475.99,475.99,475.99,0,0
3541.N,D,20160426,000000,475.22,475.22,475.22,475.22,0,0
3541.N,D,20160427,000000,475.05,475.05,475.05,475.05,0,0
3541.N,D,20160428,000000,475.38,475.38,475.38,475.38,0,0
3541.N,D,20160429,000000,475.03,475.03,475.03,475.03,0,0
3541.N,D,20160502,000000,475.1406,475.1406,475.1406,475.1406,0,0
3541.N,D,20160503,000000,475.6599,475.6599,475.6599,475.6599,0,0
3541.N,D,20160504,000000,475.334,475.334,475.334,475.334,0,0
3541.N,D,20160505,000000,475.6254,475.6254,475.6254,475.6254,0,0
3541.N,D,20160506,000000,475.7294,475.7294,475.7294,475.7294,0,0
3541.N,D,20160509,000000,475.5308,475.5308,475.5308,475.5308,0,0
3541.N,D,20160510,000000,475.5177,475.5177,475.5177,475.5177,0,0
3541.N,D,20160511,000000,475.15,475.15,475.15,475.15,0,0
3541.N,D,20160512,000000,474.6871,474.6871,474.6871,474.6871,0,0
3541.N,D,20160513,000000,474.7587,474.7587,474.7587,474.7587,0,0
3541.N,D,20160516,000000,474.5667,474.5667,474.5667,474.5667,0,0
3541.N,D,20160517,000000,474.6798,474.6798,474.6798,474.6798,0,0
3541.N,D,20160518,000000,474.5189,474.5189,474.5189,474.5189,0,0
3541.N,D,20160519,000000,473.9038,473.9038,473.9038,473.9038,0,0
3541.N,D,20160520,000000,474.0855,474.0855,474.0855,474.0855,0,0
3541.N,D,20160523,000000,474.3689,474.3689,474.3689,474.3689,0,0
3541.N,D,20160524,000000,474.6608,474.6608,474.6608,474.6608,0,0
3541.N,D,20160525,000000,477.1779,477.1779,477.1779,477.1779,0,0
3541.N,D,20160526,000000,476.2712,476.2712,476.2712,476.2712,0,0
3541.N,D,20160527,000000,476.8324,476.8324,476.8324,476.8324,0,0
3541.N,D,20160530,000000,476.5496,476.5496,476.5496,476.5496,0,0
3541.N,D,20160531,000000,476.3648,476.3648,476.3648,476.3648,0,0
3541.N,D,20160601,000000,477.3982,477.3982,477.3982,477.3982,0,0
3541.N,D,20160602,000000,477.3696,477.3696,477.3696,477.3696,0,0
3541.N,D,20160603,000000,478.6715,478.6715,478.6715,478.6715,0,0
3541.N,D,20160606,000000,478.8548,478.8548,478.8548,478.8548,0,0
3541.N,D,20160607,000000,479.4169,479.4169,479.4169,479.4169,0,0
3541.N,D,20160608,000000,480.0071,480.0071,480.0071,480.0071,0,0
3541.N,D,20160609,000000,481.0821,481.0821,481.0821,481.0821,0,0
3541.N,D,20160610,000000,480.9673,480.9673,480.9673,480.9673,0,0
3541.N,D,20160613,000000,480.24,480.24,480.24,480.24,0,0
3541.N,D,20160614,000000,478.9846,478.9846,478.9846,478.9846,0,0
3541.N,D,20160615,000000,478.8735,478.8735,478.8735,478.8735,0,0
3541.N,D,20160616,000000,478.5474,478.5474,478.5474,478.5474,0,0
3541.N,D,20160617,000000,478.389,478.389,478.389,478.389,0,0
3541.N,D,20160620,000000,479.0805,479.0805,479.0805,479.0805,0,0
3541.N,D,20160621,000000,479.6195,479.6195,479.6195,479.6195,0,0
3541.N,D,20160622,000000,479.8614,479.8614,479.8614,479.8614,0,0
3541.N,D,20160623,000000,478.5546,478.5546,478.5546,478.5546,0,0
3541.N,D,20160624,000000,477.6044,477.6044,477.6044,477.6044,0,0
3541.N,D,20160627,000000,477.3069,477.3069,477.3069,477.3069,0,0
3541.N,D,20160628,000000,477.1301,477.1301,477.1301,477.1301,0,0
3541.N,D,20160629,000000,478.7664,478.7664,478.7664,478.7664,0,0
3541.N,D,20160630,000000,480.2405,480.2405,480.2405,480.2405,0,0
3541.N,D,20160701,000000,482.4937,482.4937,482.4937,482.4937,0,0
3541.N,D,20160704,000000,483.0513,483.0513,483.0513,483.0513,0,0
3541.N,D,20160705,000000,483.5528,483.5528,483.5528,483.5528,0,0
3541.N,D,20160706,000000,483.4863,483.4863,483.4863,483.4863,0,0
3541.N,D,20160707,000000,483.4415,483.4415,483.4415,483.4415,0,0
3541.N,D,20160708,000000,484.1519,484.1519,484.1519,484.1519,0,0
3541.N,D,20160711,000000,485.2775,485.2775,485.2775,485.2775,0,0
3541.N,D,20160712,000000,486.3018,486.3018,486.3018,486.3018,0,0
3541.N,D,20160713,000000,488.0211,488.0211,488.0211,488.0211,0,0
3541.N,D,20160714,000000,488.2954,488.2954,488.2954,488.2954,0,0
3541.N,D,20160715,000000,488.9056,488.9056,488.9056,488.9056,0,0
3541.N,D,20160718,000000,489.7258,489.7258,489.7258,489.7258,0,0
3541.N,D,20160719,000000,489.8509,489.8509,489.8509,489.8509,0,0
3541.N,D,20160720,000000,490.4153,490.4153,490.4153,490.4153,0,0
3541.N,D,20160721,000000,490.6156,490.6156,490.6156,490.6156,0,0
3541.N,D,20160722,000000,491.3604,491.3604,491.3604,491.3604,0,0
3541.N,D,20160725,000000,492.2963,492.2963,492.2963,492.2963,0,0
3541.N,D,20160726,000000,492.5938,492.5938,492.5938,492.5938,0,0
3541.N,D,20160727,000000,492.7149,492.7149,492.7149,492.7149,0,0
3541.N,D,20160728,000000,493.0822,493.0822,493.0822,493.0822,0,0
3541.N,D,20160729,000000,493.4779,493.4779,493.4779,493.4779,0,0
3541.N,D,20160801,000000,493.9942,493.9942,493.9942,493.9942,0,0
3541.N,D,20160802,000000,492.8816,492.8816,492.8816,492.8816,0,0
3541.N,D,20160803,000000,492.9021,492.9021,492.9021,492.9021,0,0
3541.N,D,20160804,000000,494.5291,494.5291,494.5291,494.5291,0,0
3541.N,D,20160805,000000,495.8432,495.8432,495.8432,495.8432,0,0
3541.N,D,20160808,000000,496.5699,496.5699,496.5699,496.5699,0,0
3541.N,D,20160809,000000,497.1581,497.1581,497.1581,497.1581,0,0
3541.N,D,20160810,000000,498.7741,498.7741,498.7741,498.7741,0,0
3541.N,D,20160811,000000,498.9502,498.9502,498.9502,498.9502,0,0
3541.N,D,20160812,000000,499.1344,499.1344,499.1344,499.1344,0,0
3541.N,D,20160815,000000,498.8767,498.8767,498.8767,498.8767,0,0
3541.N,D,20160816,000000,499.1119,499.1119,499.1119,499.1119,0,0
3541.N,D,20160817,000000,498.4969,498.4969,498.4969,498.4969,0,0
3541.N,D,20160818,000000,499.317,499.317,499.317,499.317,0,0
3541.N,D,20160819,000000,499.0962,499.0962,499.0962,499.0962,0,0
3541.N,D,20160822,000000,499.3378,499.3378,499.3378,499.3378,0,0
3541.N,D,20160823,000000,499.5438,499.5438,499.5438,499.5438,0,0
3541.N,D,20160824,000000,499.8564,499.8564,499.8564,499.8564,0,0
3541.N,D,20160825,000000,499.5905,499.5905,499.5905,499.5905,0,0
3541.N,D,20160826,000000,500.0001,500.0001,500.0001,500.0001,0,0
3541.N,D,20160829,000000,499.7776,499.7776,499.7776,499.7776,0,0
3541.N,D,20160830,000000,500.6724,500.6724,500.6724,500.6724,0,0
3541.N,D,20160831,000000,500.6042,500.6042,500.6042,500.6042,0,0
3541.N,D,20160901,000000,500.0211,500.0211,500.0211,500.0211,0,0
3541.N,D,20160902,000000,500.2317,500.2317,500.2317,500.2317,0,0
3541.N,D,20160905,000000,500.4473,500.4473,500.4473,500.4473,0,0
3541.N,D,20160906,000000,501.0634,501.0634,501.0634,501.0634,0,0
3541.N,D,20160907,000000,501.9221,501.9221,501.9221,501.9221,0,0
3541.N,D,20160908,000000,501.3361,501.3361,501.3361,501.3361,0,0
3541.N,D,20160909,000000,499.6786,499.6786,499.6786,499.6786,0,0
3541.N,D,20160912,000000,497.8703,497.8703,497.8703,497.8703,0,0
3541.N,D,20160913,000000,498.5092,498.5092,498.5092,498.5092,0,0
3541.N,D,20160914,000000,497.3045,497.3045,497.3045,497.3045,0,0
3541.N,D,20160915,000000,496.9108,496.9108,496.9108,496.9108,0,0
3541.N,D,20160916,000000,497.0967,497.0967,497.0967,497.0967,0,0
3541.N,D,20160919,000000,497.1765,497.1765,497.1765,497.1765,0,0
3541.N,D,20160920,000000,497.7204,497.7204,497.7204,497.7204,0,0
3541.N,D,20160921,000000,497.8509,497.8509,497.8509,497.8509,0,0
3541.N,D,20160922,000000,499.9621,499.9621,499.9621,499.9621,0,0
3541.N,D,20160923,000000,500.3028,500.3028,500.3028,500.3028,0,0
3541.N,D,20160926,000000,500.1921,500.1921,500.1921,500.1921,0,0
3541.N,D,20160927,000000,500.4743,500.4743,500.4743,500.4743,0,0
3541.N,D,20160928,000000,500.3223,500.3223,500.3223,500.3223,0,0
3541.N,D,20160929,000000,500.1407,500.1407,500.1407,500.1407,0,0
3541.N,D,20160930,000000,500.1912,500.1912,500.1912,500.1912,0,0
3541.N,D,20161003,000000,499.8111,499.8111,499.8111,499.8111,0,0
3541.N,D,20161004,000000,499.9873,499.9873,499.9873,499.9873,0,0
3541.N,D,20161005,000000,499.3452,499.3452,499.3452,499.3452,0,0
3541.N,D,20161006,000000,499.3861,499.3861,499.3861,499.3861,0,0
3541.N,D,20161007,000000,498.6651,498.6651,498.6651,498.6651,0,0
3541.N,D,20161010,000000,498.6492,498.6492,498.6492,498.6492,0,0
3541.N,D,20161011,000000,498.3106,498.3106,498.3106,498.3106,0,0
3541.N,D,20161012,000000,498.1359,498.1359,498.1359,498.1359,0,0
3541.N,D,20161013,000000,498.4623,498.4623,498.4623,498.4623,0,0
3541.N,D,20161014,000000,498.283,498.283,498.283,498.283,0,0
3541.N,D,20161017,000000,498.1661,498.1661,498.1661,498.1661,0,0
3541.N,D,20161018,000000,498.7742,498.7742,498.7742,498.7742,0,0
3541.N,D,20161019,000000,499.1413,499.1413,499.1413,499.1413,0,0
3541.N,D,20161020,000000,499.5274,499.5274,499.5274,499.5274,0,0
3541.N,D,20161021,000000,500.4025,500.4025,500.4025,500.4025,0,0
3541.N,D,20161024,000000,500.6245,500.6245,500.6245,500.6245,0,0
3541.N,D,20161025,000000,500.5063,500.5063,500.5063,500.5063,0,0
3541.N,D,20161026,000000,499.6162,499.6162,499.6162,499.6162,0,0
3541.N,D,20161027,000000,499.0581,499.0581,499.0581,499.0581,0,0
3541.N,D,20161028,000000,498.3845,498.3845,498.3845,498.3845,0,0
3541.N,D,20161031,000000,498.4473,498.4473,498.4473,498.4473,0,0
3541.N,D,20161101,000000,497.7361,497.7361,497.7361,497.7361,0,0
3541.N,D,20161102,000000,498.1449,498.1449,498.1449,498.1449,0,0
3541.N,D,20161103,000000,497.7131,497.7131,497.7131,497.7131,0,0
3541.N,D,20161104,000000,498.4338,498.4338,498.4338,498.4338,0,0
3541.N,D,20161107,000000,498.2243,498.2243,498.2243,498.2243,0,0
3541.N,D,20161108,000000,498.4537,498.4537,498.4537,498.4537,0,0
3541.N,D,20161109,000000,497.1988,497.1988,497.1988,497.1988,0,0
3541.N,D,20161110,000000,496.0885,496.0885,496.0885,496.0885,0,0
3541.N,D,20161111,000000,493.8288,493.8288,493.8288,493.8288,0,0
3541.N,D,20161114,000000,493.3814,493.3814,493.3814,493.3814,0,0
3541.N,D,20161115,000000,494.0274,494.0274,494.0274,494.0274,0,0
3541.N,D,20161116,000000,493.2238,493.2238,493.2238,493.2238,0,0
3541.N,D,20161117,000000,493.1317,493.1317,493.1317,493.1317,0,0
3541.N,D,20161118,000000,492.3339,492.3339,492.3339,492.3339,0,0
3541.N,D,20161121,000000,490.4085,490.4085,490.4085,490.4085,0,0
3541.N,D,20161122,000000,493.3273,493.3273,493.3273,493.3273,0,0
3541.N,D,20161123,000000,492.6191,492.6191,492.6191,492.6191,0,0
3541.N,D,20161124,000000,493.2894,493.2894,493.2894,493.2894,0,0
3541.N,D,20161125,000000,493.3531,493.3531,493.3531,493.3531,0,0
3541.N,D,20161128,000000,493.9537,493.9537,493.9537,493.9537,0,0
3541.N,D,20161129,000000,493.0706,493.0706,493.0706,493.0706,0,0
3541.N,D,20161130,000000,493.15,493.15,493.15,493.15,0,0
3541.N,D,20161201,000000,492.2992,492.2992,492.2992,492.2992,0,0
3541.N,D,20161202,000000,491.9012,491.9012,491.9012,491.9012,0,0
3541.N,D,20161205,000000,491.4793,491.4793,491.4793,491.4793,0,0
3541.N,D,20161206,000000,492.4961,492.4961,492.4961,492.4961,0,0
3541.N,D,20161207,000000,493.1984,493.1984,493.1984,493.1984,0,0
3541.N,D,20161208,000000,493.4353,493.4353,493.4353,493.4353,0,0
3541.N,D,20161209,000000,494.7258,494.7258,494.7258,494.7258,0,0
3541.N,D,20161212,000000,493.9493,493.9493,493.9493,493.9493,0,0
3541.N,D,20161213,000000,495.6204,495.6204,495.6204,495.6204,0,0
3541.N,D,20161214,000000,496.3384,496.3384,496.3384,496.3384,0,0
3541.N,D,20161215,000000,495.4335,495.4335,495.4335,495.4335,0,0
3541.N,D,20161216,000000,497.1107,497.1107,497.1107,497.1107,0,0
3541.N,D,20161219,000000,497.7348,497.7348,497.7348,497.7348,0,0
3541.N,D,20161220,000000,497.8428,497.8428,497.8428,497.8428,0,0
3541.N,D,20161221,000000,498.453,498.453,498.453,498.453,0,0
3541.N,D,20161222,000000,498.6243,498.6243,498.6243,498.6243,0,0
3541.N,D,20161223,000000,499.0198,499.0198,499.0198,499.0198,0,0
3541.N,D,20161227,000000,499.569,499.569,499.569,499.569,0,0
3541.N,D,20161228,000000,499.95,499.95,499.95,499.95,0,0
3541.N,D,20161229,000000,500.9348,500.9348,500.9348,500.9348,0,0
3541.N,D,20161230,000000,500.4648,500.4648,500.4648,500.4648,0,0
3541.N,D,20170102,000000,500.8447,500.8447,500.8447,500.8447,0,0
3541.N,D,20170103,000000,500.2169,500.2169,500.2169,500.2169,0,0
3541.N,D,20170104,000000,501.0552,501.0552,501.0552,501.0552,0,0
3541.N,D,20170105,000000,501.3079,501.3079,501.3079,501.3079,0,0
3541.N,D,20170106,000000,501.1629,501.1629,501.1629,501.1629,0,0
3541.N,D,20170109,000000,501.6441,501.6441,501.6441,501.6441,0,0
3541.N,D,20170110,000000,501.352,501.352,501.352,501.352,0,0
3541.N,D,20170111,000000,501.4386,501.4386,501.4386,501.4386,0,0
3541.N,D,20170112,000000,501.7651,501.7651,501.7651,501.7651,0,0
3541.N,D,20170113,000000,501.4319,501.4319,501.4319,501.4319,0,0
3541.N,D,20170116,000000,502.032,502.032,502.032,502.032,0,0
3541.N,D,20170117,000000,502.5911,502.5911,502.5911,502.5911,0,0
3541.N,D,20170118,000000,501.6442,501.6442,501.6442,501.6442,0,0
3541.N,D,20170119,000000,501.2851,501.2851,501.2851,501.2851,0,0
3541.N,D,20170120,000000,501.5132,501.5132,501.5132,501.5132,0,0
3541.N,D,20170123,000000,502.0311,502.0311,502.0311,502.0311,0,0
3541.N,D,20170124,000000,501.9017,501.9017,501.9017,501.9017,0,0
3541.N,D,20170125,000000,501.2458,501.2458,501.2458,501.2458,0,0
3541.N,D,20170126,000000,501.6339,501.6339,501.6339,501.6339,0,0
3541.N,D,20170127,000000,501.8405,501.8405,501.8405,501.8405,0,0
3541.N,D,20170130,000000,501.7266,501.7266,501.7266,501.7266,0,0
3541.N,D,20170131,000000,502.9397,502.9397,502.9397,502.9397,0,0
3541.N,D,20170201,000000,501.1256,501.1256,501.1256,501.1256,0,0
3541.N,D,20170202,000000,502.3701,502.3701,502.3701,502.3701,0,0
3541.N,D,20170203,000000,502.3152,502.3152,502.3152,502.3152,0,0
3541.N,D,20170206,000000,503.512,503.512,503.512,503.512,0,0
3541.N,D,20170207,000000,503.1136,503.1136,503.1136,503.1136,0,0
3541.N,D,20170208,000000,503.8498,503.8498,503.8498,503.8498,0,0
3541.N,D,20170209,000000,504.1525,504.1525,504.1525,504.1525,0,0
3541.N,D,20170210,000000,504.0008,504.0008,504.0008,504.0008,0,0
3541.N,D,20170213,000000,504.4776,504.4776,504.4776,504.4776,0,0
3541.N,D,20170214,000000,505.1212,505.1212,505.1212,505.1212,0,0
3541.N,D,20170215,000000,505.0808,505.0808,505.0808,505.0808,0,0
3541.N,D,20170216,000000,505.8479,505.8479,505.8479,505.8479,0,0
3541.N,D,20170217,000000,508.3904,508.3904,508.3904,508.3904,0,0
3541.N,D,20170220,000000,506.6766,506.6766,506.6766,506.6766,0,0
3541.N,D,20170221,000000,506.4261,506.4261,506.4261,506.4261,0,0
3541.N,D,20170222,000000,509.7673,509.7673,509.7673,509.7673,0,0
3541.N,D,20170223,000000,508.7738,508.7738,508.7738,508.7738,0,0
3541.N,D,20170224,000000,509.7161,509.7161,509.7161,509.7161,0,0
3541.N,D,20170227,000000,510.0316,510.0316,510.0316,510.0316,0,0
3541.N,D,20170228,000000,510.1444,510.1444,510.1444,510.1444,0,0
3541.N,D,20170301,000000,511.4561,511.4561,511.4561,511.4561,0,0
3541.N,D,20170302,000000,510.2266,510.2266,510.2266,510.2266,0,0
3541.N,D,20170303,000000,509.9265,509.9265,509.9265,509.9265,0,0
3541.N,D,20170306,000000,510.3462,510.3462,510.3462,510.3462,0,0
3541.N,D,20170307,000000,510.401,510.401,510.401,510.401,0,0
3541.N,D,20170308,000000,509.3327,509.3327,509.3327,509.3327,0,0
3541.N,D,20170309,000000,508.4583,508.4583,508.4583,508.4583,0,0
3541.N,D,20170310,000000,509.6091,509.6091,509.6091,509.6091,0,0
3541.N,D,20170313,000000,507.9239,507.9239,507.9239,507.9239,0,0
3541.N,D,20170314,000000,507.5316,507.5316,507.5316,507.5316,0,0
3541.N,D,20170315,000000,508.161,508.161,508.161,508.161,0,0
3541.N,D,20170316,000000,508.6168,508.6168,508.6168,508.6168,0,0
3541.N,D,20170317,000000,508.6716,508.6716,508.6716,508.6716,0,0
3541.N,D,20170320,000000,508.9291,508.9291,508.9291,508.9291,0,0
3541.N,D,20170321,000000,508.86,508.86,508.86,508.86,0,0
3541.N,D,20170322,000000,509.8739,509.8739,509.8739,509.8739,0,0
3541.N,D,20170323,000000,509.8398,509.8398,509.8398,509.8398,0,0
3541.N,D,20170324,000000,509.9278,509.9278,509.9278,509.9278,0,0
3541.N,D,20170327,000000,510.5004,510.5004,510.5004,510.5004,0,0
3541.N,D,20170328,000000,510.6565,510.6565,510.6565,510.6565,0,0
3541.N,D,20170329,000000,511.4128,511.4128,511.4128,511.4128,0,0
3541.N,D,20170330,000000,511.8881,511.8881,511.8881,511.8881,0,0
3541.N,D,20170331,000000,511.9059,511.9059,511.9059,511.9059,0,0
3541.N,D,20170403,000000,512.6717,512.6717,512.6717,512.6717,0,0
3541.N,D,20170404,000000,513.4749,513.4749,513.4749,513.4749,0,0
3541.N,D,20170405,000000,512.9731,512.9731,512.9731,512.9731,0,0
3541.N,D,20170406,000000,513.486,513.486,513.486,513.486,0,0
3541.N,D,20170407,000000,514.174,514.174,514.174,514.174,0,0
3541.N,D,20170410,000000,514.109,514.109,514.109,514.109,0,0
3541.N,D,20170411,000000,514.3247,514.3247,514.3247,514.3247,0,0
3541.N,D,20170412,000000,514.6168,514.6168,514.6168,514.6168,0,0
3541.N,D,20170413,000000,515.0784,515.0784,515.0784,515.0784,0,0
3541.N,D,20170418,000000,514.6832,514.6832,514.6832,514.6832,0,0
3541.N,D,20170419,000000,514.672,514.672,514.672,514.672,0,0
3541.N,D,20170420,000000,514.1244,514.1244,514.1244,514.1244,0,0
3541.N,D,20170421,000000,514.5706,514.5706,514.5706,514.5706,0,0
3541.N,D,20170424,000000,514.5498,514.5498,514.5498,514.5498,0,0
3541.N,D,20170425,000000,514.8375,514.8375,514.8375,514.8375,0,0
3541.N,D,20170426,000000,515.6785,515.6785,515.6785,515.6785,0,0
3541.N,D,20170427,000000,516.3511,516.3511,516.3511,516.3511,0,0
3541.N,D,20170428,000000,516.731,516.731,516.731,516.731,0,0
3541.N,D,20170501,000000,517.6222,517.6222,517.6222,517.6222,0,0
3541.N,D,20170502,000000,517.7121,517.7121,517.7121,517.7121,0,0
3541.N,D,20170503,000000,518.814,518.814,518.814,518.814,0,0
3541.N,D,20170504,000000,518.6561,518.6561,518.6561,518.6561,0,0
3541.N,D,20170505,000000,520.4034,520.4034,520.4034,520.4034,0,0
3541.N,D,20170508,000000,519.433,519.433,519.433,519.433,0,0
3541.N,D,20170509,000000,519.3201,519.3201,519.3201,519.3201,0,0
3541.N,D,20170510,000000,520.4089,520.4089,520.4089,520.4089,0,0
3541.N,D,20170511,000000,519.8574,519.8574,519.8574,519.8574,0,0
3541.N,D,20170512,000000,520.5686,520.5686,520.5686,520.5686,0,0
3541.N,D,20170515,000000,520.2872,520.2872,520.2872,520.2872,0,0
3541.N,D,20170516,000000,520.0149,520.0149,520.0149,520.0149,0,0
3541.N,D,20170517,000000,520.4863,520.4863,520.4863,520.4863,0,0
3541.N,D,20170518,000000,519.7536,519.7536,519.7536,519.7536,0,0
3541.N,D,20170519,000000,519.9046,519.9046,519.9046,519.9046,0,0
3541.N,D,20170522,000000,519.9399,519.9399,519.9399,519.9399,0,0
3541.N,D,20170523,000000,520.0224,520.0224,520.0224,520.0224,0,0
3541.N,D,20170524,000000,520.4363,520.4363,520.4363,520.4363,0,0
3541.N,D,20170525,000000,521.3588,521.3588,521.3588,521.3588,0,0
3541.N,D,20170526,000000,521.9214,521.9214,521.9214,521.9214,0,0
3541.N,D,20170529,000000,522.0966,522.0966,522.0966,522.0966,0,0
3541.N,D,20170530,000000,522.5681,522.5681,522.5681,522.5681,0,0
3541.N,D,20170531,000000,522.7398,522.7398,522.7398,522.7398,0,0
3541.N,D,20170601,000000,522.7214,522.7214,522.7214,522.7214,0,0
3541.N,D,20170602,000000,523.5834,523.5834,523.5834,523.5834,0,0
3541.N,D,20170605,000000,523.4032,523.4032,523.4032,523.4032,0,0
3541.N,D,20170606,000000,524.1303,524.1303,524.1303,524.1303,0,0
3541.N,D,20170607,000000,524.3785,524.3785,524.3785,524.3785,0,0
3541.N,D,20170608,000000,524.2743,524.2743,524.2743,524.2743,0,0
3541.N,D,20170609,000000,524.19,524.19,524.19,524.19,0,0
3541.N,D,20170612,000000,524.5336,524.5336,524.5336,524.5336,0,0
3541.N,D,20170613,000000,524.2973,524.2973,524.2973,524.2973,0,0
3541.N,D,20170614,000000,525.6349,525.6349,525.6349,525.6349,0,0
3541.N,D,20170615,000000,524.6878,524.6878,524.6878,524.6878,0,0
3541.N,D,20170616,000000,525.0864,525.0864,525.0864,525.0864,0,0
3541.N,D,20170619,000000,525.2959,525.2959,525.2959,525.2959,0,0
3541.N,D,20170620,000000,526.031,526.031,526.031,526.031,0,0
3541.N,D,20170621,000000,525.8963,525.8963,525.8963,525.8963,0,0
3541.N,D,20170622,000000,526.2544,526.2544,526.2544,526.2544,0,0
3541.N,D,20170623,000000,526.1549,526.1549,526.1549,526.1549,0,0
3541.N,D,20170626,000000,526.89,526.89,526.89,526.89,0,0
3541.N,D,20170627,000000,525.7472,525.7472,525.7472,525.7472,0,0
3541.N,D,20170628,000000,525.0749,525.0749,525.0749,525.0749,0,0
3541.N,D,20170629,000000,523.6505,523.6505,523.6505,523.6505,0,0
3541.N,D,20170630,000000,523.2942,523.2942,523.2942,523.2942,0,0
3541.N,D,20170703,000000,523.6529,523.6529,523.6529,523.6529,0,0
3541.N,D,20170704,000000,524.0363,524.0363,524.0363,524.0363,0,0
3541.N,D,20170705,000000,524.1806,524.1806,524.1806,524.1806,0,0
3541.N,D,20170706,000000,523.1871,523.1871,523.1871,523.1871,0,0
3541.N,D,20170707,000000,522.5592,522.5592,522.5592,522.5592,0,0
3541.N,D,20170710,000000,523.2643,523.2643,523.2643,523.2643,0,0
3541.N,D,20170711,000000,522.8732,522.8732,522.8732,522.8732,0,0
3541.N,D,20170712,000000,524.0689,524.0689,524.0689,524.0689,0,0
3541.N,D,20170713,000000,524.1068,524.1068,524.1068,524.1068,0,0
3541.N,D,20170714,000000,525.0812,525.0812,525.0812,525.0812,0,0
3541.N,D,20170717,000000,524.9618,524.9618,524.9618,524.9618,0,0
3541.N,D,20170718,000000,525.7443,525.7443,525.7443,525.7443,0,0
3541.N,D,20170719,000000,526.3116,526.3116,526.3116,526.3116,0,0
3541.N,D,20170720,000000,526.5334,526.5334,526.5334,526.5334,0,0
3541.N,D,20170721,000000,527.8064,527.8064,527.8064,527.8064,0,0
3541.N,D,20170724,000000,527.9446,527.9446,527.9446,527.9446,0,0
3541.N,D,20170725,000000,527.3943,527.3943,527.3943,527.3943,0,0
3541.N,D,20170726,000000,527.6105,527.6105,527.6105,527.6105,0,0
3541.N,D,20170727,000000,528.498,528.498,528.498,528.498,0,0
3541.N,D,20170728,000000,528.0957,528.0957,528.0957,528.0957,0,0
3541.N,D,20170731,000000,528.5433,528.5433,528.5433,528.5433,0,0
3541.N,D,20170801,000000,529.2503,529.2503,529.2503,529.2503,0,0
3541.N,D,20170802,000000,530.4001,530.4001,530.4001,530.4001,0,0
3541.N,D,20170803,000000,531.1676,531.1676,531.1676,531.1676,0,0
3541.N,D,20170804,000000,531.2928,531.2928,531.2928,531.2928,0,0
3541.N,D,20170807,000000,531.5214,531.5214,531.5214,531.5214,0,0
3541.N,D,20170808,000000,531.5155,531.5155,531.5155,531.5155,0,0
3541.N,D,20170809,000000,531.755,531.755,531.755,531.755,0,0
3541.N,D,20170810,000000,531.454,531.454,531.454,531.454,0,0
3541.N,D,20170811,000000,530.7533,530.7533,530.7533,530.7533,0,0
3541.N,D,20170814,000000,530.9444,530.9444,530.9444,530.9444,0,0
3541.N,D,20170815,000000,530.7076,530.7076,530.7076,530.7076,0,0
3541.N,D,20170816,000000,531.1585,531.1585,531.1585,531.1585,0,0
3541.N,D,20170817,000000,531.6679,531.6679,531.6679,531.6679,0,0
3541.N,D,20170818,000000,531.8823,531.8823,531.8823,531.8823,0,0
3541.N,D,20170821,000000,531.6855,531.6855,531.6855,531.6855,0,0
3541.N,D,20170822,000000,531.4851,531.4851,531.4851,531.4851,0,0
3541.N,D,20170823,000000,531.8674,531.8674,531.8674,531.8674,0,0
3541.N,D,20170824,000000,531.9584,531.9584,531.9584,531.9584,0,0
3541.N,D,20170825,000000,531.8191,531.8191,531.8191,531.8191,0,0
3541.N,D,20170828,000000,532.3525,532.3525,532.3525,532.3525,0,0
3541.N,D,20170829,000000,532.9092,532.9092,532.9092,532.9092,0,0
3541.N,D,20170830,000000,532.2647,532.2647,532.2647,532.2647,0,0
3541.N,D,20170831,000000,532.5632,532.5632,532.5632,532.5632,0,0
3541.N,D,20170901,000000,532.2646,532.2646,532.2646,532.2646,0,0
3541.N,D,20170904,000000,532.5927,532.5927,532.5927,532.5927,0,0
3541.N,D,20170905,000000,533.0223,533.0223,533.0223,533.0223,0,0
3541.N,D,20170906,000000,532.9612,532.9612,532.9612,532.9612,0,0
3541.N,D,20170907,000000,533.1478,533.1478,533.1478,533.1478,0,0
3541.N,D,20170908,000000,533.4139,533.4139,533.4139,533.4139,0,0
3541.N,D,20170911,000000,533.3716,533.3716,533.3716,533.3716,0,0
3541.N,D,20170912,000000,533.1216,533.1216,533.1216,533.1216,0,0
3541.N,D,20170913,000000,532.9289,532.9289,532.9289,532.9289,0,0
3541.N,D,20170914,000000,533.0888,533.0888,533.0888,533.0888,0,0
3541.N,D,20170915,000000,532.8651,532.8651,532.8651,532.8651,0,0
3541.N,D,20170918,000000,532.9305,532.9305,532.9305,532.9305,0,0
3541.N,D,20170919,000000,533.5918,533.5918,533.5918,533.5918,0,0
3541.N,D,20170920,000000,533.67,533.67,533.67,533.67,0,0
3541.N,D,20170921,000000,533.2202,533.2202,533.2202,533.2202,0,0
3541.N,D,20170922,000000,533.462,533.462,533.462,533.462,0,0
3541.N,D,20170925,000000,534.0213,534.0213,534.0213,534.0213,0,0
3541.N,D,20170926,000000,534.1383,534.1383,534.1383,534.1383,0,0
3541.N,D,20170927,000000,532.9004,532.9004,532.9004,532.9004,0,0
3541.N,D,20170928,000000,532.9013,532.9013,532.9013,532.9013,0,0
3541.N,D,20170929,000000,534.0827,534.0827,534.0827,534.0827,0,0
3541.N,D,20171002,000000,534.2311,534.2311,534.2311,534.2311,0,0
3541.N,D,20171003,000000,534.0908,534.0908,534.0908,534.0908,0,0
3541.N,D,20171004,000000,535.0205,535.0205,535.0205,535.0205,0,0
3541.N,D,20171005,000000,535.3164,535.3164,535.3164,535.3164,0,0
3541.N,D,20171006,000000,534.4325,534.4325,534.4325,534.4325,0,0
3541.N,D,20171009,000000,535.4026,535.4026,535.4026,535.4026,0,0
3541.N,D,20171010,000000,535.2728,535.2728,535.2728,535.2728,0,0
3541.N,D,20171011,000000,535.8295,535.8295,535.8295,535.8295,0,0
3541.N,D,20171012,000000,536.2388,536.2388,536.2388,536.2388,0,0
3541.N,D,20171013,000000,537.3009,537.3009,537.3009,537.3009,0,0
3541.N,D,20171016,000000,537.9611,537.9611,537.9611,537.9611,0,0
3541.N,D,20171017,000000,538.3543,538.3543,538.3543,538.3543,0,0
3541.N,D,20171018,000000,538.3387,538.3387,538.3387,538.3387,0,0
3541.N,D,20171019,000000,538.6425,538.6425,538.6425,538.6425,0,0
3541.N,D,20171020,000000,537.8029,537.8029,537.8029,537.8029,0,0
3541.N,D,20171023,000000,538.1699,538.1699,538.1699,538.1699,0,0
3541.N,D,20171024,000000,537.5141,537.5141,537.5141,537.5141,0,0
3541.N,D,20171025,000000,537.1325,537.1325,537.1325,537.1325,0,0
3541.N,D,20171026,000000,538.2732,538.2732,538.2732,538.2732,0,0
3541.N,D,20171027,000000,539.0621,539.0621,539.0621,539.0621,0,0
3541.N,D,20171030,000000,540.3459,540.3459,540.3459,540.3459,0,0
3541.N,D,20171031,000000,540.9003,540.9003,540.9003,540.9003,0,0
3541.N,D,20171101,000000,541.5817,541.5817,541.5817,541.5817,0,0
3541.N,D,20171102,000000,541.9941,541.9941,541.9941,541.9941,0,0
3541.N,D,20171103,000000,542.6044,542.6044,542.6044,542.6044,0,0
3541.N,D,20171106,000000,543.1924,543.1924,543.1924,543.1924,0,0
3541.N,D,20171107,000000,543.141,543.141,543.141,543.141,0,0
3541.N,D,20171108,000000,543.0056,543.0056,543.0056,543.0056,0,0
3541.N,D,20171109,000000,541.6314,541.6314,541.6314,541.6314,0,0
3541.N,D,20171110,000000,540.4973,540.4973,540.4973,540.4973,0,0
3541.N,D,20171113,000000,540.3511,540.3511,540.3511,540.3511,0,0
3541.N,D,20171114,000000,539.8902,539.8902,539.8902,539.8902,0,0
3541.N,D,20171115,000000,539.7918,539.7918,539.7918,539.7918,0,0
3541.N,D,20171116,000000,539.7841,539.7841,539.7841,539.7841,0,0
3541.N,D,20171117,000000,540.0622,540.0622,540.0622,540.0622,0,0
3541.N,D,20171120,000000,540.3661,540.3661,540.3661,540.3661,0,0
3541.N,D,20171121,000000,540.8746,540.8746,540.8746,540.8746,0,0
3541.N,D,20171122,000000,540.9279,540.9279,540.9279,540.9279,0,0
3541.N,D,20171123,000000,541.3265,541.3265,541.3265,541.3265,0,0
3541.N,D,20171124,000000,541.3018,541.3018,541.3018,541.3018,0,0
3541.N,D,20171127,000000,541.8164,541.8164,541.8164,541.8164,0,0
3541.N,D,20171128,000000,541.9989,541.9989,541.9989,541.9989,0,0
3541.N,D,20171129,000000,541.0737,541.0737,541.0737,541.0737,0,0
3541.N,D,20171130,000000,541.2669,541.2669,541.2669,541.2669,0,0
3541.N,D,20171201,000000,542.0603,542.0603,542.0603,542.0603,0,0
3541.N,D,20171204,000000,542.3807,542.3807,542.3807,542.3807,0,0
3541.N,D,20171205,000000,542.6759,542.6759,542.6759,542.6759,0,0
3541.N,D,20171206,000000,543.3076,543.3076,543.3076,543.3076,0,0
3541.N,D,20171207,000000,543.1385,543.1385,543.1385,543.1385,0,0
3541.N,D,20171208,000000,544.2005,544.2005,544.2005,544.2005,0,0
3541.N,D,20171211,000000,543.4124,543.4124,543.4124,543.4124,0,0
3541.N,D,20171212,000000,543.0661,543.0661,543.0661,543.0661,0,0
3541.N,D,20171213,000000,543.2149,543.2149,543.2149,543.2149,0,0
3541.N,D,20171214,000000,543.0396,543.0396,543.0396,543.0396,0,0
3541.N,D,20171215,000000,543.5514,543.5514,543.5514,543.5514,0,0
3541.N,D,20171218,000000,543.5212,543.5212,543.5212,543.5212,0,0
3541.N,D,20171219,000000,542.6251,542.6251,542.6251,542.6251,0,0
3541.N,D,20171220,000000,541.5632,541.5632,541.5632,541.5632,0,0
3541.N,D,20171221,000000,541.403,541.403,541.403,541.403,0,0
3541.N,D,20171222,000000,541.6729,541.6729,541.6729,541.6729,0,0
3541.N,D,20171227,000000,542.3652,542.3652,542.3652,542.3652,0,0
3541.N,D,20171228,000000,542.5109,542.5109,542.5109,542.5109,0,0
3541.N,D,20171229,000000,541.9785,541.9785,541.9785,541.9785,0,0
3541.N,D,20180102,000000,542.0845,542.0845,542.0845,542.0845,0,0
3541.N,D,20180103,000000,542.8715,542.8715,542.8715,542.8715,0,0
3541.N,D,20180104,000000,543.1269,543.1269,543.1269,543.1269,0,0
3541.N,D,20180105,000000,544.2353,544.2353,544.2353,544.2353,0,0
3541.N,D,20180108,000000,544.9,544.9,544.9,544.9,0,0
3541.N,D,20180109,000000,544.704,544.704,544.704,544.704,0,0
3541.N,D,20180110,000000,543.3828,543.3828,543.3828,543.3828,0,0
3541.N,D,20180111,000000,543.0749,543.0749,543.0749,543.0749,0,0
3541.N,D,20180112,000000,542.4576,542.4576,542.4576,542.4576,0,0
3541.N,D,20180115,000000,543.222,543.222,543.222,543.222,0,0
3541.N,D,20180116,000000,543.799,543.799,543.799,543.799,0,0
3541.N,D,20180117,000000,543.795,543.795,543.795,543.795,0,0
3541.N,D,20180118,000000,543.701,543.701,543.701,543.701,0,0
3541.N,D,20180119,000000,544.391,544.391,544.391,544.391,0,0
3541.N,D,20180122,000000,544.596,544.596,544.596,544.596,0,0
3541.N,D,20180123,000000,545.77,545.77,545.77,545.77,0,0
3541.N,D,20180124,000000,545.016,545.016,545.016,545.016,0,0
3541.N,D,20180125,000000,544.839,544.839,544.839,544.839,0,0
3541.N,D,20180126,000000,544.886,544.886,544.886,544.886,0,0
3541.N,D,20180129,000000,543.873,543.873,543.873,543.873,0,0
3541.N,D,20180130,000000,544.025,544.025,544.025,544.025,0,0
3541.N,D,20180131,000000,544.132,544.132,544.132,544.132,0,0
3541.N,D,20180201,000000,543.67,543.67,543.67,543.67,0,0
3541.N,D,20180202,000000,542.659,542.659,542.659,542.659,0,0
3541.N,D,20180205,000000,542.874,542.874,542.874,542.874,0,0
3541.N,D,20180206,000000,541.024,541.024,541.024,541.024,0,0
3541.N,D,20180207,000000,542.241,542.241,542.241,542.241,0,0
3541.N,D,20180208,000000,541.068,541.068,541.068,541.068,0,0
3541.N,D,20180209,000000,539.992,539.992,539.992,539.992,0,0
3541.N,D,20180212,000000,539.517,539.517,539.517,539.517,0,0
3541.N,D,20180213,000000,539.064,539.064,539.064,539.064,0,0
3541.N,D,20180214,000000,538.08,538.08,538.08,538.08,0,0
3541.N,D,20180215,000000,538.634,538.634,538.634,538.634,0,0
3541.N,D,20180216,000000,540.551,540.551,540.551,540.551,0,0
3541.N,D,20180219,000000,540.48,540.48,540.48,540.48,0,0
3541.N,D,20180220,000000,540.454,540.454,540.454,540.454,0,0
3541.N,D,20180221,000000,540.804,540.804,540.804,540.804,0,0
3541.N,D,20180222,000000,540.355,540.355,540.355,540.355,0,0
3541.N,D,20180223,000000,540.483,540.483,540.483,540.483,0,0
3541.N,D,20180226,000000,540.866,540.866,540.866,540.866,0,0
3541.N,D,20180227,000000,540.897,540.897,540.897,540.897,0,0
3541.N,D,20180228,000000,540.948,540.948,540.948,540.948,0,0
3541.N,D,20180301,000000,541.399,541.399,541.399,541.399,0,0
3541.N,D,20180305,000000,540.462,540.462,540.462,540.462,0,0
3541.N,D,20180306,000000,539.729,539.729,539.729,539.729,0,0
3541.N,D,20180307,000000,540.618,540.618,540.618,540.618,0,0
3541.N,D,20180308,000000,540.472,540.472,540.472,540.472,0,0
3541.N,D,20180309,000000,541.365,541.365,541.365,541.365,0,0
3541.N,D,20180312,000000,542.405,542.405,542.405,542.405,0,0
3541.N,D,20180313,000000,542.562,542.562,542.562,542.562,0,0
3541.N,D,20180314,000000,542.166,542.166,542.166,542.166,0,0
3541.N,D,20180315,000000,541.433,541.433,541.433,541.433,0,0
3541.N,D,20180316,000000,541.178,541.178,541.178,541.178,0,0
3541.N,D,20180319,000000,540.415,540.415,540.415,540.415,0,0
3541.N,D,20180320,000000,540.013,540.013,540.013,540.013,0,0
3541.N,D,20180321,000000,539.839,539.839,539.839,539.839,0,0
3541.N,D,20180322,000000,541.156,541.156,541.156,541.156,0,0
3541.N,D,20180323,000000,539.596,539.596,539.596,539.596,0,0
3541.N,D,20180326,000000,539.711,539.711,539.711,539.711,0,0
3541.N,D,20180327,000000,540.573,540.573,540.573,540.573,0,0
3541.N,D,20180328,000000,540.95,540.95,540.95,540.95,0,0
3541.N,D,20180329,000000,540.864,540.864,540.864,540.864,0,0
3541.N,D,20180403,000000,541.21,541.21,541.21,541.21,0,0
3541.N,D,20180404,000000,541.315,541.315,541.315,541.315,0,0
3541.N,D,20180405,000000,541.247,541.247,541.247,541.247,0,0
3541.N,D,20180406,000000,542.009,542.009,542.009,542.009,0,0
3541.N,D,20180409,000000,542.191,542.191,542.191,542.191,0,0
3541.N,D,20180410,000000,542.022,542.022,542.022,542.022,0,0
3541.N,D,20180411,000000,542.791,542.791,542.791,542.791,0,0
3541.N,D,20180412,000000,542.699,542.699,542.699,542.699,0,0
3541.N,D,20180413,000000,543.152,543.152,543.152,543.152,0,0
3541.N,D,20180416,000000,543.276,543.276,543.276,543.276,0,0
3541.N,D,20180417,000000,544.215,544.215,544.215,544.215,0,0
3541.N,D,20180418,000000,544.132,544.132,544.132,544.132,0,0
3541.N,D,20180419,000000,542.689,542.689,542.689,542.689,0,0
3541.N,D,20180420,000000,542.33,542.33,542.33,542.33,0,0
3541.N,D,20180423,000000,541.841,541.841,541.841,541.841,0,0
3541.N,D,20180424,000000,541.736,541.736,541.736,541.736,0,0
3541.N,D,20180425,000000,541.308,541.308,541.308,541.308,0,0
3541.N,D,20180426,000000,541.811,541.811,541.811,541.811,0,0
3541.N,D,20180427,000000,542.28,542.28,542.28,542.28,0,0
3541.N,D,20180430,000000,542.447,542.447,542.447,542.447,0,0
3541.N,D,20180501,000000,542.451,542.451,542.451,542.451,0,0
3541.N,D,20180502,000000,541.747,541.747,541.747,541.747,0,0
3541.N,D,20180503,000000,542.117,542.117,542.117,542.117,0,0
3541.N,D,20180504,000000,541.537,541.537,541.537,541.537,0,0
3541.N,D,20180507,000000,541.799,541.799,541.799,541.799,0,0
3541.N,D,20180508,000000,541.04,541.04,541.04,541.04,0,0
3541.N,D,20180509,000000,540.431,540.431,540.431,540.431,0,0
3541.N,D,20180510,000000,541.419,541.419,541.419,541.419,0,0
3541.N,D,20180511,000000,541.603,541.603,541.603,541.603,0,0
3541.N,D,20180514,000000,541.068,541.068,541.068,541.068,0,0
3541.N,D,20180515,000000,540.267,540.267,540.267,540.267,0,0
3541.N,D,20180516,000000,540.224,540.224,540.224,540.224,0,0
3541.N,D,20180517,000000,539.416,539.416,539.416,539.416,0,0
3541.N,D,20180518,000000,539.13,539.13,539.13,539.13,0,0
3541.N,D,20180521,000000,539.013,539.013,539.013,539.013,0,0
3541.N,D,20180522,000000,538.935,538.935,538.935,538.935,0,0
3541.N,D,20180523,000000,538.408,538.408,538.408,538.408,0,0
3541.N,D,20180524,000000,538.579,538.579,538.579,538.579,0,0
3541.N,D,20180525,000000,538.723,538.723,538.723,538.723,0,0
3541.N,D,20180528,000000,539.162,539.162,539.162,539.162,0,0
3541.N,D,20180529,000000,536.615,536.615,536.615,536.615,0,0
3541.N,D,20180530,000000,536.003,536.003,536.003,536.003,0,0
3541.N,D,20180531,000000,537.547,537.547,537.547,537.547,0,0
3541.N,D,20180601,000000,537.757,537.757,537.757,537.757,0,0
3541.N,D,20180604,000000,539.101,539.101,539.101,539.101,0,0
3541.N,D,20180605,000000,539.775,539.775,539.775,539.775,0,0
3541.N,D,20180606,000000,537.729,537.729,537.729,537.729,0,0
3541.N,D,20180607,000000,536.795,536.795,536.795,536.795,0,0
3541.N,D,20180608,000000,536.737,536.737,536.737,536.737,0,0
3541.N,D,20180611,000000,536.266,536.266,536.266,536.266,0,0
3541.N,D,20180612,000000,535.969,535.969,535.969,535.969,0,0
3541.N,D,20180613,000000,536.877,536.877,536.877,536.877,0,0
3541.N,D,20180614,000000,538.345,538.345,538.345,538.345,0,0
3541.N,D,20180615,000000,539.801,539.801,539.801,539.801,0,0
3541.N,D,20180618,000000,539.492,539.492,539.492,539.492,0,0
3541.N,D,20180619,000000,539.462,539.462,539.462,539.462,0,0
3541.N,D,20180620,000000,539.381,539.381,539.381,539.381,0,0
3541.N,D,20180621,000000,537.976,537.976,537.976,537.976,0,0
3541.N,D,20180622,000000,539.257,539.257,539.257,539.257,0,0
3541.N,D,20180625,000000,538.617,538.617,538.617,538.617,0,0
3541.N,D,20180626,000000,537.735,537.735,537.735,537.735,0,0
3541.N,D,20180627,000000,536.716,536.716,536.716,536.716,0,0
3541.N,D,20180628,000000,536.359,536.359,536.359,536.359,0,0
3541.N,D,20180629,000000,536.105,536.105,536.105,536.105,0,0
3541.N,D,20180702,000000,535.988,535.988,535.988,535.988,0,0
3541.N,D,20180703,000000,536.749,536.749,536.749,536.749,0,0
3541.N,D,20180704,000000,537.153,537.153,537.153,537.153,0,0
3541.N,D,20180705,000000,537.703,537.703,537.703,537.703,0,0
3541.N,D,20180706,000000,538.763,538.763,538.763,538.763,0,0
3541.N,D,20180709,000000,539.256,539.256,539.256,539.256,0,0
3541.N,D,20180710,000000,540.102,540.102,540.102,540.102,0,0
3541.N,D,20180711,000000,540.159,540.159,540.159,540.159,0,0
3541.N,D,20180712,000000,540.703,540.703,540.703,540.703,0,0
3541.N,D,20180713,000000,541.755,541.755,541.755,541.755,0,0
3541.N,D,20180716,000000,541.687,541.687,541.687,541.687,0,0
3541.N,D,20180717,000000,541.723,541.723,541.723,541.723,0,0
3541.N,D,20180718,000000,542.038,542.038,542.038,542.038,0,0
3541.N,D,20180719,000000,541.918,541.918,541.918,541.918,0,0
3541.N,D,20180720,000000,541.316,541.316,541.316,541.316,0,0
3541.N,D,20180723,000000,540.738,540.738,540.738,540.738,0,0
3541.N,D,20180724,000000,539.287,539.287,539.287,539.287,0,0
3541.N,D,20180725,000000,541.33,541.33,541.33,541.33,0,0
3541.N,D,20180726,000000,542.014,542.014,542.014,542.014,0,0
3541.N,D,20180727,000000,542.713,542.713,542.713,542.713,0,0
3541.N,D,20180731,000000,542.184,542.184,542.184,542.184,0,0
3541.N,D,20180801,000000,541.642,541.642,541.642,541.642,0,0
3541.N,D,20180802,000000,542.018,542.018,542.018,542.018,0,0
3541.N,D,20180803,000000,542.451,542.451,542.451,542.451,0,0
3541.N,D,20180806,000000,543.009,543.009,543.009,543.009,0,0
3541.N,D,20180807,000000,543.064,543.064,543.064,543.064,0,0
3541.N,D,20180808,000000,543.147,543.147,543.147,543.147,0,0
3541.N,D,20180809,000000,543.36,543.36,543.36,543.36,0,0
3541.N,D,20180810,000000,543.287,543.287,543.287,543.287,0,0
3541.N,D,20180813,000000,542.331,542.331,542.331,542.331,0,0
3541.N,D,20180814,000000,542.317,542.317,542.317,542.317,0,0
3541.N,D,20180815,000000,542.563,542.563,542.563,542.563,0,0
3541.N,D,20180816,000000,542.348,542.348,542.348,542.348,0,0
3541.N,D,20180817,000000,542.676,542.676,542.676,542.676,0,0
3541.N,D,20180820,000000,542.662,542.662,542.662,542.662,0,0
3541.N,D,20180821,000000,542.476,542.476,542.476,542.476,0,0
3541.N,D,20180822,000000,542.654,542.654,542.654,542.654,0,0
3541.N,D,20180823,000000,542.241,542.241,542.241,542.241,0,0
3541.N,D,20180824,000000,541.86,541.86,541.86,541.86,0,0
3541.N,D,20180827,000000,541.588,541.588,541.588,541.588,0,0
3541.N,D,20180828,000000,541.175,541.175,541.175,541.175,0,0
3541.N,D,20180829,000000,540.84,540.84,540.84,540.84,0,0
3541.N,D,20180830,000000,541.219,541.219,541.219,541.219,0,0
3541.N,D,20180831,000000,541.082,541.082,541.082,541.082,0,0
3541.N,D,20180903,000000,540.941,540.941,540.941,540.941,0,0
3541.N,D,20180904,000000,540.2,540.2,540.2,540.2,0,0
3541.N,D,20180905,000000,540.776,540.776,540.776,540.776,0,0
3541.N,D,20180906,000000,539.623,539.623,539.623,539.623,0,0
3541.N,D,20180907,000000,539.697,539.697,539.697,539.697,0,0
3541.N,D,20180910,000000,539.773,539.773,539.773,539.773,0,0
3541.N,D,20180911,000000,539.795,539.795,539.795,539.795,0,0
3541.N,D,20180912,000000,540.445,540.445,540.445,540.445,0,0
3541.N,D,20180913,000000,540.977,540.977,540.977,540.977,0,0
3541.N,D,20180914,000000,540.752,540.752,540.752,540.752,0,0
3541.N,D,20180917,000000,540.9,540.9,540.9,540.9,0,0
3541.N,D,20180918,000000,540.975,540.975,540.975,540.975,0,0
3541.N,D,20180919,000000,541.236,541.236,541.236,541.236,0,0
3541.N,D,20180920,000000,541.32,541.32,541.32,541.32,0,0
3541.N,D,20180921,000000,542.387,542.387,542.387,542.387,0,0
3541.N,D,20180924,000000,541.893,541.893,541.893,541.893,0,0
3541.N,D,20180925,000000,540.734,540.734,540.734,540.734,0,0
3541.N,D,20180926,000000,540.605,540.605,540.605,540.605,0,0
3541.N,D,20180927,000000,541.153,541.153,541.153,541.153,0,0
3541.N,D,20180928,000000,542.005,542.005,542.005,542.005,0,0
3541.N,D,20181001,000000,541.545,541.545,541.545,541.545,0,0
3541.N,D,20181002,000000,542.405,542.405,542.405,542.405,0,0
3541.N,D,20181003,000000,542.397,542.397,542.397,542.397,0,0
3541.N,D,20181004,000000,541.003,541.003,541.003,541.003,0,0
3541.N,D,20181005,000000,540.323,540.323,540.323,540.323,0,0
3541.N,D,20181008,000000,540.511,540.511,540.511,540.511,0,0
3541.N,D,20181009,000000,540.051,540.051,540.051,540.051,0,0
3541.N,D,20181010,000000,539.429,539.429,539.429,539.429,0,0
3541.N,D,20181011,000000,539.402,539.402,539.402,539.402,0,0
3541.N,D,20181012,000000,539.882,539.882,539.882,539.882,0,0
3541.N,D,20181015,000000,540.216,540.216,540.216,540.216,0,0
3541.N,D,20181016,000000,540.097,540.097,540.097,540.097,0,0
3541.N,D,20181017,000000,541.152,541.152,541.152,541.152,0,0
3541.N,D,20181018,000000,540.661,540.661,540.661,540.661,0,0
3541.N,D,20181019,000000,540.647,540.647,540.647,540.647,0,0
3541.N,D,20181022,000000,540.352,540.352,540.352,540.352,0,0
3541.N,D,20181023,000000,540.041,540.041,540.041,540.041,0,0
3541.N,D,20181024,000000,539.888,539.888,539.888,539.888,0,0
3541.N,D,20181025,000000,539.222,539.222,539.222,539.222,0,0
3541.N,D,20181026,000000,539.368,539.368,539.368,539.368,0,0
3541.N,D,20181029,000000,538.451,538.451,538.451,538.451,0,0
3541.N,D,20181030,000000,538.635,538.635,538.635,538.635,0,0
3541.N,D,20181031,000000,538.622,538.622,538.622,538.622,0,0
3541.N,D,20181101,000000,540.261,540.261,540.261,540.261,0,0
3541.N,D,20181102,000000,539.366,539.366,539.366,539.366,0,0
3541.N,D,20181105,000000,539.544,539.544,539.544,539.544,0,0
3541.N,D,20181106,000000,539.749,539.749,539.749,539.749,0,0
3541.N,D,20181107,000000,539.99,539.99,539.99,539.99,0,0
3541.N,D,20181108,000000,540.309,540.309,540.309,540.309,0,0
3541.N,D,20181109,000000,540.351,540.351,540.351,540.351,0,0
3541.N,D,20181112,000000,540.568,540.568,540.568,540.568,0,0
3541.N,D,20181113,000000,539.403,539.403,539.403,539.403,0,0
3541.N,D,20181114,000000,538.201,538.201,538.201,538.201,0,0
3541.N,D,20181115,000000,537.966,537.966,537.966,537.966,0,0
3541.N,D,20181116,000000,535.997,535.997,535.997,535.997,0,0
3541.N,D,20181119,000000,534.577,534.577,534.577,534.577,0,0
3541.N,D,20181120,000000,532.547,532.547,532.547,532.547,0,0
3541.N,D,20181121,000000,532.661,532.661,532.661,532.661,0,0
3541.N,D,20181122,000000,533.219,533.219,533.219,533.219,0,0
3541.N,D,20181123,000000,534.351,534.351,534.351,534.351,0,0
3541.N,D,20181126,000000,534.119,534.119,534.119,534.119,0,0
3541.N,D,20181127,000000,533.943,533.943,533.943,533.943,0,0
3541.N,D,20181128,000000,533.329,533.329,533.329,533.329,0,0
3541.N,D,20181129,000000,533.129,533.129,533.129,533.129,0,0
3541.N,D,20181130,000000,532.525,532.525,532.525,532.525,0,0
3541.N,D,20181203,000000,533.067,533.067,533.067,533.067,0,0
3541.N,D,20181204,000000,532.565,532.565,532.565,532.565,0,0
3541.N,D,20181205,000000,531.434,531.434,531.434,531.434,0,0
3541.N,D,20181206,000000,531.127,531.127,531.127,531.127,0,0
3541.N,D,20181207,000000,530.33,530.33,530.33,530.33,0,0
3541.N,D,20181210,000000,530.475,530.475,530.475,530.475,0,0
3541.N,D,20181211,000000,528.97,528.97,528.97,528.97,0,0
3541.N,D,20181212,000000,531.16,531.16,531.16,531.16,0,0
3541.N,D,20181213,000000,532.733,532.733,532.733,532.733,0,0
3541.N,D,20181214,000000,533.341,533.341,533.341,533.341,0,0
3541.N,D,20181217,000000,533.323,533.323,533.323,533.323,0,0
3541.N,D,20181218,000000,533.506,533.506,533.506,533.506,0,0
3541.N,D,20181219,000000,533.283,533.283,533.283,533.283,0,0
3541.N,D,20181220,000000,533.248,533.248,533.248,533.248,0,0
3541.N,D,20181221,000000,532.426,532.426,532.426,532.426,0,0
3541.N,D,20181227,000000,532.494,532.494,532.494,532.494,0,0
3541.N,D,20181228,000000,532.743,532.743,532.743,532.743,0,0
3541.N,D,20181231,000000,532.711,532.711,532.711,532.711,0,0
3541.N,D,20190102,000000,534.049,534.049,534.049,534.049,0,0
3541.N,D,20190103,000000,532.791,532.791,532.791,532.791,0,0
3541.N,D,20190104,000000,531.56,531.56,531.56,531.56,0,0
3541.N,D,20190107,000000,531.52,531.52,531.52,531.52,0,0
3541.N,D,20190108,000000,531.298,531.298,531.298,531.298,0,0
3541.N,D,20190109,000000,532.687,532.687,532.687,532.687,0,0
3541.N,D,20190110,000000,533.33,533.33,533.33,533.33,0,0
3541.N,D,20190111,000000,534.475,534.475,534.475,534.475,0,0
3541.N,D,20190114,000000,534.648,534.648,534.648,534.648,0,0
3541.N,D,20190115,000000,535.571,535.571,535.571,535.571,0,0
3541.N,D,20190116,000000,536.464,536.464,536.464,536.464,0,0
3541.N,D,20190117,000000,537.071,537.071,537.071,537.071,0,0
3541.N,D,20190118,000000,537.5,537.5,537.5,537.5,0,0
3541.N,D,20190121,000000,538.321,538.321,538.321,538.321,0,0
3541.N,D,20190122,000000,538.425,538.425,538.425,538.425,0,0
3541.N,D,20190123,000000,537.929,537.929,537.929,537.929,0,0
3541.N,D,20190124,000000,539.48,539.48,539.48,539.48,0,0
3541.N,D,20190125,000000,539.95,539.95,539.95,539.95,0,0
3541.N,D,20190128,000000,540.039,540.039,540.039,540.039,0,0
3541.N,D,20190129,000000,540.213,540.213,540.213,540.213,0,0
3541.N,D,20190130,000000,540.811,540.811,540.811,540.811,0,0
3541.N,D,20190131,000000,543.153,543.153,543.153,543.153,0,0
3541.N,D,20190201,000000,543.467,543.467,543.467,543.467,0,0
3541.N,D,20190206,000000,545.406,545.406,545.406,545.406,0,0
3541.N,D,20190207,000000,545.655,545.655,545.655,545.655,0,0
3541.N,D,20190208,000000,545.211,545.211,545.211,545.211,0,0
3541.N,D,20190211,000000,544.574,544.574,544.574,544.574,0,0
3541.N,D,20190212,000000,544.857,544.857,544.857,544.857,0,0
3541.N,D,20190213,000000,545.355,545.355,545.355,545.355,0,0
3541.N,D,20190214,000000,546.468,546.468,546.468,546.468,0,0
3541.N,D,20190215,000000,545.788,545.788,545.788,545.788,0,0
3541.N,D,20190218,000000,546.406,546.406,546.406,546.406,0,0
3541.N,D,20190219,000000,547.086,547.086,547.086,547.086,0,0
3541.N,D,20190220,000000,547.157,547.157,547.157,547.157,0,0
3541.N,D,20190221,000000,546.555,546.555,546.555,546.555,0,0
3541.N,D,20190222,000000,547.352,547.352,547.352,547.352,0,0
3541.N,D,20190225,000000,547.458,547.458,547.458,547.458,0,0
3541.N,D,20190226,000000,548.351,548.351,548.351,548.351,0,0
3541.N,D,20190227,000000,548.66,548.66,548.66,548.66,0,0
3541.N,D,20190228,000000,548.759,548.759,548.759,548.759,0,0
3541.N,D,20190301,000000,548.79,548.79,548.79,548.79,0,0
3541.N,D,20190304,000000,549.387,549.387,549.387,549.387,0,0
3541.N,D,20190305,000000,549.518,549.518,549.518,549.518,0,0
3541.N,D,20190306,000000,549.592,549.592,549.592,549.592,0,0
3541.N,D,20190307,000000,550.581,550.581,550.581,550.581,0,0
3541.N,D,20190308,000000,550.25,550.25,550.25,550.25,0,0
3541.N,D,20190311,000000,550.511,550.511,550.511,550.511,0,0
3541.N,D,20190312,000000,551.558,551.558,551.558,551.558,0,0
3541.N,D,20190313,000000,552.231,552.231,552.231,552.231,0,0
3541.N,D,20190314,000000,553.342,553.342,553.342,553.342,0,0
3541.N,D,20190315,000000,554.168,554.168,554.168,554.168,0,0
3541.N,D,20190318,000000,554.571,554.571,554.571,554.571,0,0
3541.N,D,20190319,000000,554.808,554.808,554.808,554.808,0,0
3541.N,D,20190320,000000,555.009,555.009,555.009,555.009,0,0
3541.N,D,20190321,000000,555.352,555.352,555.352,555.352,0,0
3541.N,D,20190322,000000,556.256,556.256,556.256,556.256,0,0
3541.N,D,20190325,000000,555.205,555.205,555.205,555.205,0,0
3541.N,D,20190326,000000,555.539,555.539,555.539,555.539,0,0
3541.N,D,20190327,000000,557.007,557.007,557.007,557.007,0,0
3541.N,D,20190328,000000,557.11,557.11,557.11,557.11,0,0
3541.N,D,20190329,000000,557.776,557.776,557.776,557.776,0,0
3541.N,D,20190401,000000,558.876,558.876,558.876,558.876,0,0
3541.N,D,20190402,000000,559.549,559.549,559.549,559.549,0,0
3541.N,D,20190403,000000,559.165,559.165,559.165,559.165,0,0
3541.N,D,20190404,000000,559.544,559.544,559.544,559.544,0,0
3541.N,D,20190405,000000,559.545,559.545,559.545,559.545,0,0
3541.N,D,20190408,000000,559.935,559.935,559.935,559.935,0,0
3541.N,D,20190409,000000,560.224,560.224,560.224,560.224,0,0
3541.N,D,20190410,000000,560.617,560.617,560.617,560.617,0,0
3541.N,D,20190411,000000,561.343,561.343,561.343,561.343,0,0
3541.N,D,20190412,000000,561.207,561.207,561.207,561.207,0,0
3541.N,D,20190415,000000,561.486,561.486,561.486,561.486,0,0
3541.N,D,20190416,000000,562.204,562.204,562.204,562.204,0,0
3541.N,D,20190417,000000,562.186,562.186,562.186,562.186,0,0
3541.N,D,20190418,000000,563.001,563.001,563.001,563.001,0,0
3541.N,D,20190423,000000,563.149,563.149,563.149,563.149,0,0
3541.N,D,20190424,000000,564.619,564.619,564.619,564.619,0,0
3541.N,D,20190425,000000,564.745,564.745,564.745,564.745,0,0
3541.N,D,20190426,000000,564.847,564.847,564.847,564.847,0,0
3541.N,D,20190429,000000,564.496,564.496,564.496,564.496,0,0
3541.N,D,20190430,000000,564.524,564.524,564.524,564.524,0,0
3541.N,D,20190501,000000,565.231,565.231,565.231,565.231,0,0
3541.N,D,20190502,000000,565.783,565.783,565.783,565.783,0,0
3541.N,D,20190503,000000,565.453,565.453,565.453,565.453,0,0
3541.N,D,20190506,000000,565.71,565.71,565.71,565.71,0,0
3541.N,D,20190507,000000,565.751,565.751,565.751,565.751,0,0
3541.N,D,20190508,000000,564.806,564.806,564.806,564.806,0,0
3541.N,D,20190509,000000,564.189,564.189,564.189,564.189,0,0
3541.N,D,20190510,000000,563.781,563.781,563.781,563.781,0,0
3541.N,D,20190513,000000,563.411,563.411,563.411,563.411,0,0
3541.N,D,20190514,000000,563.45,563.45,563.45,563.45,0,0
3541.N,D,20190515,000000,564.284,564.284,564.284,564.284,0,0
3541.N,D,20190516,000000,564.124,564.124,564.124,564.124,0,0
3541.N,D,20190517,000000,564.944,564.944,564.944,564.944,0,0
3541.N,D,20190520,000000,564.484,564.484,564.484,564.484,0,0
3541.N,D,20190521,000000,563.891,563.891,563.891,563.891,0,0
3541.N,D,20190522,000000,563.857,563.857,563.857,563.857,0,0
3541.N,D,20190523,000000,562.857,562.857,562.857,562.857,0,0
3541.N,D,20190524,000000,562.823,562.823,562.823,562.823,0,0
3541.N,D,20190527,000000,562.996,562.996,562.996,562.996,0,0
3541.N,D,20190528,000000,563.114,563.114,563.114,563.114,0,0
3541.N,D,20190529,000000,562.901,562.901,562.901,562.901,0,0
3541.N,D,20190530,000000,563.203,563.203,563.203,563.203,0,0
3541.N,D,20190531,000000,563.334,563.334,563.334,563.334,0,0
3541.N,D,20190603,000000,563.428,563.428,563.428,563.428,0,0
3541.N,D,20190604,000000,564.038,564.038,564.038,564.038,0,0
3541.N,D,20190605,000000,565.98,565.98,565.98,565.98,0,0
3541.N,D,20190606,000000,565.963,565.963,565.963,565.963,0,0
3541.N,D,20190607,000000,567.126,567.126,567.126,567.126,0,0
3541.N,D,20190610,000000,567.534,567.534,567.534,567.534,0,0
3541.N,D,20190611,000000,568.458,568.458,568.458,568.458,0,0
3541.N,D,20190612,000000,568.659,568.659,568.659,568.659,0,0
3541.N,D,20190613,000000,569.044,569.044,569.044,569.044,0,0
3541.N,D,20190614,000000,569.304,569.304,569.304,569.304,0,0
3541.N,D,20190617,000000,569.319,569.319,569.319,569.319,0,0
3541.N,D,20190618,000000,572.403,572.403,572.403,572.403,0,0
3541.N,D,20190619,000000,572.88,572.88,572.88,572.88,0,0
3541.N,D,20190620,000000,575.817,575.817,575.817,575.817,0,0
3541.N,D,20190621,000000,575.182,575.182,575.182,575.182,0,0
3541.N,D,20190624,000000,575.735,575.735,575.735,575.735,0,0
3541.N,D,20190625,000000,576.057,576.057,576.057,576.057,0,0
3541.N,D,20190626,000000,575.925,575.925,575.925,575.925,0,0
3541.N,D,20190627,000000,576.001,576.001,576.001,576.001,0,0
3541.N,D,20190628,000000,576.55,576.55,576.55,576.55,0,0
3541.N,D,20190701,000000,577.679,577.679,577.679,577.679,0,0
3541.N,D,20190702,000000,579.077,579.077,579.077,579.077,0,0
3541.N,D,20190703,000000,580.466,580.466,580.466,580.466,0,0
3541.N,D,20190704,000000,581.662,581.662,581.662,581.662,0,0
3541.N,D,20190705,000000,581.706,581.706,581.706,581.706,0,0
3541.N,D,20190708,000000,581.774,581.774,581.774,581.774,0,0
3541.N,D,20190709,000000,580.647,580.647,580.647,580.647,0,0
3541.N,D,20190710,000000,580.007,580.007,580.007,580.007,0,0
3541.N,D,20190711,000000,579.604,579.604,579.604,579.604,0,0
3541.N,D,20190712,000000,579.662,579.662,579.662,579.662,0,0
3541.N,D,20190715,000000,580.683,580.683,580.683,580.683,0,0
3541.N,D,20190716,000000,581.208,581.208,581.208,581.208,0,0
3541.N,D,20190717,000000,582.033,582.033,582.033,582.033,0,0
3541.N,D,20190718,000000,581.72,581.72,581.72,581.72,0,0
3541.N,D,20190719,000000,582.265,582.265,582.265,582.265,0,0
3541.N,D,20190722,000000,582.857,582.857,582.857,582.857,0,0
3541.N,D,20190723,000000,583.535,583.535,583.535,583.535,0,0
3541.N,D,20190724,000000,584.947,584.947,584.947,584.947,0,0
3541.N,D,20190725,000000,586.5,586.5,586.5,586.5,0,0
3541.N,D,20190726,000000,586.318,586.318,586.318,586.318,0,0
3541.N,D,20190729,000000,587.558,587.558,587.558,587.558,0,0
3541.N,D,20190730,000000,586.187,586.187,586.187,586.187,0,0
3541.N,D,20190731,000000,586.507,586.507,586.507,586.507,0,0
3541.N,D,20190801,000000,586.892,586.892,586.892,586.892,0,0
3541.N,D,20190802,000000,586.863,586.863,586.863,586.863,0,0
3541.N,D,20190805,000000,586.229,586.229,586.229,586.229,0,0
3541.N,D,20190806,000000,586.102,586.102,586.102,586.102,0,0
3541.N,D,20190807,000000,588.066,588.066,588.066,588.066,0,0
3541.N,D,20190808,000000,586.9,586.9,586.9,586.9,0,0
3541.N,D,20190809,000000,587.963,587.963,587.963,587.963,0,0
3541.N,D,20190812,000000,587.27,587.27,587.27,587.27,0,0
3541.N,D,20190813,000000,587.176,587.176,587.176,587.176,0,0
3541.N,D,20190814,000000,587.688,587.688,587.688,587.688,0,0
3541.N,D,20190815,000000,587.123,587.123,587.123,587.123,0,0
3541.N,D,20190816,000000,588.069,588.069,588.069,588.069,0,0
3541.N,D,20190819,000000,587.324,587.324,587.324,587.324,0,0
3541.N,D,20190820,000000,588.735,588.735,588.735,588.735,0,0
3541.N,D,20190821,000000,588.522,588.522,588.522,588.522,0,0
3541.N,D,20190822,000000,588.096,588.096,588.096,588.096,0,0
3541.N,D,20190823,000000,589.071,589.071,589.071,589.071,0,0
3541.N,D,20190826,000000,589.386,589.386,589.386,589.386,0,0
3541.N,D,20190827,000000,590.011,590.011,590.011,590.011,0,0
3541.N,D,20190828,000000,591.18,591.18,591.18,591.18,0,0
3541.N,D,20190829,000000,591.01,591.01,591.01,591.01,0,0
3541.N,D,20190830,000000,590.912,590.912,590.912,590.912,0,0
3541.N,D,20190902,000000,590.289,590.289,590.289,590.289,0,0
3541.N,D,20190903,000000,590.136,590.136,590.136,590.136,0,0
3541.N,D,20190904,000000,588.833,588.833,588.833,588.833,0,0
3541.N,D,20190905,000000,588.502,588.502,588.502,588.502,0,0
3541.N,D,20190906,000000,589.449,589.449,589.449,589.449,0,0
3541.N,D,20190909,000000,588.538,588.538,588.538,588.538,0,0
3541.N,D,20190910,000000,588.193,588.193,588.193,588.193,0,0
3541.N,D,20190911,000000,587.075,587.075,587.075,587.075,0,0
3541.N,D,20190912,000000,590.189,590.189,590.189,590.189,0,0
3541.N,D,20190913,000000,588.043,588.043,588.043,588.043,0,0
3541.N,D,20190916,000000,589.197,589.197,589.197,589.197,0,0
3541.N,D,20190917,000000,588.932,588.932,588.932,588.932,0,0
3541.N,D,20190918,000000,588.769,588.769,588.769,588.769,0,0
3541.N,D,20190919,000000,588.546,588.546,588.546,588.546,0,0
3541.N,D,20190920,000000,588.917,588.917,588.917,588.917,0,0
3541.N,D,20190923,000000,590.35,590.35,590.35,590.35,0,0
3541.N,D,20190924,000000,589.864,589.864,589.864,589.864,0,0
3541.N,D,20190925,000000,589.937,589.937,589.937,589.937,0,0
3541.N,D,20190926,000000,589.631,589.631,589.631,589.631,0,0
3541.N,D,20190927,000000,590.021,590.021,590.021,590.021,0,0
3541.N,D,20190930,000000,590.127,590.127,590.127,590.127,0,0
3541.N,D,20191001,000000,589.782,589.782,589.782,589.782,0,0
3541.N,D,20191002,000000,590.217,590.217,590.217,590.217,0,0
3541.N,D,20191003,000000,590.267,590.267,590.267,590.267,0,0
3541.N,D,20191004,000000,589.904,589.904,589.904,589.904,0,0
3541.N,D,20191007,000000,589.904,589.904,589.904,589.904,0,0
3541.N,D,20191008,000000,590.133,590.133,590.133,590.133,0,0
3541.N,D,20191009,000000,589.414,589.414,589.414,589.414,0,0
3541.N,D,20191010,000000,587.988,587.988,587.988,587.988,0,0
3541.N,D,20191011,000000,587.464,587.464,587.464,587.464,0,0
3541.N,D,20191014,000000,589.032,589.032,589.032,589.032,0,0
3541.N,D,20191015,000000,589.231,589.231,589.231,589.231,0,0
3541.N,D,20191016,000000,588.771,588.771,588.771,588.771,0,0
3541.N,D,20191017,000000,589.087,589.087,589.087,589.087,0,0
3541.N,D,20191018,000000,589.054,589.054,589.054,589.054,0,0
3541.N,D,20191021,000000,588.49,588.49,588.49,588.49,0,0
3541.N,D,20191022,000000,589.766,589.766,589.766,589.766,0,0
3541.N,D,20191023,000000,590.443,590.443,590.443,590.443,0,0
3541.N,D,20191024,000000,589.86,589.86,589.86,589.86,0,0
3541.N,D,20191029,000000,590.193,590.193,590.193,590.193,0,0
3541.N,D,20191030,000000,590.353,590.353,590.353,590.353,0,0
3541.N,D,20191031,000000,591.702,591.702,591.702,591.702,0,0
3541.N,D,20191101,000000,591.418,591.418,591.418,591.418,0,0
3541.N,D,20191104,000000,591.225,591.225,591.225,591.225,0,0
3541.N,D,20191105,000000,589.417,589.417,589.417,589.417,0,0
3541.N,D,20191106,000000,591.686,591.686,591.686,591.686,0,0
3541.N,D,20191107,000000,590.654,590.654,590.654,590.654,0,0
3541.N,D,20191108,000000,589.83,589.83,589.83,589.83,0,0
3541.N,D,20191111,000000,588.572,588.572,588.572,588.572,0,0
3541.N,D,20191112,000000,588.305,588.305,588.305,588.305,0,0
3541.N,D,20191113,000000,589.412,589.412,589.412,589.412,0,0
3541.N,D,20191114,000000,591.103,591.103,591.103,591.103,0,0
3541.N,D,20191115,000000,590.51,590.51,590.51,590.51,0,0
3541.N,D,20191118,000000,590.338,590.338,590.338,590.338,0,0
3541.N,D,20191119,000000,589.963,589.963,589.963,589.963,0,0
3541.N,D,20191120,000000,590.251,590.251,590.251,590.251,0,0
3541.N,D,20191121,000000,588.976,588.976,588.976,588.976,0,0
3541.N,D,20191122,000000,589.963,589.963,589.963,589.963,0,0
3541.N,D,20191125,000000,590.315,590.315,590.315,590.315,0,0
3541.N,D,20191126,000000,591.493,591.493,591.493,591.493,0,0
3541.N,D,20191127,000000,591.394,591.394,591.394,591.394,0,0
3541.N,D,20191128,000000,591.672,591.672,591.672,591.672,0,0
3541.N,D,20191129,000000,591.699,591.699,591.699,591.699,0,0
3541.N,D,20191202,000000,590.185,590.185,590.185,590.185,0,0
3541.N,D,20191203,000000,591.466,591.466,591.466,591.466,0,0
3541.N,D,20191204,000000,591.585,591.585,591.585,591.585,0,0
3541.N,D,20191205,000000,591.281,591.281,591.281,591.281,0,0
3541.N,D,20191206,000000,591.833,591.833,591.833,591.833,0,0
3541.N,D,20191209,000000,593.159,593.159,593.159,593.159,0,0
3541.N,D,20191210,000000,593.279,593.279,593.279,593.279,0,0
3541.N,D,20191211,000000,594.02,594.02,594.02,594.02,0,0
3541.N,D,20191212,000000,594.602,594.602,594.602,594.602,0,0
3541.N,D,20191213,000000,594.488,594.488,594.488,594.488,0,0
3541.N,D,20191216,000000,595.93,595.93,595.93,595.93,0,0
3541.N,D,20191217,000000,596.113,596.113,596.113,596.113,0,0
3541.N,D,20191218,000000,596.198,596.198,596.198,596.198,0,0
3541.N,D,20191219,000000,595.586,595.586,595.586,595.586,0,0
3541.N,D,20191220,000000,596.162,596.162,596.162,596.162,0,0
3541.N,D,20191223,000000,596.597,596.597,596.597,596.597,0,0
3541.N,D,20191227,000000,596.581,596.581,596.581,596.581,0,0
3541.N,D,20191230,000000,594.977,594.977,594.977,594.977,0,0
3541.N,D,20191231,000000,596.045,596.045,596.045,596.045,0,0
3541.N,D,20200102,000000,596.44,596.44,596.44,596.44,0,0
3541.N,D,20200103,000000,598.255,598.255,598.255,598.255,0,0
3541.N,D,20200106,000000,597.889,597.889,597.889,597.889,0,0
3541.N,D,20200107,000000,597.564,597.564,597.564,597.564,0,0
3541.N,D,20200108,000000,596.791,596.791,596.791,596.791,0,0
3541.N,D,20200109,000000,596.123,596.123,596.123,596.123,0,0
3541.N,D,20200110,000000,596.506,596.506,596.506,596.506,0,0
3541.N,D,20200113,000000,596.687,596.687,596.687,596.687,0,0
3541.N,D,20200114,000000,597.085,597.085,597.085,597.085,0,0
3541.N,D,20200115,000000,598.506,598.506,598.506,598.506,0,0
3541.N,D,20200116,000000,598.777,598.777,598.777,598.777,0,0
3541.N,D,20200117,000000,599.307,599.307,599.307,599.307,0,0
3541.N,D,20200120,000000,599.904,599.904,599.904,599.904,0,0
3541.N,D,20200121,000000,600.29,600.29,600.29,600.29,0,0
3541.N,D,20200122,000000,601.051,601.051,601.051,601.051,0,0
3541.N,D,20200123,000000,601.942,601.942,601.942,601.942,0,0
3541.N,D,20200124,000000,602.484,602.484,602.484,602.484,0,0
3541.N,D,20200127,000000,602.93,602.93,602.93,602.93,0,0
3541.N,D,20200128,000000,601.992,601.992,601.992,601.992,0,0
3541.N,D,20200129,000000,603.102,603.102,603.102,603.102,0,0
3541.N,D,20200130,000000,602.937,602.937,602.937,602.937,0,0
3541.N,D,20200131,000000,603.598,603.598,603.598,603.598,0,0
3541.N,D,20200203,000000,603.543,603.543,603.543,603.543,0,0
3541.N,D,20200204,000000,603.4,603.4,603.4,603.4,0,0
3541.N,D,20200205,000000,603.297,603.297,603.297,603.297,0,0
3541.N,D,20200206,000000,604.224,604.224,604.224,604.224,0,0
3541.N,D,20200207,000000,605.072,605.072,605.072,605.072,0,0
3541.N,D,20200210,000000,605.186,605.186,605.186,605.186,0,0
3541.N,D,20200211,000000,605.226,605.226,605.226,605.226,0,0
3541.N,D,20200212,000000,605.15,605.15,605.15,605.15,0,0
3541.N,D,20200213,000000,605.637,605.637,605.637,605.637,0,0
3541.N,D,20200214,000000,606.104,606.104,606.104,606.104,0,0
3541.N,D,20200217,000000,606.175,606.175,606.175,606.175,0,0
3541.N,D,20200218,000000,606.784,606.784,606.784,606.784,0,0
3541.N,D,20200219,000000,606.614,606.614,606.614,606.614,0,0
3541.N,D,20200220,000000,607.827,607.827,607.827,607.827,0,0
3541.N,D,20200221,000000,607.872,607.872,607.872,607.872,0,0
3541.N,D,20200224,000000,607.013,607.013,607.013,607.013,0,0
3541.N,D,20200225,000000,605.769,605.769,605.769,605.769,0,0
3541.N,D,20200226,000000,603.536,603.536,603.536,603.536,0,0
3541.N,D,20200227,000000,604.003,604.003,604.003,604.003,0,0
3541.N,D,20200228,000000,600.453,600.453,600.453,600.453,0,0
3541.N,D,20200302,000000,600.603,600.603,600.603,600.603,0,0
3541.N,D,20200303,000000,600.59,600.59,600.59,600.59,0,0
3541.N,D,20200304,000000,602.422,602.422,602.422,602.422,0,0
3541.N,D,20200305,000000,602.592,602.592,602.592,602.592,0,0
3541.N,D,20200306,000000,600.9877,600.9877,600.9877,600.9877,0,0
3541.N,D,20200309,000000,594.3401,594.3401,594.3401,594.3401,0,0
3541.N,D,20200310,000000,588.3291,588.3291,588.3291,588.3291,0,0
3541.N,D,20200311,000000,587.9791,587.9791,587.9791,587.9791,0,0
3541.N,D,20200312,000000,580.5115,580.5115,580.5115,580.5115,0,0
3541.N,D,20200313,000000,573.1692,573.1692,573.1692,573.1692,0,0
3541.N,D,20200316,000000,565.7926,565.7926,565.7926,565.7926,0,0
3541.N,D,20200317,000000,554.8912,554.8912,554.8912,554.8912,0,0
3541.N,D,20200318,000000,532.7893,532.7893,532.7893,532.7893,0,0
3541.N,D,20200319,000000,526.6531,526.6531,526.6531,526.6531,0,0
3541.N,D,20200320,000000,528.7322,528.7322,528.7322,528.7322,0,0
3541.N,D,20200323,000000,527.3131,527.3131,527.3131,527.3131,0,0
3541.N,D,20200324,000000,525.1637,525.1637,525.1637,525.1637,0,0
3541.N,D,20200325,000000,526.5756,526.5756,526.5756,526.5756,0,0
3541.N,D,20200326,000000,528.6786,528.6786,528.6786,528.6786,0,0
3541.N,D,20200327,000000,546.6224,546.6224,546.6224,546.6224,0,0
3541.N,D,20200330,000000,544.8623,544.8623,544.8623,544.8623,0,0
3541.N,D,20200331,000000,544.6852,544.6852,544.6852,544.6852,0,0
3541.N,D,20200401,000000,549.425,549.425,549.425,549.425,0,0
3541.N,D,20200402,000000,548.4283,548.4283,548.4283,548.4283,0,0
3541.N,D,20200403,000000,548.9007,548.9007,548.9007,548.9007,0,0
3541.N,D,20200406,000000,548.8745,548.8745,548.8745,548.8745,0,0
3541.N,D,20200407,000000,550.3822,550.3822,550.3822,550.3822,0,0
3541.N,D,20200408,000000,552.2166,552.2166,552.2166,552.2166,0,0
3541.N,D,20200409,000000,557.041,557.041,557.041,557.041,0,0
3541.N,D,20200414,000000,562.0943,562.0943,562.0943,562.0943,0,0
3541.N,D,20200415,000000,569.1157,569.1157,569.1157,569.1157,0,0
3541.N,D,20200416,000000,567.9876,567.9876,567.9876,567.9876,0,0
3541.N,D,20200417,000000,568.2292,568.2292,568.2292,568.2292,0,0
3541.N,D,20200420,000000,564.1506,564.1506,564.1506,564.1506,0,0
3541.N,D,20200421,000000,568.1269,568.1269,568.1269,568.1269,0,0
3541.N,D,20200422,000000,562.921,562.921,562.921,562.921,0,0
3541.N,D,20200423,000000,567.8786,567.8786,567.8786,567.8786,0,0
3541.N,D,20200424,000000,569.3997,569.3997,569.3997,569.3997,0,0
3541.N,D,20200427,000000,571.5762,571.5762,571.5762,571.5762,0,0
3541.N,D,20200428,000000,572.4157,572.4157,572.4157,572.4157,0,0
3541.N,D,20200429,000000,573.0025,573.0025,573.0025,573.0025,0,0
3541.N,D,20200430,000000,574.3072,574.3072,574.3072,574.3072,0,0
3541.N,D,20200501,000000,571.7484,571.7484,571.7484,571.7484,0,0
3541.N,D,20200504,000000,573.2805,573.2805,573.2805,573.2805,0,0
3541.N,D,20200505,000000,570.0287,570.0287,570.0287,570.0287,0,0
3541.N,D,20200506,000000,571.8676,571.8676,571.8676,571.8676,0,0
3541.N,D,20200507,000000,571.5418,571.5418,571.5418,571.5418,0,0
3541.N,D,20200508,000000,571.8844,571.8844,571.8844,571.8844,0,0
3541.N,D,20200511,000000,571.1467,571.1467,571.1467,571.1467,0,0
3541.N,D,20200512,000000,568.8174,568.8174,568.8174,568.8174,0,0
3541.N,D,20200513,000000,569.0973,569.0973,569.0973,569.0973,0,0
3541.N,D,20200514,000000,568.0732,568.0732,568.0732,568.0732,0,0
3541.N,D,20200515,000000,568.0732,568.0732,568.0732,568.0732,0,0
3541.N,D,20200518,000000,567.3427,567.3427,567.3427,567.3427,0,0
3541.N,D,20200519,000000,567.4274,567.4274,567.4274,567.4274,0,0
3541.N,D,20200520,000000,569.58,569.58,569.58,569.58,0,0
3541.N,D,20200521,000000,571.84,571.84,571.84,571.84,0,0
3541.N,D,20200522,000000,572.1963,572.1963,572.1963,572.1963,0,0
3541.N,D,20200525,000000,572.3122,572.3122,572.3122,572.3122,0,0
3541.N,D,20200526,000000,573.1124,573.1124,573.1124,573.1124,0,0
3541.N,D,20200527,000000,575.8123,575.8123,575.8123,575.8123,0,0
3541.N,D,20200528,000000,577.1134,577.1134,577.1134,577.1134,0,0
3541.N,D,20200529,000000,578.3455,578.3455,578.3455,578.3455,0,0
3541.N,D,20200601,000000,578.1947,578.1947,578.1947,578.1947,0,0
3541.N,D,20200602,000000,579.5137,579.5137,579.5137,579.5137,0,0
3541.N,D,20200603,000000,581.362,581.362,581.362,581.362,0,0
3541.N,D,20200604,000000,583.6742,583.6742,583.6742,583.6742,0,0
3541.N,D,20200605,000000,586.7565,586.7565,586.7565,586.7565,0,0
3541.N,D,20200608,000000,590.6839,590.6839,590.6839,590.6839,0,0
3541.N,D,20200609,000000,590.1893,590.1893,590.1893,590.1893,0,0
3541.N,D,20200610,000000,588.4095,588.4095,588.4095,588.4095,0,0
3541.N,D,20200611,000000,587.9388,587.9388,587.9388,587.9388,0,0
3541.N,D,20200612,000000,587.1104,587.1104,587.1104,587.1104,0,0
3541.N,D,20200615,000000,586.8373,586.8373,586.8373,586.8373,0,0
3541.N,D,20200616,000000,589.3328,589.3328,589.3328,589.3328,0,0
3541.N,D,20200617,000000,590.1472,590.1472,590.1472,590.1472,0,0
3541.N,D,20200618,000000,589.8237,589.8237,589.8237,589.8237,0,0
3541.N,D,20200619,000000,589.247,589.247,589.247,589.247,0,0
3541.N,D,20200622,000000,589.9872,589.9872,589.9872,589.9872,0,0
3541.N,D,20200623,000000,588.6505,588.6505,588.6505,588.6505,0,0
3541.N,D,20200624,000000,587.9385,587.9385,587.9385,587.9385,0,0
3541.N,D,20200625,000000,589.1717,589.1717,589.1717,589.1717,0,0
3541.N,D,20200626,000000,588.5895,588.5895,588.5895,588.5895,0,0
3541.N,D,20200629,000000,587.815,587.815,587.815,587.815,0,0
3541.N,D,20200630,000000,588.2458,588.2458,588.2458,588.2458,0,0
3541.N,D,20200701,000000,587.011,587.011,587.011,587.011,0,0
3541.N,D,20200702,000000,588.2839,588.2839,588.2839,588.2839,0,0
3541.N,D,20200703,000000,589.7838,589.7838,589.7838,589.7838,0,0
3541.N,D,20200706,000000,590.2703,590.2703,590.2703,590.2703,0,0
3541.N,D,20200707,000000,590.556,590.556,590.556,590.556,0,0
3541.N,D,20200708,000000,591.1175,591.1175,591.1175,591.1175,0,0
3541.N,D,20200709,000000,591.1725,591.1725,591.1725,591.1725,0,0
3541.N,D,20200710,000000,591.9085,591.9085,591.9085,591.9085,0,0
3541.N,D,20200713,000000,590.2957,590.2957,590.2957,590.2957,0,0
3541.N,D,20200714,000000,591.6253,591.6253,591.6253,591.6253,0,0
3541.N,D,20200715,000000,591.9107,591.9107,591.9107,591.9107,0,0
3541.N,D,20200716,000000,593.5219,593.5219,593.5219,593.5219,0,0
3541.N,D,20200717,000000,594.3662,594.3662,594.3662,594.3662,0,0
3541.N,D,20200720,000000,595.19,595.19,595.19,595.19,0,0
3541.N,D,20200721,000000,596.7865,596.7865,596.7865,596.7865,0,0
3541.N,D,20200722,000000,597.9461,597.9461,597.9461,597.9461,0,0
3541.N,D,20200723,000000,598.8421,598.8421,598.8421,598.8421,0,0
3541.N,D,20200724,000000,597.654,597.654,597.654,597.654,0,0
3541.N,D,20200727,000000,599.0226,599.0226,599.0226,599.0226,0,0
3541.N,D,20200728,000000,599.6361,599.6361,599.6361,599.6361,0,0
3541.N,D,20200729,000000,599.4916,599.4916,599.4916,599.4916,0,0
3541.N,D,20200730,000000,600.293,600.293,600.293,600.293,0,0
3541.N,D,20200731,000000,599.8062,599.8062,599.8062,599.8062,0,0
3541.N,D,20200803,000000,598.7828,598.7828,598.7828,598.7828,0,0
3541.N,D,20200804,000000,600.352,600.352,600.352,600.352,0,0
3541.N,D,20200805,000000,599.6453,599.6453,599.6453,599.6453,0,0
3541.N,D,20200806,000000,601.0291,601.0291,601.0291,601.0291,0,0
3541.N,D,20200807,000000,601.2528,601.2528,601.2528,601.2528,0,0
3541.N,D,20200810,000000,602.1068,602.1068,602.1068,602.1068,0,0
3541.N,D,20200811,000000,601.7147,601.7147,601.7147,601.7147,0,0
3541.N,D,20200812,000000,601.47,601.47,601.47,601.47,0,0
3541.N,D,20200813,000000,601.7928,601.7928,601.7928,601.7928,0,0
3541.N,D,20200814,000000,603.1891,603.1891,603.1891,603.1891,0,0
3541.N,D,20200817,000000,601.7113,601.7113,601.7113,601.7113,0,0
3541.N,D,20200818,000000,601.7684,601.7684,601.7684,601.7684,0,0
3541.N,D,20200819,000000,602.5829,602.5829,602.5829,602.5829,0,0
3541.N,D,20200820,000000,603.1984,603.1984,603.1984,603.1984,0,0
3541.N,D,20200821,000000,603.4981,603.4981,603.4981,603.4981,0,0
3541.N,D,20200824,000000,603.3291,603.3291,603.3291,603.3291,0,0
3541.N,D,20200825,000000,601.8622,601.8622,601.8622,601.8622,0,0
3541.N,D,20200826,000000,601.3659,601.3659,601.3659,601.3659,0,0
3541.N,D,20200827,000000,602.4787,602.4787,602.4787,602.4787,0,0
3541.N,D,20200828,000000,601.4963,601.4963,601.4963,601.4963,0,0
3541.N,D,20200831,000000,601.4759,601.4759,601.4759,601.4759,0,0
3541.N,D,20200901,000000,601.8864,601.8864,601.8864,601.8864,0,0
3541.N,D,20200902,000000,603.7952,603.7952,603.7952,603.7952,0,0
3541.N,D,20200903,000000,604.5689,604.5689,604.5689,604.5689,0,0
3541.N,D,20200904,000000,604.1013,604.1013,604.1013,604.1013,0,0
3541.N,D,20200907,000000,604.0734,604.0734,604.0734,604.0734,0,0
3541.N,D,20200908,000000,604.86,604.86,604.86,604.86,0,0
3541.N,D,20200909,000000,603.665,603.665,603.665,603.665,0,0
3541.N,D,20200910,000000,603.0435,603.0435,603.0435,603.0435,0,0
3541.N,D,20200911,000000,604.0456,604.0456,604.0456,604.0456,0,0
3541.N,D,20200914,000000,604.3199,604.3199,604.3199,604.3199,0,0
3541.N,D,20200915,000000,604.0288,604.0288,604.0288,604.0288,0,0
3541.N,D,20200916,000000,605.0105,605.0105,605.0105,605.0105,0,0
3541.N,D,20200917,000000,605.5685,605.5685,605.5685,605.5685,0,0
3541.N,D,20200918,000000,605.5741,605.5741,605.5741,605.5741,0,0
3541.N,D,20200921,000000,605.1558,605.1558,605.1558,605.1558,0,0
3541.N,D,20200922,000000,603.1646,603.1646,603.1646,603.1646,0,0
3541.N,D,20200923,000000,603.1232,603.1232,603.1232,603.1232,0,0
3541.N,D,20200924,000000,602.5226,602.5226,602.5226,602.5226,0,0
3541.N,D,20200925,000000,601.4004,601.4004,601.4004,601.4004,0,0
3541.N,D,20200928,000000,601.3388,601.3388,601.3388,601.3388,0,0
3541.N,D,20200929,000000,602.1688,602.1688,602.1688,602.1688,0,0
3541.N,D,20200930,000000,602.6773,602.6773,602.6773,602.6773,0,0
3541.N,D,20201001,000000,602.8477,602.8477,602.8477,602.8477,0,0
3541.N,D,20201002,000000,604.1971,604.1971,604.1971,604.1971,0,0
3541.N,D,20201005,000000,604.1331,604.1331,604.1331,604.1331,0,0
3541.N,D,20201006,000000,604.7773,604.7773,604.7773,604.7773,0,0
3541.N,D,20201007,000000,605.1807,605.1807,605.1807,605.1807,0,0
3541.N,D,20201008,000000,606.2673,606.2673,606.2673,606.2673,0,0
3541.N,D,20201009,000000,606.7643,606.7643,606.7643,606.7643,0,0
3541.N,D,20201012,000000,607.3406,607.3406,607.3406,607.3406,0,0
3541.N,D,20201013,000000,607.8959,607.8959,607.8959,607.8959,0,0
3541.N,D,20201014,000000,608.4483,608.4483,608.4483,608.4483,0,0
3541.N,D,20201015,000000,608.9764,608.9764,608.9764,608.9764,0,0
3541.N,D,20201016,000000,608.3486,608.3486,608.3486,608.3486,0,0
