<TICKER>,<PER>,<DATE>,<TIME>,<OPEN>,<HIGH>,<LOW>,<CLOSE>,<VOL>,<OPENINT>
3606.N,D,20140522,000000,96.54,96.54,96.54,96.54,0,0
3606.N,D,20140523,000000,96.53,96.53,96.53,96.53,0,0
3606.N,D,20140526,000000,96.58,96.58,96.58,96.58,0,0
3606.N,D,20140527,000000,96.66,96.66,96.66,96.66,0,0
3606.N,D,20140528,000000,97,97,97,97,0,0
3606.N,D,20140529,000000,96.76,96.76,96.76,96.76,0,0
3606.N,D,20140530,000000,97.05,97.05,97.05,97.05,0,0
3606.N,D,20140602,000000,97.41,97.41,97.41,97.41,0,0
3606.N,D,20140603,000000,96.97,96.97,96.97,96.97,0,0
3606.N,D,20140604,000000,97.05,97.05,97.05,97.05,0,0
3606.N,D,20140605,000000,97.2,97.2,97.2,97.2,0,0
3606.N,D,20140606,000000,97.81,97.81,97.81,97.81,0,0
3606.N,D,20140609,000000,97.44,97.44,97.44,97.44,0,0
3606.N,D,20140610,000000,97.52,97.52,97.52,97.52,0,0
3606.N,D,20140611,000000,97.06,97.06,97.06,97.06,0,0
3606.N,D,20140612,000000,97.27,97.27,97.27,97.27,0,0
3606.N,D,20140613,000000,97.04,97.04,97.04,97.04,0,0
3606.N,D,20140616,000000,96.78,96.78,96.78,96.78,0,0
3606.N,D,20140617,000000,96.68,96.68,96.68,96.68,0,0
3606.N,D,20140618,000000,96.81,96.81,96.81,96.81,0,0
3606.N,D,20140619,000000,96.79,96.79,96.79,96.79,0,0
3606.N,D,20140620,000000,96.6,96.6,96.6,96.6,0,0
3606.N,D,20140623,000000,96.57,96.57,96.57,96.57,0,0
3606.N,D,20140624,000000,96.16,96.16,96.16,96.16,0,0
3606.N,D,20140625,000000,96.33,96.33,96.33,96.33,0,0
3606.N,D,20140626,000000,96.22,96.22,96.22,96.22,0,0
3606.N,D,20140627,000000,96.44,96.44,96.44,96.44,0,0
3606.N,D,20140630,000000,96.16,96.16,96.16,96.16,0,0
3606.N,D,20140701,000000,96.61,96.61,96.61,96.61,0,0
3606.N,D,20140702,000000,97.08,97.08,97.08,97.08,0,0
3606.N,D,20140703,000000,96.95,96.95,96.95,96.95,0,0
3606.N,D,20140704,000000,96.88,96.88,96.88,96.88,0,0
3606.N,D,20140707,000000,96.73,96.73,96.73,96.73,0,0
3606.N,D,20140708,000000,96.32,96.32,96.32,96.32,0,0
3606.N,D,20140709,000000,96.37,96.37,96.37,96.37,0,0
3606.N,D,20140710,000000,96.03,96.03,96.03,96.03,0,0
3606.N,D,20140711,000000,95.94,95.94,95.94,95.94,0,0
3606.N,D,20140714,000000,96.06,96.06,96.06,96.06,0,0
3606.N,D,20140715,000000,96.05,96.05,96.05,96.05,0,0
3606.N,D,20140716,000000,96.04,96.04,96.04,96.04,0,0
3606.N,D,20140717,000000,95.92,95.92,95.92,95.92,0,0
3606.N,D,20140718,000000,95.45,95.45,95.45,95.45,0,0
3606.N,D,20140721,000000,95.66,95.66,95.66,95.66,0,0
3606.N,D,20140722,000000,95.8,95.8,95.8,95.8,0,0
3606.N,D,20140723,000000,95.72,95.72,95.72,95.72,0,0
3606.N,D,20140724,000000,95.68,95.68,95.68,95.68,0,0
3606.N,D,20140725,000000,95.77,95.77,95.77,95.77,0,0
3606.N,D,20140728,000000,95.66,95.66,95.66,95.66,0,0
3606.N,D,20140729,000000,96,96,96,96,0,0
3606.N,D,20140730,000000,95.95,95.95,95.95,95.95,0,0
3606.N,D,20140731,000000,95.72,95.72,95.72,95.72,0,0
3606.N,D,20140804,000000,95.79,95.79,95.79,95.79,0,0
3606.N,D,20140805,000000,95.75,95.75,95.75,95.75,0,0
3606.N,D,20140806,000000,95.85,95.85,95.85,95.85,0,0
3606.N,D,20140807,000000,95.83,95.83,95.83,95.83,0,0
3606.N,D,20140808,000000,95.71,95.71,95.71,95.71,0,0
3606.N,D,20140811,000000,95.76,95.76,95.76,95.76,0,0
3606.N,D,20140812,000000,95.63,95.63,95.63,95.63,0,0
3606.N,D,20140813,000000,95.78,95.78,95.78,95.78,0,0
3606.N,D,20140814,000000,96.18,96.18,96.18,96.18,0,0
3606.N,D,20140815,000000,95.95,95.95,95.95,95.95,0,0
3606.N,D,20140818,000000,95.74,95.74,95.74,95.74,0,0
3606.N,D,20140819,000000,95.55,95.55,95.55,95.55,0,0
3606.N,D,20140820,000000,95.51,95.51,95.51,95.51,0,0
3606.N,D,20140821,000000,95.67,95.67,95.67,95.67,0,0
3606.N,D,20140822,000000,95.8,95.8,95.8,95.8,0,0
3606.N,D,20140825,000000,96,96,96,96,0,0
3606.N,D,20140826,000000,95.95,95.95,95.95,95.95,0,0
3606.N,D,20140827,000000,96.14,96.14,96.14,96.14,0,0
3606.N,D,20140828,000000,96.12,96.12,96.12,96.12,0,0
3606.N,D,20140829,000000,95.94,95.94,95.94,95.94,0,0
3606.N,D,20140901,000000,96.06,96.06,96.06,96.06,0,0
3606.N,D,20140902,000000,96.08,96.08,96.08,96.08,0,0
3606.N,D,20140903,000000,95.89,95.89,95.89,95.89,0,0
3606.N,D,20140904,000000,96.52,96.52,96.52,96.52,0,0
3606.N,D,20140905,000000,96.86,96.86,96.86,96.86,0,0
3606.N,D,20140908,000000,96.77,96.77,96.77,96.77,0,0
3606.N,D,20140909,000000,96.78,96.78,96.78,96.78,0,0
3606.N,D,20140910,000000,96.66,96.66,96.66,96.66,0,0
3606.N,D,20140911,000000,97.02,97.02,97.02,97.02,0,0
3606.N,D,20140912,000000,97.13,97.13,97.13,97.13,0,0
3606.N,D,20140915,000000,96.99,96.99,96.99,96.99,0,0
3606.N,D,20140916,000000,97,97,97,97,0,0
3606.N,D,20140917,000000,97.11,97.11,97.11,97.11,0,0
3606.N,D,20140918,000000,97.21,97.21,97.21,97.21,0,0
3606.N,D,20140919,000000,97.19,97.19,97.19,97.19,0,0
3606.N,D,20140922,000000,97.55,97.55,97.55,97.55,0,0
3606.N,D,20140923,000000,97.44,97.44,97.44,97.44,0,0
3606.N,D,20140924,000000,97.45,97.45,97.45,97.45,0,0
3606.N,D,20140925,000000,97.76,97.76,97.76,97.76,0,0
3606.N,D,20140926,000000,97.97,97.97,97.97,97.97,0,0
3606.N,D,20140929,000000,98.07,98.07,98.07,98.07,0,0
3606.N,D,20140930,000000,98.05,98.05,98.05,98.05,0,0
3606.N,D,20141003,000000,98.44,98.44,98.44,98.44,0,0
3606.N,D,20141006,000000,98.2,98.2,98.2,98.2,0,0
3606.N,D,20141007,000000,98.32,98.32,98.32,98.32,0,0
3606.N,D,20141008,000000,98.64,98.64,98.64,98.64,0,0
3606.N,D,20141009,000000,98.4,98.4,98.4,98.4,0,0
3606.N,D,20141010,000000,98.71,98.71,98.71,98.71,0,0
3606.N,D,20141013,000000,98.22,98.22,98.22,98.22,0,0
3606.N,D,20141014,000000,98.31,98.31,98.31,98.31,0,0
3606.N,D,20141015,000000,97.82,97.82,97.82,97.82,0,0
3606.N,D,20141016,000000,97.37,97.37,97.37,97.37,0,0
3606.N,D,20141017,000000,97.25,97.25,97.25,97.25,0,0
3606.N,D,20141020,000000,97.62,97.62,97.62,97.62,0,0
3606.N,D,20141021,000000,97.68,97.68,97.68,97.68,0,0
3606.N,D,20141022,000000,97.5,97.5,97.5,97.5,0,0
3606.N,D,20141023,000000,97.7,97.7,97.7,97.7,0,0
3606.N,D,20141024,000000,97.79,97.79,97.79,97.79,0,0
3606.N,D,20141027,000000,97.77,97.77,97.77,97.77,0,0
3606.N,D,20141028,000000,97.72,97.72,97.72,97.72,0,0
3606.N,D,20141029,000000,97.3,97.3,97.3,97.3,0,0
3606.N,D,20141030,000000,97.64,97.64,97.64,97.64,0,0
3606.N,D,20141031,000000,97.78,97.78,97.78,97.78,0,0
3606.N,D,20141103,000000,97.7,97.7,97.7,97.7,0,0
3606.N,D,20141104,000000,97.63,97.63,97.63,97.63,0,0
3606.N,D,20141105,000000,97.41,97.41,97.41,97.41,0,0
3606.N,D,20141106,000000,97.13,97.13,97.13,97.13,0,0
3606.N,D,20141107,000000,97.13,97.13,97.13,97.13,0,0
3606.N,D,20141110,000000,97.61,97.61,97.61,97.61,0,0
3606.N,D,20141111,000000,97.41,97.41,97.41,97.41,0,0
3606.N,D,20141112,000000,97.52,97.52,97.52,97.52,0,0
3606.N,D,20141113,000000,97.7,97.7,97.7,97.7,0,0
3606.N,D,20141114,000000,96.88,96.88,96.88,96.88,0,0
3606.N,D,20141117,000000,96.96,96.96,96.96,96.96,0,0
3606.N,D,20141118,000000,96.98,96.98,96.98,96.98,0,0
3606.N,D,20141119,000000,97,97,97,97,0,0
3606.N,D,20141120,000000,97.27,97.27,97.27,97.27,0,0
3606.N,D,20141121,000000,96.98,96.98,96.98,96.98,0,0
3606.N,D,20141124,000000,96.98,96.98,96.98,96.98,0,0
3606.N,D,20141125,000000,97.13,97.13,97.13,97.13,0,0
3606.N,D,20141126,000000,97.33,97.33,97.33,97.33,0,0
3606.N,D,20141127,000000,97.77,97.77,97.77,97.77,0,0
3606.N,D,20141128,000000,98.29,98.29,98.29,98.29,0,0
3606.N,D,20141201,000000,97.99,97.99,97.99,97.99,0,0
3606.N,D,20141202,000000,97.83,97.83,97.83,97.83,0,0
3606.N,D,20141203,000000,97.84,97.84,97.84,97.84,0,0
3606.N,D,20141204,000000,98.18,98.18,98.18,98.18,0,0
3606.N,D,20141205,000000,98.21,98.21,98.21,98.21,0,0
3606.N,D,20141208,000000,98.63,98.63,98.63,98.63,0,0
3606.N,D,20141209,000000,98.22,98.22,98.22,98.22,0,0
3606.N,D,20141210,000000,98.61,98.61,98.61,98.61,0,0
3606.N,D,20141211,000000,98.49,98.49,98.49,98.49,0,0
3606.N,D,20141212,000000,98.96,98.96,98.96,98.96,0,0
3606.N,D,20141215,000000,98.67,98.67,98.67,98.67,0,0
3606.N,D,20141216,000000,97.81,97.81,97.81,97.81,0,0
3606.N,D,20141217,000000,97.44,97.44,97.44,97.44,0,0
3606.N,D,20141218,000000,97.92,97.92,97.92,97.92,0,0
3606.N,D,20141219,000000,97.81,97.81,97.81,97.81,0,0
3606.N,D,20141222,000000,97.79,97.79,97.79,97.79,0,0
3606.N,D,20141223,000000,97.56,97.56,97.56,97.56,0,0
3606.N,D,20141229,000000,97.67,97.67,97.67,97.67,0,0
3606.N,D,20141230,000000,97.8,97.8,97.8,97.8,0,0
3606.N,D,20141231,000000,98,98,98,98,0,0
3606.N,D,20150102,000000,97.7,97.7,97.7,97.7,0,0
3606.N,D,20150105,000000,98.27,98.27,98.27,98.27,0,0
3606.N,D,20150106,000000,98.43,98.43,98.43,98.43,0,0
3606.N,D,20150107,000000,98.66,98.66,98.66,98.66,0,0
3606.N,D,20150108,000000,99.17,99.17,99.17,99.17,0,0
3606.N,D,20150109,000000,99.59,99.59,99.59,99.59,0,0
3606.N,D,20150112,000000,99.76,99.76,99.76,99.76,0,0
3606.N,D,20150113,000000,99.8,99.8,99.8,99.8,0,0
3606.N,D,20150114,000000,99.99,99.99,99.99,99.99,0,0
3606.N,D,20150115,000000,100.7,100.7,100.7,100.7,0,0
3606.N,D,20150116,000000,101.57,101.57,101.57,101.57,0,0
3606.N,D,20150119,000000,101.14,101.14,101.14,101.14,0,0
3606.N,D,20150120,000000,101.24,101.24,101.24,101.24,0,0
3606.N,D,20150121,000000,100.91,100.91,100.91,100.91,0,0
3606.N,D,20150122,000000,101.17,101.17,101.17,101.17,0,0
3606.N,D,20150123,000000,101.6,101.6,101.6,101.6,0,0
3606.N,D,20150126,000000,101.76,101.76,101.76,101.76,0,0
3606.N,D,20150127,000000,101.4,101.4,101.4,101.4,0,0
3606.N,D,20150128,000000,100.99,100.99,100.99,100.99,0,0
3606.N,D,20150129,000000,100.7,100.7,100.7,100.7,0,0
3606.N,D,20150130,000000,101.38,101.38,101.38,101.38,0,0
3606.N,D,20150202,000000,101.08,101.08,101.08,101.08,0,0
3606.N,D,20150203,000000,100.6,100.6,100.6,100.6,0,0
3606.N,D,20150204,000000,101.14,101.14,101.14,101.14,0,0
3606.N,D,20150205,000000,100.94,100.94,100.94,100.94,0,0
3606.N,D,20150206,000000,100.97,100.97,100.97,100.97,0,0
3606.N,D,20150209,000000,100.84,100.84,100.84,100.84,0,0
3606.N,D,20150210,000000,101.1,101.1,101.1,101.1,0,0
3606.N,D,20150211,000000,101.32,101.32,101.32,101.32,0,0
3606.N,D,20150212,000000,101.54,101.54,101.54,101.54,0,0
3606.N,D,20150213,000000,101.37,101.37,101.37,101.37,0,0
3606.N,D,20150216,000000,101.48,101.48,101.48,101.48,0,0
3606.N,D,20150217,000000,101.11,101.11,101.11,101.11,0,0
3606.N,D,20150218,000000,101.66,101.66,101.66,101.66,0,0
3606.N,D,20150219,000000,101.61,101.61,101.61,101.61,0,0
3606.N,D,20150220,000000,101.74,101.74,101.74,101.74,0,0
3606.N,D,20150223,000000,101.55,101.55,101.55,101.55,0,0
3606.N,D,20150224,000000,101.86,101.86,101.86,101.86,0,0
3606.N,D,20150225,000000,102.16,102.16,102.16,102.16,0,0
3606.N,D,20150226,000000,102.04,102.04,102.04,102.04,0,0
3606.N,D,20150227,000000,102.35,102.35,102.35,102.35,0,0
3606.N,D,20150302,000000,101.94,101.94,101.94,101.94,0,0
3606.N,D,20150303,000000,101.9,101.9,101.9,101.9,0,0
3606.N,D,20150304,000000,102.75,102.75,102.75,102.75,0,0
3606.N,D,20150305,000000,103.45,103.45,103.45,103.45,0,0
3606.N,D,20150306,000000,103.62,103.62,103.62,103.62,0,0
3606.N,D,20150309,000000,103.57,103.57,103.57,103.57,0,0
3606.N,D,20150310,000000,103.62,103.62,103.62,103.62,0,0
3606.N,D,20150311,000000,103.56,103.56,103.56,103.56,0,0
3606.N,D,20150312,000000,103.62,103.62,103.62,103.62,0,0
3606.N,D,20150313,000000,103.75,103.75,103.75,103.75,0,0
3606.N,D,20150316,000000,104.12,104.12,104.12,104.12,0,0
3606.N,D,20150317,000000,103.37,103.37,103.37,103.37,0,0
3606.N,D,20150318,000000,102.91,102.91,102.91,102.91,0,0
3606.N,D,20150319,000000,103.13,103.13,103.13,103.13,0,0
3606.N,D,20150320,000000,103.03,103.03,103.03,103.03,0,0
3606.N,D,20150323,000000,103.6,103.6,103.6,103.6,0,0
3606.N,D,20150324,000000,103.6,103.6,103.6,103.6,0,0
3606.N,D,20150325,000000,103.72,103.72,103.72,103.72,0,0
3606.N,D,20150326,000000,103.41,103.41,103.41,103.41,0,0
3606.N,D,20150327,000000,103.49,103.49,103.49,103.49,0,0
3606.N,D,20150330,000000,103.27,103.27,103.27,103.27,0,0
3606.N,D,20150331,000000,103.26,103.26,103.26,103.26,0,0
3606.N,D,20150401,000000,103,103,103,103,0,0
3606.N,D,20150402,000000,103.23,103.23,103.23,103.23,0,0
3606.N,D,20150407,000000,103.17,103.17,103.17,103.17,0,0
3606.N,D,20150408,000000,103.27,103.27,103.27,103.27,0,0
3606.N,D,20150409,000000,103.27,103.27,103.27,103.27,0,0
3606.N,D,20150410,000000,103.07,103.07,103.07,103.07,0,0
3606.N,D,20150413,000000,103.3,103.3,103.3,103.3,0,0
3606.N,D,20150414,000000,103.12,103.12,103.12,103.12,0,0
3606.N,D,20150415,000000,103.12,103.12,103.12,103.12,0,0
3606.N,D,20150416,000000,102.85,102.85,102.85,102.85,0,0
3606.N,D,20150417,000000,102.61,102.61,102.61,102.61,0,0
3606.N,D,20150420,000000,102.7,102.7,102.7,102.7,0,0
3606.N,D,20150421,000000,102.39,102.39,102.39,102.39,0,0
3606.N,D,20150422,000000,103,103,103,103,0,0
3606.N,D,20150423,000000,102.47,102.47,102.47,102.47,0,0
3606.N,D,20150424,000000,102.22,102.22,102.22,102.22,0,0
3606.N,D,20150427,000000,102.09,102.09,102.09,102.09,0,0
3606.N,D,20150428,000000,102.14,102.14,102.14,102.14,0,0
3606.N,D,20150429,000000,101.96,101.96,101.96,101.96,0,0
3606.N,D,20150430,000000,102.03,102.03,102.03,102.03,0,0
3606.N,D,20150501,000000,102.34,102.34,102.34,102.34,0,0
3606.N,D,20150504,000000,101.93,101.93,101.93,101.93,0,0
3606.N,D,20150505,000000,102.01,102.01,102.01,102.01,0,0
3606.N,D,20150506,000000,102.3,102.3,102.3,102.3,0,0
3606.N,D,20150507,000000,102.68,102.68,102.68,102.68,0,0
3606.N,D,20150508,000000,102.59,102.59,102.59,102.59,0,0
3606.N,D,20150511,000000,102.62,102.62,102.62,102.62,0,0
3606.N,D,20150512,000000,102.32,102.32,102.32,102.32,0,0
3606.N,D,20150513,000000,102.83,102.83,102.83,102.83,0,0
3606.N,D,20150514,000000,102.49,102.49,102.49,102.49,0,0
3606.N,D,20150515,000000,103.15,103.15,103.15,103.15,0,0
3606.N,D,20150518,000000,103.11,103.11,103.11,103.11,0,0
3606.N,D,20150519,000000,103.28,103.28,103.28,103.28,0,0
3606.N,D,20150520,000000,103.86,103.86,103.86,103.86,0,0
3606.N,D,20150521,000000,103.53,103.53,103.53,103.53,0,0
3606.N,D,20150522,000000,103.59,103.59,103.59,103.59,0,0
3606.N,D,20150525,000000,103.37,103.37,103.37,103.37,0,0
3606.N,D,20150526,000000,103.49,103.49,103.49,103.49,0,0
3606.N,D,20150527,000000,103.78,103.78,103.78,103.78,0,0
3606.N,D,20150528,000000,103.83,103.83,103.83,103.83,0,0
3606.N,D,20150529,000000,103.94,103.94,103.94,103.94,0,0
3606.N,D,20150601,000000,103.85,103.85,103.85,103.85,0,0
3606.N,D,20150602,000000,104.09,104.09,104.09,104.09,0,0
3606.N,D,20150603,000000,103.94,103.94,103.94,103.94,0,0
3606.N,D,20150604,000000,104.24,104.24,104.24,104.24,0,0
3606.N,D,20150605,000000,104.02,104.02,104.02,104.02,0,0
3606.N,D,20150608,000000,103.98,103.98,103.98,103.98,0,0
3606.N,D,20150609,000000,104.17,104.17,104.17,104.17,0,0
3606.N,D,20150610,000000,104.51,104.51,104.51,104.51,0,0
3606.N,D,20150611,000000,104.46,104.46,104.46,104.46,0,0
3606.N,D,20150612,000000,104.43,104.43,104.43,104.43,0,0
3606.N,D,20150615,000000,104.03,104.03,104.03,104.03,0,0
3606.N,D,20150616,000000,104.16,104.16,104.16,104.16,0,0
3606.N,D,20150617,000000,104.07,104.07,104.07,104.07,0,0
3606.N,D,20150618,000000,104.03,104.03,104.03,104.03,0,0
3606.N,D,20150619,000000,104.25,104.25,104.25,104.25,0,0
3606.N,D,20150622,000000,103.89,103.89,103.89,103.89,0,0
3606.N,D,20150623,000000,104.26,104.26,104.26,104.26,0,0
3606.N,D,20150624,000000,104.03,104.03,104.03,104.03,0,0
3606.N,D,20150625,000000,104.32,104.32,104.32,104.32,0,0
3606.N,D,20150626,000000,104.07,104.07,104.07,104.07,0,0
3606.N,D,20150629,000000,103.74,103.74,103.74,103.74,0,0
3606.N,D,20150630,000000,103.88,103.88,103.88,103.88,0,0
3606.N,D,20150701,000000,104.19,104.19,104.19,104.19,0,0
3606.N,D,20150702,000000,103.8,103.8,103.8,103.8,0,0
3606.N,D,20150703,000000,104.03,104.03,104.03,104.03,0,0
3606.N,D,20150706,000000,103.94,103.94,103.94,103.94,0,0
3606.N,D,20150707,000000,104,104,104,104,0,0
3606.N,D,20150708,000000,104.04,104.04,104.04,104.04,0,0
3606.N,D,20150709,000000,104.48,104.48,104.48,104.48,0,0
3606.N,D,20150710,000000,104.69,104.69,104.69,104.69,0,0
3606.N,D,20150713,000000,104.97,104.97,104.97,104.97,0,0
3606.N,D,20150714,000000,104.85,104.85,104.85,104.85,0,0
3606.N,D,20150715,000000,105.34,105.34,105.34,105.34,0,0
3606.N,D,20150716,000000,104.99,104.99,104.99,104.99,0,0
3606.N,D,20150717,000000,105.27,105.27,105.27,105.27,0,0
3606.N,D,20150720,000000,105.18,105.18,105.18,105.18,0,0
3606.N,D,20150721,000000,105.13,105.13,105.13,105.13,0,0
3606.N,D,20150722,000000,105.44,105.44,105.44,105.44,0,0
3606.N,D,20150723,000000,105.27,105.27,105.27,105.27,0,0
3606.N,D,20150724,000000,106.23,106.23,106.23,106.23,0,0
3606.N,D,20150727,000000,105.76,105.76,105.76,105.76,0,0
3606.N,D,20150728,000000,106.06,106.06,106.06,106.06,0,0
3606.N,D,20150729,000000,106.07,106.07,106.07,106.07,0,0
3606.N,D,20150730,000000,105.51,105.51,105.51,105.51,0,0
3606.N,D,20150731,000000,105.67,105.67,105.67,105.67,0,0
3606.N,D,20150803,000000,105.57,105.57,105.57,105.57,0,0
3606.N,D,20150804,000000,105.56,105.56,105.56,105.56,0,0
3606.N,D,20150805,000000,105.07,105.07,105.07,105.07,0,0
3606.N,D,20150806,000000,105.12,105.12,105.12,105.12,0,0
3606.N,D,20150807,000000,104.81,104.81,104.81,104.81,0,0
3606.N,D,20150810,000000,104.88,104.88,104.88,104.88,0,0
3606.N,D,20150811,000000,105.11,105.11,105.11,105.11,0,0
3606.N,D,20150812,000000,104.74,104.74,104.74,104.74,0,0
3606.N,D,20150813,000000,105.37,105.37,105.37,105.37,0,0
3606.N,D,20150814,000000,105.72,105.72,105.72,105.72,0,0
3606.N,D,20150817,000000,105.7,105.7,105.7,105.7,0,0
3606.N,D,20150818,000000,105.85,105.85,105.85,105.85,0,0
3606.N,D,20150819,000000,106.09,106.09,106.09,106.09,0,0
3606.N,D,20150820,000000,106.2,106.2,106.2,106.2,0,0
3606.N,D,20150821,000000,106,106,106,106,0,0
3606.N,D,20150824,000000,106.09,106.09,106.09,106.09,0,0
3606.N,D,20150825,000000,106.38,106.38,106.38,106.38,0,0
3606.N,D,20150826,000000,106.06,106.06,106.06,106.06,0,0
3606.N,D,20150827,000000,106.08,106.08,106.08,106.08,0,0
3606.N,D,20150828,000000,105.79,105.79,105.79,105.79,0,0
3606.N,D,20150831,000000,105.84,105.84,105.84,105.84,0,0
3606.N,D,20150901,000000,106.07,106.07,106.07,106.07,0,0
3606.N,D,20150902,000000,105.94,105.94,105.94,105.94,0,0
3606.N,D,20150903,000000,105.8,105.8,105.8,105.8,0,0
3606.N,D,20150904,000000,105.72,105.72,105.72,105.72,0,0
3606.N,D,20150907,000000,105.77,105.77,105.77,105.77,0,0
3606.N,D,20150908,000000,105.85,105.85,105.85,105.85,0,0
3606.N,D,20150909,000000,105.76,105.76,105.76,105.76,0,0
3606.N,D,20150910,000000,106.1,106.1,106.1,106.1,0,0
3606.N,D,20150911,000000,105.92,105.92,105.92,105.92,0,0
3606.N,D,20150914,000000,105.94,105.94,105.94,105.94,0,0
3606.N,D,20150915,000000,105.92,105.92,105.92,105.92,0,0
3606.N,D,20150916,000000,105.76,105.76,105.76,105.76,0,0
3606.N,D,20150917,000000,105.61,105.61,105.61,105.61,0,0
3606.N,D,20150918,000000,106.16,106.16,106.16,106.16,0,0
3606.N,D,20150921,000000,106.01,106.01,106.01,106.01,0,0
3606.N,D,20150922,000000,105.73,105.73,105.73,105.73,0,0
3606.N,D,20150923,000000,106.56,106.56,106.56,106.56,0,0
3606.N,D,20150924,000000,106.54,106.54,106.54,106.54,0,0
3606.N,D,20150925,000000,106.43,106.43,106.43,106.43,0,0
3606.N,D,20150928,000000,106.43,106.43,106.43,106.43,0,0
3606.N,D,20150929,000000,105.64,105.64,105.64,105.64,0,0
3606.N,D,20150930,000000,105.4,105.4,105.4,105.4,0,0
3606.N,D,20151001,000000,105.72,105.72,105.72,105.72,0,0
3606.N,D,20151002,000000,105.81,105.81,105.81,105.81,0,0
3606.N,D,20151005,000000,105.39,105.39,105.39,105.39,0,0
3606.N,D,20151006,000000,105.46,105.46,105.46,105.46,0,0
3606.N,D,20151007,000000,104.85,104.85,104.85,104.85,0,0
3606.N,D,20151008,000000,104.56,104.56,104.56,104.56,0,0
3606.N,D,20151009,000000,103.78,103.78,103.78,103.78,0,0
3606.N,D,20151012,000000,104.02,104.02,104.02,104.02,0,0
3606.N,D,20151013,000000,104.46,104.46,104.46,104.46,0,0
3606.N,D,20151014,000000,104.04,104.04,104.04,104.04,0,0
3606.N,D,20151015,000000,104.21,104.21,104.21,104.21,0,0
3606.N,D,20151016,000000,104.41,104.41,104.41,104.41,0,0
3606.N,D,20151019,000000,104.44,104.44,104.44,104.44,0,0
3606.N,D,20151020,000000,104.45,104.45,104.45,104.45,0,0
3606.N,D,20151021,000000,104.53,104.53,104.53,104.53,0,0
3606.N,D,20151022,000000,104.34,104.34,104.34,104.34,0,0
3606.N,D,20151023,000000,104.52,104.52,104.52,104.52,0,0
3606.N,D,20151026,000000,104.32,104.32,104.32,104.32,0,0
3606.N,D,20151027,000000,104.32,104.32,104.32,104.32,0,0
3606.N,D,20151028,000000,104.91,104.91,104.91,104.91,0,0
3606.N,D,20151029,000000,105.01,105.01,105.01,105.01,0,0
3606.N,D,20151030,000000,105.13,105.13,105.13,105.13,0,0
3606.N,D,20151102,000000,105.16,105.16,105.16,105.16,0,0
3606.N,D,20151103,000000,104.87,104.87,104.87,104.87,0,0
3606.N,D,20151104,000000,105.02,105.02,105.02,105.02,0,0
3606.N,D,20151105,000000,104.57,104.57,104.57,104.57,0,0
3606.N,D,20151106,000000,104.87,104.87,104.87,104.87,0,0
3606.N,D,20151109,000000,104.64,104.64,104.64,104.64,0,0
3606.N,D,20151110,000000,104.65,104.65,104.65,104.65,0,0
3606.N,D,20151111,000000,104.89,104.89,104.89,104.89,0,0
3606.N,D,20151112,000000,104.89,104.89,104.89,104.89,0,0
3606.N,D,20151113,000000,104.73,104.73,104.73,104.73,0,0
3606.N,D,20151116,000000,104.96,104.96,104.96,104.96,0,0
3606.N,D,20151117,000000,104.66,104.66,104.66,104.66,0,0
3606.N,D,20151118,000000,104.53,104.53,104.53,104.53,0,0
3606.N,D,20151119,000000,104.39,104.39,104.39,104.39,0,0
3606.N,D,20151120,000000,104.34,104.34,104.34,104.34,0,0
3606.N,D,20151123,000000,104.45,104.45,104.45,104.45,0,0
3606.N,D,20151124,000000,104.42,104.42,104.42,104.42,0,0
3606.N,D,20151125,000000,104.67,104.67,104.67,104.67,0,0
3606.N,D,20151126,000000,104.49,104.49,104.49,104.49,0,0
3606.N,D,20151127,000000,104.65,104.65,104.65,104.65,0,0
3606.N,D,20151130,000000,104.72,104.72,104.72,104.72,0,0
3606.N,D,20151201,000000,104.74,104.74,104.74,104.74,0,0
3606.N,D,20151202,000000,104.82,104.82,104.82,104.82,0,0
3606.N,D,20151203,000000,104.61,104.61,104.61,104.61,0,0
3606.N,D,20151204,000000,104.73,104.73,104.73,104.73,0,0
3606.N,D,20151207,000000,104.52,104.52,104.52,104.52,0,0
3606.N,D,20151208,000000,104.64,104.64,104.64,104.64,0,0
3606.N,D,20151209,000000,104.45,104.45,104.45,104.45,0,0
3606.N,D,20151210,000000,104.61,104.61,104.61,104.61,0,0
3606.N,D,20151211,000000,104.63,104.63,104.63,104.63,0,0
3606.N,D,20151214,000000,104.45,104.45,104.45,104.45,0,0
3606.N,D,20151215,000000,104.69,104.69,104.69,104.69,0,0
3606.N,D,20151216,000000,104.65,104.65,104.65,104.65,0,0
3606.N,D,20151217,000000,104.9,104.9,104.9,104.9,0,0
3606.N,D,20151218,000000,104.88,104.88,104.88,104.88,0,0
3606.N,D,20151221,000000,104.75,104.75,104.75,104.75,0,0
3606.N,D,20151222,000000,105.24,105.24,105.24,105.24,0,0
3606.N,D,20151223,000000,105.44,105.44,105.44,105.44,0,0
3606.N,D,20151228,000000,105.43,105.43,105.43,105.43,0,0
3606.N,D,20151229,000000,105.88,105.88,105.88,105.88,0,0
3606.N,D,20151230,000000,105.8,105.8,105.8,105.8,0,0
3606.N,D,20151231,000000,105.8,105.8,105.8,105.8,0,0
3606.N,D,20160104,000000,105.68,105.68,105.68,105.68,0,0
3606.N,D,20160105,000000,105.66,105.66,105.66,105.66,0,0
3606.N,D,20160106,000000,105.58,105.58,105.58,105.58,0,0
3606.N,D,20160107,000000,105.26,105.26,105.26,105.26,0,0
3606.N,D,20160108,000000,105.39,105.39,105.39,105.39,0,0
3606.N,D,20160111,000000,105.22,105.22,105.22,105.22,0,0
3606.N,D,20160112,000000,105.31,105.31,105.31,105.31,0,0
3606.N,D,20160113,000000,105.28,105.28,105.28,105.28,0,0
3606.N,D,20160114,000000,104.86,104.86,104.86,104.86,0,0
3606.N,D,20160115,000000,105.16,105.16,105.16,105.16,0,0
3606.N,D,20160118,000000,104.83,104.83,104.83,104.83,0,0
3606.N,D,20160119,000000,104.96,104.96,104.96,104.96,0,0
3606.N,D,20160120,000000,105.05,105.05,105.05,105.05,0,0
3606.N,D,20160121,000000,104.63,104.63,104.63,104.63,0,0
3606.N,D,20160122,000000,104.91,104.91,104.91,104.91,0,0
3606.N,D,20160125,000000,105.07,105.07,105.07,105.07,0,0
3606.N,D,20160126,000000,104.78,104.78,104.78,104.78,0,0
3606.N,D,20160127,000000,104.99,104.99,104.99,104.99,0,0
3606.N,D,20160128,000000,104.7,104.7,104.7,104.7,0,0
3606.N,D,20160129,000000,105.11,105.11,105.11,105.11,0,0
3606.N,D,20160201,000000,104.96,104.96,104.96,104.96,0,0
3606.N,D,20160202,000000,104.99,104.99,104.99,104.99,0,0
3606.N,D,20160203,000000,104.89,104.89,104.89,104.89,0,0
3606.N,D,20160204,000000,104.43,104.43,104.43,104.43,0,0
3606.N,D,20160205,000000,103.82,103.82,103.82,103.82,0,0
3606.N,D,20160208,000000,103.96,103.96,103.96,103.96,0,0
3606.N,D,20160209,000000,104.18,104.18,104.18,104.18,0,0
3606.N,D,20160210,000000,104.25,104.25,104.25,104.25,0,0
3606.N,D,20160211,000000,104.39,104.39,104.39,104.39,0,0
3606.N,D,20160212,000000,103.99,103.99,103.99,103.99,0,0
3606.N,D,20160215,000000,104.09,104.09,104.09,104.09,0,0
3606.N,D,20160216,000000,104.29,104.29,104.29,104.29,0,0
3606.N,D,20160217,000000,104.53,104.53,104.53,104.53,0,0
3606.N,D,20160218,000000,104.6,104.6,104.6,104.6,0,0
3606.N,D,20160219,000000,104.37,104.37,104.37,104.37,0,0
3606.N,D,20160222,000000,104.45,104.45,104.45,104.45,0,0
3606.N,D,20160223,000000,104.78,104.78,104.78,104.78,0,0
3606.N,D,20160224,000000,105,105,105,105,0,0
3606.N,D,20160225,000000,105.13,105.13,105.13,105.13,0,0
3606.N,D,20160226,000000,104.9,104.9,104.9,104.9,0,0
3606.N,D,20160229,000000,104.79,104.79,104.79,104.79,0,0
3606.N,D,20160301,000000,104.91,104.91,104.91,104.91,0,0
3606.N,D,20160302,000000,104.68,104.68,104.68,104.68,0,0
3606.N,D,20160303,000000,104.17,104.17,104.17,104.17,0,0
3606.N,D,20160304,000000,104.59,104.59,104.59,104.59,0,0
3606.N,D,20160307,000000,104.43,104.43,104.43,104.43,0,0
3606.N,D,20160308,000000,103.64,103.64,103.64,103.64,0,0
3606.N,D,20160309,000000,103.85,103.85,103.85,103.85,0,0
3606.N,D,20160310,000000,103.52,103.52,103.52,103.52,0,0
3606.N,D,20160311,000000,103.8,103.8,103.8,103.8,0,0
3606.N,D,20160314,000000,103.8,103.8,103.8,103.8,0,0
3606.N,D,20160315,000000,103.94,103.94,103.94,103.94,0,0
3606.N,D,20160316,000000,104.34,104.34,104.34,104.34,0,0
3606.N,D,20160317,000000,104.34,104.34,104.34,104.34,0,0
3606.N,D,20160318,000000,104.21,104.21,104.21,104.21,0,0
3606.N,D,20160321,000000,103.85,103.85,103.85,103.85,0,0
3606.N,D,20160322,000000,104.28,104.28,104.28,104.28,0,0
3606.N,D,20160323,000000,104.23,104.23,104.23,104.23,0,0
3606.N,D,20160324,000000,104.15,104.15,104.15,104.15,0,0
3606.N,D,20160329,000000,104.22,104.22,104.22,104.22,0,0
3606.N,D,20160330,000000,104.2,104.2,104.2,104.2,0,0
3606.N,D,20160331,000000,104.69,104.69,104.69,104.69,0,0
3606.N,D,20160401,000000,104.89,104.89,104.89,104.89,0,0
3606.N,D,20160404,000000,104.49,104.49,104.49,104.49,0,0
3606.N,D,20160405,000000,104.86,104.86,104.86,104.86,0,0
3606.N,D,20160406,000000,104.85,104.85,104.85,104.85,0,0
3606.N,D,20160407,000000,104.85,104.85,104.85,104.85,0,0
3606.N,D,20160408,000000,104.53,104.53,104.53,104.53,0,0
3606.N,D,20160411,000000,104.3,104.3,104.3,104.3,0,0
3606.N,D,20160412,000000,104.5,104.5,104.5,104.5,0,0
3606.N,D,20160413,000000,104.6,104.6,104.6,104.6,0,0
3606.N,D,20160414,000000,104.8,104.8,104.8,104.8,0,0
3606.N,D,20160415,000000,104.77,104.77,104.77,104.77,0,0
3606.N,D,20160418,000000,104.74,104.74,104.74,104.74,0,0
3606.N,D,20160419,000000,104.69,104.69,104.69,104.69,0,0
3606.N,D,20160420,000000,104.46,104.46,104.46,104.46,0,0
3606.N,D,20160421,000000,104.27,104.27,104.27,104.27,0,0
3606.N,D,20160422,000000,104.35,104.35,104.35,104.35,0,0
3606.N,D,20160425,000000,104.42,104.42,104.42,104.42,0,0
3606.N,D,20160426,000000,104.26,104.26,104.26,104.26,0,0
3606.N,D,20160427,000000,104.15,104.15,104.15,104.15,0,0
3606.N,D,20160428,000000,104.49,104.49,104.49,104.49,0,0
3606.N,D,20160429,000000,104.503,104.503,104.503,104.503,0,0
3606.N,D,20160502,000000,104.2153,104.2153,104.2153,104.2153,0,0
3606.N,D,20160503,000000,104.5227,104.5227,104.5227,104.5227,0,0
3606.N,D,20160504,000000,104.3948,104.3948,104.3948,104.3948,0,0
3606.N,D,20160505,000000,103.984,103.984,103.984,103.984,0,0
3606.N,D,20160506,000000,103.8884,103.8884,103.8884,103.8884,0,0
3606.N,D,20160509,000000,103.5743,103.5743,103.5743,103.5743,0,0
3606.N,D,20160510,000000,103.5335,103.5335,103.5335,103.5335,0,0
3606.N,D,20160511,000000,103.9679,103.9679,103.9679,103.9679,0,0
3606.N,D,20160512,000000,104.0749,104.0749,104.0749,104.0749,0,0
3606.N,D,20160513,000000,104.0107,104.0107,104.0107,104.0107,0,0
3606.N,D,20160516,000000,103.9153,103.9153,103.9153,103.9153,0,0
3606.N,D,20160517,000000,103.8533,103.8533,103.8533,103.8533,0,0
3606.N,D,20160518,000000,103.6571,103.6571,103.6571,103.6571,0,0
3606.N,D,20160519,000000,103.4142,103.4142,103.4142,103.4142,0,0
3606.N,D,20160520,000000,103.4479,103.4479,103.4479,103.4479,0,0
3606.N,D,20160523,000000,103.69,103.69,103.69,103.69,0,0
3606.N,D,20160524,000000,103.691,103.691,103.691,103.691,0,0
3606.N,D,20160525,000000,103.6331,103.6331,103.6331,103.6331,0,0
3606.N,D,20160526,000000,103.1329,103.1329,103.1329,103.1329,0,0
3606.N,D,20160527,000000,103.5681,103.5681,103.5681,103.5681,0,0
3606.N,D,20160530,000000,103.3849,103.3849,103.3849,103.3849,0,0
3606.N,D,20160531,000000,103.6225,103.6225,103.6225,103.6225,0,0
3606.N,D,20160601,000000,104.0529,104.0529,104.0529,104.0529,0,0
3606.N,D,20160602,000000,104.1498,104.1498,104.1498,104.1498,0,0
3606.N,D,20160603,000000,104.2318,104.2318,104.2318,104.2318,0,0
3606.N,D,20160606,000000,104.085,104.085,104.085,104.085,0,0
3606.N,D,20160607,000000,103.8985,103.8985,103.8985,103.8985,0,0
3606.N,D,20160608,000000,103.9167,103.9167,103.9167,103.9167,0,0
3606.N,D,20160609,000000,103.8048,103.8048,103.8048,103.8048,0,0
3606.N,D,20160610,000000,103.404,103.404,103.404,103.404,0,0
3606.N,D,20160613,000000,103.1213,103.1213,103.1213,103.1213,0,0
3606.N,D,20160614,000000,103.6542,103.6542,103.6542,103.6542,0,0
3606.N,D,20160615,000000,103.4374,103.4374,103.4374,103.4374,0,0
3606.N,D,20160616,000000,103.2654,103.2654,103.2654,103.2654,0,0
3606.N,D,20160617,000000,103.5945,103.5945,103.5945,103.5945,0,0
3606.N,D,20160620,000000,103.6556,103.6556,103.6556,103.6556,0,0
3606.N,D,20160621,000000,103.4511,103.4511,103.4511,103.4511,0,0
3606.N,D,20160622,000000,103.4712,103.4712,103.4712,103.4712,0,0
3606.N,D,20160623,000000,103.5575,103.5575,103.5575,103.5575,0,0
3606.N,D,20160624,000000,102.3317,102.3317,102.3317,102.3317,0,0
3606.N,D,20160627,000000,102.8906,102.8906,102.8906,102.8906,0,0
3606.N,D,20160628,000000,103.0949,103.0949,103.0949,103.0949,0,0
3606.N,D,20160629,000000,103.3751,103.3751,103.3751,103.3751,0,0
3606.N,D,20160630,000000,103.8008,103.8008,103.8008,103.8008,0,0
3606.N,D,20160701,000000,103.8823,103.8823,103.8823,103.8823,0,0
3606.N,D,20160704,000000,103.8561,103.8561,103.8561,103.8561,0,0
3606.N,D,20160705,000000,103.7548,103.7548,103.7548,103.7548,0,0
3606.N,D,20160706,000000,104.0659,104.0659,104.0659,104.0659,0,0
3606.N,D,20160707,000000,103.7652,103.7652,103.7652,103.7652,0,0
3606.N,D,20160708,000000,103.8781,103.8781,103.8781,103.8781,0,0
3606.N,D,20160711,000000,103.7118,103.7118,103.7118,103.7118,0,0
3606.N,D,20160712,000000,103.3741,103.3741,103.3741,103.3741,0,0
3606.N,D,20160713,000000,103.3632,103.3632,103.3632,103.3632,0,0
3606.N,D,20160714,000000,103.4898,103.4898,103.4898,103.4898,0,0
3606.N,D,20160715,000000,103.4537,103.4537,103.4537,103.4537,0,0
3606.N,D,20160718,000000,103.7182,103.7182,103.7182,103.7182,0,0
3606.N,D,20160719,000000,103.6114,103.6114,103.6114,103.6114,0,0
3606.N,D,20160720,000000,103.6369,103.6369,103.6369,103.6369,0,0
3606.N,D,20160721,000000,103.6985,103.6985,103.6985,103.6985,0,0
3606.N,D,20160722,000000,103.929,103.929,103.929,103.929,0,0
3606.N,D,20160725,000000,103.8158,103.8158,103.8158,103.8158,0,0
3606.N,D,20160726,000000,103.8274,103.8274,103.8274,103.8274,0,0
3606.N,D,20160727,000000,103.7725,103.7725,103.7725,103.7725,0,0
3606.N,D,20160728,000000,104.1983,104.1983,104.1983,104.1983,0,0
3606.N,D,20160729,000000,103.8519,103.8519,103.8519,103.8519,0,0
3606.N,D,20160801,000000,103.7075,103.7075,103.7075,103.7075,0,0
3606.N,D,20160802,000000,103.7222,103.7222,103.7222,103.7222,0,0
3606.N,D,20160803,000000,103.3958,103.3958,103.3958,103.3958,0,0
3606.N,D,20160804,000000,103.5067,103.5067,103.5067,103.5067,0,0
3606.N,D,20160805,000000,103.5418,103.5418,103.5418,103.5418,0,0
3606.N,D,20160808,000000,103.2763,103.2763,103.2763,103.2763,0,0
3606.N,D,20160809,000000,103.0321,103.0321,103.0321,103.0321,0,0
3606.N,D,20160810,000000,102.9174,102.9174,102.9174,102.9174,0,0
3606.N,D,20160811,000000,103.0767,103.0767,103.0767,103.0767,0,0
3606.N,D,20160812,000000,102.9979,102.9979,102.9979,102.9979,0,0
3606.N,D,20160815,000000,102.9731,102.9731,102.9731,102.9731,0,0
3606.N,D,20160816,000000,103.0419,103.0419,103.0419,103.0419,0,0
3606.N,D,20160817,000000,103.0643,103.0643,103.0643,103.0643,0,0
3606.N,D,20160818,000000,103.1879,103.1879,103.1879,103.1879,0,0
3606.N,D,20160819,000000,103.1293,103.1293,103.1293,103.1293,0,0
3606.N,D,20160822,000000,102.8244,102.8244,102.8244,102.8244,0,0
3606.N,D,20160823,000000,102.6425,102.6425,102.6425,102.6425,0,0
3606.N,D,20160824,000000,102.4235,102.4235,102.4235,102.4235,0,0
3606.N,D,20160825,000000,102.3758,102.3758,102.3758,102.3758,0,0
3606.N,D,20160826,000000,102.4215,102.4215,102.4215,102.4215,0,0
3606.N,D,20160829,000000,102.4306,102.4306,102.4306,102.4306,0,0
3606.N,D,20160830,000000,102.5244,102.5244,102.5244,102.5244,0,0
3606.N,D,20160831,000000,102.5036,102.5036,102.5036,102.5036,0,0
3606.N,D,20160901,000000,102.4662,102.4662,102.4662,102.4662,0,0
3606.N,D,20160902,000000,102.4676,102.4676,102.4676,102.4676,0,0
3606.N,D,20160905,000000,102.5068,102.5068,102.5068,102.5068,0,0
3606.N,D,20160906,000000,102.5407,102.5407,102.5407,102.5407,0,0
3606.N,D,20160907,000000,102.6396,102.6396,102.6396,102.6396,0,0
3606.N,D,20160908,000000,102.9259,102.9259,102.9259,102.9259,0,0
3606.N,D,20160909,000000,102.6355,102.6355,102.6355,102.6355,0,0
3606.N,D,20160912,000000,102.372,102.372,102.372,102.372,0,0
3606.N,D,20160913,000000,102.1619,102.1619,102.1619,102.1619,0,0
3606.N,D,20160914,000000,101.9793,101.9793,101.9793,101.9793,0,0
3606.N,D,20160915,000000,102.0302,102.0302,102.0302,102.0302,0,0
3606.N,D,20160916,000000,102.1762,102.1762,102.1762,102.1762,0,0
3606.N,D,20160919,000000,102.1582,102.1582,102.1582,102.1582,0,0
3606.N,D,20160920,000000,102.2783,102.2783,102.2783,102.2783,0,0
3606.N,D,20160921,000000,102.3346,102.3346,102.3346,102.3346,0,0
3606.N,D,20160922,000000,102.3171,102.3171,102.3171,102.3171,0,0
3606.N,D,20160923,000000,102.5347,102.5347,102.5347,102.5347,0,0
3606.N,D,20160926,000000,102.5007,102.5007,102.5007,102.5007,0,0
3606.N,D,20160927,000000,102.4357,102.4357,102.4357,102.4357,0,0
3606.N,D,20160928,000000,102.3914,102.3914,102.3914,102.3914,0,0
3606.N,D,20160929,000000,102.788,102.788,102.788,102.788,0,0
3606.N,D,20160930,000000,102.077,102.077,102.077,102.077,0,0
3606.N,D,20161003,000000,102.1466,102.1466,102.1466,102.1466,0,0
3606.N,D,20161004,000000,102.2652,102.2652,102.2652,102.2652,0,0
3606.N,D,20161005,000000,101.8335,101.8335,101.8335,101.8335,0,0
3606.N,D,20161006,000000,101.8743,101.8743,101.8743,101.8743,0,0
3606.N,D,20161007,000000,101.7818,101.7818,101.7818,101.7818,0,0
3606.N,D,20161010,000000,102.0644,102.0644,102.0644,102.0644,0,0
3606.N,D,20161011,000000,101.3064,101.3064,101.3064,101.3064,0,0
3606.N,D,20161012,000000,101.4029,101.4029,101.4029,101.4029,0,0
3606.N,D,20161013,000000,101.2252,101.2252,101.2252,101.2252,0,0
3606.N,D,20161014,000000,101.5589,101.5589,101.5589,101.5589,0,0
3606.N,D,20161017,000000,101.6614,101.6614,101.6614,101.6614,0,0
3606.N,D,20161018,000000,101.7866,101.7866,101.7866,101.7866,0,0
3606.N,D,20161019,000000,101.8617,101.8617,101.8617,101.8617,0,0
3606.N,D,20161020,000000,101.9716,101.9716,101.9716,101.9716,0,0
3606.N,D,20161021,000000,102.1256,102.1256,102.1256,102.1256,0,0
3606.N,D,20161024,000000,102.2425,102.2425,102.2425,102.2425,0,0
3606.N,D,20161025,000000,102.5747,102.5747,102.5747,102.5747,0,0
3606.N,D,20161026,000000,102.7259,102.7259,102.7259,102.7259,0,0
3606.N,D,20161027,000000,102.5523,102.5523,102.5523,102.5523,0,0
3606.N,D,20161028,000000,101.9545,101.9545,101.9545,101.9545,0,0
3606.N,D,20161031,000000,102.0769,102.0769,102.0769,102.0769,0,0
3606.N,D,20161101,000000,101.5014,101.5014,101.5014,101.5014,0,0
3606.N,D,20161102,000000,101.151,101.151,101.151,101.151,0,0
3606.N,D,20161103,000000,100.4199,100.4199,100.4199,100.4199,0,0
3606.N,D,20161104,000000,100.4907,100.4907,100.4907,100.4907,0,0
3606.N,D,20161107,000000,100.7444,100.7444,100.7444,100.7444,0,0
3606.N,D,20161108,000000,100.5897,100.5897,100.5897,100.5897,0,0
3606.N,D,20161109,000000,101.1866,101.1866,101.1866,101.1866,0,0
3606.N,D,20161110,000000,101.0187,101.0187,101.0187,101.0187,0,0
3606.N,D,20161111,000000,100.6474,100.6474,100.6474,100.6474,0,0
3606.N,D,20161114,000000,101.3125,101.3125,101.3125,101.3125,0,0
3606.N,D,20161115,000000,101.0661,101.0661,101.0661,101.0661,0,0
3606.N,D,20161116,000000,100.9273,100.9273,100.9273,100.9273,0,0
3606.N,D,20161117,000000,100.9945,100.9945,100.9945,100.9945,0,0
3606.N,D,20161118,000000,100.7767,100.7767,100.7767,100.7767,0,0
3606.N,D,20161121,000000,100.9243,100.9243,100.9243,100.9243,0,0
3606.N,D,20161122,000000,101.3767,101.3767,101.3767,101.3767,0,0
3606.N,D,20161123,000000,101.288,101.288,101.288,101.288,0,0
3606.N,D,20161124,000000,101.2508,101.2508,101.2508,101.2508,0,0
3606.N,D,20161125,000000,100.8293,100.8293,100.8293,100.8293,0,0
3606.N,D,20161128,000000,100.5349,100.5349,100.5349,100.5349,0,0
3606.N,D,20161129,000000,100.7531,100.7531,100.7531,100.7531,0,0
3606.N,D,20161130,000000,101.2088,101.2088,101.2088,101.2088,0,0
3606.N,D,20161201,000000,101.4139,101.4139,101.4139,101.4139,0,0
3606.N,D,20161202,000000,101.1483,101.1483,101.1483,101.1483,0,0
3606.N,D,20161205,000000,101.298,101.298,101.298,101.298,0,0
3606.N,D,20161206,000000,101.426,101.426,101.426,101.426,0,0
3606.N,D,20161207,000000,102.0518,102.0518,102.0518,102.0518,0,0
3606.N,D,20161208,000000,102.7556,102.7556,102.7556,102.7556,0,0
3606.N,D,20161209,000000,102.4707,102.4707,102.4707,102.4707,0,0
3606.N,D,20161212,000000,102.173,102.173,102.173,102.173,0,0
3606.N,D,20161213,000000,102.2713,102.2713,102.2713,102.2713,0,0
3606.N,D,20161214,000000,102.4393,102.4393,102.4393,102.4393,0,0
3606.N,D,20161215,000000,102.7742,102.7742,102.7742,102.7742,0,0
3606.N,D,20161216,000000,102.8268,102.8268,102.8268,102.8268,0,0
3606.N,D,20161219,000000,102.6387,102.6387,102.6387,102.6387,0,0
3606.N,D,20161220,000000,102.7969,102.7969,102.7969,102.7969,0,0
3606.N,D,20161221,000000,102.8308,102.8308,102.8308,102.8308,0,0
3606.N,D,20161222,000000,102.6166,102.6166,102.6166,102.6166,0,0
3606.N,D,20161223,000000,102.4355,102.4355,102.4355,102.4355,0,0
3606.N,D,20161227,000000,102.4851,102.4851,102.4851,102.4851,0,0
3606.N,D,20161228,000000,102.6312,102.6312,102.6312,102.6312,0,0
3606.N,D,20161229,000000,102.5908,102.5908,102.5908,102.5908,0,0
3606.N,D,20161230,000000,102.7119,102.7119,102.7119,102.7119,0,0
3606.N,D,20170102,000000,102.837,102.837,102.837,102.837,0,0
3606.N,D,20170103,000000,102.7934,102.7934,102.7934,102.7934,0,0
3606.N,D,20170104,000000,102.6568,102.6568,102.6568,102.6568,0,0
3606.N,D,20170105,000000,102.8459,102.8459,102.8459,102.8459,0,0
3606.N,D,20170106,000000,102.9592,102.9592,102.9592,102.9592,0,0
3606.N,D,20170109,000000,102.9783,102.9783,102.9783,102.9783,0,0
3606.N,D,20170110,000000,103.103,103.103,103.103,103.103,0,0
3606.N,D,20170111,000000,103.2845,103.2845,103.2845,103.2845,0,0
3606.N,D,20170112,000000,103.4432,103.4432,103.4432,103.4432,0,0
3606.N,D,20170113,000000,103.5373,103.5373,103.5373,103.5373,0,0
3606.N,D,20170116,000000,103.388,103.388,103.388,103.388,0,0
3606.N,D,20170117,000000,103.3446,103.3446,103.3446,103.3446,0,0
3606.N,D,20170118,000000,103.0534,103.0534,103.0534,103.0534,0,0
3606.N,D,20170119,000000,103.3353,103.3353,103.3353,103.3353,0,0
3606.N,D,20170120,000000,103.5966,103.5966,103.5966,103.5966,0,0
3606.N,D,20170123,000000,103.3916,103.3916,103.3916,103.3916,0,0
3606.N,D,20170124,000000,103.5405,103.5405,103.5405,103.5405,0,0
3606.N,D,20170125,000000,103.9411,103.9411,103.9411,103.9411,0,0
3606.N,D,20170126,000000,104.4184,104.4184,104.4184,104.4184,0,0
3606.N,D,20170127,000000,104.4801,104.4801,104.4801,104.4801,0,0
3606.N,D,20170130,000000,104.4052,104.4052,104.4052,104.4052,0,0
3606.N,D,20170131,000000,104.1215,104.1215,104.1215,104.1215,0,0
3606.N,D,20170201,000000,104.6275,104.6275,104.6275,104.6275,0,0
3606.N,D,20170202,000000,104.4388,104.4388,104.4388,104.4388,0,0
3606.N,D,20170203,000000,104.5648,104.5648,104.5648,104.5648,0,0
3606.N,D,20170206,000000,104.4649,104.4649,104.4649,104.4649,0,0
3606.N,D,20170207,000000,103.957,103.957,103.957,103.957,0,0
3606.N,D,20170208,000000,103.0893,103.0893,103.0893,103.0893,0,0
3606.N,D,20170209,000000,103.1421,103.1421,103.1421,103.1421,0,0
3606.N,D,20170210,000000,103.0944,103.0944,103.0944,103.0944,0,0
3606.N,D,20170213,000000,103.1451,103.1451,103.1451,103.1451,0,0
3606.N,D,20170214,000000,103.1288,103.1288,103.1288,103.1288,0,0
3606.N,D,20170215,000000,103.0703,103.0703,103.0703,103.0703,0,0
3606.N,D,20170216,000000,103.0096,103.0096,103.0096,103.0096,0,0
3606.N,D,20170217,000000,102.863,102.863,102.863,102.863,0,0
3606.N,D,20170220,000000,102.7033,102.7033,102.7033,102.7033,0,0
3606.N,D,20170221,000000,103.0023,103.0023,103.0023,103.0023,0,0
3606.N,D,20170222,000000,103.0133,103.0133,103.0133,103.0133,0,0
3606.N,D,20170223,000000,103.11,103.11,103.11,103.11,0,0
3606.N,D,20170224,000000,102.5149,102.5149,102.5149,102.5149,0,0
3606.N,D,20170227,000000,102.2284,102.2284,102.2284,102.2284,0,0
3606.N,D,20170228,000000,102.4578,102.4578,102.4578,102.4578,0,0
3606.N,D,20170301,000000,102.79,102.79,102.79,102.79,0,0
3606.N,D,20170302,000000,102.8202,102.8202,102.8202,102.8202,0,0
3606.N,D,20170303,000000,102.96,102.96,102.96,102.96,0,0
3606.N,D,20170306,000000,102.7882,102.7882,102.7882,102.7882,0,0
3606.N,D,20170307,000000,102.9853,102.9853,102.9853,102.9853,0,0
3606.N,D,20170308,000000,103.1699,103.1699,103.1699,103.1699,0,0
3606.N,D,20170309,000000,102.9282,102.9282,102.9282,102.9282,0,0
3606.N,D,20170310,000000,103.2214,103.2214,103.2214,103.2214,0,0
3606.N,D,20170313,000000,103.251,103.251,103.251,103.251,0,0
3606.N,D,20170314,000000,103.0802,103.0802,103.0802,103.0802,0,0
3606.N,D,20170315,000000,103.2238,103.2238,103.2238,103.2238,0,0
3606.N,D,20170316,000000,103.44,103.44,103.44,103.44,0,0
3606.N,D,20170317,000000,103.4972,103.4972,103.4972,103.4972,0,0
3606.N,D,20170320,000000,103.4243,103.4243,103.4243,103.4243,0,0
3606.N,D,20170321,000000,103.3009,103.3009,103.3009,103.3009,0,0
3606.N,D,20170322,000000,103.3207,103.3207,103.3207,103.3207,0,0
3606.N,D,20170323,000000,103.47,103.47,103.47,103.47,0,0
3606.N,D,20170324,000000,103.6417,103.6417,103.6417,103.6417,0,0
3606.N,D,20170327,000000,103.6402,103.6402,103.6402,103.6402,0,0
3606.N,D,20170328,000000,103.8303,103.8303,103.8303,103.8303,0,0
3606.N,D,20170329,000000,103.7651,103.7651,103.7651,103.7651,0,0
3606.N,D,20170330,000000,103.7806,103.7806,103.7806,103.7806,0,0
3606.N,D,20170331,000000,104.0396,104.0396,104.0396,104.0396,0,0
3606.N,D,20170403,000000,104.1322,104.1322,104.1322,104.1322,0,0
3606.N,D,20170404,000000,104.1202,104.1202,104.1202,104.1202,0,0
3606.N,D,20170405,000000,104.3416,104.3416,104.3416,104.3416,0,0
3606.N,D,20170406,000000,104.4904,104.4904,104.4904,104.4904,0,0
3606.N,D,20170407,000000,104.6856,104.6856,104.6856,104.6856,0,0
3606.N,D,20170410,000000,104.565,104.565,104.565,104.565,0,0
3606.N,D,20170411,000000,104.2093,104.2093,104.2093,104.2093,0,0
3606.N,D,20170412,000000,103.9574,103.9574,103.9574,103.9574,0,0
3606.N,D,20170413,000000,104.1488,104.1488,104.1488,104.1488,0,0
3606.N,D,20170418,000000,103.9528,103.9528,103.9528,103.9528,0,0
3606.N,D,20170419,000000,103.7587,103.7587,103.7587,103.7587,0,0
3606.N,D,20170420,000000,103.7043,103.7043,103.7043,103.7043,0,0
3606.N,D,20170421,000000,103.6377,103.6377,103.6377,103.6377,0,0
3606.N,D,20170424,000000,104.2531,104.2531,104.2531,104.2531,0,0
3606.N,D,20170425,000000,104.2595,104.2595,104.2595,104.2595,0,0
3606.N,D,20170426,000000,103.8891,103.8891,103.8891,103.8891,0,0
3606.N,D,20170427,000000,103.8693,103.8693,103.8693,103.8693,0,0
3606.N,D,20170428,000000,103.8669,103.8669,103.8669,103.8669,0,0
3606.N,D,20170501,000000,103.9776,103.9776,103.9776,103.9776,0,0
3606.N,D,20170502,000000,103.7929,103.7929,103.7929,103.7929,0,0
3606.N,D,20170503,000000,103.8006,103.8006,103.8006,103.8006,0,0
3606.N,D,20170504,000000,103.7114,103.7114,103.7114,103.7114,0,0
3606.N,D,20170505,000000,103.6994,103.6994,103.6994,103.6994,0,0
3606.N,D,20170508,000000,103.6882,103.6882,103.6882,103.6882,0,0
3606.N,D,20170509,000000,103.3886,103.3886,103.3886,103.3886,0,0
3606.N,D,20170510,000000,103.3168,103.3168,103.3168,103.3168,0,0
3606.N,D,20170511,000000,103.2033,103.2033,103.2033,103.2033,0,0
3606.N,D,20170512,000000,103.5251,103.5251,103.5251,103.5251,0,0
3606.N,D,20170515,000000,103.5539,103.5539,103.5539,103.5539,0,0
3606.N,D,20170516,000000,103.4163,103.4163,103.4163,103.4163,0,0
3606.N,D,20170517,000000,103.4534,103.4534,103.4534,103.4534,0,0
3606.N,D,20170518,000000,103.2076,103.2076,103.2076,103.2076,0,0
3606.N,D,20170519,000000,103.183,103.183,103.183,103.183,0,0
3606.N,D,20170522,000000,103.1801,103.1801,103.1801,103.1801,0,0
3606.N,D,20170523,000000,103.1764,103.1764,103.1764,103.1764,0,0
3606.N,D,20170524,000000,103.1948,103.1948,103.1948,103.1948,0,0
3606.N,D,20170525,000000,103.0563,103.0563,103.0563,103.0563,0,0
3606.N,D,20170526,000000,103.1023,103.1023,103.1023,103.1023,0,0
3606.N,D,20170529,000000,103.1344,103.1344,103.1344,103.1344,0,0
3606.N,D,20170530,000000,102.9528,102.9528,102.9528,102.9528,0,0
3606.N,D,20170531,000000,103.2222,103.2222,103.2222,103.2222,0,0
3606.N,D,20170601,000000,103.2258,103.2258,103.2258,103.2258,0,0
3606.N,D,20170602,000000,103.3836,103.3836,103.3836,103.3836,0,0
3606.N,D,20170605,000000,103.4638,103.4638,103.4638,103.4638,0,0
3606.N,D,20170606,000000,103.3238,103.3238,103.3238,103.3238,0,0
3606.N,D,20170607,000000,103.4934,103.4934,103.4934,103.4934,0,0
3606.N,D,20170608,000000,103.5611,103.5611,103.5611,103.5611,0,0
3606.N,D,20170609,000000,103.5502,103.5502,103.5502,103.5502,0,0
3606.N,D,20170612,000000,103.3759,103.3759,103.3759,103.3759,0,0
3606.N,D,20170613,000000,103.0233,103.0233,103.0233,103.0233,0,0
3606.N,D,20170614,000000,102.9686,102.9686,102.9686,102.9686,0,0
3606.N,D,20170615,000000,103.3004,103.3004,103.3004,103.3004,0,0
3606.N,D,20170616,000000,103.1864,103.1864,103.1864,103.1864,0,0
3606.N,D,20170619,000000,103.1487,103.1487,103.1487,103.1487,0,0
3606.N,D,20170620,000000,103.1239,103.1239,103.1239,103.1239,0,0
3606.N,D,20170621,000000,103.2659,103.2659,103.2659,103.2659,0,0
3606.N,D,20170622,000000,103.3408,103.3408,103.3408,103.3408,0,0
3606.N,D,20170623,000000,103.2329,103.2329,103.2329,103.2329,0,0
3606.N,D,20170626,000000,103.2376,103.2376,103.2376,103.2376,0,0
3606.N,D,20170627,000000,103.364,103.364,103.364,103.364,0,0
3606.N,D,20170628,000000,103.4539,103.4539,103.4539,103.4539,0,0
3606.N,D,20170629,000000,103.1971,103.1971,103.1971,103.1971,0,0
3606.N,D,20170630,000000,102.8727,102.8727,102.8727,102.8727,0,0
3606.N,D,20170703,000000,103.2449,103.2449,103.2449,103.2449,0,0
3606.N,D,20170704,000000,103.1296,103.1296,103.1296,103.1296,0,0
3606.N,D,20170705,000000,102.9938,102.9938,102.9938,102.9938,0,0
3606.N,D,20170706,000000,103.2157,103.2157,103.2157,103.2157,0,0
3606.N,D,20170707,000000,103.1079,103.1079,103.1079,103.1079,0,0
3606.N,D,20170710,000000,103.0573,103.0573,103.0573,103.0573,0,0
3606.N,D,20170711,000000,103.1818,103.1818,103.1818,103.1818,0,0
3606.N,D,20170712,000000,103.0936,103.0936,103.0936,103.0936,0,0
3606.N,D,20170713,000000,103.2448,103.2448,103.2448,103.2448,0,0
3606.N,D,20170714,000000,103.2939,103.2939,103.2939,103.2939,0,0
3606.N,D,20170717,000000,103.3738,103.3738,103.3738,103.3738,0,0
3606.N,D,20170718,000000,103.347,103.347,103.347,103.347,0,0
3606.N,D,20170719,000000,103.5108,103.5108,103.5108,103.5108,0,0
3606.N,D,20170720,000000,103.2603,103.2603,103.2603,103.2603,0,0
3606.N,D,20170721,000000,103.1652,103.1652,103.1652,103.1652,0,0
3606.N,D,20170724,000000,103.3867,103.3867,103.3867,103.3867,0,0
3606.N,D,20170725,000000,103.6545,103.6545,103.6545,103.6545,0,0
3606.N,D,20170726,000000,103.5236,103.5236,103.5236,103.5236,0,0
3606.N,D,20170727,000000,103.2871,103.2871,103.2871,103.2871,0,0
3606.N,D,20170728,000000,103.1664,103.1664,103.1664,103.1664,0,0
3606.N,D,20170731,000000,103.1608,103.1608,103.1608,103.1608,0,0
3606.N,D,20170801,000000,103.2597,103.2597,103.2597,103.2597,0,0
3606.N,D,20170802,000000,103.1593,103.1593,103.1593,103.1593,0,0
3606.N,D,20170803,000000,103.0358,103.0358,103.0358,103.0358,0,0
3606.N,D,20170804,000000,103.2168,103.2168,103.2168,103.2168,0,0
3606.N,D,20170807,000000,103.378,103.378,103.378,103.378,0,0
3606.N,D,20170808,000000,103.0846,103.0846,103.0846,103.0846,0,0
3606.N,D,20170809,000000,103.02,103.02,103.02,103.02,0,0
3606.N,D,20170810,000000,102.8838,102.8838,102.8838,102.8838,0,0
3606.N,D,20170811,000000,102.4545,102.4545,102.4545,102.4545,0,0
3606.N,D,20170814,000000,102.317,102.317,102.317,102.317,0,0
3606.N,D,20170816,000000,102.1135,102.1135,102.1135,102.1135,0,0
3606.N,D,20170817,000000,101.8722,101.8722,101.8722,101.8722,0,0
3606.N,D,20170818,000000,101.9559,101.9559,101.9559,101.9559,0,0
3606.N,D,20170821,000000,101.6917,101.6917,101.6917,101.6917,0,0
3606.N,D,20170822,000000,101.5308,101.5308,101.5308,101.5308,0,0
3606.N,D,20170823,000000,101.7246,101.7246,101.7246,101.7246,0,0
3606.N,D,20170824,000000,101.3825,101.3825,101.3825,101.3825,0,0
3606.N,D,20170825,000000,101.2121,101.2121,101.2121,101.2121,0,0
3606.N,D,20170828,000000,101.2957,101.2957,101.2957,101.2957,0,0
3606.N,D,20170829,000000,101.2713,101.2713,101.2713,101.2713,0,0
3606.N,D,20170830,000000,101.1932,101.1932,101.1932,101.1932,0,0
3606.N,D,20170831,000000,101.1533,101.1533,101.1533,101.1533,0,0
3606.N,D,20170901,000000,101.1006,101.1006,101.1006,101.1006,0,0
3606.N,D,20170904,000000,101.1085,101.1085,101.1085,101.1085,0,0
3606.N,D,20170905,000000,100.7246,100.7246,100.7246,100.7246,0,0
3606.N,D,20170906,000000,100.8717,100.8717,100.8717,100.8717,0,0
3606.N,D,20170907,000000,100.7553,100.7553,100.7553,100.7553,0,0
3606.N,D,20170908,000000,100.6366,100.6366,100.6366,100.6366,0,0
3606.N,D,20170911,000000,100.8129,100.8129,100.8129,100.8129,0,0
3606.N,D,20170912,000000,100.7785,100.7785,100.7785,100.7785,0,0
3606.N,D,20170913,000000,100.666,100.666,100.666,100.666,0,0
3606.N,D,20170914,000000,100.5131,100.5131,100.5131,100.5131,0,0
3606.N,D,20170915,000000,100.0876,100.0876,100.0876,100.0876,0,0
3606.N,D,20170918,000000,100.179,100.179,100.179,100.179,0,0
3606.N,D,20170919,000000,100.3942,100.3942,100.3942,100.3942,0,0
3606.N,D,20170920,000000,100.6173,100.6173,100.6173,100.6173,0,0
3606.N,D,20170921,000000,100.5265,100.5265,100.5265,100.5265,0,0
3606.N,D,20170922,000000,100.3942,100.3942,100.3942,100.3942,0,0
3606.N,D,20170925,000000,100.3785,100.3785,100.3785,100.3785,0,0
3606.N,D,20170926,000000,100.5341,100.5341,100.5341,100.5341,0,0
3606.N,D,20170927,000000,100.8947,100.8947,100.8947,100.8947,0,0
3606.N,D,20170928,000000,100.8699,100.8699,100.8699,100.8699,0,0
3606.N,D,20170929,000000,101.2274,101.2274,101.2274,101.2274,0,0
3606.N,D,20171002,000000,100.8287,100.8287,100.8287,100.8287,0,0
3606.N,D,20171003,000000,100.7764,100.7764,100.7764,100.7764,0,0
3606.N,D,20171004,000000,100.4202,100.4202,100.4202,100.4202,0,0
3606.N,D,20171005,000000,100.4794,100.4794,100.4794,100.4794,0,0
3606.N,D,20171006,000000,100.5367,100.5367,100.5367,100.5367,0,0
3606.N,D,20171009,000000,100.5057,100.5057,100.5057,100.5057,0,0
3606.N,D,20171010,000000,100.2026,100.2026,100.2026,100.2026,0,0
3606.N,D,20171011,000000,100.1433,100.1433,100.1433,100.1433,0,0
3606.N,D,20171012,000000,99.6693,99.6693,99.6693,99.6693,0,0
3606.N,D,20171013,000000,99.7214,99.7214,99.7214,99.7214,0,0
3606.N,D,20171016,000000,99.8587,99.8587,99.8587,99.8587,0,0
3606.N,D,20171017,000000,99.8849,99.8849,99.8849,99.8849,0,0
3606.N,D,20171018,000000,100.1402,100.1402,100.1402,100.1402,0,0
3606.N,D,20171019,000000,99.844,99.844,99.844,99.844,0,0
3606.N,D,20171020,000000,100.0697,100.0697,100.0697,100.0697,0,0
3606.N,D,20171023,000000,99.9188,99.9188,99.9188,99.9188,0,0
3606.N,D,20171024,000000,99.8421,99.8421,99.8421,99.8421,0,0
3606.N,D,20171025,000000,99.8593,99.8593,99.8593,99.8593,0,0
3606.N,D,20171026,000000,99.5056,99.5056,99.5056,99.5056,0,0
3606.N,D,20171027,000000,99.2966,99.2966,99.2966,99.2966,0,0
3606.N,D,20171030,000000,99.077,99.077,99.077,99.077,0,0
3606.N,D,20171031,000000,99.074,99.074,99.074,99.074,0,0
3606.N,D,20171101,000000,99.2316,99.2316,99.2316,99.2316,0,0
3606.N,D,20171102,000000,99.3597,99.3597,99.3597,99.3597,0,0
3606.N,D,20171103,000000,98.9511,98.9511,98.9511,98.9511,0,0
3606.N,D,20171106,000000,98.7731,98.7731,98.7731,98.7731,0,0
3606.N,D,20171107,000000,98.8367,98.8367,98.8367,98.8367,0,0
3606.N,D,20171108,000000,98.9586,98.9586,98.9586,98.9586,0,0
3606.N,D,20171109,000000,98.6865,98.6865,98.6865,98.6865,0,0
3606.N,D,20171110,000000,98.8208,98.8208,98.8208,98.8208,0,0
3606.N,D,20171113,000000,98.9117,98.9117,98.9117,98.9117,0,0
3606.N,D,20171114,000000,99.066,99.066,99.066,99.066,0,0
3606.N,D,20171115,000000,99.12,99.12,99.12,99.12,0,0
3606.N,D,20171116,000000,98.7003,98.7003,98.7003,98.7003,0,0
3606.N,D,20171117,000000,99.1285,99.1285,99.1285,99.1285,0,0
3606.N,D,20171120,000000,99.3082,99.3082,99.3082,99.3082,0,0
3606.N,D,20171121,000000,99.4581,99.4581,99.4581,99.4581,0,0
3606.N,D,20171122,000000,99.4634,99.4634,99.4634,99.4634,0,0
3606.N,D,20171123,000000,99.4385,99.4385,99.4385,99.4385,0,0
3606.N,D,20171124,000000,99.1831,99.1831,99.1831,99.1831,0,0
3606.N,D,20171127,000000,99.4306,99.4306,99.4306,99.4306,0,0
3606.N,D,20171128,000000,99.4288,99.4288,99.4288,99.4288,0,0
3606.N,D,20171129,000000,99.3101,99.3101,99.3101,99.3101,0,0
3606.N,D,20171130,000000,99.285,99.285,99.285,99.285,0,0
3606.N,D,20171201,000000,99.3642,99.3642,99.3642,99.3642,0,0
3606.N,D,20171204,000000,99.4324,99.4324,99.4324,99.4324,0,0
3606.N,D,20171205,000000,99.5897,99.5897,99.5897,99.5897,0,0
3606.N,D,20171206,000000,99.6446,99.6446,99.6446,99.6446,0,0
3606.N,D,20171207,000000,99.85,99.85,99.85,99.85,0,0
3606.N,D,20171208,000000,99.8507,99.8507,99.8507,99.8507,0,0
3606.N,D,20171211,000000,99.9965,99.9965,99.9965,99.9965,0,0
3606.N,D,20171212,000000,100.198,100.198,100.198,100.198,0,0
3606.N,D,20171213,000000,99.7189,99.7189,99.7189,99.7189,0,0
3606.N,D,20171214,000000,99.5979,99.5979,99.5979,99.5979,0,0
3606.N,D,20171215,000000,100.2616,100.2616,100.2616,100.2616,0,0
3606.N,D,20171218,000000,100.1234,100.1234,100.1234,100.1234,0,0
3606.N,D,20171219,000000,99.8559,99.8559,99.8559,99.8559,0,0
3606.N,D,20171220,000000,99.772,99.772,99.772,99.772,0,0
3606.N,D,20171221,000000,99.8887,99.8887,99.8887,99.8887,0,0
3606.N,D,20171222,000000,99.888,99.888,99.888,99.888,0,0
3606.N,D,20171227,000000,99.7593,99.7593,99.7593,99.7593,0,0
3606.N,D,20171228,000000,99.8139,99.8139,99.8139,99.8139,0,0
3606.N,D,20171229,000000,99.8904,99.8904,99.8904,99.8904,0,0
3606.N,D,20180102,000000,99.9102,99.9102,99.9102,99.9102,0,0
3606.N,D,20180103,000000,100.1906,100.1906,100.1906,100.1906,0,0
3606.N,D,20180104,000000,100.6254,100.6254,100.6254,100.6254,0,0
3606.N,D,20180105,000000,100.16,100.16,100.16,100.16,0,0
3606.N,D,20180108,000000,100.3152,100.3152,100.3152,100.3152,0,0
3606.N,D,20180109,000000,100.6181,100.6181,100.6181,100.6181,0,0
3606.N,D,20180110,000000,100.97,100.97,100.97,100.97,0,0
3606.N,D,20180111,000000,101.1344,101.1344,101.1344,101.1344,0,0
3606.N,D,20180112,000000,101.219,101.219,101.219,101.219,0,0
3606.N,D,20180115,000000,101.4,101.4,101.4,101.4,0,0
3606.N,D,20180116,000000,101.284,101.284,101.284,101.284,0,0
3606.N,D,20180117,000000,101.227,101.227,101.227,101.227,0,0
3606.N,D,20180118,000000,100.97,100.97,100.97,100.97,0,0
3606.N,D,20180119,000000,101.086,101.086,101.086,101.086,0,0
3606.N,D,20180122,000000,101.139,101.139,101.139,101.139,0,0
3606.N,D,20180123,000000,100.824,100.824,100.824,100.824,0,0
3606.N,D,20180124,000000,100.943,100.943,100.943,100.943,0,0
3606.N,D,20180125,000000,100.8,100.8,100.8,100.8,0,0
3606.N,D,20180126,000000,100.931,100.931,100.931,100.931,0,0
3606.N,D,20180129,000000,100.787,100.787,100.787,100.787,0,0
3606.N,D,20180130,000000,100.616,100.616,100.616,100.616,0,0
3606.N,D,20180131,000000,100.616,100.616,100.616,100.616,0,0
3606.N,D,20180201,000000,100.557,100.557,100.557,100.557,0,0
3606.N,D,20180202,000000,100.499,100.499,100.499,100.499,0,0
3606.N,D,20180205,000000,100.485,100.485,100.485,100.485,0,0
3606.N,D,20180206,000000,100.462,100.462,100.462,100.462,0,0
3606.N,D,20180207,000000,100.603,100.603,100.603,100.603,0,0
3606.N,D,20180208,000000,100.493,100.493,100.493,100.493,0,0
3606.N,D,20180209,000000,100.257,100.257,100.257,100.257,0,0
3606.N,D,20180212,000000,100.432,100.432,100.432,100.432,0,0
3606.N,D,20180213,000000,100.645,100.645,100.645,100.645,0,0
3606.N,D,20180214,000000,100.277,100.277,100.277,100.277,0,0
3606.N,D,20180215,000000,99.899,99.899,99.899,99.899,0,0
3606.N,D,20180216,000000,99.608,99.608,99.608,99.608,0,0
3606.N,D,20180219,000000,99.97,99.97,99.97,99.97,0,0
3606.N,D,20180220,000000,100.166,100.166,100.166,100.166,0,0
3606.N,D,20180221,000000,99.919,99.919,99.919,99.919,0,0
3606.N,D,20180222,000000,99.4179,99.4179,99.4179,99.4179,0,0
3606.N,D,20180223,000000,99.3639,99.3639,99.3639,99.3639,0,0
3606.N,D,20180226,000000,99.3056,99.3056,99.3056,99.3056,0,0
3606.N,D,20180227,000000,99.3567,99.3567,99.3567,99.3567,0,0
3606.N,D,20180228,000000,99.3638,99.3638,99.3638,99.3638,0,0
3606.N,D,20180301,000000,99.4147,99.4147,99.4147,99.4147,0,0
3606.N,D,20180302,000000,99.2248,99.2248,99.2248,99.2248,0,0
3606.N,D,20180305,000000,99.0183,99.0183,99.0183,99.0183,0,0
3606.N,D,20180306,000000,98.9611,98.9611,98.9611,98.9611,0,0
3606.N,D,20180307,000000,99.2093,99.2093,99.2093,99.2093,0,0
3606.N,D,20180308,000000,99.1589,99.1589,99.1589,99.1589,0,0
3606.N,D,20180309,000000,99.413,99.413,99.413,99.413,0,0
3606.N,D,20180312,000000,99.3757,99.3757,99.3757,99.3757,0,0
3606.N,D,20180313,000000,99.2678,99.2678,99.2678,99.2678,0,0
3606.N,D,20180314,000000,99.3877,99.3877,99.3877,99.3877,0,0
3606.N,D,20180315,000000,99.4256,99.4256,99.4256,99.4256,0,0
3606.N,D,20180316,000000,99.542,99.542,99.542,99.542,0,0
3606.N,D,20180319,000000,99.0876,99.0876,99.0876,99.0876,0,0
3606.N,D,20180320,000000,98.9268,98.9268,98.9268,98.9268,0,0
3606.N,D,20180321,000000,99.3609,99.3609,99.3609,99.3609,0,0
3606.N,D,20180322,000000,99.746,99.746,99.746,99.746,0,0
3606.N,D,20180323,000000,99.889,99.889,99.889,99.889,0,0
3606.N,D,20180326,000000,100.006,100.006,100.006,100.006,0,0
3606.N,D,20180327,000000,100.186,100.186,100.186,100.186,0,0
3606.N,D,20180328,000000,100.742,100.742,100.742,100.742,0,0
3606.N,D,20180329,000000,100.819,100.819,100.819,100.819,0,0
3606.N,D,20180403,000000,100.915,100.915,100.915,100.915,0,0
3606.N,D,20180404,000000,101.231,101.231,101.231,101.231,0,0
3606.N,D,20180405,000000,101.28,101.28,101.28,101.28,0,0
3606.N,D,20180406,000000,101.448,101.448,101.448,101.448,0,0
3606.N,D,20180409,000000,101.437,101.437,101.437,101.437,0,0
3606.N,D,20180410,000000,101.519,101.519,101.519,101.519,0,0
3606.N,D,20180411,000000,101.7,101.7,101.7,101.7,0,0
3606.N,D,20180412,000000,101.773,101.773,101.773,101.773,0,0
3606.N,D,20180413,000000,101.821,101.821,101.821,101.821,0,0
3606.N,D,20180416,000000,101.835,101.835,101.835,101.835,0,0
3606.N,D,20180417,000000,101.615,101.615,101.615,101.615,0,0
3606.N,D,20180418,000000,101.531,101.531,101.531,101.531,0,0
3606.N,D,20180419,000000,101.645,101.645,101.645,101.645,0,0
3606.N,D,20180420,000000,101.79,101.79,101.79,101.79,0,0
3606.N,D,20180423,000000,101.799,101.799,101.799,101.799,0,0
3606.N,D,20180424,000000,101.854,101.854,101.854,101.854,0,0
3606.N,D,20180425,000000,101.892,101.892,101.892,101.892,0,0
3606.N,D,20180426,000000,102.258,102.258,102.258,102.258,0,0
3606.N,D,20180427,000000,102.241,102.241,102.241,102.241,0,0
3606.N,D,20180430,000000,102.181,102.181,102.181,102.181,0,0
3606.N,D,20180501,000000,102.099,102.099,102.099,102.099,0,0
3606.N,D,20180502,000000,101.853,101.853,101.853,101.853,0,0
3606.N,D,20180503,000000,101.821,101.821,101.821,101.821,0,0
3606.N,D,20180504,000000,101.697,101.697,101.697,101.697,0,0
3606.N,D,20180507,000000,101.479,101.479,101.479,101.479,0,0
3606.N,D,20180508,000000,101.201,101.201,101.201,101.201,0,0
3606.N,D,20180509,000000,101.356,101.356,101.356,101.356,0,0
3606.N,D,20180510,000000,101.253,101.253,101.253,101.253,0,0
3606.N,D,20180511,000000,101.357,101.357,101.357,101.357,0,0
3606.N,D,20180514,000000,101.146,101.146,101.146,101.146,0,0
3606.N,D,20180515,000000,101.056,101.056,101.056,101.056,0,0
3606.N,D,20180516,000000,101.21,101.21,101.21,101.21,0,0
3606.N,D,20180517,000000,101.207,101.207,101.207,101.207,0,0
3606.N,D,20180518,000000,101.478,101.478,101.478,101.478,0,0
3606.N,D,20180521,000000,101.501,101.501,101.501,101.501,0,0
3606.N,D,20180522,000000,101.497,101.497,101.497,101.497,0,0
3606.N,D,20180523,000000,101.362,101.362,101.362,101.362,0,0
3606.N,D,20180524,000000,101.411,101.411,101.411,101.411,0,0
3606.N,D,20180525,000000,101.265,101.265,101.265,101.265,0,0
3606.N,D,20180528,000000,101.242,101.242,101.242,101.242,0,0
3606.N,D,20180529,000000,101.301,101.301,101.301,101.301,0,0
3606.N,D,20180530,000000,101.276,101.276,101.276,101.276,0,0
3606.N,D,20180531,000000,101.472,101.472,101.472,101.472,0,0
3606.N,D,20180601,000000,101.339,101.339,101.339,101.339,0,0
3606.N,D,20180604,000000,101.192,101.192,101.192,101.192,0,0
3606.N,D,20180605,000000,101.348,101.348,101.348,101.348,0,0
3606.N,D,20180606,000000,101.093,101.093,101.093,101.093,0,0
3606.N,D,20180607,000000,101.096,101.096,101.096,101.096,0,0
3606.N,D,20180608,000000,101.062,101.062,101.062,101.062,0,0
3606.N,D,20180611,000000,100.511,100.511,100.511,100.511,0,0
3606.N,D,20180612,000000,100.33,100.33,100.33,100.33,0,0
3606.N,D,20180613,000000,100.735,100.735,100.735,100.735,0,0
3606.N,D,20180614,000000,100.803,100.803,100.803,100.803,0,0
3606.N,D,20180615,000000,101.07,101.07,101.07,101.07,0,0
3606.N,D,20180618,000000,100.965,100.965,100.965,100.965,0,0
3606.N,D,20180619,000000,100.708,100.708,100.708,100.708,0,0
3606.N,D,20180620,000000,100.527,100.527,100.527,100.527,0,0
3606.N,D,20180621,000000,100.498,100.498,100.498,100.498,0,0
3606.N,D,20180622,000000,100.346,100.346,100.346,100.346,0,0
3606.N,D,20180625,000000,99.942,99.942,99.942,99.942,0,0
3606.N,D,20180626,000000,99.91,99.91,99.91,99.91,0,0
3606.N,D,20180627,000000,100.37,100.37,100.37,100.37,0,0
3606.N,D,20180628,000000,99.982,99.982,99.982,99.982,0,0
3606.N,D,20180629,000000,100.177,100.177,100.177,100.177,0,0
3606.N,D,20180702,000000,100.02,100.02,100.02,100.02,0,0
3606.N,D,20180703,000000,100.204,100.204,100.204,100.204,0,0
3606.N,D,20180704,000000,100.175,100.175,100.175,100.175,0,0
3606.N,D,20180705,000000,100.495,100.495,100.495,100.495,0,0
3606.N,D,20180706,000000,100.207,100.207,100.207,100.207,0,0
3606.N,D,20180709,000000,100.142,100.142,100.142,100.142,0,0
3606.N,D,20180710,000000,99.615,99.615,99.615,99.615,0,0
3606.N,D,20180711,000000,99.2003,99.2003,99.2003,99.2003,0,0
3606.N,D,20180712,000000,99.4368,99.4368,99.4368,99.4368,0,0
3606.N,D,20180713,000000,99.537,99.537,99.537,99.537,0,0
3606.N,D,20180716,000000,99.3927,99.3927,99.3927,99.3927,0,0
3606.N,D,20180717,000000,98.8197,98.8197,98.8197,98.8197,0,0
3606.N,D,20180718,000000,98.9985,98.9985,98.9985,98.9985,0,0
3606.N,D,20180719,000000,98.9882,98.9882,98.9882,98.9882,0,0
3606.N,D,20180720,000000,96.8385,96.8385,96.8385,96.8385,0,0
3606.N,D,20180723,000000,96.6684,96.6684,96.6684,96.6684,0,0
3606.N,D,20180724,000000,96.5037,96.5037,96.5037,96.5037,0,0
3606.N,D,20180725,000000,96.0688,96.0688,96.0688,96.0688,0,0
3606.N,D,20180726,000000,96.2271,96.2271,96.2271,96.2271,0,0
3606.N,D,20180727,000000,96.2058,96.2058,96.2058,96.2058,0,0
3606.N,D,20180730,000000,96.0335,96.0335,96.0335,96.0335,0,0
3606.N,D,20180731,000000,96.2142,96.2142,96.2142,96.2142,0,0
3606.N,D,20180801,000000,95.715,95.715,95.715,95.715,0,0
3606.N,D,20180802,000000,95.1408,95.1408,95.1408,95.1408,0,0
3606.N,D,20180803,000000,95.4177,95.4177,95.4177,95.4177,0,0
3606.N,D,20180806,000000,95.5435,95.5435,95.5435,95.5435,0,0
3606.N,D,20180807,000000,96.0424,96.0424,96.0424,96.0424,0,0
3606.N,D,20180808,000000,96.487,96.487,96.487,96.487,0,0
3606.N,D,20180809,000000,96.3038,96.3038,96.3038,96.3038,0,0
3606.N,D,20180810,000000,96.246,96.246,96.246,96.246,0,0
3606.N,D,20180813,000000,96.0896,96.0896,96.0896,96.0896,0,0
3606.N,D,20180814,000000,96.1258,96.1258,96.1258,96.1258,0,0
3606.N,D,20180815,000000,96.7198,96.7198,96.7198,96.7198,0,0
3606.N,D,20180816,000000,96.4568,96.4568,96.4568,96.4568,0,0
3606.N,D,20180817,000000,96.8554,96.8554,96.8554,96.8554,0,0
3606.N,D,20180820,000000,97.3074,97.3074,97.3074,97.3074,0,0
3606.N,D,20180821,000000,97.0844,97.0844,97.0844,97.0844,0,0
3606.N,D,20180822,000000,97.0584,97.0584,97.0584,97.0584,0,0
3606.N,D,20180823,000000,97.3255,97.3255,97.3255,97.3255,0,0
3606.N,D,20180824,000000,97.5413,97.5413,97.5413,97.5413,0,0
3606.N,D,20180827,000000,97.4084,97.4084,97.4084,97.4084,0,0
3606.N,D,20180828,000000,98.038,98.038,98.038,98.038,0,0
3606.N,D,20180829,000000,97.9804,97.9804,97.9804,97.9804,0,0
3606.N,D,20180830,000000,98.2059,98.2059,98.2059,98.2059,0,0
3606.N,D,20180831,000000,98.5353,98.5353,98.5353,98.5353,0,0
3606.N,D,20180903,000000,98.4763,98.4763,98.4763,98.4763,0,0
3606.N,D,20180904,000000,98.4928,98.4928,98.4928,98.4928,0,0
3606.N,D,20180905,000000,98.8256,98.8256,98.8256,98.8256,0,0
3606.N,D,20180906,000000,99.1595,99.1595,99.1595,99.1595,0,0
3606.N,D,20180907,000000,99.0095,99.0095,99.0095,99.0095,0,0
3606.N,D,20180910,000000,98.7601,98.7601,98.7601,98.7601,0,0
3606.N,D,20180911,000000,98.7903,98.7903,98.7903,98.7903,0,0
3606.N,D,20180912,000000,98.9014,98.9014,98.9014,98.9014,0,0
3606.N,D,20180913,000000,99.2478,99.2478,99.2478,99.2478,0,0
3606.N,D,20180914,000000,98.9683,98.9683,98.9683,98.9683,0,0
3606.N,D,20180917,000000,98.4996,98.4996,98.4996,98.4996,0,0
3606.N,D,20180918,000000,98.7502,98.7502,98.7502,98.7502,0,0
3606.N,D,20180919,000000,99.1978,99.1978,99.1978,99.1978,0,0
3606.N,D,20180920,000000,99.1646,99.1646,99.1646,99.1646,0,0
3606.N,D,20180921,000000,99.586,99.586,99.586,99.586,0,0
3606.N,D,20180924,000000,99.1704,99.1704,99.1704,99.1704,0,0
3606.N,D,20180925,000000,99.1629,99.1629,99.1629,99.1629,0,0
3606.N,D,20180926,000000,98.746,98.746,98.746,98.746,0,0
3606.N,D,20180927,000000,98.535,98.535,98.535,98.535,0,0
3606.N,D,20180928,000000,98.3671,98.3671,98.3671,98.3671,0,0
3606.N,D,20181001,000000,97.6715,97.6715,97.6715,97.6715,0,0
3606.N,D,20181002,000000,97.7948,97.7948,97.7948,97.7948,0,0
3606.N,D,20181003,000000,97.5781,97.5781,97.5781,97.5781,0,0
3606.N,D,20181004,000000,98.0559,98.0559,98.0559,98.0559,0,0
3606.N,D,20181005,000000,97.9758,97.9758,97.9758,97.9758,0,0
3606.N,D,20181008,000000,98.3498,98.3498,98.3498,98.3498,0,0
3606.N,D,20181009,000000,98.0311,98.0311,98.0311,98.0311,0,0
3606.N,D,20181010,000000,98.1279,98.1279,98.1279,98.1279,0,0
3606.N,D,20181011,000000,98.0853,98.0853,98.0853,98.0853,0,0
3606.N,D,20181012,000000,97.9813,97.9813,97.9813,97.9813,0,0
3606.N,D,20181015,000000,98.2845,98.2845,98.2845,98.2845,0,0
3606.N,D,20181016,000000,97.8297,97.8297,97.8297,97.8297,0,0
3606.N,D,20181017,000000,97.7173,97.7173,97.7173,97.7173,0,0
3606.N,D,20181018,000000,97.4997,97.4997,97.4997,97.4997,0,0
3606.N,D,20181019,000000,97.3282,97.3282,97.3282,97.3282,0,0
3606.N,D,20181022,000000,97.1315,97.1315,97.1315,97.1315,0,0
3606.N,D,20181023,000000,97.5076,97.5076,97.5076,97.5076,0,0
3606.N,D,20181024,000000,97.4411,97.4411,97.4411,97.4411,0,0
3606.N,D,20181025,000000,97.4775,97.4775,97.4775,97.4775,0,0
3606.N,D,20181026,000000,97.6013,97.6013,97.6013,97.6013,0,0
3606.N,D,20181029,000000,97.484,97.484,97.484,97.484,0,0
3606.N,D,20181030,000000,97.469,97.469,97.469,97.469,0,0
3606.N,D,20181031,000000,97.659,97.659,97.659,97.659,0,0
3606.N,D,20181101,000000,98.4602,98.4602,98.4602,98.4602,0,0
3606.N,D,20181102,000000,98.2521,98.2521,98.2521,98.2521,0,0
3606.N,D,20181105,000000,98.2322,98.2322,98.2322,98.2322,0,0
3606.N,D,20181106,000000,98.4121,98.4121,98.4121,98.4121,0,0
3606.N,D,20181107,000000,98.8946,98.8946,98.8946,98.8946,0,0
3606.N,D,20181108,000000,98.9643,98.9643,98.9643,98.9643,0,0
3606.N,D,20181109,000000,98.7631,98.7631,98.7631,98.7631,0,0
3606.N,D,20181112,000000,98.5295,98.5295,98.5295,98.5295,0,0
3606.N,D,20181113,000000,98.4624,98.4624,98.4624,98.4624,0,0
3606.N,D,20181114,000000,98.8218,98.8218,98.8218,98.8218,0,0
3606.N,D,20181115,000000,99.254,99.254,99.254,99.254,0,0
3606.N,D,20181116,000000,99.037,99.037,99.037,99.037,0,0
3606.N,D,20181119,000000,98.6649,98.6649,98.6649,98.6649,0,0
3606.N,D,20181120,000000,98.9353,98.9353,98.9353,98.9353,0,0
3606.N,D,20181121,000000,99.4481,99.4481,99.4481,99.4481,0,0
3606.N,D,20181122,000000,99.979,99.979,99.979,99.979,0,0
3606.N,D,20181123,000000,99.524,99.524,99.524,99.524,0,0
3606.N,D,20181126,000000,99.2154,99.2154,99.2154,99.2154,0,0
3606.N,D,20181127,000000,99.1079,99.1079,99.1079,99.1079,0,0
3606.N,D,20181128,000000,99.4002,99.4002,99.4002,99.4002,0,0
3606.N,D,20181129,000000,99.529,99.529,99.529,99.529,0,0
3606.N,D,20181130,000000,99.702,99.702,99.702,99.702,0,0
3606.N,D,20181203,000000,99.761,99.761,99.761,99.761,0,0
3606.N,D,20181204,000000,99.77,99.77,99.77,99.77,0,0
3606.N,D,20181205,000000,99.772,99.772,99.772,99.772,0,0
3606.N,D,20181206,000000,99.634,99.634,99.634,99.634,0,0
3606.N,D,20181207,000000,99.692,99.692,99.692,99.692,0,0
3606.N,D,20181210,000000,99.922,99.922,99.922,99.922,0,0
3606.N,D,20181211,000000,99.853,99.853,99.853,99.853,0,0
3606.N,D,20181212,000000,99.835,99.835,99.835,99.835,0,0
3606.N,D,20181213,000000,99.871,99.871,99.871,99.871,0,0
3606.N,D,20181214,000000,99.877,99.877,99.877,99.877,0,0
3606.N,D,20181217,000000,99.735,99.735,99.735,99.735,0,0
3606.N,D,20181218,000000,99.872,99.872,99.872,99.872,0,0
3606.N,D,20181219,000000,99.729,99.729,99.729,99.729,0,0
3606.N,D,20181220,000000,99.718,99.718,99.718,99.718,0,0
3606.N,D,20181221,000000,99.705,99.705,99.705,99.705,0,0
3606.N,D,20181227,000000,99.849,99.849,99.849,99.849,0,0
3606.N,D,20181228,000000,99.872,99.872,99.872,99.872,0,0
3606.N,D,20181231,000000,99.917,99.917,99.917,99.917,0,0
3606.N,D,20190102,000000,99.59,99.59,99.59,99.59,0,0
3606.N,D,20190103,000000,99.469,99.469,99.469,99.469,0,0
3606.N,D,20190104,000000,99.658,99.658,99.658,99.658,0,0
3606.N,D,20190108,000000,99.808,99.808,99.808,99.808,0,0
3606.N,D,20190109,000000,100.335,100.335,100.335,100.335,0,0
3606.N,D,20190110,000000,100.398,100.398,100.398,100.398,0,0
3606.N,D,20190111,000000,100.131,100.131,100.131,100.131,0,0
3606.N,D,20190114,000000,100.148,100.148,100.148,100.148,0,0
3606.N,D,20190115,000000,99.871,99.871,99.871,99.871,0,0
3606.N,D,20190116,000000,99.473,99.473,99.473,99.473,0,0
3606.N,D,20190117,000000,99.581,99.581,99.581,99.581,0,0
3606.N,D,20190118,000000,99.3661,99.3661,99.3661,99.3661,0,0
3606.N,D,20190121,000000,99.679,99.679,99.679,99.679,0,0
3606.N,D,20190122,000000,99.748,99.748,99.748,99.748,0,0
3606.N,D,20190123,000000,99.546,99.546,99.546,99.546,0,0
3606.N,D,20190124,000000,99.617,99.617,99.617,99.617,0,0
3606.N,D,20190125,000000,99.658,99.658,99.658,99.658,0,0
3606.N,D,20190128,000000,99.811,99.811,99.811,99.811,0,0
3606.N,D,20190129,000000,99.732,99.732,99.732,99.732,0,0
3606.N,D,20190130,000000,100.025,100.025,100.025,100.025,0,0
3606.N,D,20190131,000000,100.188,100.188,100.188,100.188,0,0
3606.N,D,20190205,000000,100.427,100.427,100.427,100.427,0,0
3606.N,D,20190206,000000,100.301,100.301,100.301,100.301,0,0
3606.N,D,20190207,000000,99.568,99.568,99.568,99.568,0,0
3606.N,D,20190208,000000,99.1628,99.1628,99.1628,99.1628,0,0
3606.N,D,20190211,000000,99.1399,99.1399,99.1399,99.1399,0,0
3606.N,D,20190212,000000,99.1916,99.1916,99.1916,99.1916,0,0
3606.N,D,20190213,000000,99.684,99.684,99.684,99.684,0,0
3606.N,D,20190214,000000,99.746,99.746,99.746,99.746,0,0
3606.N,D,20190215,000000,100.35,100.35,100.35,100.35,0,0
3606.N,D,20190218,000000,100.546,100.546,100.546,100.546,0,0
3606.N,D,20190219,000000,100.722,100.722,100.722,100.722,0,0
3606.N,D,20190220,000000,100.98,100.98,100.98,100.98,0,0
3606.N,D,20190221,000000,101.099,101.099,101.099,101.099,0,0
3606.N,D,20190222,000000,101.066,101.066,101.066,101.066,0,0
3606.N,D,20190225,000000,101.506,101.506,101.506,101.506,0,0
3606.N,D,20190226,000000,101.66,101.66,101.66,101.66,0,0
3606.N,D,20190227,000000,101.572,101.572,101.572,101.572,0,0
3606.N,D,20190228,000000,101.43,101.43,101.43,101.43,0,0
3606.N,D,20190301,000000,101.261,101.261,101.261,101.261,0,0
3606.N,D,20190304,000000,101.029,101.029,101.029,101.029,0,0
3606.N,D,20190305,000000,100.949,100.949,100.949,100.949,0,0
3606.N,D,20190306,000000,100.87,100.87,100.87,100.87,0,0
3606.N,D,20190307,000000,101.144,101.144,101.144,101.144,0,0
3606.N,D,20190308,000000,100.556,100.556,100.556,100.556,0,0
3606.N,D,20190311,000000,100.084,100.084,100.084,100.084,0,0
3606.N,D,20190312,000000,100.067,100.067,100.067,100.067,0,0
3606.N,D,20190313,000000,100.022,100.022,100.022,100.022,0,0
3606.N,D,20190314,000000,100.402,100.402,100.402,100.402,0,0
3606.N,D,20190315,000000,100.56,100.56,100.56,100.56,0,0
3606.N,D,20190318,000000,100.707,100.707,100.707,100.707,0,0
3606.N,D,20190319,000000,100.365,100.365,100.365,100.365,0,0
3606.N,D,20190320,000000,100.077,100.077,100.077,100.077,0,0
3606.N,D,20190321,000000,100.306,100.306,100.306,100.306,0,0
3606.N,D,20190322,000000,99.817,99.817,99.817,99.817,0,0
3606.N,D,20190325,000000,99.639,99.639,99.639,99.639,0,0
3606.N,D,20190326,000000,99.4216,99.4216,99.4216,99.4216,0,0
3606.N,D,20190327,000000,99.2562,99.2562,99.2562,99.2562,0,0
3606.N,D,20190328,000000,99.2346,99.2346,99.2346,99.2346,0,0
3606.N,D,20190329,000000,98.7368,98.7368,98.7368,98.7368,0,0
3606.N,D,20190401,000000,98.5,98.5,98.5,98.5,0,0
3606.N,D,20190402,000000,98.4137,98.4137,98.4137,98.4137,0,0
3606.N,D,20190403,000000,97.9647,97.9647,97.9647,97.9647,0,0
3606.N,D,20190404,000000,97.935,97.935,97.935,97.935,0,0
3606.N,D,20190405,000000,97.858,97.858,97.858,97.858,0,0
3606.N,D,20190408,000000,98.08,98.08,98.08,98.08,0,0
3606.N,D,20190409,000000,97.6877,97.6877,97.6877,97.6877,0,0
3606.N,D,20190410,000000,97.9867,97.9867,97.9867,97.9867,0,0
3606.N,D,20190411,000000,97.949,97.949,97.949,97.949,0,0
3606.N,D,20190412,000000,97.8561,97.8561,97.8561,97.8561,0,0
3606.N,D,20190415,000000,97.8485,97.8485,97.8485,97.8485,0,0
3606.N,D,20190416,000000,97.5561,97.5561,97.5561,97.5561,0,0
3606.N,D,20190417,000000,97.631,97.631,97.631,97.631,0,0
3606.N,D,20190418,000000,97.4936,97.4936,97.4936,97.4936,0,0
3606.N,D,20190423,000000,98.1861,98.1861,98.1861,98.1861,0,0
3606.N,D,20190424,000000,98.1615,98.1615,98.1615,98.1615,0,0
3606.N,D,20190425,000000,97.7914,97.7914,97.7914,97.7914,0,0
3606.N,D,20190426,000000,97.8019,97.8019,97.8019,97.8019,0,0
3606.N,D,20190429,000000,97.7203,97.7203,97.7203,97.7203,0,0
3606.N,D,20190430,000000,97.9217,97.9217,97.9217,97.9217,0,0
3606.N,D,20190501,000000,98.0083,98.0083,98.0083,98.0083,0,0
3606.N,D,20190502,000000,97.6294,97.6294,97.6294,97.6294,0,0
3606.N,D,20190503,000000,97.6966,97.6966,97.6966,97.6966,0,0
3606.N,D,20190506,000000,97.5299,97.5299,97.5299,97.5299,0,0
3606.N,D,20190507,000000,97.7702,97.7702,97.7702,97.7702,0,0
3606.N,D,20190508,000000,97.8522,97.8522,97.8522,97.8522,0,0
3606.N,D,20190509,000000,97.9848,97.9848,97.9848,97.9848,0,0
3606.N,D,20190510,000000,97.9083,97.9083,97.9083,97.9083,0,0
3606.N,D,20190513,000000,98.0668,98.0668,98.0668,98.0668,0,0
3606.N,D,20190514,000000,98.1117,98.1117,98.1117,98.1117,0,0
3606.N,D,20190515,000000,97.9362,97.9362,97.9362,97.9362,0,0
3606.N,D,20190516,000000,98.4823,98.4823,98.4823,98.4823,0,0
3606.N,D,20190517,000000,98.626,98.626,98.626,98.626,0,0
3606.N,D,20190520,000000,98.6608,98.6608,98.6608,98.6608,0,0
3606.N,D,20190521,000000,99.0588,99.0588,99.0588,99.0588,0,0
3606.N,D,20190522,000000,99.2972,99.2972,99.2972,99.2972,0,0
3606.N,D,20190523,000000,99.2312,99.2312,99.2312,99.2312,0,0
3606.N,D,20190524,000000,99.4368,99.4368,99.4368,99.4368,0,0
3606.N,D,20190527,000000,99.2798,99.2798,99.2798,99.2798,0,0
3606.N,D,20190528,000000,99.4914,99.4914,99.4914,99.4914,0,0
3606.N,D,20190529,000000,99.4853,99.4853,99.4853,99.4853,0,0
3606.N,D,20190530,000000,99.2711,99.2711,99.2711,99.2711,0,0
3606.N,D,20190531,000000,99.652,99.652,99.652,99.652,0,0
3606.N,D,20190603,000000,100.316,100.316,100.316,100.316,0,0
3606.N,D,20190604,000000,100.451,100.451,100.451,100.451,0,0
3606.N,D,20190605,000000,100.672,100.672,100.672,100.672,0,0
3606.N,D,20190606,000000,101.063,101.063,101.063,101.063,0,0
3606.N,D,20190607,000000,101.138,101.138,101.138,101.138,0,0
3606.N,D,20190610,000000,101.157,101.157,101.157,101.157,0,0
3606.N,D,20190611,000000,101.363,101.363,101.363,101.363,0,0
3606.N,D,20190612,000000,101.066,101.066,101.066,101.066,0,0
3606.N,D,20190613,000000,101.269,101.269,101.269,101.269,0,0
3606.N,D,20190614,000000,101.263,101.263,101.263,101.263,0,0
3606.N,D,20190617,000000,101.356,101.356,101.356,101.356,0,0
3606.N,D,20190618,000000,101.738,101.738,101.738,101.738,0,0
3606.N,D,20190619,000000,101.857,101.857,101.857,101.857,0,0
3606.N,D,20190620,000000,101.997,101.997,101.997,101.997,0,0
3606.N,D,20190621,000000,101.935,101.935,101.935,101.935,0,0
3606.N,D,20190624,000000,102.122,102.122,102.122,102.122,0,0
3606.N,D,20190625,000000,102.204,102.204,102.204,102.204,0,0
3606.N,D,20190626,000000,102.237,102.237,102.237,102.237,0,0
3606.N,D,20190627,000000,101.704,101.704,101.704,101.704,0,0
3606.N,D,20190628,000000,101.475,101.475,101.475,101.475,0,0
3606.N,D,20190701,000000,101.281,101.281,101.281,101.281,0,0
3606.N,D,20190702,000000,101.14,101.14,101.14,101.14,0,0
3606.N,D,20190703,000000,101.589,101.589,101.589,101.589,0,0
3606.N,D,20190704,000000,101.743,101.743,101.743,101.743,0,0
3606.N,D,20190705,000000,101.696,101.696,101.696,101.696,0,0
3606.N,D,20190708,000000,101.637,101.637,101.637,101.637,0,0
3606.N,D,20190709,000000,101.379,101.379,101.379,101.379,0,0
3606.N,D,20190710,000000,101.415,101.415,101.415,101.415,0,0
3606.N,D,20190711,000000,101.172,101.172,101.172,101.172,0,0
3606.N,D,20190712,000000,101.199,101.199,101.199,101.199,0,0
3606.N,D,20190715,000000,100.744,100.744,100.744,100.744,0,0
3606.N,D,20190716,000000,100.698,100.698,100.698,100.698,0,0
3606.N,D,20190717,000000,100.571,100.571,100.571,100.571,0,0
3606.N,D,20190718,000000,100.917,100.917,100.917,100.917,0,0
3606.N,D,20190719,000000,100.513,100.513,100.513,100.513,0,0
3606.N,D,20190722,000000,100.847,100.847,100.847,100.847,0,0
3606.N,D,20190723,000000,100.857,100.857,100.857,100.857,0,0
3606.N,D,20190724,000000,100.751,100.751,100.751,100.751,0,0
3606.N,D,20190725,000000,101.273,101.273,101.273,101.273,0,0
3606.N,D,20190726,000000,101.798,101.798,101.798,101.798,0,0
3606.N,D,20190729,000000,101.834,101.834,101.834,101.834,0,0
3606.N,D,20190730,000000,101.542,101.542,101.542,101.542,0,0
3606.N,D,20190731,000000,101.526,101.526,101.526,101.526,0,0
3606.N,D,20190801,000000,101.378,101.378,101.378,101.378,0,0
3606.N,D,20190802,000000,101.096,101.096,101.096,101.096,0,0
3606.N,D,20190805,000000,100.819,100.819,100.819,100.819,0,0
3606.N,D,20190806,000000,100.723,100.723,100.723,100.723,0,0
3606.N,D,20190807,000000,100.356,100.356,100.356,100.356,0,0
3606.N,D,20190808,000000,99.504,99.504,99.504,99.504,0,0
3606.N,D,20190809,000000,99.204,99.204,99.204,99.204,0,0
3606.N,D,20190812,000000,99.513,99.513,99.513,99.513,0,0
3606.N,D,20190813,000000,99.996,99.996,99.996,99.996,0,0
3606.N,D,20190814,000000,100.601,100.601,100.601,100.601,0,0
3606.N,D,20190815,000000,100.697,100.697,100.697,100.697,0,0
3606.N,D,20190816,000000,100.569,100.569,100.569,100.569,0,0
3606.N,D,20190819,000000,100.696,100.696,100.696,100.696,0,0
3606.N,D,20190820,000000,100.575,100.575,100.575,100.575,0,0
3606.N,D,20190821,000000,100.581,100.581,100.581,100.581,0,0
3606.N,D,20190822,000000,101.053,101.053,101.053,101.053,0,0
3606.N,D,20190823,000000,100.71,100.71,100.71,100.71,0,0
3606.N,D,20190826,000000,100.694,100.694,100.694,100.694,0,0
3606.N,D,20190827,000000,100.966,100.966,100.966,100.966,0,0
3606.N,D,20190828,000000,101.085,101.085,101.085,101.085,0,0
3606.N,D,20190829,000000,100.938,100.938,100.938,100.938,0,0
3606.N,D,20190830,000000,100.887,100.887,100.887,100.887,0,0
3606.N,D,20190902,000000,100.842,100.842,100.842,100.842,0,0
3606.N,D,20190903,000000,100.831,100.831,100.831,100.831,0,0
3606.N,D,20190904,000000,101.26,101.26,101.26,101.26,0,0
3606.N,D,20190905,000000,101.841,101.841,101.841,101.841,0,0
3606.N,D,20190906,000000,101.636,101.636,101.636,101.636,0,0
3606.N,D,20190909,000000,101.576,101.576,101.576,101.576,0,0
3606.N,D,20190910,000000,101.819,101.819,101.819,101.819,0,0
3606.N,D,20190911,000000,102.071,102.071,102.071,102.071,0,0
3606.N,D,20190912,000000,101.943,101.943,101.943,101.943,0,0
3606.N,D,20190913,000000,101.98,101.98,101.98,101.98,0,0
3606.N,D,20190916,000000,101.872,101.872,101.872,101.872,0,0
3606.N,D,20190917,000000,101.865,101.865,101.865,101.865,0,0
3606.N,D,20190918,000000,101.781,101.781,101.781,101.781,0,0
3606.N,D,20190919,000000,101.577,101.577,101.577,101.577,0,0
3606.N,D,20190920,000000,101.787,101.787,101.787,101.787,0,0
3606.N,D,20190923,000000,101.815,101.815,101.815,101.815,0,0
3606.N,D,20190924,000000,101.895,101.895,101.895,101.895,0,0
3606.N,D,20190925,000000,101.683,101.683,101.683,101.683,0,0
3606.N,D,20190926,000000,101.434,101.434,101.434,101.434,0,0
3606.N,D,20190927,000000,101.104,101.104,101.104,101.104,0,0
3606.N,D,20190930,000000,100.737,100.737,100.737,100.737,0,0
3606.N,D,20191001,000000,100.812,100.812,100.812,100.812,0,0
3606.N,D,20191002,000000,100.869,100.869,100.869,100.869,0,0
3606.N,D,20191003,000000,100.8,100.8,100.8,100.8,0,0
3606.N,D,20191004,000000,101.008,101.008,101.008,101.008,0,0
3606.N,D,20191007,000000,101.167,101.167,101.167,101.167,0,0
3606.N,D,20191008,000000,101.334,101.334,101.334,101.334,0,0
3606.N,D,20191009,000000,101.729,101.729,101.729,101.729,0,0
3606.N,D,20191010,000000,101.408,101.408,101.408,101.408,0,0
3606.N,D,20191011,000000,101.196,101.196,101.196,101.196,0,0
3606.N,D,20191014,000000,101.604,101.604,101.604,101.604,0,0
3606.N,D,20191015,000000,101.767,101.767,101.767,101.767,0,0
3606.N,D,20191016,000000,101.765,101.765,101.765,101.765,0,0
3606.N,D,20191017,000000,102.137,102.137,102.137,102.137,0,0
3606.N,D,20191018,000000,101.668,101.668,101.668,101.668,0,0
3606.N,D,20191021,000000,101.344,101.344,101.344,101.344,0,0
3606.N,D,20191022,000000,101.043,101.043,101.043,101.043,0,0
3606.N,D,20191023,000000,101.014,101.014,101.014,101.014,0,0
3606.N,D,20191029,000000,101.392,101.392,101.392,101.392,0,0
3606.N,D,20191030,000000,101.422,101.422,101.422,101.422,0,0
3606.N,D,20191031,000000,100.662,100.662,100.662,100.662,0,0
3606.N,D,20191101,000000,100.77,100.77,100.77,100.77,0,0
3606.N,D,20191104,000000,100.789,100.789,100.789,100.789,0,0
3606.N,D,20191105,000000,100.455,100.455,100.455,100.455,0,0
3606.N,D,20191106,000000,100.586,100.586,100.586,100.586,0,0
3606.N,D,20191107,000000,100.446,100.446,100.446,100.446,0,0
3606.N,D,20191108,000000,100.789,100.789,100.789,100.789,0,0
3606.N,D,20191111,000000,100.81,100.81,100.81,100.81,0,0
3606.N,D,20191112,000000,100.702,100.702,100.702,100.702,0,0
3606.N,D,20191113,000000,100.872,100.872,100.872,100.872,0,0
3606.N,D,20191114,000000,100.417,100.417,100.417,100.417,0,0
3606.N,D,20191115,000000,100.63,100.63,100.63,100.63,0,0
3606.N,D,20191118,000000,100.95,100.95,100.95,100.95,0,0
3606.N,D,20191119,000000,100.946,100.946,100.946,100.946,0,0
3606.N,D,20191120,000000,101.151,101.151,101.151,101.151,0,0
3606.N,D,20191121,000000,101.198,101.198,101.198,101.198,0,0
3606.N,D,20191122,000000,101.161,101.161,101.161,101.161,0,0
3606.N,D,20191125,000000,101.118,101.118,101.118,101.118,0,0
3606.N,D,20191126,000000,101.623,101.623,101.623,101.623,0,0
3606.N,D,20191127,000000,101.174,101.174,101.174,101.174,0,0
3606.N,D,20191128,000000,101.4,101.4,101.4,101.4,0,0
3606.N,D,20191129,000000,101.365,101.365,101.365,101.365,0,0
3606.N,D,20191202,000000,101.231,101.231,101.231,101.231,0,0
3606.N,D,20191203,000000,101.626,101.626,101.626,101.626,0,0
3606.N,D,20191204,000000,101.555,101.555,101.555,101.555,0,0
3606.N,D,20191205,000000,101.636,101.636,101.636,101.636,0,0
3606.N,D,20191206,000000,101.596,101.596,101.596,101.596,0,0
3606.N,D,20191209,000000,101.28,101.28,101.28,101.28,0,0
3606.N,D,20191210,000000,101.729,101.729,101.729,101.729,0,0
3606.N,D,20191211,000000,101.992,101.992,101.992,101.992,0,0
3606.N,D,20191212,000000,101.468,101.468,101.468,101.468,0,0
3606.N,D,20191213,000000,101.673,101.673,101.673,101.673,0,0
3606.N,D,20191216,000000,102.101,102.101,102.101,102.101,0,0
3606.N,D,20191217,000000,102.29,102.29,102.29,102.29,0,0
3606.N,D,20191218,000000,102.181,102.181,102.181,102.181,0,0
3606.N,D,20191219,000000,102.475,102.475,102.475,102.475,0,0
3606.N,D,20191220,000000,102.924,102.924,102.924,102.924,0,0
3606.N,D,20191223,000000,103.442,103.442,103.442,103.442,0,0
3606.N,D,20191227,000000,103.507,103.507,103.507,103.507,0,0
3606.N,D,20191230,000000,103.879,103.879,103.879,103.879,0,0
3606.N,D,20191231,000000,103.939,103.939,103.939,103.939,0,0
3606.N,D,20200102,000000,103.854,103.854,103.854,103.854,0,0
3606.N,D,20200103,000000,104.39,104.39,104.39,104.39,0,0
3606.N,D,20200106,000000,104.679,104.679,104.679,104.679,0,0
3606.N,D,20200107,000000,104.624,104.624,104.624,104.624,0,0
3606.N,D,20200108,000000,104.751,104.751,104.751,104.751,0,0
3606.N,D,20200109,000000,105.019,105.019,105.019,105.019,0,0
3606.N,D,20200110,000000,105.695,105.695,105.695,105.695,0,0
3606.N,D,20200113,000000,105.752,105.752,105.752,105.752,0,0
3606.N,D,20200114,000000,106.044,106.044,106.044,106.044,0,0
3606.N,D,20200115,000000,106.069,106.069,106.069,106.069,0,0
3606.N,D,20200116,000000,106.395,106.395,106.395,106.395,0,0
3606.N,D,20200117,000000,106.663,106.663,106.663,106.663,0,0
3606.N,D,20200120,000000,106.871,106.871,106.871,106.871,0,0
3606.N,D,20200121,000000,107.056,107.056,107.056,107.056,0,0
3606.N,D,20200122,000000,107.371,107.371,107.371,107.371,0,0
3606.N,D,20200123,000000,107.654,107.654,107.654,107.654,0,0
3606.N,D,20200124,000000,107.486,107.486,107.486,107.486,0,0
3606.N,D,20200127,000000,107.234,107.234,107.234,107.234,0,0
3606.N,D,20200128,000000,107.17,107.17,107.17,107.17,0,0
3606.N,D,20200129,000000,106.897,106.897,106.897,106.897,0,0
3606.N,D,20200130,000000,106.948,106.948,106.948,106.948,0,0
3606.N,D,20200131,000000,107.596,107.596,107.596,107.596,0,0
3606.N,D,20200203,000000,107.696,107.696,107.696,107.696,0,0
3606.N,D,20200204,000000,107.361,107.361,107.361,107.361,0,0
3606.N,D,20200205,000000,107.267,107.267,107.267,107.267,0,0
3606.N,D,20200206,000000,107.381,107.381,107.381,107.381,0,0
3606.N,D,20200207,000000,107.976,107.976,107.976,107.976,0,0
3606.N,D,20200210,000000,107.709,107.709,107.709,107.709,0,0
3606.N,D,20200211,000000,108.039,108.039,108.039,108.039,0,0
3606.N,D,20200212,000000,107.578,107.578,107.578,107.578,0,0
3606.N,D,20200213,000000,107.684,107.684,107.684,107.684,0,0
3606.N,D,20200214,000000,107.866,107.866,107.866,107.866,0,0
3606.N,D,20200217,000000,107.771,107.771,107.771,107.771,0,0
3606.N,D,20200218,000000,108.419,108.419,108.419,108.419,0,0
3606.N,D,20200219,000000,108.319,108.319,108.319,108.319,0,0
3606.N,D,20200220,000000,107.927,107.927,107.927,107.927,0,0
3606.N,D,20200221,000000,108.189,108.189,108.189,108.189,0,0
3606.N,D,20200224,000000,107.607,107.607,107.607,107.607,0,0
3606.N,D,20200225,000000,108.037,108.037,108.037,108.037,0,0
3606.N,D,20200226,000000,107.813,107.813,107.813,107.813,0,0
3606.N,D,20200227,000000,107.998,107.998,107.998,107.998,0,0
3606.N,D,20200228,000000,108.719,108.719,108.719,108.719,0,0
3606.N,D,20200302,000000,108.654,108.654,108.654,108.654,0,0
3606.N,D,20200303,000000,108.816,108.816,108.816,108.816,0,0
3606.N,D,20200304,000000,108.866,108.866,108.866,108.866,0,0
3606.N,D,20200305,000000,109.227,109.227,109.227,109.227,0,0
3606.N,D,20200306,000000,108.5706,108.5706,108.5706,108.5706,0,0
3606.N,D,20200309,000000,108.303,108.303,108.303,108.303,0,0
3606.N,D,20200310,000000,108.5179,108.5179,108.5179,108.5179,0,0
3606.N,D,20200311,000000,107.7804,107.7804,107.7804,107.7804,0,0
3606.N,D,20200312,000000,108.0883,108.0883,108.0883,108.0883,0,0
3606.N,D,20200313,000000,108.0047,108.0047,108.0047,108.0047,0,0
3606.N,D,20200316,000000,106.1873,106.1873,106.1873,106.1873,0,0
3606.N,D,20200317,000000,105.9175,105.9175,105.9175,105.9175,0,0
3606.N,D,20200318,000000,104.5846,104.5846,104.5846,104.5846,0,0
3606.N,D,20200319,000000,103.864,103.864,103.864,103.864,0,0
3606.N,D,20200320,000000,103.911,103.911,103.911,103.911,0,0
3606.N,D,20200323,000000,104.3014,104.3014,104.3014,104.3014,0,0
3606.N,D,20200324,000000,104.2205,104.2205,104.2205,104.2205,0,0
3606.N,D,20200325,000000,104.3988,104.3988,104.3988,104.3988,0,0
3606.N,D,20200326,000000,104.1519,104.1519,104.1519,104.1519,0,0
3606.N,D,20200327,000000,104.2839,104.2839,104.2839,104.2839,0,0
3606.N,D,20200330,000000,104.5366,104.5366,104.5366,104.5366,0,0
3606.N,D,20200331,000000,104.2414,104.2414,104.2414,104.2414,0,0
3606.N,D,20200401,000000,104.8132,104.8132,104.8132,104.8132,0,0
3606.N,D,20200402,000000,104.8845,104.8845,104.8845,104.8845,0,0
3606.N,D,20200403,000000,105.3222,105.3222,105.3222,105.3222,0,0
3606.N,D,20200406,000000,105.597,105.597,105.597,105.597,0,0
3606.N,D,20200407,000000,105.0764,105.0764,105.0764,105.0764,0,0
3606.N,D,20200408,000000,105.0897,105.0897,105.0897,105.0897,0,0
3606.N,D,20200409,000000,104.8357,104.8357,104.8357,104.8357,0,0
3606.N,D,20200414,000000,104.9394,104.9394,104.9394,104.9394,0,0
3606.N,D,20200415,000000,105.3695,105.3695,105.3695,105.3695,0,0
3606.N,D,20200416,000000,105.6729,105.6729,105.6729,105.6729,0,0
3606.N,D,20200417,000000,105.8651,105.8651,105.8651,105.8651,0,0
3606.N,D,20200420,000000,105.9787,105.9787,105.9787,105.9787,0,0
3606.N,D,20200421,000000,105.8905,105.8905,105.8905,105.8905,0,0
3606.N,D,20200422,000000,106.2132,106.2132,106.2132,106.2132,0,0
3606.N,D,20200423,000000,106.105,106.105,106.105,106.105,0,0
3606.N,D,20200424,000000,106.5209,106.5209,106.5209,106.5209,0,0
3606.N,D,20200427,000000,106.2945,106.2945,106.2945,106.2945,0,0
3606.N,D,20200428,000000,106.0279,106.0279,106.0279,106.0279,0,0
3606.N,D,20200429,000000,105.3298,105.3298,105.3298,105.3298,0,0
3606.N,D,20200430,000000,105.7669,105.7669,105.7669,105.7669,0,0
3606.N,D,20200504,000000,106.0015,106.0015,106.0015,106.0015,0,0
3606.N,D,20200505,000000,106.0674,106.0674,106.0674,106.0674,0,0
3606.N,D,20200506,000000,106.2727,106.2727,106.2727,106.2727,0,0
3606.N,D,20200507,000000,106.3323,106.3323,106.3323,106.3323,0,0
3606.N,D,20200508,000000,106.3153,106.3153,106.3153,106.3153,0,0
3606.N,D,20200511,000000,105.9324,105.9324,105.9324,105.9324,0,0
3606.N,D,20200512,000000,106.1092,106.1092,106.1092,106.1092,0,0
3606.N,D,20200513,000000,106.6545,106.6545,106.6545,106.6545,0,0
3606.N,D,20200514,000000,106.5995,106.5995,106.5995,106.5995,0,0
3606.N,D,20200515,000000,106.6969,106.6969,106.6969,106.6969,0,0
3606.N,D,20200518,000000,106.3273,106.3273,106.3273,106.3273,0,0
3606.N,D,20200519,000000,106.6302,106.6302,106.6302,106.6302,0,0
3606.N,D,20200520,000000,106.5973,106.5973,106.5973,106.5973,0,0
3606.N,D,20200521,000000,106.4734,106.4734,106.4734,106.4734,0,0
3606.N,D,20200522,000000,106.2331,106.2331,106.2331,106.2331,0,0
3606.N,D,20200525,000000,106.1808,106.1808,106.1808,106.1808,0,0
3606.N,D,20200526,000000,105.3952,105.3952,105.3952,105.3952,0,0
3606.N,D,20200527,000000,104.8132,104.8132,104.8132,104.8132,0,0
3606.N,D,20200528,000000,105.3715,105.3715,105.3715,105.3715,0,0
3606.N,D,20200529,000000,105.6815,105.6815,105.6815,105.6815,0,0
3606.N,D,20200601,000000,105.5186,105.5186,105.5186,105.5186,0,0
3606.N,D,20200602,000000,105.6287,105.6287,105.6287,105.6287,0,0
3606.N,D,20200603,000000,105.2023,105.2023,105.2023,105.2023,0,0
3606.N,D,20200604,000000,105.3895,105.3895,105.3895,105.3895,0,0
3606.N,D,20200605,000000,105.2288,105.2288,105.2288,105.2288,0,0
3606.N,D,20200608,000000,104.4888,104.4888,104.4888,104.4888,0,0
3606.N,D,20200609,000000,104.8537,104.8537,104.8537,104.8537,0,0
3606.N,D,20200610,000000,105.2594,105.2594,105.2594,105.2594,0,0
3606.N,D,20200611,000000,105.7268,105.7268,105.7268,105.7268,0,0
3606.N,D,20200612,000000,106.1329,106.1329,106.1329,106.1329,0,0
3606.N,D,20200615,000000,106.0673,106.0673,106.0673,106.0673,0,0
3606.N,D,20200616,000000,106.3067,106.3067,106.3067,106.3067,0,0
3606.N,D,20200617,000000,106.3476,106.3476,106.3476,106.3476,0,0
3606.N,D,20200618,000000,106.4465,106.4465,106.4465,106.4465,0,0
3606.N,D,20200619,000000,106.6276,106.6276,106.6276,106.6276,0,0
3606.N,D,20200622,000000,107.2285,107.2285,107.2285,107.2285,0,0
3606.N,D,20200623,000000,107.2304,107.2304,107.2304,107.2304,0,0
3606.N,D,20200624,000000,107.0552,107.0552,107.0552,107.0552,0,0
3606.N,D,20200625,000000,107.0349,107.0349,107.0349,107.0349,0,0
3606.N,D,20200626,000000,107.0449,107.0449,107.0449,107.0449,0,0
3606.N,D,20200629,000000,107.0903,107.0903,107.0903,107.0903,0,0
3606.N,D,20200630,000000,107.0812,107.0812,107.0812,107.0812,0,0
3606.N,D,20200701,000000,107.3187,107.3187,107.3187,107.3187,0,0
3606.N,D,20200702,000000,107.6409,107.6409,107.6409,107.6409,0,0
3606.N,D,20200703,000000,107.7869,107.7869,107.7869,107.7869,0,0
3606.N,D,20200706,000000,107.6133,107.6133,107.6133,107.6133,0,0
3606.N,D,20200707,000000,107.3359,107.3359,107.3359,107.3359,0,0
3606.N,D,20200708,000000,107.5708,107.5708,107.5708,107.5708,0,0
3606.N,D,20200709,000000,107.9034,107.9034,107.9034,107.9034,0,0
3606.N,D,20200710,000000,107.8292,107.8292,107.8292,107.8292,0,0
3606.N,D,20200713,000000,108.0863,108.0863,108.0863,108.0863,0,0
3606.N,D,20200714,000000,107.9717,107.9717,107.9717,107.9717,0,0
3606.N,D,20200715,000000,107.7337,107.7337,107.7337,107.7337,0,0
3606.N,D,20200716,000000,107.9818,107.9818,107.9818,107.9818,0,0
3606.N,D,20200717,000000,108.0829,108.0829,108.0829,108.0829,0,0
3606.N,D,20200720,000000,107.7965,107.7965,107.7965,107.7965,0,0
3606.N,D,20200721,000000,107.9509,107.9509,107.9509,107.9509,0,0
3606.N,D,20200722,000000,107.7573,107.7573,107.7573,107.7573,0,0
3606.N,D,20200723,000000,108.1857,108.1857,108.1857,108.1857,0,0
3606.N,D,20200724,000000,108.0234,108.0234,108.0234,108.0234,0,0
3606.N,D,20200727,000000,108.297,108.297,108.297,108.297,0,0
3606.N,D,20200728,000000,108.2273,108.2273,108.2273,108.2273,0,0
3606.N,D,20200729,000000,108.441,108.441,108.441,108.441,0,0
3606.N,D,20200730,000000,108.0071,108.0071,108.0071,108.0071,0,0
3606.N,D,20200731,000000,107.5355,107.5355,107.5355,107.5355,0,0
3606.N,D,20200803,000000,107.6163,107.6163,107.6163,107.6163,0,0
3606.N,D,20200804,000000,107.6452,107.6452,107.6452,107.6452,0,0
3606.N,D,20200805,000000,107.6433,107.6433,107.6433,107.6433,0,0
3606.N,D,20200806,000000,107.3838,107.3838,107.3838,107.3838,0,0
3606.N,D,20200807,000000,106.7453,106.7453,106.7453,106.7453,0,0
3606.N,D,20200810,000000,106.667,106.667,106.667,106.667,0,0
3606.N,D,20200811,000000,106.3942,106.3942,106.3942,106.3942,0,0
3606.N,D,20200812,000000,106.4979,106.4979,106.4979,106.4979,0,0
3606.N,D,20200813,000000,106.2741,106.2741,106.2741,106.2741,0,0
3606.N,D,20200814,000000,105.9878,105.9878,105.9878,105.9878,0,0
3606.N,D,20200817,000000,105.974,105.974,105.974,105.974,0,0
3606.N,D,20200818,000000,106.0467,106.0467,106.0467,106.0467,0,0
3606.N,D,20200819,000000,105.7689,105.7689,105.7689,105.7689,0,0
3606.N,D,20200820,000000,105.6635,105.6635,105.6635,105.6635,0,0
3606.N,D,20200821,000000,106.0155,106.0155,106.0155,106.0155,0,0
3606.N,D,20200824,000000,105.858,105.858,105.858,105.858,0,0
3606.N,D,20200825,000000,105.8136,105.8136,105.8136,105.8136,0,0
3606.N,D,20200826,000000,105.8809,105.8809,105.8809,105.8809,0,0
3606.N,D,20200827,000000,106.2355,106.2355,106.2355,106.2355,0,0
3606.N,D,20200828,000000,106.4223,106.4223,106.4223,106.4223,0,0
3606.N,D,20200831,000000,106.477,106.477,106.477,106.477,0,0
3606.N,D,20200901,000000,106.7362,106.7362,106.7362,106.7362,0,0
3606.N,D,20200902,000000,107.132,107.132,107.132,107.132,0,0
3606.N,D,20200903,000000,106.6057,106.6057,106.6057,106.6057,0,0
3606.N,D,20200904,000000,105.6657,105.6657,105.6657,105.6657,0,0
3606.N,D,20200907,000000,105.531,105.531,105.531,105.531,0,0
3606.N,D,20200908,000000,105.0373,105.0373,105.0373,105.0373,0,0
3606.N,D,20200909,000000,104.7283,104.7283,104.7283,104.7283,0,0
3606.N,D,20200910,000000,105.3039,105.3039,105.3039,105.3039,0,0
3606.N,D,20200911,000000,105.4677,105.4677,105.4677,105.4677,0,0
3606.N,D,20200914,000000,106.5391,106.5391,106.5391,106.5391,0,0
3606.N,D,20200915,000000,106.3521,106.3521,106.3521,106.3521,0,0
3606.N,D,20200916,000000,106.3817,106.3817,106.3817,106.3817,0,0
3606.N,D,20200917,000000,106.3771,106.3771,106.3771,106.3771,0,0
3606.N,D,20200918,000000,106.4721,106.4721,106.4721,106.4721,0,0
3606.N,D,20200921,000000,106.4427,106.4427,106.4427,106.4427,0,0
3606.N,D,20200922,000000,106.016,106.016,106.016,106.016,0,0
3606.N,D,20200923,000000,106.4486,106.4486,106.4486,106.4486,0,0
3606.N,D,20200924,000000,106.5921,106.5921,106.5921,106.5921,0,0
3606.N,D,20200925,000000,106.215,106.215,106.215,106.215,0,0
3606.N,D,20200928,000000,106.2237,106.2237,106.2237,106.2237,0,0
3606.N,D,20200929,000000,106.2279,106.2279,106.2279,106.2279,0,0
3606.N,D,20200930,000000,105.8449,105.8449,105.8449,105.8449,0,0
3606.N,D,20201001,000000,106.2209,106.2209,106.2209,106.2209,0,0
3606.N,D,20201002,000000,105.8978,105.8978,105.8978,105.8978,0,0
3606.N,D,20201005,000000,105.9464,105.9464,105.9464,105.9464,0,0
3606.N,D,20201006,000000,105.2803,105.2803,105.2803,105.2803,0,0
3606.N,D,20201007,000000,105.4171,105.4171,105.4171,105.4171,0,0
3606.N,D,20201008,000000,105.2417,105.2417,105.2417,105.2417,0,0
3606.N,D,20201009,000000,105.733,105.733,105.733,105.733,0,0
3606.N,D,20201012,000000,106.0677,106.0677,106.0677,106.0677,0,0
3606.N,D,20201013,000000,106.6283,106.6283,106.6283,106.6283,0,0
3606.N,D,20201014,000000,106.2883,106.2883,106.2883,106.2883,0,0
3606.N,D,20201015,000000,106.3621,106.3621,106.3621,106.3621,0,0
