<TICKER>,<PER>,<DATE>,<TIME>,<OPEN>,<HIGH>,<LOW>,<CLOSE>,<VOL>,<OPENINT>
4926.N,D,20160331,000000,100,100,100,100,0,0
4926.N,D,20160401,000000,100,100,100,100,0,0
4926.N,D,20160404,000000,100,100,100,100,0,0
4926.N,D,20160405,000000,100,100,100,100,0,0
4926.N,D,20160406,000000,100,100,100,100,0,0
4926.N,D,20160407,000000,100,100,100,100,0,0
4926.N,D,20160408,000000,100,100,100,100,0,0
4926.N,D,20160411,000000,100,100,100,100,0,0
4926.N,D,20160412,000000,100,100,100,100,0,0
4926.N,D,20160413,000000,100,100,100,100,0,0
4926.N,D,20160414,000000,100,100,100,100,0,0
4926.N,D,20160415,000000,100,100,100,100,0,0
4926.N,D,20160418,000000,100,100,100,100,0,0
4926.N,D,20160419,000000,100,100,100,100,0,0
4926.N,D,20160420,000000,100,100,100,100,0,0
4926.N,D,20160421,000000,100,100,100,100,0,0
4926.N,D,20160422,000000,100,100,100,100,0,0
4926.N,D,20160425,000000,100,100,100,100,0,0
4926.N,D,20160426,000000,100,100,100,100,0,0
4926.N,D,20160427,000000,100,100,100,100,0,0
4926.N,D,20160428,000000,100,100,100,100,0,0
4926.N,D,20160429,000000,100,100,100,100,0,0
4926.N,D,20160502,000000,100,100,100,100,0,0
4926.N,D,20160504,000000,100,100,100,100,0,0
4926.N,D,20160505,000000,100,100,100,100,0,0
4926.N,D,20160506,000000,100,100,100,100,0,0
4926.N,D,20160509,000000,100,100,100,100,0,0
4926.N,D,20160510,000000,100,100,100,100,0,0
4926.N,D,20160511,000000,100,100,100,100,0,0
4926.N,D,20160512,000000,100,100,100,100,0,0
4926.N,D,20160513,000000,100,100,100,100,0,0
4926.N,D,20160516,000000,100,100,100,100,0,0
4926.N,D,20160517,000000,100,100,100,100,0,0
4926.N,D,20160518,000000,100,100,100,100,0,0
4926.N,D,20160519,000000,100,100,100,100,0,0
4926.N,D,20160520,000000,100,100,100,100,0,0
4926.N,D,20160523,000000,100,100,100,100,0,0
4926.N,D,20160524,000000,100,100,100,100,0,0
4926.N,D,20160525,000000,100,100,100,100,0,0
4926.N,D,20160527,000000,100,100,100,100,0,0
4926.N,D,20160530,000000,100,100,100,100,0,0
4926.N,D,20160531,000000,100.71,100.71,100.71,100.71,0,0
4926.N,D,20160601,000000,100.71,100.71,100.71,100.71,0,0
4926.N,D,20160602,000000,100.71,100.71,100.71,100.71,0,0
4926.N,D,20160603,000000,100.71,100.71,100.71,100.71,0,0
4926.N,D,20160606,000000,100.71,100.71,100.71,100.71,0,0
4926.N,D,20160607,000000,100.71,100.71,100.71,100.71,0,0
4926.N,D,20160608,000000,100.71,100.71,100.71,100.71,0,0
4926.N,D,20160609,000000,100.71,100.71,100.71,100.71,0,0
4926.N,D,20160610,000000,100.71,100.71,100.71,100.71,0,0
4926.N,D,20160613,000000,100.71,100.71,100.71,100.71,0,0
4926.N,D,20160614,000000,100.71,100.71,100.71,100.71,0,0
4926.N,D,20160615,000000,100.71,100.71,100.71,100.71,0,0
4926.N,D,20160616,000000,100.71,100.71,100.71,100.71,0,0
4926.N,D,20160617,000000,100.71,100.71,100.71,100.71,0,0
4926.N,D,20160620,000000,100.71,100.71,100.71,100.71,0,0
4926.N,D,20160621,000000,100.71,100.71,100.71,100.71,0,0
4926.N,D,20160622,000000,100.71,100.71,100.71,100.71,0,0
4926.N,D,20160623,000000,100.71,100.71,100.71,100.71,0,0
4926.N,D,20160624,000000,100.71,100.71,100.71,100.71,0,0
4926.N,D,20160627,000000,100.71,100.71,100.71,100.71,0,0
4926.N,D,20160628,000000,100.71,100.71,100.71,100.71,0,0
4926.N,D,20160629,000000,100.71,100.71,100.71,100.71,0,0
4926.N,D,20160630,000000,100.77,100.77,100.77,100.77,0,0
4926.N,D,20160701,000000,100.77,100.77,100.77,100.77,0,0
4926.N,D,20160704,000000,100.77,100.77,100.77,100.77,0,0
4926.N,D,20160705,000000,100.77,100.77,100.77,100.77,0,0
4926.N,D,20160706,000000,100.77,100.77,100.77,100.77,0,0
4926.N,D,20160707,000000,100.77,100.77,100.77,100.77,0,0
4926.N,D,20160708,000000,100.77,100.77,100.77,100.77,0,0
4926.N,D,20160711,000000,100.77,100.77,100.77,100.77,0,0
4926.N,D,20160712,000000,100.77,100.77,100.77,100.77,0,0
4926.N,D,20160713,000000,100.77,100.77,100.77,100.77,0,0
4926.N,D,20160714,000000,100.77,100.77,100.77,100.77,0,0
4926.N,D,20160715,000000,100.77,100.77,100.77,100.77,0,0
4926.N,D,20160718,000000,100.77,100.77,100.77,100.77,0,0
4926.N,D,20160719,000000,100.77,100.77,100.77,100.77,0,0
4926.N,D,20160720,000000,100.77,100.77,100.77,100.77,0,0
4926.N,D,20160721,000000,100.77,100.77,100.77,100.77,0,0
4926.N,D,20160722,000000,100.77,100.77,100.77,100.77,0,0
4926.N,D,20160725,000000,100.77,100.77,100.77,100.77,0,0
4926.N,D,20160726,000000,100.77,100.77,100.77,100.77,0,0
4926.N,D,20160727,000000,100.77,100.77,100.77,100.77,0,0
4926.N,D,20160728,000000,100.77,100.77,100.77,100.77,0,0
4926.N,D,20160729,000000,101.22,101.22,101.22,101.22,0,0
4926.N,D,20160801,000000,101.22,101.22,101.22,101.22,0,0
4926.N,D,20160802,000000,101.22,101.22,101.22,101.22,0,0
4926.N,D,20160803,000000,101.22,101.22,101.22,101.22,0,0
4926.N,D,20160804,000000,101.22,101.22,101.22,101.22,0,0
4926.N,D,20160805,000000,101.22,101.22,101.22,101.22,0,0
4926.N,D,20160808,000000,101.22,101.22,101.22,101.22,0,0
4926.N,D,20160809,000000,101.22,101.22,101.22,101.22,0,0
4926.N,D,20160810,000000,101.22,101.22,101.22,101.22,0,0
4926.N,D,20160811,000000,101.22,101.22,101.22,101.22,0,0
4926.N,D,20160812,000000,101.22,101.22,101.22,101.22,0,0
4926.N,D,20160816,000000,101.22,101.22,101.22,101.22,0,0
4926.N,D,20160817,000000,101.22,101.22,101.22,101.22,0,0
4926.N,D,20160818,000000,101.22,101.22,101.22,101.22,0,0
4926.N,D,20160819,000000,101.22,101.22,101.22,101.22,0,0
4926.N,D,20160822,000000,101.22,101.22,101.22,101.22,0,0
4926.N,D,20160823,000000,101.22,101.22,101.22,101.22,0,0
4926.N,D,20160824,000000,101.22,101.22,101.22,101.22,0,0
4926.N,D,20160825,000000,101.22,101.22,101.22,101.22,0,0
4926.N,D,20160826,000000,101.22,101.22,101.22,101.22,0,0
4926.N,D,20160829,000000,101.22,101.22,101.22,101.22,0,0
4926.N,D,20160830,000000,101.22,101.22,101.22,101.22,0,0
4926.N,D,20160831,000000,102.02,102.02,102.02,102.02,0,0
4926.N,D,20160901,000000,102.02,102.02,102.02,102.02,0,0
4926.N,D,20160902,000000,102.02,102.02,102.02,102.02,0,0
4926.N,D,20160905,000000,102.02,102.02,102.02,102.02,0,0
4926.N,D,20160906,000000,102.02,102.02,102.02,102.02,0,0
4926.N,D,20160907,000000,102.02,102.02,102.02,102.02,0,0
4926.N,D,20160908,000000,102.02,102.02,102.02,102.02,0,0
4926.N,D,20160909,000000,102.02,102.02,102.02,102.02,0,0
4926.N,D,20160912,000000,102.02,102.02,102.02,102.02,0,0
4926.N,D,20160913,000000,102.02,102.02,102.02,102.02,0,0
4926.N,D,20160914,000000,102.02,102.02,102.02,102.02,0,0
4926.N,D,20160915,000000,102.02,102.02,102.02,102.02,0,0
4926.N,D,20160916,000000,102.02,102.02,102.02,102.02,0,0
4926.N,D,20160919,000000,102.02,102.02,102.02,102.02,0,0
4926.N,D,20160920,000000,102.02,102.02,102.02,102.02,0,0
4926.N,D,20160921,000000,102.02,102.02,102.02,102.02,0,0
4926.N,D,20160922,000000,102.02,102.02,102.02,102.02,0,0
4926.N,D,20160923,000000,102.02,102.02,102.02,102.02,0,0
4926.N,D,20160926,000000,102.02,102.02,102.02,102.02,0,0
4926.N,D,20160927,000000,102.02,102.02,102.02,102.02,0,0
4926.N,D,20160928,000000,102.02,102.02,102.02,102.02,0,0
4926.N,D,20160929,000000,102.02,102.02,102.02,102.02,0,0
4926.N,D,20160930,000000,103.29,103.29,103.29,103.29,0,0
4926.N,D,20161003,000000,103.29,103.29,103.29,103.29,0,0
4926.N,D,20161004,000000,103.29,103.29,103.29,103.29,0,0
4926.N,D,20161005,000000,103.29,103.29,103.29,103.29,0,0
4926.N,D,20161006,000000,103.29,103.29,103.29,103.29,0,0
4926.N,D,20161007,000000,103.29,103.29,103.29,103.29,0,0
4926.N,D,20161010,000000,103.29,103.29,103.29,103.29,0,0
4926.N,D,20161011,000000,103.29,103.29,103.29,103.29,0,0
4926.N,D,20161012,000000,103.29,103.29,103.29,103.29,0,0
4926.N,D,20161013,000000,103.29,103.29,103.29,103.29,0,0
4926.N,D,20161014,000000,103.29,103.29,103.29,103.29,0,0
4926.N,D,20161017,000000,103.29,103.29,103.29,103.29,0,0
4926.N,D,20161018,000000,103.29,103.29,103.29,103.29,0,0
4926.N,D,20161019,000000,103.29,103.29,103.29,103.29,0,0
4926.N,D,20161020,000000,103.29,103.29,103.29,103.29,0,0
4926.N,D,20161021,000000,103.29,103.29,103.29,103.29,0,0
4926.N,D,20161024,000000,103.29,103.29,103.29,103.29,0,0
4926.N,D,20161025,000000,103.29,103.29,103.29,103.29,0,0
4926.N,D,20161026,000000,103.29,103.29,103.29,103.29,0,0
4926.N,D,20161027,000000,103.29,103.29,103.29,103.29,0,0
4926.N,D,20161028,000000,103.29,103.29,103.29,103.29,0,0
4926.N,D,20161031,000000,103.54,103.54,103.54,103.54,0,0
4926.N,D,20161102,000000,103.54,103.54,103.54,103.54,0,0
4926.N,D,20161103,000000,103.54,103.54,103.54,103.54,0,0
4926.N,D,20161104,000000,103.54,103.54,103.54,103.54,0,0
4926.N,D,20161107,000000,103.54,103.54,103.54,103.54,0,0
4926.N,D,20161108,000000,103.54,103.54,103.54,103.54,0,0
4926.N,D,20161109,000000,103.54,103.54,103.54,103.54,0,0
4926.N,D,20161110,000000,103.54,103.54,103.54,103.54,0,0
4926.N,D,20161114,000000,103.54,103.54,103.54,103.54,0,0
4926.N,D,20161115,000000,103.54,103.54,103.54,103.54,0,0
4926.N,D,20161116,000000,103.54,103.54,103.54,103.54,0,0
4926.N,D,20161117,000000,103.54,103.54,103.54,103.54,0,0
4926.N,D,20161118,000000,103.54,103.54,103.54,103.54,0,0
4926.N,D,20161121,000000,103.54,103.54,103.54,103.54,0,0
4926.N,D,20161122,000000,103.54,103.54,103.54,103.54,0,0
4926.N,D,20161123,000000,103.54,103.54,103.54,103.54,0,0
4926.N,D,20161124,000000,103.54,103.54,103.54,103.54,0,0
4926.N,D,20161125,000000,103.54,103.54,103.54,103.54,0,0
4926.N,D,20161128,000000,103.54,103.54,103.54,103.54,0,0
4926.N,D,20161129,000000,103.54,103.54,103.54,103.54,0,0
4926.N,D,20161130,000000,103.5,103.5,103.5,103.5,0,0
4926.N,D,20161201,000000,103.5,103.5,103.5,103.5,0,0
4926.N,D,20161202,000000,103.5,103.5,103.5,103.5,0,0
4926.N,D,20161205,000000,103.5,103.5,103.5,103.5,0,0
4926.N,D,20161206,000000,103.5,103.5,103.5,103.5,0,0
4926.N,D,20161207,000000,103.5,103.5,103.5,103.5,0,0
4926.N,D,20161208,000000,103.5,103.5,103.5,103.5,0,0
4926.N,D,20161209,000000,103.5,103.5,103.5,103.5,0,0
4926.N,D,20161212,000000,103.5,103.5,103.5,103.5,0,0
4926.N,D,20161213,000000,103.5,103.5,103.5,103.5,0,0
4926.N,D,20161214,000000,103.5,103.5,103.5,103.5,0,0
4926.N,D,20161215,000000,103.5,103.5,103.5,103.5,0,0
4926.N,D,20161216,000000,103.5,103.5,103.5,103.5,0,0
4926.N,D,20161219,000000,103.5,103.5,103.5,103.5,0,0
4926.N,D,20161220,000000,103.5,103.5,103.5,103.5,0,0
4926.N,D,20161221,000000,103.5,103.5,103.5,103.5,0,0
4926.N,D,20161222,000000,103.5,103.5,103.5,103.5,0,0
4926.N,D,20161223,000000,103.5,103.5,103.5,103.5,0,0
4926.N,D,20161227,000000,103.5,103.5,103.5,103.5,0,0
4926.N,D,20161228,000000,103.5,103.5,103.5,103.5,0,0
4926.N,D,20161229,000000,103.5,103.5,103.5,103.5,0,0
4926.N,D,20161230,000000,104.33,104.33,104.33,104.33,0,0
4926.N,D,20170102,000000,104.33,104.33,104.33,104.33,0,0
4926.N,D,20170103,000000,104.33,104.33,104.33,104.33,0,0
4926.N,D,20170104,000000,104.33,104.33,104.33,104.33,0,0
4926.N,D,20170105,000000,104.33,104.33,104.33,104.33,0,0
4926.N,D,20170109,000000,104.33,104.33,104.33,104.33,0,0
4926.N,D,20170110,000000,104.33,104.33,104.33,104.33,0,0
4926.N,D,20170111,000000,104.33,104.33,104.33,104.33,0,0
4926.N,D,20170112,000000,104.33,104.33,104.33,104.33,0,0
4926.N,D,20170113,000000,104.33,104.33,104.33,104.33,0,0
4926.N,D,20170116,000000,104.33,104.33,104.33,104.33,0,0
4926.N,D,20170117,000000,104.33,104.33,104.33,104.33,0,0
4926.N,D,20170118,000000,104.33,104.33,104.33,104.33,0,0
4926.N,D,20170119,000000,104.33,104.33,104.33,104.33,0,0
4926.N,D,20170120,000000,104.33,104.33,104.33,104.33,0,0
4926.N,D,20170123,000000,104.33,104.33,104.33,104.33,0,0
4926.N,D,20170124,000000,104.33,104.33,104.33,104.33,0,0
4926.N,D,20170125,000000,104.33,104.33,104.33,104.33,0,0
4926.N,D,20170126,000000,104.33,104.33,104.33,104.33,0,0
4926.N,D,20170127,000000,104.33,104.33,104.33,104.33,0,0
4926.N,D,20170130,000000,104.33,104.33,104.33,104.33,0,0
4926.N,D,20170131,000000,106.39,106.39,106.39,106.39,0,0
4926.N,D,20170201,000000,106.39,106.39,106.39,106.39,0,0
4926.N,D,20170202,000000,106.39,106.39,106.39,106.39,0,0
4926.N,D,20170203,000000,106.39,106.39,106.39,106.39,0,0
4926.N,D,20170206,000000,106.39,106.39,106.39,106.39,0,0
4926.N,D,20170207,000000,106.39,106.39,106.39,106.39,0,0
4926.N,D,20170208,000000,106.39,106.39,106.39,106.39,0,0
4926.N,D,20170209,000000,106.39,106.39,106.39,106.39,0,0
4926.N,D,20170210,000000,106.39,106.39,106.39,106.39,0,0
4926.N,D,20170213,000000,106.39,106.39,106.39,106.39,0,0
4926.N,D,20170214,000000,106.39,106.39,106.39,106.39,0,0
4926.N,D,20170215,000000,106.39,106.39,106.39,106.39,0,0
4926.N,D,20170216,000000,106.39,106.39,106.39,106.39,0,0
4926.N,D,20170217,000000,106.39,106.39,106.39,106.39,0,0
4926.N,D,20170220,000000,106.39,106.39,106.39,106.39,0,0
4926.N,D,20170221,000000,106.39,106.39,106.39,106.39,0,0
4926.N,D,20170222,000000,106.39,106.39,106.39,106.39,0,0
4926.N,D,20170223,000000,106.39,106.39,106.39,106.39,0,0
4926.N,D,20170224,000000,106.39,106.39,106.39,106.39,0,0
4926.N,D,20170227,000000,106.39,106.39,106.39,106.39,0,0
4926.N,D,20170228,000000,106.04,106.04,106.04,106.04,0,0
4926.N,D,20170301,000000,106.04,106.04,106.04,106.04,0,0
4926.N,D,20170302,000000,106.04,106.04,106.04,106.04,0,0
4926.N,D,20170303,000000,106.04,106.04,106.04,106.04,0,0
4926.N,D,20170306,000000,106.04,106.04,106.04,106.04,0,0
4926.N,D,20170307,000000,106.04,106.04,106.04,106.04,0,0
4926.N,D,20170308,000000,106.04,106.04,106.04,106.04,0,0
4926.N,D,20170309,000000,106.04,106.04,106.04,106.04,0,0
4926.N,D,20170310,000000,106.04,106.04,106.04,106.04,0,0
4926.N,D,20170313,000000,106.04,106.04,106.04,106.04,0,0
4926.N,D,20170314,000000,106.04,106.04,106.04,106.04,0,0
4926.N,D,20170315,000000,106.04,106.04,106.04,106.04,0,0
4926.N,D,20170316,000000,106.04,106.04,106.04,106.04,0,0
4926.N,D,20170317,000000,106.04,106.04,106.04,106.04,0,0
4926.N,D,20170320,000000,106.04,106.04,106.04,106.04,0,0
4926.N,D,20170321,000000,106.04,106.04,106.04,106.04,0,0
4926.N,D,20170322,000000,106.04,106.04,106.04,106.04,0,0
4926.N,D,20170323,000000,106.04,106.04,106.04,106.04,0,0
4926.N,D,20170324,000000,106.04,106.04,106.04,106.04,0,0
4926.N,D,20170327,000000,106.04,106.04,106.04,106.04,0,0
4926.N,D,20170328,000000,106.04,106.04,106.04,106.04,0,0
4926.N,D,20170329,000000,106.04,106.04,106.04,106.04,0,0
4926.N,D,20170330,000000,106.04,106.04,106.04,106.04,0,0
4926.N,D,20170331,000000,106.09,106.09,106.09,106.09,0,0
4926.N,D,20170403,000000,106.09,106.09,106.09,106.09,0,0
4926.N,D,20170404,000000,106.09,106.09,106.09,106.09,0,0
4926.N,D,20170405,000000,106.09,106.09,106.09,106.09,0,0
4926.N,D,20170406,000000,106.09,106.09,106.09,106.09,0,0
4926.N,D,20170407,000000,106.09,106.09,106.09,106.09,0,0
4926.N,D,20170410,000000,106.09,106.09,106.09,106.09,0,0
4926.N,D,20170411,000000,106.09,106.09,106.09,106.09,0,0
4926.N,D,20170412,000000,106.09,106.09,106.09,106.09,0,0
4926.N,D,20170413,000000,106.09,106.09,106.09,106.09,0,0
4926.N,D,20170418,000000,106.09,106.09,106.09,106.09,0,0
4926.N,D,20170419,000000,106.09,106.09,106.09,106.09,0,0
4926.N,D,20170420,000000,106.09,106.09,106.09,106.09,0,0
4926.N,D,20170421,000000,106.09,106.09,106.09,106.09,0,0
4926.N,D,20170424,000000,106.09,106.09,106.09,106.09,0,0
4926.N,D,20170425,000000,106.09,106.09,106.09,106.09,0,0
4926.N,D,20170426,000000,106.09,106.09,106.09,106.09,0,0
4926.N,D,20170427,000000,106.09,106.09,106.09,106.09,0,0
4926.N,D,20170428,000000,106.41,106.41,106.41,106.41,0,0
4926.N,D,20170502,000000,106.41,106.41,106.41,106.41,0,0
4926.N,D,20170504,000000,106.41,106.41,106.41,106.41,0,0
4926.N,D,20170505,000000,106.41,106.41,106.41,106.41,0,0
4926.N,D,20170508,000000,106.41,106.41,106.41,106.41,0,0
4926.N,D,20170509,000000,106.41,106.41,106.41,106.41,0,0
4926.N,D,20170510,000000,106.41,106.41,106.41,106.41,0,0
4926.N,D,20170511,000000,106.41,106.41,106.41,106.41,0,0
4926.N,D,20170512,000000,106.41,106.41,106.41,106.41,0,0
4926.N,D,20170515,000000,106.41,106.41,106.41,106.41,0,0
4926.N,D,20170516,000000,106.41,106.41,106.41,106.41,0,0
4926.N,D,20170517,000000,106.41,106.41,106.41,106.41,0,0
4926.N,D,20170518,000000,106.41,106.41,106.41,106.41,0,0
4926.N,D,20170519,000000,106.41,106.41,106.41,106.41,0,0
4926.N,D,20170522,000000,106.41,106.41,106.41,106.41,0,0
4926.N,D,20170523,000000,106.41,106.41,106.41,106.41,0,0
4926.N,D,20170524,000000,106.41,106.41,106.41,106.41,0,0
4926.N,D,20170525,000000,106.41,106.41,106.41,106.41,0,0
4926.N,D,20170526,000000,106.41,106.41,106.41,106.41,0,0
4926.N,D,20170529,000000,106.41,106.41,106.41,106.41,0,0
4926.N,D,20170530,000000,106.41,106.41,106.41,106.41,0,0
4926.N,D,20170531,000000,107.34,107.34,107.34,107.34,0,0
4926.N,D,20170601,000000,107.34,107.34,107.34,107.34,0,0
4926.N,D,20170602,000000,107.34,107.34,107.34,107.34,0,0
4926.N,D,20170605,000000,107.34,107.34,107.34,107.34,0,0
4926.N,D,20170606,000000,107.34,107.34,107.34,107.34,0,0
4926.N,D,20170607,000000,107.34,107.34,107.34,107.34,0,0
4926.N,D,20170608,000000,107.34,107.34,107.34,107.34,0,0
4926.N,D,20170609,000000,107.34,107.34,107.34,107.34,0,0
4926.N,D,20170612,000000,107.34,107.34,107.34,107.34,0,0
4926.N,D,20170613,000000,107.34,107.34,107.34,107.34,0,0
4926.N,D,20170614,000000,107.34,107.34,107.34,107.34,0,0
4926.N,D,20170616,000000,107.34,107.34,107.34,107.34,0,0
4926.N,D,20170619,000000,107.34,107.34,107.34,107.34,0,0
4926.N,D,20170620,000000,107.34,107.34,107.34,107.34,0,0
4926.N,D,20170621,000000,107.34,107.34,107.34,107.34,0,0
4926.N,D,20170622,000000,107.34,107.34,107.34,107.34,0,0
4926.N,D,20170623,000000,107.34,107.34,107.34,107.34,0,0
4926.N,D,20170626,000000,107.34,107.34,107.34,107.34,0,0
4926.N,D,20170627,000000,107.34,107.34,107.34,107.34,0,0
4926.N,D,20170628,000000,107.34,107.34,107.34,107.34,0,0
4926.N,D,20170629,000000,107.34,107.34,107.34,107.34,0,0
4926.N,D,20170630,000000,107.19,107.19,107.19,107.19,0,0
4926.N,D,20170703,000000,107.19,107.19,107.19,107.19,0,0
4926.N,D,20170704,000000,107.19,107.19,107.19,107.19,0,0
4926.N,D,20170705,000000,107.19,107.19,107.19,107.19,0,0
4926.N,D,20170706,000000,107.19,107.19,107.19,107.19,0,0
4926.N,D,20170707,000000,107.19,107.19,107.19,107.19,0,0
4926.N,D,20170710,000000,107.19,107.19,107.19,107.19,0,0
4926.N,D,20170711,000000,107.19,107.19,107.19,107.19,0,0
4926.N,D,20170712,000000,107.19,107.19,107.19,107.19,0,0
4926.N,D,20170713,000000,107.19,107.19,107.19,107.19,0,0
4926.N,D,20170714,000000,107.19,107.19,107.19,107.19,0,0
4926.N,D,20170717,000000,107.19,107.19,107.19,107.19,0,0
4926.N,D,20170718,000000,107.19,107.19,107.19,107.19,0,0
4926.N,D,20170719,000000,107.19,107.19,107.19,107.19,0,0
4926.N,D,20170720,000000,107.19,107.19,107.19,107.19,0,0
4926.N,D,20170721,000000,107.19,107.19,107.19,107.19,0,0
4926.N,D,20170724,000000,107.19,107.19,107.19,107.19,0,0
4926.N,D,20170725,000000,107.19,107.19,107.19,107.19,0,0
4926.N,D,20170726,000000,107.19,107.19,107.19,107.19,0,0
4926.N,D,20170727,000000,107.19,107.19,107.19,107.19,0,0
4926.N,D,20170728,000000,107.19,107.19,107.19,107.19,0,0
4926.N,D,20170731,000000,106.51,106.51,106.51,106.51,0,0
4926.N,D,20170801,000000,106.51,106.51,106.51,106.51,0,0
4926.N,D,20170802,000000,106.51,106.51,106.51,106.51,0,0
4926.N,D,20170803,000000,106.51,106.51,106.51,106.51,0,0
4926.N,D,20170804,000000,106.51,106.51,106.51,106.51,0,0
4926.N,D,20170807,000000,106.51,106.51,106.51,106.51,0,0
4926.N,D,20170808,000000,106.51,106.51,106.51,106.51,0,0
4926.N,D,20170809,000000,106.51,106.51,106.51,106.51,0,0
4926.N,D,20170810,000000,106.51,106.51,106.51,106.51,0,0
4926.N,D,20170811,000000,106.51,106.51,106.51,106.51,0,0
4926.N,D,20170814,000000,106.51,106.51,106.51,106.51,0,0
4926.N,D,20170816,000000,106.51,106.51,106.51,106.51,0,0
4926.N,D,20170817,000000,106.51,106.51,106.51,106.51,0,0
4926.N,D,20170818,000000,106.51,106.51,106.51,106.51,0,0
4926.N,D,20170821,000000,106.51,106.51,106.51,106.51,0,0
4926.N,D,20170822,000000,106.51,106.51,106.51,106.51,0,0
4926.N,D,20170823,000000,106.51,106.51,106.51,106.51,0,0
4926.N,D,20170824,000000,106.51,106.51,106.51,106.51,0,0
4926.N,D,20170825,000000,106.51,106.51,106.51,106.51,0,0
4926.N,D,20170828,000000,106.51,106.51,106.51,106.51,0,0
4926.N,D,20170829,000000,106.51,106.51,106.51,106.51,0,0
4926.N,D,20170830,000000,106.51,106.51,106.51,106.51,0,0
4926.N,D,20170831,000000,106.92,106.92,106.92,106.92,0,0
4926.N,D,20170901,000000,106.92,106.92,106.92,106.92,0,0
4926.N,D,20170904,000000,106.92,106.92,106.92,106.92,0,0
4926.N,D,20170905,000000,106.92,106.92,106.92,106.92,0,0
4926.N,D,20170906,000000,106.92,106.92,106.92,106.92,0,0
4926.N,D,20170907,000000,106.92,106.92,106.92,106.92,0,0
4926.N,D,20170908,000000,106.92,106.92,106.92,106.92,0,0
4926.N,D,20170911,000000,106.92,106.92,106.92,106.92,0,0
4926.N,D,20170912,000000,106.92,106.92,106.92,106.92,0,0
4926.N,D,20170913,000000,106.92,106.92,106.92,106.92,0,0
4926.N,D,20170914,000000,106.92,106.92,106.92,106.92,0,0
4926.N,D,20170915,000000,106.92,106.92,106.92,106.92,0,0
4926.N,D,20170918,000000,106.92,106.92,106.92,106.92,0,0
4926.N,D,20170919,000000,106.92,106.92,106.92,106.92,0,0
4926.N,D,20170920,000000,106.92,106.92,106.92,106.92,0,0
4926.N,D,20170921,000000,106.92,106.92,106.92,106.92,0,0
4926.N,D,20170922,000000,106.92,106.92,106.92,106.92,0,0
4926.N,D,20170925,000000,106.92,106.92,106.92,106.92,0,0
4926.N,D,20170926,000000,106.92,106.92,106.92,106.92,0,0
4926.N,D,20170927,000000,106.92,106.92,106.92,106.92,0,0
4926.N,D,20170928,000000,106.92,106.92,106.92,106.92,0,0
4926.N,D,20170929,000000,107.17,107.17,107.17,107.17,0,0
4926.N,D,20171002,000000,107.17,107.17,107.17,107.17,0,0
4926.N,D,20171003,000000,107.17,107.17,107.17,107.17,0,0
4926.N,D,20171004,000000,107.17,107.17,107.17,107.17,0,0
4926.N,D,20171005,000000,107.17,107.17,107.17,107.17,0,0
4926.N,D,20171006,000000,107.17,107.17,107.17,107.17,0,0
4926.N,D,20171009,000000,107.17,107.17,107.17,107.17,0,0
4926.N,D,20171010,000000,107.17,107.17,107.17,107.17,0,0
4926.N,D,20171011,000000,107.17,107.17,107.17,107.17,0,0
4926.N,D,20171012,000000,107.17,107.17,107.17,107.17,0,0
4926.N,D,20171013,000000,107.17,107.17,107.17,107.17,0,0
4926.N,D,20171016,000000,107.17,107.17,107.17,107.17,0,0
4926.N,D,20171017,000000,107.17,107.17,107.17,107.17,0,0
4926.N,D,20171018,000000,107.17,107.17,107.17,107.17,0,0
4926.N,D,20171019,000000,107.17,107.17,107.17,107.17,0,0
4926.N,D,20171020,000000,107.17,107.17,107.17,107.17,0,0
4926.N,D,20171023,000000,107.17,107.17,107.17,107.17,0,0
4926.N,D,20171024,000000,107.17,107.17,107.17,107.17,0,0
4926.N,D,20171025,000000,107.17,107.17,107.17,107.17,0,0
4926.N,D,20171026,000000,107.17,107.17,107.17,107.17,0,0
4926.N,D,20171027,000000,107.17,107.17,107.17,107.17,0,0
4926.N,D,20171030,000000,107.17,107.17,107.17,107.17,0,0
4926.N,D,20171031,000000,106.38,106.38,106.38,106.38,0,0
4926.N,D,20171102,000000,106.38,106.38,106.38,106.38,0,0
4926.N,D,20171103,000000,106.38,106.38,106.38,106.38,0,0
4926.N,D,20171106,000000,106.38,106.38,106.38,106.38,0,0
4926.N,D,20171107,000000,106.38,106.38,106.38,106.38,0,0
4926.N,D,20171108,000000,106.38,106.38,106.38,106.38,0,0
4926.N,D,20171109,000000,106.38,106.38,106.38,106.38,0,0
4926.N,D,20171110,000000,106.38,106.38,106.38,106.38,0,0
4926.N,D,20171113,000000,106.38,106.38,106.38,106.38,0,0
4926.N,D,20171114,000000,106.38,106.38,106.38,106.38,0,0
4926.N,D,20171115,000000,106.38,106.38,106.38,106.38,0,0
4926.N,D,20171116,000000,106.38,106.38,106.38,106.38,0,0
4926.N,D,20171117,000000,106.38,106.38,106.38,106.38,0,0
4926.N,D,20171120,000000,106.38,106.38,106.38,106.38,0,0
4926.N,D,20171121,000000,106.38,106.38,106.38,106.38,0,0
4926.N,D,20171122,000000,106.38,106.38,106.38,106.38,0,0
4926.N,D,20171123,000000,106.38,106.38,106.38,106.38,0,0
4926.N,D,20171124,000000,106.38,106.38,106.38,106.38,0,0
4926.N,D,20171127,000000,106.38,106.38,106.38,106.38,0,0
4926.N,D,20171128,000000,106.38,106.38,106.38,106.38,0,0
4926.N,D,20171129,000000,106.38,106.38,106.38,106.38,0,0
4926.N,D,20171130,000000,106.1,106.1,106.1,106.1,0,0
4926.N,D,20171201,000000,106.1,106.1,106.1,106.1,0,0
4926.N,D,20171204,000000,106.1,106.1,106.1,106.1,0,0
4926.N,D,20171205,000000,106.1,106.1,106.1,106.1,0,0
4926.N,D,20171206,000000,106.1,106.1,106.1,106.1,0,0
4926.N,D,20171207,000000,106.1,106.1,106.1,106.1,0,0
4926.N,D,20171208,000000,106.1,106.1,106.1,106.1,0,0
4926.N,D,20171211,000000,106.1,106.1,106.1,106.1,0,0
4926.N,D,20171212,000000,106.1,106.1,106.1,106.1,0,0
4926.N,D,20171213,000000,106.1,106.1,106.1,106.1,0,0
4926.N,D,20171214,000000,106.1,106.1,106.1,106.1,0,0
4926.N,D,20171215,000000,106.1,106.1,106.1,106.1,0,0
4926.N,D,20171218,000000,106.1,106.1,106.1,106.1,0,0
4926.N,D,20171219,000000,106.1,106.1,106.1,106.1,0,0
4926.N,D,20171220,000000,106.1,106.1,106.1,106.1,0,0
4926.N,D,20171221,000000,106.1,106.1,106.1,106.1,0,0
4926.N,D,20171222,000000,106.1,106.1,106.1,106.1,0,0
4926.N,D,20171227,000000,106.1,106.1,106.1,106.1,0,0
4926.N,D,20171228,000000,106.1,106.1,106.1,106.1,0,0
4926.N,D,20171229,000000,107.11,107.11,107.11,107.11,0,0
4926.N,D,20180103,000000,107.11,107.11,107.11,107.11,0,0
4926.N,D,20180104,000000,107.11,107.11,107.11,107.11,0,0
4926.N,D,20180111,000000,107.11,107.11,107.11,107.11,0,0
4926.N,D,20180112,000000,107.11,107.11,107.11,107.11,0,0
4926.N,D,20180115,000000,107.11,107.11,107.11,107.11,0,0
4926.N,D,20180116,000000,107.11,107.11,107.11,107.11,0,0
4926.N,D,20180117,000000,107.11,107.11,107.11,107.11,0,0
4926.N,D,20180118,000000,107.11,107.11,107.11,107.11,0,0
4926.N,D,20180119,000000,107.11,107.11,107.11,107.11,0,0
4926.N,D,20180122,000000,107.11,107.11,107.11,107.11,0,0
4926.N,D,20180123,000000,107.11,107.11,107.11,107.11,0,0
4926.N,D,20180124,000000,107.11,107.11,107.11,107.11,0,0
4926.N,D,20180125,000000,107.11,107.11,107.11,107.11,0,0
4926.N,D,20180126,000000,107.11,107.11,107.11,107.11,0,0
4926.N,D,20180129,000000,107.11,107.11,107.11,107.11,0,0
4926.N,D,20180130,000000,107.11,107.11,107.11,107.11,0,0
4926.N,D,20180131,000000,110.16,110.16,110.16,110.16,0,0
4926.N,D,20180212,000000,110.16,110.16,110.16,110.16,0,0
4926.N,D,20180213,000000,110.16,110.16,110.16,110.16,0,0
4926.N,D,20180214,000000,110.16,110.16,110.16,110.16,0,0
4926.N,D,20180215,000000,110.16,110.16,110.16,110.16,0,0
4926.N,D,20180216,000000,110.16,110.16,110.16,110.16,0,0
4926.N,D,20180219,000000,110.16,110.16,110.16,110.16,0,0
4926.N,D,20180220,000000,110.16,110.16,110.16,110.16,0,0
4926.N,D,20180221,000000,110.16,110.16,110.16,110.16,0,0
4926.N,D,20180222,000000,110.16,110.16,110.16,110.16,0,0
4926.N,D,20180223,000000,110.16,110.16,110.16,110.16,0,0
4926.N,D,20180226,000000,110.16,110.16,110.16,110.16,0,0
4926.N,D,20180227,000000,110.16,110.16,110.16,110.16,0,0
4926.N,D,20180228,000000,109.89,109.89,109.89,109.89,0,0
4926.N,D,20180301,000000,109.89,109.89,109.89,109.89,0,0
4926.N,D,20180302,000000,109.89,109.89,109.89,109.89,0,0
4926.N,D,20180305,000000,109.89,109.89,109.89,109.89,0,0
4926.N,D,20180306,000000,109.89,109.89,109.89,109.89,0,0
4926.N,D,20180307,000000,119.89,119.89,119.89,119.89,0,0
4926.N,D,20180308,000000,109.89,109.89,109.89,109.89,0,0
4926.N,D,20180309,000000,109.89,109.89,109.89,109.89,0,0
4926.N,D,20180315,000000,109.89,109.89,109.89,109.89,0,0
4926.N,D,20180316,000000,109.89,109.89,109.89,109.89,0,0
4926.N,D,20180319,000000,109.89,109.89,109.89,109.89,0,0
4926.N,D,20180320,000000,109.89,109.89,109.89,109.89,0,0
4926.N,D,20180321,000000,109.89,109.89,109.89,109.89,0,0
4926.N,D,20180322,000000,109.89,109.89,109.89,109.89,0,0
4926.N,D,20180323,000000,109.89,109.89,109.89,109.89,0,0
4926.N,D,20180326,000000,109.89,109.89,109.89,109.89,0,0
4926.N,D,20180327,000000,109.89,109.89,109.89,109.89,0,0
4926.N,D,20180328,000000,109.89,109.89,109.89,109.89,0,0
4926.N,D,20180329,000000,109.91,109.91,109.91,109.91,0,0
4926.N,D,20180417,000000,109.91,109.91,109.91,109.91,0,0
4926.N,D,20180418,000000,109.91,109.91,109.91,109.91,0,0
4926.N,D,20180419,000000,109.91,109.91,109.91,109.91,0,0
4926.N,D,20180420,000000,109.91,109.91,109.91,109.91,0,0
4926.N,D,20180423,000000,109.91,109.91,109.91,109.91,0,0
4926.N,D,20180424,000000,109.91,109.91,109.91,109.91,0,0
4926.N,D,20180425,000000,109.91,109.91,109.91,109.91,0,0
4926.N,D,20180426,000000,109.91,109.91,109.91,109.91,0,0
4926.N,D,20180427,000000,109.91,109.91,109.91,109.91,0,0
4926.N,D,20180430,000000,87.49,87.49,87.49,87.49,0,0
4926.N,D,20180509,000000,87.49,87.49,87.49,87.49,0,0
4926.N,D,20180510,000000,87.49,87.49,87.49,87.49,0,0
4926.N,D,20180511,000000,87.49,87.49,87.49,87.49,0,0
4926.N,D,20180514,000000,87.49,87.49,87.49,87.49,0,0
4926.N,D,20180515,000000,87.49,87.49,87.49,87.49,0,0
4926.N,D,20180516,000000,87.49,87.49,87.49,87.49,0,0
4926.N,D,20180517,000000,87.49,87.49,87.49,87.49,0,0
4926.N,D,20180521,000000,87.49,87.49,87.49,87.49,0,0
4926.N,D,20180522,000000,87.49,87.49,87.49,87.49,0,0
4926.N,D,20180523,000000,87.49,87.49,87.49,87.49,0,0
4926.N,D,20180524,000000,87.49,87.49,87.49,87.49,0,0
4926.N,D,20180525,000000,87.49,87.49,87.49,87.49,0,0
4926.N,D,20180528,000000,87.49,87.49,87.49,87.49,0,0
4926.N,D,20180529,000000,87.49,87.49,87.49,87.49,0,0
4926.N,D,20180530,000000,79.37,79.37,79.37,79.37,0,0
4926.N,D,20180618,000000,79.37,79.37,79.37,79.37,0,0
4926.N,D,20180619,000000,79.37,79.37,79.37,79.37,0,0
4926.N,D,20180620,000000,79.37,79.37,79.37,79.37,0,0
4926.N,D,20180621,000000,79.37,79.37,79.37,79.37,0,0
4926.N,D,20180622,000000,79.37,79.37,79.37,79.37,0,0
4926.N,D,20180625,000000,79.37,79.37,79.37,79.37,0,0
4926.N,D,20180626,000000,79.37,79.37,79.37,79.37,0,0
4926.N,D,20180627,000000,79.37,79.37,79.37,79.37,0,0
4926.N,D,20180628,000000,79.37,79.37,79.37,79.37,0,0
4926.N,D,20180629,000000,79.19,79.19,79.19,79.19,0,0
4926.N,D,20180702,000000,79.19,79.19,79.19,79.19,0,0
4926.N,D,20180703,000000,79.19,79.19,79.19,79.19,0,0
4926.N,D,20180704,000000,79.19,79.19,79.19,79.19,0,0
4926.N,D,20180705,000000,79.19,79.19,79.19,79.19,0,0
4926.N,D,20180706,000000,79.19,79.19,79.19,79.19,0,0
4926.N,D,20180709,000000,79.19,79.19,79.19,79.19,0,0
4926.N,D,20180710,000000,79.19,79.19,79.19,79.19,0,0
4926.N,D,20180720,000000,79.19,79.19,79.19,79.19,0,0
4926.N,D,20180723,000000,79.19,79.19,79.19,79.19,0,0
4926.N,D,20180724,000000,79.19,79.19,79.19,79.19,0,0
4926.N,D,20180725,000000,79.19,79.19,79.19,79.19,0,0
4926.N,D,20180726,000000,79.19,79.19,79.19,79.19,0,0
4926.N,D,20180727,000000,79.19,79.19,79.19,79.19,0,0
4926.N,D,20180730,000000,79.19,79.19,79.19,79.19,0,0
4926.N,D,20180823,000000,83.96,83.96,83.96,83.96,0,0
4926.N,D,20180824,000000,83.96,83.96,83.96,83.96,0,0
4926.N,D,20180827,000000,83.96,83.96,83.96,83.96,0,0
4926.N,D,20180828,000000,83.96,83.96,83.96,83.96,0,0
4926.N,D,20180829,000000,83.96,83.96,83.96,83.96,0,0
4926.N,D,20180830,000000,83.96,83.96,83.96,83.96,0,0
4926.N,D,20180831,000000,80.06,80.06,80.06,80.06,0,0
4926.N,D,20180903,000000,80.06,80.06,80.06,80.06,0,0
4926.N,D,20180904,000000,80.06,80.06,80.06,80.06,0,0
4926.N,D,20180905,000000,80.06,80.06,80.06,80.06,0,0
4926.N,D,20180906,000000,80.06,80.06,80.06,80.06,0,0
4926.N,D,20180907,000000,80.06,80.06,80.06,80.06,0,0
4926.N,D,20180910,000000,80.06,80.06,80.06,80.06,0,0
4926.N,D,20180911,000000,80.06,80.06,80.06,80.06,0,0
4926.N,D,20180918,000000,80.06,80.06,80.06,80.06,0,0
4926.N,D,20180919,000000,80.06,80.06,80.06,80.06,0,0
4926.N,D,20180920,000000,80.06,80.06,80.06,80.06,0,0
4926.N,D,20180921,000000,80.06,80.06,80.06,80.06,0,0
4926.N,D,20180924,000000,80.06,80.06,80.06,80.06,0,0
4926.N,D,20180925,000000,80.06,80.06,80.06,80.06,0,0
4926.N,D,20180926,000000,80.06,80.06,80.06,80.06,0,0
4926.N,D,20180927,000000,80.06,80.06,80.06,80.06,0,0
4926.N,D,20180928,000000,80.08,80.08,80.08,80.08,0,0
4926.N,D,20181002,000000,80.08,80.08,80.08,80.08,0,0
4926.N,D,20181003,000000,80.08,80.08,80.08,80.08,0,0
4926.N,D,20181004,000000,80.08,80.08,80.08,80.08,0,0
4926.N,D,20181005,000000,80.08,80.08,80.08,80.08,0,0
4926.N,D,20181008,000000,80.08,80.08,80.08,80.08,0,0
4926.N,D,20181009,000000,80.08,80.08,80.08,80.08,0,0
4926.N,D,20181010,000000,80.08,80.08,80.08,80.08,0,0
4926.N,D,20181022,000000,80.08,80.08,80.08,80.08,0,0
4926.N,D,20181023,000000,80.08,80.08,80.08,80.08,0,0
4926.N,D,20181024,000000,80.08,80.08,80.08,80.08,0,0
4926.N,D,20181025,000000,80.08,80.08,80.08,80.08,0,0
4926.N,D,20181026,000000,80.08,80.08,80.08,80.08,0,0
4926.N,D,20181029,000000,80.08,80.08,80.08,80.08,0,0
4926.N,D,20181030,000000,80.08,80.08,80.08,80.08,0,0
4926.N,D,20181031,000000,79.89,79.89,79.89,79.89,0,0
4926.N,D,20181105,000000,79.89,79.89,79.89,79.89,0,0
4926.N,D,20181106,000000,79.89,79.89,79.89,79.89,0,0
4926.N,D,20181107,000000,79.89,79.89,79.89,79.89,0,0
4926.N,D,20181108,000000,79.89,79.89,79.89,79.89,0,0
4926.N,D,20181109,000000,79.89,79.89,79.89,79.89,0,0
4926.N,D,20181113,000000,79.89,79.89,79.89,79.89,0,0
4926.N,D,20181114,000000,79.89,79.89,79.89,79.89,0,0
4926.N,D,20181115,000000,79.89,79.89,79.89,79.89,0,0
4926.N,D,20181116,000000,79.89,79.89,79.89,79.89,0,0
4926.N,D,20181119,000000,79.89,79.89,79.89,79.89,0,0
4926.N,D,20181120,000000,79.89,79.89,79.89,79.89,0,0
4926.N,D,20181121,000000,79.89,79.89,79.89,79.89,0,0
4926.N,D,20181122,000000,79.89,79.89,79.89,79.89,0,0
4926.N,D,20181123,000000,79.89,79.89,79.89,79.89,0,0
4926.N,D,20181126,000000,79.89,79.89,79.89,79.89,0,0
4926.N,D,20181127,000000,79.89,79.89,79.89,79.89,0,0
4926.N,D,20181128,000000,79.89,79.89,79.89,79.89,0,0
4926.N,D,20181129,000000,79.89,79.89,79.89,79.89,0,0
4926.N,D,20181130,000000,79.94,79.94,79.94,79.94,0,0
4926.N,D,20181203,000000,79.94,79.94,79.94,79.94,0,0
4926.N,D,20181204,000000,79.94,79.94,79.94,79.94,0,0
4926.N,D,20181205,000000,79.94,79.94,79.94,79.94,0,0
4926.N,D,20181206,000000,79.94,79.94,79.94,79.94,0,0
4926.N,D,20181207,000000,79.94,79.94,79.94,79.94,0,0
4926.N,D,20181210,000000,79.94,79.94,79.94,79.94,0,0
4926.N,D,20181211,000000,79.94,79.94,79.94,79.94,0,0
4926.N,D,20181214,000000,79.94,79.94,79.94,79.94,0,0
4926.N,D,20181217,000000,79.94,79.94,79.94,79.94,0,0
4926.N,D,20181218,000000,79.94,79.94,79.94,79.94,0,0
4926.N,D,20181219,000000,79.94,79.94,79.94,79.94,0,0
4926.N,D,20181220,000000,79.94,79.94,79.94,79.94,0,0
4926.N,D,20181221,000000,79.94,79.94,79.94,79.94,0,0
4926.N,D,20181227,000000,79.94,79.94,79.94,79.94,0,0
4926.N,D,20181228,000000,79.94,79.94,79.94,79.94,0,0
4926.N,D,20190102,000000,79.94,79.94,79.94,79.94,0,0
4926.N,D,20190103,000000,79.94,79.94,79.94,79.94,0,0
4926.N,D,20190104,000000,79.94,79.94,79.94,79.94,0,0
4926.N,D,20190107,000000,79.94,79.94,79.94,79.94,0,0
4926.N,D,20190108,000000,79.94,79.94,79.94,79.94,0,0
4926.N,D,20190109,000000,79.94,79.94,79.94,79.94,0,0
4926.N,D,20190110,000000,79.94,79.94,79.94,79.94,0,0
4926.N,D,20190122,000000,79.94,79.94,79.94,79.94,0,0
4926.N,D,20190123,000000,79.94,79.94,79.94,79.94,0,0
4926.N,D,20190124,000000,79.94,79.94,79.94,79.94,0,0
4926.N,D,20190125,000000,79.94,79.94,79.94,79.94,0,0
4926.N,D,20190128,000000,79.94,79.94,79.94,79.94,0,0
4926.N,D,20190129,000000,79.94,79.94,79.94,79.94,0,0
4926.N,D,20190130,000000,79.94,79.94,79.94,79.94,0,0
4926.N,D,20190131,000000,72.26,72.26,72.26,72.26,0,0
4926.N,D,20190219,000000,46.37,46.37,46.37,46.37,0,0
4926.N,D,20190220,000000,46.37,46.37,46.37,46.37,0,0
4926.N,D,20190221,000000,46.37,46.37,46.37,46.37,0,0
4926.N,D,20190222,000000,46.37,46.37,46.37,46.37,0,0
4926.N,D,20190225,000000,46.37,46.37,46.37,46.37,0,0
4926.N,D,20190226,000000,46.37,46.37,46.37,46.37,0,0
4926.N,D,20190227,000000,46.37,46.37,46.37,46.37,0,0
4926.N,D,20190228,000000,46.02,46.02,46.02,46.02,0,0
4926.N,D,20190313,000000,46.02,46.02,46.02,46.02,0,0
4926.N,D,20190314,000000,46.02,46.02,46.02,46.02,0,0
4926.N,D,20190315,000000,46.02,46.02,46.02,46.02,0,0
4926.N,D,20190318,000000,46.02,46.02,46.02,46.02,0,0
4926.N,D,20190319,000000,46.02,46.02,46.02,46.02,0,0
4926.N,D,20190320,000000,46.02,46.02,46.02,46.02,0,0
4926.N,D,20190321,000000,46.02,46.02,46.02,46.02,0,0
4926.N,D,20190322,000000,46.02,46.02,46.02,46.02,0,0
4926.N,D,20190325,000000,46.02,46.02,46.02,46.02,0,0
4926.N,D,20190326,000000,46.02,46.02,46.02,46.02,0,0
4926.N,D,20190327,000000,46.02,46.02,46.02,46.02,0,0
4926.N,D,20190328,000000,46.02,46.02,46.02,46.02,0,0
4926.N,D,20190329,000000,46.39,46.39,46.39,46.39,0,0
4926.N,D,20190401,000000,46.39,46.39,46.39,46.39,0,0
4926.N,D,20190402,000000,46.39,46.39,46.39,46.39,0,0
4926.N,D,20190403,000000,46.39,46.39,46.39,46.39,0,0
4926.N,D,20190404,000000,46.39,46.39,46.39,46.39,0,0
4926.N,D,20190405,000000,46.39,46.39,46.39,46.39,0,0
4926.N,D,20190408,000000,46.39,46.39,46.39,46.39,0,0
4926.N,D,20190409,000000,46.39,46.39,46.39,46.39,0,0
4926.N,D,20190410,000000,46.39,46.39,46.39,46.39,0,0
4926.N,D,20190411,000000,46.39,46.39,46.39,46.39,0,0
4926.N,D,20190412,000000,46.39,46.39,46.39,46.39,0,0
4926.N,D,20190415,000000,46.39,46.39,46.39,46.39,0,0
4926.N,D,20190416,000000,46.39,46.39,46.39,46.39,0,0
4926.N,D,20190417,000000,46.39,46.39,46.39,46.39,0,0
4926.N,D,20190418,000000,46.39,46.39,46.39,46.39,0,0
4926.N,D,20190423,000000,46.39,46.39,46.39,46.39,0,0
4926.N,D,20190424,000000,46.39,46.39,46.39,46.39,0,0
4926.N,D,20190425,000000,46.39,46.39,46.39,46.39,0,0
4926.N,D,20190426,000000,46.39,46.39,46.39,46.39,0,0
4926.N,D,20190429,000000,46.39,46.39,46.39,46.39,0,0
4926.N,D,20190430,000000,45.96,45.96,45.96,45.96,0,0
4926.N,D,20190502,000000,45.96,45.96,45.96,45.96,0,0
4926.N,D,20190506,000000,45.96,45.96,45.96,45.96,0,0
4926.N,D,20190507,000000,45.96,45.96,45.96,45.96,0,0
4926.N,D,20190508,000000,45.96,45.96,45.96,45.96,0,0
4926.N,D,20190509,000000,45.96,45.96,45.96,45.96,0,0
4926.N,D,20190510,000000,45.96,45.96,45.96,45.96,0,0
4926.N,D,20190513,000000,45.96,45.96,45.96,45.96,0,0
4926.N,D,20190515,000000,45.96,45.96,45.96,45.96,0,0
4926.N,D,20190516,000000,45.96,45.96,45.96,45.96,0,0
4926.N,D,20190517,000000,45.96,45.96,45.96,45.96,0,0
4926.N,D,20190520,000000,45.96,45.96,45.96,45.96,0,0
4926.N,D,20190521,000000,45.96,45.96,45.96,45.96,0,0
4926.N,D,20190522,000000,45.96,45.96,45.96,45.96,0,0
4926.N,D,20190523,000000,45.96,45.96,45.96,45.96,0,0
4926.N,D,20190524,000000,45.96,45.96,45.96,45.96,0,0
4926.N,D,20190527,000000,45.96,45.96,45.96,45.96,0,0
4926.N,D,20190528,000000,45.96,45.96,45.96,45.96,0,0
4926.N,D,20190529,000000,45.96,45.96,45.96,45.96,0,0
4926.N,D,20190530,000000,45.96,45.96,45.96,45.96,0,0
4926.N,D,20190531,000000,46.66,46.66,46.66,46.66,0,0
4926.N,D,20190603,000000,46.66,46.66,46.66,46.66,0,0
4926.N,D,20190604,000000,46.66,46.66,46.66,46.66,0,0
4926.N,D,20190605,000000,46.66,46.66,46.66,46.66,0,0
4926.N,D,20190606,000000,46.66,46.66,46.66,46.66,0,0
4926.N,D,20190607,000000,46.66,46.66,46.66,46.66,0,0
4926.N,D,20190610,000000,46.66,46.66,46.66,46.66,0,0
4926.N,D,20190611,000000,46.66,46.66,46.66,46.66,0,0
4926.N,D,20190612,000000,46.66,46.66,46.66,46.66,0,0
4926.N,D,20190613,000000,46.66,46.66,46.66,46.66,0,0
4926.N,D,20190614,000000,46.66,46.66,46.66,46.66,0,0
4926.N,D,20190617,000000,46.66,46.66,46.66,46.66,0,0
4926.N,D,20190618,000000,46.66,46.66,46.66,46.66,0,0
4926.N,D,20190619,000000,46.66,46.66,46.66,46.66,0,0
4926.N,D,20190621,000000,46.66,46.66,46.66,46.66,0,0
4926.N,D,20190624,000000,46.66,46.66,46.66,46.66,0,0
4926.N,D,20190625,000000,46.66,46.66,46.66,46.66,0,0
4926.N,D,20190626,000000,46.66,46.66,46.66,46.66,0,0
4926.N,D,20190627,000000,46.66,46.66,46.66,46.66,0,0
4926.N,D,20190628,000000,47.28,47.28,47.28,47.28,0,0
4926.N,D,20190701,000000,47.28,47.28,47.28,47.28,0,0
4926.N,D,20190702,000000,47.28,47.28,47.28,47.28,0,0
4926.N,D,20190703,000000,47.28,47.28,47.28,47.28,0,0
4926.N,D,20190704,000000,47.28,47.28,47.28,47.28,0,0
4926.N,D,20190705,000000,47.28,47.28,47.28,47.28,0,0
4926.N,D,20190708,000000,47.28,47.28,47.28,47.28,0,0
4926.N,D,20190709,000000,47.28,47.28,47.28,47.28,0,0
4926.N,D,20190710,000000,47.28,47.28,47.28,47.28,0,0
4926.N,D,20190711,000000,47.28,47.28,47.28,47.28,0,0
4926.N,D,20190712,000000,47.28,47.28,47.28,47.28,0,0
4926.N,D,20190715,000000,47.28,47.28,47.28,47.28,0,0
4926.N,D,20190716,000000,47.28,47.28,47.28,47.28,0,0
4926.N,D,20190717,000000,47.28,47.28,47.28,47.28,0,0
4926.N,D,20190718,000000,47.28,47.28,47.28,47.28,0,0
4926.N,D,20190719,000000,47.28,47.28,47.28,47.28,0,0
4926.N,D,20190722,000000,47.28,47.28,47.28,47.28,0,0
4926.N,D,20190723,000000,47.28,47.28,47.28,47.28,0,0
4926.N,D,20190724,000000,47.28,47.28,47.28,47.28,0,0
4926.N,D,20190725,000000,47.28,47.28,47.28,47.28,0,0
4926.N,D,20190726,000000,47.28,47.28,47.28,47.28,0,0
4926.N,D,20190729,000000,47.28,47.28,47.28,47.28,0,0
4926.N,D,20190730,000000,47.28,47.28,47.28,47.28,0,0
4926.N,D,20190731,000000,47.71,47.71,47.71,47.71,0,0
4926.N,D,20190801,000000,47.71,47.71,47.71,47.71,0,0
4926.N,D,20190802,000000,47.71,47.71,47.71,47.71,0,0
4926.N,D,20190805,000000,47.71,47.71,47.71,47.71,0,0
4926.N,D,20190806,000000,47.71,47.71,47.71,47.71,0,0
4926.N,D,20190807,000000,47.71,47.71,47.71,47.71,0,0
4926.N,D,20190808,000000,47.71,47.71,47.71,47.71,0,0
4926.N,D,20190809,000000,47.71,47.71,47.71,47.71,0,0
4926.N,D,20190812,000000,47.71,47.71,47.71,47.71,0,0
4926.N,D,20190813,000000,47.71,47.71,47.71,47.71,0,0
4926.N,D,20190814,000000,47.71,47.71,47.71,47.71,0,0
4926.N,D,20190816,000000,47.71,47.71,47.71,47.71,0,0
4926.N,D,20190819,000000,47.71,47.71,47.71,47.71,0,0
4926.N,D,20190820,000000,47.71,47.71,47.71,47.71,0,0
4926.N,D,20190821,000000,47.71,47.71,47.71,47.71,0,0
4926.N,D,20190822,000000,47.71,47.71,47.71,47.71,0,0
4926.N,D,20190823,000000,47.71,47.71,47.71,47.71,0,0
4926.N,D,20190826,000000,47.71,47.71,47.71,47.71,0,0
4926.N,D,20190827,000000,47.71,47.71,47.71,47.71,0,0
4926.N,D,20190828,000000,47.71,47.71,47.71,47.71,0,0
4926.N,D,20190829,000000,47.71,47.71,47.71,47.71,0,0
4926.N,D,20190830,000000,48.28,48.28,48.28,48.28,0,0
4926.N,D,20190902,000000,48.28,48.28,48.28,48.28,0,0
4926.N,D,20190903,000000,48.28,48.28,48.28,48.28,0,0
4926.N,D,20190904,000000,48.28,48.28,48.28,48.28,0,0
4926.N,D,20190905,000000,48.28,48.28,48.28,48.28,0,0
4926.N,D,20190906,000000,48.28,48.28,48.28,48.28,0,0
4926.N,D,20190909,000000,48.28,48.28,48.28,48.28,0,0
4926.N,D,20190910,000000,48.28,48.28,48.28,48.28,0,0
4926.N,D,20190930,000000,48.47,48.47,48.47,48.47,0,0
4926.N,D,20191001,000000,48.47,48.47,48.47,48.47,0,0
4926.N,D,20191002,000000,48.47,48.47,48.47,48.47,0,0
4926.N,D,20191003,000000,48.47,48.47,48.47,48.47,0,0
4926.N,D,20191004,000000,48.47,48.47,48.47,48.47,0,0
4926.N,D,20191007,000000,48.47,48.47,48.47,48.47,0,0
4926.N,D,20191008,000000,48.47,48.47,48.47,48.47,0,0
4926.N,D,20191009,000000,48.47,48.47,48.47,48.47,0,0
4926.N,D,20191010,000000,48.47,48.47,48.47,48.47,0,0
4926.N,D,20191011,000000,48.47,48.47,48.47,48.47,0,0
4926.N,D,20191014,000000,48.47,48.47,48.47,48.47,0,0
4926.N,D,20191015,000000,48.47,48.47,48.47,48.47,0,0
4926.N,D,20191016,000000,48.47,48.47,48.47,48.47,0,0
4926.N,D,20191017,000000,48.47,48.47,48.47,48.47,0,0
4926.N,D,20191018,000000,48.47,48.47,48.47,48.47,0,0
4926.N,D,20191021,000000,48.47,48.47,48.47,48.47,0,0
4926.N,D,20191022,000000,48.47,48.47,48.47,48.47,0,0
4926.N,D,20191023,000000,48.47,48.47,48.47,48.47,0,0
4926.N,D,20191024,000000,48.47,48.47,48.47,48.47,0,0
4926.N,D,20191025,000000,48.47,48.47,48.47,48.47,0,0
4926.N,D,20191028,000000,48.47,48.47,48.47,48.47,0,0
4926.N,D,20191029,000000,48.47,48.47,48.47,48.47,0,0
4926.N,D,20191030,000000,48.47,48.47,48.47,48.47,0,0
4926.N,D,20191031,000000,48.67,48.67,48.67,48.67,0,0
4926.N,D,20191104,000000,48.67,48.67,48.67,48.67,0,0
4926.N,D,20191105,000000,48.67,48.67,48.67,48.67,0,0
4926.N,D,20191106,000000,48.67,48.67,48.67,48.67,0,0
4926.N,D,20191107,000000,48.67,48.67,48.67,48.67,0,0
4926.N,D,20191108,000000,48.67,48.67,48.67,48.67,0,0
4926.N,D,20191112,000000,48.67,48.67,48.67,48.67,0,0
4926.N,D,20191113,000000,48.67,48.67,48.67,48.67,0,0
4926.N,D,20191114,000000,48.67,48.67,48.67,48.67,0,0
4926.N,D,20191115,000000,48.67,48.67,48.67,48.67,0,0
4926.N,D,20191118,000000,48.67,48.67,48.67,48.67,0,0
4926.N,D,20191119,000000,48.67,48.67,48.67,48.67,0,0
4926.N,D,20191120,000000,48.67,48.67,48.67,48.67,0,0
4926.N,D,20191121,000000,48.67,48.67,48.67,48.67,0,0
4926.N,D,20191122,000000,48.67,48.67,48.67,48.67,0,0
4926.N,D,20191125,000000,48.67,48.67,48.67,48.67,0,0
4926.N,D,20191126,000000,48.67,48.67,48.67,48.67,0,0
4926.N,D,20191127,000000,48.67,48.67,48.67,48.67,0,0
4926.N,D,20191128,000000,48.67,48.67,48.67,48.67,0,0
4926.N,D,20191129,000000,48.67,48.67,48.67,48.67,0,0
4926.N,D,20191202,000000,48.67,48.67,48.67,48.67,0,0
4926.N,D,20191203,000000,48.67,48.67,48.67,48.67,0,0
4926.N,D,20191204,000000,48.67,48.67,48.67,48.67,0,0
4926.N,D,20191205,000000,48.67,48.67,48.67,48.67,0,0
4926.N,D,20191206,000000,48.67,48.67,48.67,48.67,0,0
4926.N,D,20191209,000000,48.67,48.67,48.67,48.67,0,0
4926.N,D,20191210,000000,48.67,48.67,48.67,48.67,0,0
4926.N,D,20191211,000000,48.67,48.67,48.67,48.67,0,0
4926.N,D,20191212,000000,48.67,48.67,48.67,48.67,0,0
4926.N,D,20191213,000000,48.67,48.67,48.67,48.67,0,0
4926.N,D,20191216,000000,48.67,48.67,48.67,48.67,0,0
4926.N,D,20191217,000000,48.67,48.67,48.67,48.67,0,0
4926.N,D,20191218,000000,48.67,48.67,48.67,48.67,0,0
4926.N,D,20191219,000000,48.67,48.67,48.67,48.67,0,0
4926.N,D,20191220,000000,48.8,48.8,48.8,48.8,0,0
4926.N,D,20191223,000000,48.8,48.8,48.8,48.8,0,0
4926.N,D,20191227,000000,48.8,48.8,48.8,48.8,0,0
4926.N,D,20191230,000000,48.8,48.8,48.8,48.8,0,0
4926.N,D,20200102,000000,48.8,48.8,48.8,48.8,0,0
4926.N,D,20200103,000000,48.8,48.8,48.8,48.8,0,0
4926.N,D,20200107,000000,48.8,48.8,48.8,48.8,0,0
4926.N,D,20200108,000000,48.8,48.8,48.8,48.8,0,0
4926.N,D,20200109,000000,48.8,48.8,48.8,48.8,0,0
4926.N,D,20200110,000000,48.8,48.8,48.8,48.8,0,0
4926.N,D,20200113,000000,48.8,48.8,48.8,48.8,0,0
4926.N,D,20200114,000000,48.8,48.8,48.8,48.8,0,0
4926.N,D,20200115,000000,48.8,48.8,48.8,48.8,0,0
4926.N,D,20200116,000000,48.8,48.8,48.8,48.8,0,0
4926.N,D,20200117,000000,48.8,48.8,48.8,48.8,0,0
4926.N,D,20200120,000000,48.8,48.8,48.8,48.8,0,0
4926.N,D,20200121,000000,48.8,48.8,48.8,48.8,0,0
4926.N,D,20200122,000000,48.8,48.8,48.8,48.8,0,0
4926.N,D,20200123,000000,48.8,48.8,48.8,48.8,0,0
4926.N,D,20200124,000000,48.8,48.8,48.8,48.8,0,0
4926.N,D,20200127,000000,48.8,48.8,48.8,48.8,0,0
4926.N,D,20200128,000000,48.8,48.8,48.8,48.8,0,0
4926.N,D,20200129,000000,48.8,48.8,48.8,48.8,0,0
4926.N,D,20200130,000000,48.8,48.8,48.8,48.8,0,0
4926.N,D,20200131,000000,48.79,48.79,48.79,48.79,0,0
4926.N,D,20200203,000000,48.79,48.79,48.79,48.79,0,0
4926.N,D,20200204,000000,48.79,48.79,48.79,48.79,0,0
4926.N,D,20200205,000000,48.79,48.79,48.79,48.79,0,0
4926.N,D,20200206,000000,48.79,48.79,48.79,48.79,0,0
4926.N,D,20200207,000000,48.79,48.79,48.79,48.79,0,0
4926.N,D,20200210,000000,48.79,48.79,48.79,48.79,0,0
4926.N,D,20200211,000000,48.79,48.79,48.79,48.79,0,0
4926.N,D,20200212,000000,48.79,48.79,48.79,48.79,0,0
4926.N,D,20200213,000000,48.79,48.79,48.79,48.79,0,0
4926.N,D,20200214,000000,48.79,48.79,48.79,48.79,0,0
4926.N,D,20200217,000000,48.79,48.79,48.79,48.79,0,0
4926.N,D,20200218,000000,48.79,48.79,48.79,48.79,0,0
4926.N,D,20200219,000000,48.79,48.79,48.79,48.79,0,0
4926.N,D,20200220,000000,48.79,48.79,48.79,48.79,0,0
4926.N,D,20200221,000000,49.15,49.15,49.15,49.15,0,0
4926.N,D,20200224,000000,49.15,49.15,49.15,49.15,0,0
4926.N,D,20200225,000000,49.15,49.15,49.15,49.15,0,0
4926.N,D,20200226,000000,49.15,49.15,49.15,49.15,0,0
4926.N,D,20200227,000000,49.15,49.15,49.15,49.15,0,0
4926.N,D,20200228,000000,49.44,49.44,49.44,49.44,0,0
4926.N,D,20200302,000000,49.44,49.44,49.44,49.44,0,0
4926.N,D,20200303,000000,49.44,49.44,49.44,49.44,0,0
4926.N,D,20200304,000000,49.44,49.44,49.44,49.44,0,0
4926.N,D,20200305,000000,49.44,49.44,49.44,49.44,0,0
4926.N,D,20200306,000000,49.44,49.44,49.44,49.44,0,0
4926.N,D,20200309,000000,49.44,49.44,49.44,49.44,0,0
4926.N,D,20200310,000000,49.44,49.44,49.44,49.44,0,0
4926.N,D,20200311,000000,49.44,49.44,49.44,49.44,0,0
4926.N,D,20200312,000000,49.44,49.44,49.44,49.44,0,0
4926.N,D,20200313,000000,49.44,49.44,49.44,49.44,0,0
4926.N,D,20200316,000000,49.44,49.44,49.44,49.44,0,0
4926.N,D,20200317,000000,49.44,49.44,49.44,49.44,0,0
4926.N,D,20200318,000000,49.44,49.44,49.44,49.44,0,0
4926.N,D,20200319,000000,49.44,49.44,49.44,49.44,0,0
4926.N,D,20200320,000000,49.44,49.44,49.44,49.44,0,0
4926.N,D,20200323,000000,49.21,49.21,49.21,49.21,0,0
4926.N,D,20200324,000000,49.21,49.21,49.21,49.21,0,0
4926.N,D,20200325,000000,49.21,49.21,49.21,49.21,0,0
4926.N,D,20200326,000000,49.21,49.21,49.21,49.21,0,0
4926.N,D,20200327,000000,49.21,49.21,49.21,49.21,0,0
4926.N,D,20200330,000000,49.21,49.21,49.21,49.21,0,0
4926.N,D,20200331,000000,49.18,49.18,49.18,49.18,0,0
4926.N,D,20200401,000000,49.18,49.18,49.18,49.18,0,0
4926.N,D,20200402,000000,49.18,49.18,49.18,49.18,0,0
4926.N,D,20200403,000000,49.18,49.18,49.18,49.18,0,0
4926.N,D,20200406,000000,49.18,49.18,49.18,49.18,0,0
4926.N,D,20200407,000000,49.18,49.18,49.18,49.18,0,0
4926.N,D,20200408,000000,49.18,49.18,49.18,49.18,0,0
4926.N,D,20200409,000000,49.18,49.18,49.18,49.18,0,0
4926.N,D,20200414,000000,49.18,49.18,49.18,49.18,0,0
4926.N,D,20200415,000000,49.18,49.18,49.18,49.18,0,0
4926.N,D,20200416,000000,49.18,49.18,49.18,49.18,0,0
4926.N,D,20200417,000000,49.18,49.18,49.18,49.18,0,0
4926.N,D,20200420,000000,49.18,49.18,49.18,49.18,0,0
4926.N,D,20200421,000000,49.18,49.18,49.18,49.18,0,0
4926.N,D,20200422,000000,49.18,49.18,49.18,49.18,0,0
4926.N,D,20200423,000000,49.18,49.18,49.18,49.18,0,0
4926.N,D,20200424,000000,49.18,49.18,49.18,49.18,0,0
4926.N,D,20200427,000000,49.18,49.18,49.18,49.18,0,0
4926.N,D,20200428,000000,49.18,49.18,49.18,49.18,0,0
4926.N,D,20200429,000000,49.18,49.18,49.18,49.18,0,0
4926.N,D,20200430,000000,46.83,46.83,46.83,46.83,0,0
4926.N,D,20200504,000000,46.83,46.83,46.83,46.83,0,0
4926.N,D,20200505,000000,46.83,46.83,46.83,46.83,0,0
4926.N,D,20200506,000000,46.83,46.83,46.83,46.83,0,0
4926.N,D,20200507,000000,46.83,46.83,46.83,46.83,0,0
4926.N,D,20200508,000000,46.83,46.83,46.83,46.83,0,0
4926.N,D,20200511,000000,46.83,46.83,46.83,46.83,0,0
4926.N,D,20200512,000000,46.83,46.83,46.83,46.83,0,0
4926.N,D,20200513,000000,46.83,46.83,46.83,46.83,0,0
4926.N,D,20200514,000000,46.83,46.83,46.83,46.83,0,0
4926.N,D,20200515,000000,46.83,46.83,46.83,46.83,0,0
4926.N,D,20200518,000000,46.83,46.83,46.83,46.83,0,0
4926.N,D,20200519,000000,46.83,46.83,46.83,46.83,0,0
4926.N,D,20200520,000000,46.83,46.83,46.83,46.83,0,0
4926.N,D,20200521,000000,46.83,46.83,46.83,46.83,0,0
4926.N,D,20200522,000000,46.83,46.83,46.83,46.83,0,0
4926.N,D,20200525,000000,46.83,46.83,46.83,46.83,0,0
4926.N,D,20200526,000000,46.83,46.83,46.83,46.83,0,0
4926.N,D,20200527,000000,46.83,46.83,46.83,46.83,0,0
4926.N,D,20200528,000000,46.83,46.83,46.83,46.83,0,0
4926.N,D,20200529,000000,45.87,45.87,45.87,45.87,0,0
4926.N,D,20200601,000000,45.87,45.87,45.87,45.87,0,0
4926.N,D,20200602,000000,45.87,45.87,45.87,45.87,0,0
4926.N,D,20200603,000000,45.87,45.87,45.87,45.87,0,0
4926.N,D,20200604,000000,45.87,45.87,45.87,45.87,0,0
4926.N,D,20200605,000000,45.87,45.87,45.87,45.87,0,0
4926.N,D,20200608,000000,45.87,45.87,45.87,45.87,0,0
4926.N,D,20200609,000000,45.87,45.87,45.87,45.87,0,0
4926.N,D,20200610,000000,45.87,45.87,45.87,45.87,0,0
4926.N,D,20200612,000000,45.87,45.87,45.87,45.87,0,0
4926.N,D,20200615,000000,45.87,45.87,45.87,45.87,0,0
4926.N,D,20200616,000000,45.87,45.87,45.87,45.87,0,0
4926.N,D,20200617,000000,45.87,45.87,45.87,45.87,0,0
4926.N,D,20200618,000000,45.87,45.87,45.87,45.87,0,0
4926.N,D,20200619,000000,45.87,45.87,45.87,45.87,0,0
4926.N,D,20200622,000000,45.87,45.87,45.87,45.87,0,0
4926.N,D,20200623,000000,45.87,45.87,45.87,45.87,0,0
4926.N,D,20200624,000000,45.87,45.87,45.87,45.87,0,0
4926.N,D,20200625,000000,45.87,45.87,45.87,45.87,0,0
4926.N,D,20200626,000000,45.87,45.87,45.87,45.87,0,0
4926.N,D,20200629,000000,45.87,45.87,45.87,45.87,0,0
4926.N,D,20200630,000000,45.89,45.89,45.89,45.89,0,0
4926.N,D,20200701,000000,45.89,45.89,45.89,45.89,0,0
4926.N,D,20200702,000000,45.89,45.89,45.89,45.89,0,0
4926.N,D,20200703,000000,45.89,45.89,45.89,45.89,0,0
4926.N,D,20200706,000000,45.89,45.89,45.89,45.89,0,0
4926.N,D,20200707,000000,45.89,45.89,45.89,45.89,0,0
4926.N,D,20200708,000000,45.89,45.89,45.89,45.89,0,0
4926.N,D,20200709,000000,45.89,45.89,45.89,45.89,0,0
4926.N,D,20200710,000000,45.89,45.89,45.89,45.89,0,0
4926.N,D,20200713,000000,45.89,45.89,45.89,45.89,0,0
4926.N,D,20200714,000000,45.89,45.89,45.89,45.89,0,0
4926.N,D,20200715,000000,45.89,45.89,45.89,45.89,0,0
4926.N,D,20200716,000000,45.89,45.89,45.89,45.89,0,0
4926.N,D,20200717,000000,45.89,45.89,45.89,45.89,0,0
4926.N,D,20200720,000000,45.89,45.89,45.89,45.89,0,0
4926.N,D,20200721,000000,45.89,45.89,45.89,45.89,0,0
4926.N,D,20200722,000000,45.89,45.89,45.89,45.89,0,0
4926.N,D,20200723,000000,45.89,45.89,45.89,45.89,0,0
4926.N,D,20200724,000000,45.89,45.89,45.89,45.89,0,0
4926.N,D,20200727,000000,45.89,45.89,45.89,45.89,0,0
4926.N,D,20200728,000000,45.89,45.89,45.89,45.89,0,0
4926.N,D,20200729,000000,45.89,45.89,45.89,45.89,0,0
4926.N,D,20200730,000000,45.89,45.89,45.89,45.89,0,0
4926.N,D,20200731,000000,45.46,45.46,45.46,45.46,0,0
4926.N,D,20200803,000000,45.46,45.46,45.46,45.46,0,0
4926.N,D,20200804,000000,45.46,45.46,45.46,45.46,0,0
4926.N,D,20200805,000000,45.46,45.46,45.46,45.46,0,0
4926.N,D,20200806,000000,45.46,45.46,45.46,45.46,0,0
4926.N,D,20200807,000000,45.46,45.46,45.46,45.46,0,0
4926.N,D,20200810,000000,45.46,45.46,45.46,45.46,0,0
4926.N,D,20200811,000000,45.46,45.46,45.46,45.46,0,0
4926.N,D,20200812,000000,45.46,45.46,45.46,45.46,0,0
4926.N,D,20200813,000000,45.46,45.46,45.46,45.46,0,0
4926.N,D,20200814,000000,45.46,45.46,45.46,45.46,0,0
4926.N,D,20200817,000000,45.46,45.46,45.46,45.46,0,0
4926.N,D,20200818,000000,45.46,45.46,45.46,45.46,0,0
4926.N,D,20200819,000000,45.46,45.46,45.46,45.46,0,0
4926.N,D,20200820,000000,45.46,45.46,45.46,45.46,0,0
4926.N,D,20200821,000000,45.46,45.46,45.46,45.46,0,0
4926.N,D,20200824,000000,45.46,45.46,45.46,45.46,0,0
4926.N,D,20200825,000000,45.46,45.46,45.46,45.46,0,0
4926.N,D,20200826,000000,45.46,45.46,45.46,45.46,0,0
4926.N,D,20200827,000000,45.46,45.46,45.46,45.46,0,0
4926.N,D,20200828,000000,45.46,45.46,45.46,45.46,0,0
4926.N,D,20200831,000000,45.53,45.53,45.53,45.53,0,0
4926.N,D,20200901,000000,45.53,45.53,45.53,45.53,0,0
4926.N,D,20200902,000000,45.53,45.53,45.53,45.53,0,0
4926.N,D,20200903,000000,45.53,45.53,45.53,45.53,0,0
4926.N,D,20200904,000000,45.53,45.53,45.53,45.53,0,0
4926.N,D,20200907,000000,45.53,45.53,45.53,45.53,0,0
4926.N,D,20200908,000000,45.53,45.53,45.53,45.53,0,0
4926.N,D,20200909,000000,45.53,45.53,45.53,45.53,0,0
4926.N,D,20200910,000000,45.53,45.53,45.53,45.53,0,0
4926.N,D,20200911,000000,45.53,45.53,45.53,45.53,0,0
4926.N,D,20200914,000000,45.53,45.53,45.53,45.53,0,0
4926.N,D,20200915,000000,45.53,45.53,45.53,45.53,0,0
4926.N,D,20200916,000000,45.53,45.53,45.53,45.53,0,0
4926.N,D,20200917,000000,45.53,45.53,45.53,45.53,0,0
4926.N,D,20200918,000000,45.53,45.53,45.53,45.53,0,0
4926.N,D,20200921,000000,45.53,45.53,45.53,45.53,0,0
4926.N,D,20200922,000000,45.53,45.53,45.53,45.53,0,0
4926.N,D,20200923,000000,45.53,45.53,45.53,45.53,0,0
4926.N,D,20200924,000000,45.53,45.53,45.53,45.53,0,0
4926.N,D,20200925,000000,45.53,45.53,45.53,45.53,0,0
4926.N,D,20200928,000000,45.53,45.53,45.53,45.53,0,0
4926.N,D,20200929,000000,45.53,45.53,45.53,45.53,0,0
4926.N,D,20200930,000000,45.63,45.63,45.63,45.63,0,0
4926.N,D,20201001,000000,45.63,45.63,45.63,45.63,0,0
4926.N,D,20201002,000000,45.63,45.63,45.63,45.63,0,0
4926.N,D,20201005,000000,45.63,45.63,45.63,45.63,0,0
4926.N,D,20201006,000000,45.63,45.63,45.63,45.63,0,0
4926.N,D,20201007,000000,45.63,45.63,45.63,45.63,0,0
