<TICKER>,<PER>,<DATE>,<TIME>,<OPEN>,<HIGH>,<LOW>,<CLOSE>,<VOL>,<OPENINT>
PKN0622.PL,D,20180604,000000,100.6,100.6,100.4,100.43,181931,0
PKN0622.PL,D,20180605,000000,100.41,100.42,100.39,100.4,28154,0
PKN0622.PL,D,20180606,000000,100.4,100.5,100.4,100.5,29651,0
PKN0622.PL,D,20180607,000000,100.5,100.55,100.5,100.54,77051,0
PKN0622.PL,D,20180608,000000,100.53,100.54,100.52,100.52,7154,0
PKN0622.PL,D,20180611,000000,100.51,100.54,100.5,100.51,35686,0
PKN0622.PL,D,20180612,000000,100.52,100.54,100.5,100.5,28788,0
PKN0622.PL,D,20180613,000000,100.4,100.49,100.4,100.44,84394,0
PKN0622.PL,D,20180614,000000,100.47,100.47,100.36,100.41,68486,0
PKN0622.PL,D,20180615,000000,100.45,100.45,100.43,100.43,1005,0
PKN0622.PL,D,20180618,000000,100.44,100.5,100.41,100.43,2892,0
PKN0622.PL,D,20180619,000000,100.45,100.45,100.35,100.35,2826,0
PKN0622.PL,D,20180620,000000,100.38,100.45,100.35,100.45,14701,0
PKN0622.PL,D,20180621,000000,100.35,100.4,100.25,100.32,26078,0
PKN0622.PL,D,20180622,000000,100.48,100.48,100.3,100.31,22560,0
PKN0622.PL,D,20180625,000000,100.31,100.34,100.3,100.33,11266,0
PKN0622.PL,D,20180626,000000,100.35,100.35,100.35,100.35,20000,0
PKN0622.PL,D,20180627,000000,100.4,100.4,100.4,100.4,200,0
PKN0622.PL,D,20180628,000000,100.34,100.39,100.34,100.39,55,0
PKN0622.PL,D,20180629,000000,100.41,100.54,100.33,100.54,5393,0
PKN0622.PL,D,20180702,000000,100.44,100.44,100.4,100.4,489,0
PKN0622.PL,D,20180703,000000,100.35,100.39,100.35,100.39,967,0
PKN0622.PL,D,20180704,000000,100.3,100.3,100.3,100.3,100,0
PKN0622.PL,D,20180705,000000,100.53,100.53,100.53,100.53,5,0
PKN0622.PL,D,20180706,000000,100.35,100.49,100.33,100.33,217,0
PKN0622.PL,D,20180709,000000,100.3,100.3,100.3,100.3,100,0
PKN0622.PL,D,20180710,000000,100.31,100.31,100.3,100.3,2000,0
PKN0622.PL,D,20180711,000000,100.45,100.45,100.18,100.2,3912,0
PKN0622.PL,D,20180712,000000,100.43,100.43,100.26,100.26,1573,0
PKN0622.PL,D,20180713,000000,100.38,100.38,100.38,100.38,30,0
PKN0622.PL,D,20180717,000000,100.34,100.38,100.34,100.38,889,0
PKN0622.PL,D,20180718,000000,100.38,100.38,100.38,100.38,723,0
PKN0622.PL,D,20180720,000000,100.43,100.43,100.43,100.43,40,0
PKN0622.PL,D,20180724,000000,100.43,100.43,100.43,100.43,90,0
PKN0622.PL,D,20180725,000000,100.36,100.36,100.36,100.36,50,0
PKN0622.PL,D,20180726,000000,100.43,100.43,100.43,100.43,55,0
PKN0622.PL,D,20180727,000000,100.43,100.43,100.43,100.43,220,0
PKN0622.PL,D,20180730,000000,100.43,100.43,100.43,100.43,30,0
PKN0622.PL,D,20180801,000000,100.43,100.43,100.43,100.43,500,0
PKN0622.PL,D,20180807,000000,100.49,100.49,100.49,100.49,200,0
PKN0622.PL,D,20180808,000000,100.47,100.47,100.47,100.47,1250,0
PKN0622.PL,D,20180809,000000,100.47,100.47,100.47,100.47,300,0
PKN0622.PL,D,20180810,000000,100.4,100.4,100.4,100.4,58,0
PKN0622.PL,D,20180817,000000,100.47,100.47,100.47,100.47,300,0
PKN0622.PL,D,20180820,000000,100.45,100.45,100.45,100.45,50,0
PKN0622.PL,D,20180828,000000,100.45,100.45,100.45,100.45,560,0
PKN0622.PL,D,20180829,000000,100.45,100.45,100.45,100.45,191,0
PKN0622.PL,D,20180830,000000,100.41,100.41,100.4,100.4,367,0
PKN0622.PL,D,20180831,000000,100.4,100.41,100.35,100.35,975,0
PKN0622.PL,D,20180903,000000,100.4,100.45,100.4,100.45,559,0
PKN0622.PL,D,20180904,000000,100.31,100.31,100.31,100.31,220,0
PKN0622.PL,D,20180905,000000,100.32,100.32,100.32,100.32,135,0
PKN0622.PL,D,20180907,000000,100.32,100.32,100.32,100.32,210,0
PKN0622.PL,D,20180911,000000,100.32,100.32,100.32,100.32,1354,0
PKN0622.PL,D,20180917,000000,100.35,100.35,100.35,100.35,4182,0
PKN0622.PL,D,20180918,000000,100.35,100.35,100.35,100.35,35,0
PKN0622.PL,D,20180924,000000,100.39,100.39,100.31,100.31,692,0
PKN0622.PL,D,20180925,000000,100.31,100.31,100.31,100.31,3676,0
PKN0622.PL,D,20180928,000000,100.4,100.44,100.4,100.44,500,0
PKN0622.PL,D,20181004,000000,100.33,100.33,100.33,100.33,295,0
PKN0622.PL,D,20181008,000000,100.33,100.33,100.33,100.33,100,0
PKN0622.PL,D,20181009,000000,100.36,100.36,100.36,100.36,10,0
PKN0622.PL,D,20181010,000000,100.37,100.37,100.37,100.37,19,0
PKN0622.PL,D,20181011,000000,100.37,100.37,100.33,100.33,2007,0
PKN0622.PL,D,20181012,000000,100.33,100.33,100.33,100.33,167,0
PKN0622.PL,D,20181015,000000,100.42,100.42,100.33,100.42,498,0
PKN0622.PL,D,20181018,000000,100.35,100.35,100.35,100.35,300,0
PKN0622.PL,D,20181019,000000,100.35,100.42,100.35,100.42,347,0
PKN0622.PL,D,20181022,000000,100.33,100.33,100.33,100.33,10,0
PKN0622.PL,D,20181029,000000,100.4,100.4,100.4,100.4,48,0
PKN0622.PL,D,20181030,000000,100.39,100.39,100.39,100.39,24,0
PKN0622.PL,D,20181031,000000,100.39,100.39,100.33,100.39,308,0
PKN0622.PL,D,20181102,000000,100.39,100.41,100.39,100.39,3243,0
PKN0622.PL,D,20181106,000000,100.33,100.33,100.33,100.33,90,0
PKN0622.PL,D,20181108,000000,100.38,100.39,100.38,100.39,1000,0
PKN0622.PL,D,20181109,000000,100.39,100.39,100.39,100.39,23,0
PKN0622.PL,D,20181113,000000,100.39,100.43,100.39,100.43,5000,0
PKN0622.PL,D,20181114,000000,100.42,100.42,100.42,100.42,100,0
PKN0622.PL,D,20181115,000000,100.4,100.42,100.4,100.42,40,0
PKN0622.PL,D,20181119,000000,100.42,100.42,100.42,100.42,184,0
PKN0622.PL,D,20181120,000000,100.4,100.42,100.4,100.42,1136,0
PKN0622.PL,D,20181121,000000,100.42,100.42,100.4,100.4,74,0
PKN0622.PL,D,20181123,000000,100.34,100.44,100.34,100.44,11448,0
PKN0622.PL,D,20181126,000000,100.44,100.44,100.35,100.35,770,0
PKN0622.PL,D,20181128,000000,100.44,100.45,100.44,100.45,5263,0
PKN0622.PL,D,20181129,000000,100.45,100.45,100.45,100.45,1460,0
PKN0622.PL,D,20181130,000000,100.45,100.45,100.45,100.45,100,0
PKN0622.PL,D,20181203,000000,100.45,100.45,100.35,100.35,934,0
PKN0622.PL,D,20181205,000000,100.48,100.48,100.48,100.48,87,0
PKN0622.PL,D,20181206,000000,100.48,100.48,100.35,100.35,1000,0
PKN0622.PL,D,20181207,000000,100.36,100.5,100.35,100.5,241,0
PKN0622.PL,D,20181210,000000,100.5,100.5,100.5,100.5,26,0
PKN0622.PL,D,20181211,000000,100.5,100.5,100.35,100.35,2902,0
PKN0622.PL,D,20181214,000000,100.48,100.48,100.45,100.45,752,0
PKN0622.PL,D,20181218,000000,100.49,100.49,100.45,100.49,418,0
PKN0622.PL,D,20181219,000000,100.49,100.49,100.49,100.49,8,0
PKN0622.PL,D,20181221,000000,100.42,100.54,100.42,100.54,21,0
PKN0622.PL,D,20181228,000000,100.54,100.54,100.54,100.54,45,0
PKN0622.PL,D,20190102,000000,100.54,100.54,100.54,100.54,100,0
PKN0622.PL,D,20190104,000000,100.65,100.65,100.54,100.54,123,0
PKN0622.PL,D,20190107,000000,100.74,100.74,100.74,100.74,700,0
PKN0622.PL,D,20190108,000000,100.74,100.74,100.74,100.74,30,0
PKN0622.PL,D,20190109,000000,100.5,100.5,100.5,100.5,3000,0
PKN0622.PL,D,20190110,000000,100.7,100.7,100.7,100.7,7500,0
PKN0622.PL,D,20190115,000000,100.65,100.66,100.65,100.66,165,0
PKN0622.PL,D,20190116,000000,100.66,100.66,100.66,100.66,320,0
PKN0622.PL,D,20190117,000000,100.66,100.66,100.66,100.66,1,0
PKN0622.PL,D,20190121,000000,100.73,100.73,100.73,100.73,463,0
PKN0622.PL,D,20190122,000000,100.56,100.56,100.5,100.5,2500,0
PKN0622.PL,D,20190123,000000,100.73,100.73,100.73,100.73,150,0
PKN0622.PL,D,20190124,000000,100.73,100.73,100.73,100.73,140,0
PKN0622.PL,D,20190125,000000,100.73,100.73,100.7,100.7,490,0
PKN0622.PL,D,20190129,000000,100.73,100.78,100.73,100.78,4944,0
PKN0622.PL,D,20190130,000000,100.66,100.79,100.66,100.79,616,0
PKN0622.PL,D,20190131,000000,100.83,100.83,100.83,100.83,200,0
PKN0622.PL,D,20190201,000000,100.83,100.83,100.83,100.83,170,0
PKN0622.PL,D,20190204,000000,100.83,100.84,100.83,100.84,576,0
PKN0622.PL,D,20190205,000000,100.84,100.84,100.83,100.83,360,0
PKN0622.PL,D,20190206,000000,100.84,101,100.84,101,5402,0
PKN0622.PL,D,20190207,000000,100.7,100.7,100.7,100.7,5881,0
PKN0622.PL,D,20190208,000000,100.62,100.62,100.62,100.62,65,0
PKN0622.PL,D,20190211,000000,100.65,101,100.65,101,189,0
PKN0622.PL,D,20190212,000000,100.95,101,100.95,101,2192,0
PKN0622.PL,D,20190215,000000,101,101,101,101,29,0
PKN0622.PL,D,20190218,000000,100.82,100.82,100.82,100.82,45,0
PKN0622.PL,D,20190220,000000,100.82,100.84,100.82,100.84,60,0
PKN0622.PL,D,20190221,000000,100.84,100.84,100.84,100.84,25,0
PKN0622.PL,D,20190226,000000,100.99,100.99,100.85,100.85,113,0
PKN0622.PL,D,20190227,000000,100.85,100.85,100.85,100.85,1471,0
PKN0622.PL,D,20190301,000000,101.07,101.08,101.07,101.08,246,0
PKN0622.PL,D,20190304,000000,101.09,101.09,101.09,101.09,11,0
PKN0622.PL,D,20190306,000000,101.08,101.08,101.08,101.08,500,0
PKN0622.PL,D,20190312,000000,101.09,101.09,101.09,101.09,67,0
PKN0622.PL,D,20190314,000000,101.08,101.08,101.08,101.08,118,0
PKN0622.PL,D,20190318,000000,101.08,101.08,101.08,101.08,817,0
PKN0622.PL,D,20190320,000000,101,101,101,101,618,0
PKN0622.PL,D,20190321,000000,100.91,100.91,100.91,100.91,200,0
PKN0622.PL,D,20190322,000000,101,101,101,101,1000,0
PKN0622.PL,D,20190327,000000,101.08,101.2,101.08,101.2,1305,0
PKN0622.PL,D,20190328,000000,101.18,101.18,101.18,101.18,2920,0
PKN0622.PL,D,20190403,000000,101.17,101.17,101.17,101.17,37,0
PKN0622.PL,D,20190404,000000,101.05,101.05,101.05,101.05,100,0
PKN0622.PL,D,20190405,000000,101.05,101.05,101.05,101.05,100,0
PKN0622.PL,D,20190408,000000,100.88,101.08,100.88,101.08,1948,0
PKN0622.PL,D,20190409,000000,100.97,100.97,100.97,100.97,78,0
PKN0622.PL,D,20190410,000000,101.08,101.18,101.08,101.18,830,0
PKN0622.PL,D,20190411,000000,100.95,100.96,100.95,100.96,1362,0
PKN0622.PL,D,20190415,000000,100.96,100.96,100.96,100.96,200,0
PKN0622.PL,D,20190416,000000,101.05,101.05,101.05,101.05,3060,0
PKN0622.PL,D,20190417,000000,101.05,101.05,101.05,101.05,127,0
PKN0622.PL,D,20190423,000000,101.09,101.09,101.09,101.09,68,0
PKN0622.PL,D,20190425,000000,101.08,101.08,101.08,101.08,1000,0
PKN0622.PL,D,20190426,000000,101.02,101.02,100.6,100.6,3382,0
PKN0622.PL,D,20190430,000000,100.86,100.99,100.86,100.99,500,0
PKN0622.PL,D,20190506,000000,100.99,101,100.99,101,250,0
PKN0622.PL,D,20190507,000000,100.92,100.92,100.92,100.92,200,0
PKN0622.PL,D,20190508,000000,100.99,101.07,100.95,100.95,1040,0
PKN0622.PL,D,20190510,000000,101.12,101.12,101.12,101.12,5,0
PKN0622.PL,D,20190513,000000,101,101.12,100.72,101.12,2694,0
PKN0622.PL,D,20190514,000000,100.76,100.76,100.76,100.76,3676,0
PKN0622.PL,D,20190515,000000,100.85,101.1,100.85,101.1,1100,0
PKN0622.PL,D,20190516,000000,100.9,100.9,100.9,100.9,18,0
PKN0622.PL,D,20190517,000000,101.11,101.11,101.11,101.11,30,0
PKN0622.PL,D,20190524,000000,101.11,101.14,101.11,101.14,745,0
PKN0622.PL,D,20190527,000000,101.14,101.19,101.14,101.19,1300,0
PKN0622.PL,D,20190528,000000,101.19,101.2,101.15,101.2,8119,0
PKN0622.PL,D,20190529,000000,101.2,101.2,101.1,101.1,857,0
PKN0622.PL,D,20190530,000000,101.27,101.27,101.27,101.27,67,0
PKN0622.PL,D,20190531,000000,101.28,101.28,101.27,101.27,395,0
PKN0622.PL,D,20190603,000000,101.27,101.27,101.27,101.27,700,0
PKN0622.PL,D,20190606,000000,101.2,101.2,101.11,101.11,257,0
PKN0622.PL,D,20190607,000000,101.12,101.12,101.12,101.12,31,0
PKN0622.PL,D,20190610,000000,101.27,101.27,101.27,101.27,17,0
PKN0622.PL,D,20190611,000000,101.13,101.13,101.13,101.13,11,0
PKN0622.PL,D,20190612,000000,101.25,101.25,101.25,101.25,150,0
PKN0622.PL,D,20190613,000000,101.25,101.25,101.25,101.25,195,0
PKN0622.PL,D,20190614,000000,101.25,101.29,101.2,101.29,2557,0
PKN0622.PL,D,20190617,000000,101.29,101.29,101.2,101.29,638,0
PKN0622.PL,D,20190618,000000,101.29,101.29,101.29,101.29,10,0
PKN0622.PL,D,20190619,000000,101.14,101.14,100.83,100.83,510,0
PKN0622.PL,D,20190621,000000,101.29,101.29,100.86,100.86,75,0
PKN0622.PL,D,20190624,000000,101.14,101.14,101.14,101.14,50,0
PKN0622.PL,D,20190625,000000,101.14,101.15,101.14,101.15,100,0
PKN0622.PL,D,20190626,000000,101.09,101.09,101.09,101.09,100,0
PKN0622.PL,D,20190627,000000,101.09,101.09,100.95,101.09,333,0
PKN0622.PL,D,20190628,000000,101.09,101.29,100.88,101.29,874,0
PKN0622.PL,D,20190701,000000,101.25,101.25,101.19,101.2,183,0
PKN0622.PL,D,20190702,000000,100.95,101.18,100.95,101,864,0
PKN0622.PL,D,20190704,000000,101.1,101.1,101.1,101.1,245,0
PKN0622.PL,D,20190705,000000,101.19,101.19,101.19,101.19,250,0
PKN0622.PL,D,20190708,000000,101.2,101.2,101.2,101.2,250,0
PKN0622.PL,D,20190711,000000,101.2,101.2,101.2,101.2,250,0
PKN0622.PL,D,20190712,000000,101.25,101.29,101,101.29,1760,0
PKN0622.PL,D,20190717,000000,101.25,101.25,101.25,101.25,24,0
PKN0622.PL,D,20190718,000000,101.24,101.25,101.24,101.25,1926,0
PKN0622.PL,D,20190719,000000,101.04,101.29,101,101.29,1050,0
PKN0622.PL,D,20190722,000000,101.3,101.3,101.3,101.3,550,0
PKN0622.PL,D,20190723,000000,101.31,101.31,101.31,101.31,100,0
PKN0622.PL,D,20190724,000000,101.31,101.4,101.31,101.4,1000,0
PKN0622.PL,D,20190725,000000,101.38,101.48,101.38,101.48,2000,0
PKN0622.PL,D,20190726,000000,101.32,101.32,101.32,101.32,2,0
PKN0622.PL,D,20190730,000000,101.46,101.7,101.26,101.7,6899,0
PKN0622.PL,D,20190801,000000,101.64,101.65,100.91,101.43,6733,0
PKN0622.PL,D,20190806,000000,101.64,101.64,101.64,101.64,5000,0
PKN0622.PL,D,20190809,000000,101.31,101.69,101.31,101.69,4495,0
PKN0622.PL,D,20190816,000000,101.25,101.25,101.25,101.25,1765,0
PKN0622.PL,D,20190820,000000,101.69,101.69,101.3,101.3,910,0
PKN0622.PL,D,20190822,000000,101.41,101.41,101.41,101.41,10,0
PKN0622.PL,D,20190823,000000,101.4,101.4,101.4,101.4,813,0
PKN0622.PL,D,20190826,000000,101.64,101.65,101.64,101.65,387,0
PKN0622.PL,D,20190829,000000,101.54,101.64,101.54,101.64,528,0
PKN0622.PL,D,20190830,000000,101.61,101.63,101.61,101.63,350,0
PKN0622.PL,D,20190904,000000,101.63,101.63,101.63,101.63,200,0
PKN0622.PL,D,20190905,000000,101.62,101.69,101.62,101.69,4499,0
PKN0622.PL,D,20190906,000000,101.69,101.69,101.69,101.69,84,0
PKN0622.PL,D,20190918,000000,101.65,101.65,101.65,101.65,5,0
PKN0622.PL,D,20190919,000000,101.65,101.65,101.65,101.65,100,0
PKN0622.PL,D,20190924,000000,101.3,101.3,101.25,101.25,213,0
PKN0622.PL,D,20190925,000000,101.61,101.61,101.61,101.61,50,0
PKN0622.PL,D,20190926,000000,101.25,101.69,101.25,101.69,5100,0
PKN0622.PL,D,20191001,000000,101.26,101.26,101.26,101.26,88,0
PKN0622.PL,D,20191007,000000,101.26,101.26,101.26,101.26,147,0
PKN0622.PL,D,20191010,000000,101.55,101.55,101.55,101.55,250,0
PKN0622.PL,D,20191014,000000,101.55,101.55,101.55,101.55,10,0
PKN0622.PL,D,20191015,000000,101.3,101.3,101.3,101.3,706,0
PKN0622.PL,D,20191017,000000,101.55,101.69,101.55,101.69,12000,0
PKN0622.PL,D,20191023,000000,101.26,101.26,101.26,101.26,450,0
PKN0622.PL,D,20191025,000000,101.26,101.26,101.26,101.26,50,0
PKN0622.PL,D,20191028,000000,101.35,101.35,101.3,101.3,560,0
PKN0622.PL,D,20191031,000000,101.49,101.49,101.49,101.49,288,0
PKN0622.PL,D,20191104,000000,101.6,101.6,101.35,101.35,620,0
PKN0622.PL,D,20191106,000000,101.5,101.5,101.5,101.5,50,0
PKN0622.PL,D,20191107,000000,101.6,101.67,101.6,101.67,3500,0
PKN0622.PL,D,20191108,000000,101.66,101.69,101.66,101.68,7040,0
PKN0622.PL,D,20191112,000000,101.3,101.3,101.3,101.3,50,0
PKN0622.PL,D,20191113,000000,101.25,101.25,101.25,101.25,451,0
PKN0622.PL,D,20191118,000000,101.6,101.6,101.6,101.6,56,0
PKN0622.PL,D,20191119,000000,101.26,101.26,101.26,101.26,48,0
PKN0622.PL,D,20191120,000000,101.26,101.26,101.26,101.26,44,0
PKN0622.PL,D,20191122,000000,101.5,101.5,101.5,101.5,1194,0
PKN0622.PL,D,20191126,000000,101.26,101.26,101.26,101.26,100,0
PKN0622.PL,D,20191128,000000,101.4,101.4,101.26,101.26,5175,0
PKN0622.PL,D,20191129,000000,101.26,101.26,101.26,101.26,100,0
PKN0622.PL,D,20191202,000000,101.26,101.26,101.26,101.26,200,0
PKN0622.PL,D,20191204,000000,101.31,101.31,101.31,101.31,50,0
PKN0622.PL,D,20191209,000000,101.22,101.54,101.2,101.2,201,0
PKN0622.PL,D,20191210,000000,101.27,101.27,101.27,101.27,25,0
PKN0622.PL,D,20191211,000000,101.27,101.27,101.27,101.27,25,0
PKN0622.PL,D,20191216,000000,101.39,101.39,101.39,101.39,40,0
PKN0622.PL,D,20191217,000000,101.28,101.28,101.21,101.21,400,0
PKN0622.PL,D,20191218,000000,101.21,101.21,101.2,101.2,10066,0
PKN0622.PL,D,20191219,000000,101.19,101.52,101.19,101.52,42,0
PKN0622.PL,D,20191223,000000,101.21,101.21,101.21,101.21,100,0
PKN0622.PL,D,20191227,000000,101.49,101.52,101.49,101.52,50,0
PKN0622.PL,D,20191230,000000,101.21,101.21,101.21,101.21,100,0
PKN0622.PL,D,20200103,000000,101.5,101.5,101.49,101.49,70,0
PKN0622.PL,D,20200108,000000,101.38,101.49,101,101,941,0
PKN0622.PL,D,20200109,000000,101.49,101.49,101.46,101.46,147,0
PKN0622.PL,D,20200113,000000,101,101,101,101,225,0
PKN0622.PL,D,20200114,000000,101.25,101.25,101.2,101.25,110,0
PKN0622.PL,D,20200115,000000,101.45,101.45,101.45,101.45,15,0
PKN0622.PL,D,20200116,000000,101.38,101.39,101.38,101.39,1000,0
PKN0622.PL,D,20200123,000000,100.74,100.74,100.74,100.74,49,0
PKN0622.PL,D,20200127,000000,101.05,101.05,101.01,101.01,778,0
PKN0622.PL,D,20200128,000000,101.33,101.34,101.33,101.33,104,0
PKN0622.PL,D,20200129,000000,101.11,101.11,101.1,101.1,14702,0
PKN0622.PL,D,20200130,000000,101.2,101.2,101.2,101.2,25,0
PKN0622.PL,D,20200131,000000,101.38,101.48,101.38,101.48,1500,0
PKN0622.PL,D,20200203,000000,101.2,101.2,101.2,101.2,294,0
PKN0622.PL,D,20200210,000000,101.3,101.3,101.3,101.3,39,0
PKN0622.PL,D,20200212,000000,101,101.13,101,101.13,661,0
PKN0622.PL,D,20200217,000000,101.44,101.44,101.15,101.15,83,0
PKN0622.PL,D,20200219,000000,101.38,101.38,101.38,101.38,500,0
PKN0622.PL,D,20200220,000000,101.41,101.41,101.4,101.4,1600,0
PKN0622.PL,D,20200221,000000,101.4,101.4,101.4,101.4,50,0
PKN0622.PL,D,20200224,000000,101.4,101.4,101.4,101.4,19,0
PKN0622.PL,D,20200225,000000,101.42,101.42,101.41,101.42,982,0
PKN0622.PL,D,20200226,000000,101.42,101.49,101.41,101.49,580,0
PKN0622.PL,D,20200228,000000,101.49,101.49,101.49,101.49,330,0
PKN0622.PL,D,20200302,000000,101.4,101.4,101.3,101.31,1449,0
PKN0622.PL,D,20200303,000000,101.3,101.3,101.3,101.3,1164,0
PKN0622.PL,D,20200305,000000,101.52,101.52,101.52,101.52,2923,0
PKN0622.PL,D,20200309,000000,101,101,101,101,400,0
PKN0622.PL,D,20200310,000000,101,101,101,101,11802,0
PKN0622.PL,D,20200311,000000,100.76,100.76,100.76,100.76,141,0
PKN0622.PL,D,20200312,000000,100.75,101,100,101,5021,0
PKN0622.PL,D,20200313,000000,100.4,100.5,100.4,100.4,2194,0
PKN0622.PL,D,20200316,000000,100.5,100.5,99.9,99.9,406,0
PKN0622.PL,D,20200317,000000,100,100,99.5,100,133,0
PKN0622.PL,D,20200318,000000,99.81,99.81,99.61,99.81,415,0
PKN0622.PL,D,20200319,000000,99.8,99.8,99,99,843,0
PKN0622.PL,D,20200320,000000,99.01,99.44,99,99.11,304,0
PKN0622.PL,D,20200325,000000,99.11,99.48,99.11,99.48,346,0
PKN0622.PL,D,20200327,000000,99.48,99.48,99.48,99.48,1,0
PKN0622.PL,D,20200331,000000,99.4,99.4,99.4,99.4,100,0
PKN0622.PL,D,20200402,000000,99.3,99.3,99.3,99.3,20,0
PKN0622.PL,D,20200403,000000,99.28,99.3,99.28,99.3,320,0
PKN0622.PL,D,20200407,000000,99.2,99.28,98.61,99.28,490,0
PKN0622.PL,D,20200408,000000,99,99,99,99,200,0
PKN0622.PL,D,20200409,000000,99.41,99.41,99.41,99.41,350,0
PKN0622.PL,D,20200414,000000,99.3,99.38,99.3,99.38,340,0
PKN0622.PL,D,20200415,000000,99.15,99.29,99.15,99.29,52000,0
PKN0622.PL,D,20200416,000000,99.44,99.44,99.44,99.44,20,0
PKN0622.PL,D,20200417,000000,99.47,99.55,99.47,99.55,1815,0
PKN0622.PL,D,20200420,000000,99.56,99.56,99.56,99.56,1,0
PKN0622.PL,D,20200421,000000,99.74,99.75,99.57,99.74,100,0
PKN0622.PL,D,20200422,000000,99.69,99.69,99.69,99.69,212,0
PKN0622.PL,D,20200423,000000,99.7,99.7,99.7,99.7,129,0
PKN0622.PL,D,20200424,000000,99.75,99.75,99.75,99.75,500,0
PKN0622.PL,D,20200427,000000,99.89,99.89,99.5,99.5,1164,0
PKN0622.PL,D,20200428,000000,99.5,99.5,99.5,99.5,1273,0
PKN0622.PL,D,20200429,000000,99.5,99.5,99.5,99.5,100,0
PKN0622.PL,D,20200504,000000,99.7,99.7,99.5,99.5,30,0
PKN0622.PL,D,20200505,000000,99.6,99.6,99.59,99.59,79,0
PKN0622.PL,D,20200506,000000,99.5,99.68,99.5,99.68,158,0
PKN0622.PL,D,20200507,000000,99.7,99.7,99.7,99.7,490,0
PKN0622.PL,D,20200511,000000,99.99,99.99,99.71,99.9,393,0
PKN0622.PL,D,20200512,000000,99.92,99.95,99.9,99.9,1139,0
PKN0622.PL,D,20200513,000000,99.97,100.09,99.91,99.91,407,0
PKN0622.PL,D,20200514,000000,100.1,100.1,100,100,632,0
PKN0622.PL,D,20200515,000000,100.3,100.3,100.3,100.3,100,0
PKN0622.PL,D,20200518,000000,100.24,100.25,100.1,100.25,402,0
PKN0622.PL,D,20200519,000000,100.24,100.24,100.24,100.24,56,0
PKN0622.PL,D,20200520,000000,100.23,100.25,100.23,100.25,3000,0
PKN0622.PL,D,20200525,000000,100.48,100.48,100.48,100.48,7,0
PKN0622.PL,D,20200526,000000,100.47,100.47,100.05,100.05,20,0
PKN0622.PL,D,20200529,000000,100.19,100.3,100.19,100.3,2130,0
PKN0622.PL,D,20200603,000000,100.25,100.3,100.25,100.3,1000,0
PKN0622.PL,D,20200604,000000,100.25,100.25,100,100,110,0
PKN0622.PL,D,20200605,000000,100.2,100.2,100.2,100.2,42,0
PKN0622.PL,D,20200608,000000,100.29,100.29,100.03,100.03,228,0
PKN0622.PL,D,20200609,000000,100,100.3,100,100.3,38683,0
PKN0622.PL,D,20200610,000000,100,100.2,100,100.2,701,0
PKN0622.PL,D,20200612,000000,100.3,100.3,100.3,100.3,321,0
PKN0622.PL,D,20200615,000000,100,100,100,100,50,0
PKN0622.PL,D,20200616,000000,100,100,100,100,100,0
PKN0622.PL,D,20200618,000000,100.07,100.07,100.07,100.07,4,0
PKN0622.PL,D,20200619,000000,100.42,100.42,100.42,100.42,500,0
PKN0622.PL,D,20200622,000000,100.18,100.18,100.05,100.05,200,0
PKN0622.PL,D,20200623,000000,100.02,100.04,100,100,2293,0
PKN0622.PL,D,20200624,000000,100.05,100.18,100.04,100.04,6929,0
PKN0622.PL,D,20200626,000000,100.43,100.43,100,100,4470,0
PKN0622.PL,D,20200629,000000,100.1,100.43,100,100.43,352,0
PKN0622.PL,D,20200630,000000,100.43,100.43,100.43,100.43,683,0
PKN0622.PL,D,20200701,000000,100.15,100.15,100,100,7351,0
PKN0622.PL,D,20200702,000000,100.47,100.47,100.47,100.47,2974,0
PKN0622.PL,D,20200703,000000,100.11,100.11,100.1,100.1,70,0
PKN0622.PL,D,20200706,000000,100.48,100.48,100.48,100.48,98,0
PKN0622.PL,D,20200707,000000,100.46,100.48,100.46,100.48,247,0
PKN0622.PL,D,20200709,000000,100.47,100.47,100.3,100.3,10478,0
PKN0622.PL,D,20200710,000000,100.31,100.31,100.19,100.19,14114,0
PKN0622.PL,D,20200713,000000,100.45,100.48,100.25,100.48,10170,0
PKN0622.PL,D,20200714,000000,100.48,100.48,100.2,100.21,3813,0
PKN0622.PL,D,20200715,000000,100.2,100.8,100.2,100.32,12223,0
PKN0622.PL,D,20200721,000000,100.5,100.5,100.5,100.5,13,0
PKN0622.PL,D,20200724,000000,100.5,100.5,100.5,100.5,57,0
PKN0622.PL,D,20200727,000000,100.55,100.55,100.3,100.3,477,0
PKN0622.PL,D,20200729,000000,100.25,100.8,100.25,100.8,975,0
PKN0622.PL,D,20200804,000000,100.79,100.79,100.79,100.79,3,0
PKN0622.PL,D,20200811,000000,100.7,100.8,100.7,100.8,7000,0
PKN0622.PL,D,20200812,000000,100.26,100.26,100.26,100.26,50,0
PKN0622.PL,D,20200817,000000,100.26,100.26,100.26,100.26,20,0
PKN0622.PL,D,20200819,000000,100.78,100.78,100.78,100.78,30,0
PKN0622.PL,D,20200824,000000,100.25,100.25,100.25,100.25,30,0
PKN0622.PL,D,20200825,000000,100.77,100.79,100.26,100.26,2667,0
PKN0622.PL,D,20200826,000000,100.74,100.79,100.74,100.79,5854,0
PKN0622.PL,D,20200828,000000,100.79,100.79,100.51,100.51,300,0
PKN0622.PL,D,20200831,000000,100.6,100.6,100.6,100.6,37,0
PKN0622.PL,D,20200901,000000,100.65,100.65,100.65,100.65,1471,0
PKN0622.PL,D,20200902,000000,100.6,100.6,100.6,100.6,100,0
PKN0622.PL,D,20200903,000000,100.6,100.6,100.6,100.6,249,0
PKN0622.PL,D,20200907,000000,100.78,100.79,100.78,100.79,59,0
PKN0622.PL,D,20200908,000000,100.7,100.7,100.7,100.7,100,0
PKN0622.PL,D,20200909,000000,100.65,100.7,100.65,100.65,3702,0
PKN0622.PL,D,20200914,000000,100.66,100.66,100.66,100.66,79,0
PKN0622.PL,D,20200921,000000,100.65,100.65,100.65,100.65,441,0
PKN0622.PL,D,20200922,000000,100.65,100.65,100.65,100.65,591,0
PKN0622.PL,D,20200923,000000,100.65,100.66,100.65,100.66,585,0
PKN0622.PL,D,20200925,000000,100.65,100.65,100.65,100.65,39,0
PKN0622.PL,D,20200928,000000,100.7,100.7,100.7,100.7,1,0
PKN0622.PL,D,20200930,000000,100.75,100.75,100.65,100.65,159,0
PKN0622.PL,D,20201005,000000,100.77,100.77,100.77,100.77,40,0
PKN0622.PL,D,20201006,000000,100.66,100.77,100.65,100.77,13743,0
PKN0622.PL,D,20201007,000000,100.77,100.77,100.77,100.77,7,0
PKN0622.PL,D,20201008,000000,100.77,100.82,100.77,100.82,1599,0
PKN0622.PL,D,20201013,000000,100.82,100.83,100.82,100.83,120,0
PKN0622.PL,D,20201014,000000,100.83,100.83,100.83,100.83,2,0
PKN0622.PL,D,20201015,000000,100.71,100.71,100.61,100.61,5851,0
PKN0622.PL,D,20201016,000000,100.61,100.61,100.6,100.6,160,0
